wave,r
0.4,0.57635289
0.401,0.57635289
0.402,0.57635289
0.403,0.57635289
0.404,0.57635289
0.405,0.57635289
0.406,0.5763529240825185
0.40700000000000003,0.5797611759174817
0.40800000000000003,0.5936946196797073
0.40900000000000003,0.6106625903202937
0.41000000000000003,0.5958365199999983
0.41100000000000003,0.566788310482095
0.41200000000000003,0.58040482
0.41300000000000003,0.5753286895983036
0.41400000000000003,0.5672885200000001
0.41500000000000004,0.5691769838838219
0.41600000000000004,0.558565366116177
0.41700000000000004,0.5725220999999999
0.41800000000000004,0.5614377808431908
0.41900000000000004,0.5440046200000009
0.42000000000000004,0.5605706079228214
0.42100000000000004,0.57336289
0.42200000000000004,0.5539566038954219
0.42300000000000004,0.5513461461045778
0.42400000000000004,0.5451477931651367
0.42500000000000004,0.5464643068348634
0.42600000000000005,0.5416265699999995
0.42700000000000005,0.5320365320139816
0.42800000000000005,0.5662379299999997
0.42900000000000005,0.5595047598408017
0.43000000000000005,0.530488840159195
0.43100000000000005,0.5264553077595453
0.43200000000000005,0.5352312622404557
0.43300000000000005,0.5323808799999996
0.43400000000000005,0.5257571206031932
0.43500000000000005,0.5128174400000002
0.43600000000000005,0.5159942947220052
0.43700000000000006,0.5084664952779939
0.43800000000000006,0.5101663487652254
0.43900000000000006,0.522042871234776
0.44000000000000006,0.5191862000000002
0.44100000000000006,0.5211781700802993
0.44200000000000006,0.5158083999999998
0.44300000000000006,0.5135114080700391
0.44400000000000006,0.5243184119299621
0.44500000000000006,0.5309802327749448
0.44600000000000006,0.5372577272250558
0.44700000000000006,0.53356266
0.44800000000000006,0.5334650309762903
0.44900000000000007,0.5334520900000006
0.45000000000000007,0.543498444178417
0.45100000000000007,0.5539162858215843
0.45200000000000007,0.5538865420484588
0.45300000000000007,0.5490913879515407
0.45400000000000007,0.531490150000001
0.45500000000000007,0.5409628952725479
0.45600000000000007,0.5386154100000007
0.4570000000000001,0.5505057726667749
0.4580000000000001,0.5817724500000013
0.4590000000000001,0.5936168147919041
0.4600000000000001,0.5910960052080957
0.4610000000000001,0.5825155399999987
0.4620000000000001,0.5581042841125574
0.4630000000000001,0.5651243900000018
0.4640000000000001,0.5808948236334623
0.4650000000000001,0.5682581700000001
0.4660000000000001,0.5709473382730362
0.4670000000000001,0.5877746417269665
0.4680000000000001,0.612090971281874
0.4690000000000001,0.6092191587181255
0.4700000000000001,0.5909388099999994
0.4710000000000001,0.5845702399924008
0.4720000000000001,0.5915694800000005
0.4730000000000001,0.6013891267594644
0.4740000000000001,0.5970650732405349
0.4750000000000001,0.5950567772168558
0.4760000000000001,0.5957784627831444
0.4770000000000001,0.59696841
0.4780000000000001,0.596113915441747
0.4790000000000001,0.6076580900000011
0.4800000000000001,0.6178472218300649
0.4810000000000001,0.6320302281699381
0.4820000000000001,0.650024041236775
0.4830000000000001,0.6481477187632245
0.4840000000000001,0.6279854199999975
0.4850000000000001,0.6048748411057863
0.4860000000000001,0.6144152300000024
0.4870000000000001,0.636164721425172
0.4880000000000001,0.6413072385748291
0.4890000000000001,0.6282427621446556
0.4900000000000001,0.6134572278553412
0.4910000000000001,0.6204022200000027
0.4920000000000001,0.6446793672285305
0.4930000000000001,0.6425946999999995
0.4940000000000001,0.6387682392568085
0.4950000000000001,0.6486939199999998
0.4960000000000001,0.6471559680261397
0.4970000000000001,0.6499585819738608
0.4980000000000001,0.6440825499999989
0.4990000000000001,0.634024540580093
0.5000000000000001,0.6352531300000003
0.5010000000000001,0.6374872151117019
0.5020000000000001,0.6359979029347507
0.5030000000000001,0.6184290613768291
0.5040000000000001,0.6238132761532619
0.5050000000000001,0.650866750000001
0.5060000000000001,0.6602326937375125
0.5070000000000001,0.6529195693937297
0.5080000000000001,0.6587979224250249
0.5090000000000001,0.6785148399999983
0.5100000000000001,0.6635950723909227
0.5110000000000001,0.6568344729384834
0.5120000000000001,0.6654813970615185
0.5130000000000001,0.646378051039007
0.5140000000000001,0.63386512
0.5150000000000001,0.6343149549919008
0.5160000000000001,0.6408147129356571
0.5170000000000001,0.6662459013762342
0.5180000000000001,0.6851876905834091
0.5190000000000001,0.6793975187178871
0.5200000000000001,0.6792691296764153
0.5210000000000001,0.6702529504853741
0.5220000000000001,0.6521734607976128
0.5230000000000001,0.6571080700000013
0.5240000000000001,0.6684648904287032
0.5250000000000001,0.6615078683608654
0.5260000000000001,0.6599259116391342
0.5270000000000001,0.6695621836350379
0.5280000000000001,0.6708256600000008
0.5290000000000001,0.6773261590635898
0.5300000000000001,0.6692791611510404
0.5310000000000001,0.6553175292326366
0.5320000000000001,0.6661850913194151
0.5330000000000001,0.6843932784770846
0.5340000000000001,0.683240758216388
0.5350000000000001,0.670651577675414
0.5360000000000001,0.6586005105105082
0.5370000000000001,0.6748658400000006
0.5380000000000001,0.6796667638078743
0.5390000000000001,0.6680479034117295
0.5400000000000001,0.6681616277255137
0.5410000000000001,0.6885598660135636
0.5420000000000001,0.6950409399999978
0.5430000000000001,0.6755164057902094
0.5440000000000002,0.6653059163146824
0.5450000000000002,0.6728317994716956
0.5460000000000002,0.6868389800000008
0.5470000000000002,0.6936819404470042
0.5480000000000002,0.6917263834562603
0.5490000000000002,0.6768991965437365
0.5500000000000002,0.6726578924109233
0.5510000000000002,0.6853865999999996
0.5520000000000002,0.682274633209863
0.5530000000000002,0.6755960384460787
0.5540000000000002,0.6828775743692824
0.5550000000000002,0.6801170976067756
0.5560000000000002,0.678258217640276
0.5570000000000002,0.6760221981943894
0.5580000000000002,0.6714319177084138
0.5590000000000002,0.6874441897421993
0.5600000000000002,0.7076351599999977
0.5610000000000002,0.6871048403515009
0.5620000000000002,0.6711401146560116
0.5630000000000002,0.6613729153439851
0.5640000000000002,0.6704709190161917
0.5650000000000002,0.69277537
0.5660000000000002,0.692863055006447
0.5670000000000002,0.678113576835757
0.5680000000000002,0.6700081021094935
0.5690000000000002,0.6721662684162846
0.5700000000000002,0.6862887750607526
0.5710000000000002,0.6987946277958106
0.5720000000000002,0.700184418306285
0.5730000000000002,0.6912110797364932
0.5740000000000002,0.6886860700000013
0.5750000000000002,0.694343328594486
0.5760000000000002,0.6942026903093867
0.5770000000000002,0.6897181596906113
0.5780000000000002,0.6773692434907328
0.5790000000000002,0.684181810000002
0.5800000000000002,0.6929483390603919
0.5810000000000002,0.6989010447196633
0.5820000000000002,0.6943917001868897
0.5830000000000002,0.6874783000000021
0.5840000000000002,0.6970932230542302
0.5850000000000002,0.6943987387244641
0.5860000000000002,0.6963349619133047
0.5870000000000002,0.7073364899820015
0.5880000000000002,0.6969061499999963
0.5890000000000002,0.6805325302566073
0.5900000000000002,0.6935581927718634
0.5910000000000002,0.7066505881520955
0.5920000000000002,0.6952040744700427
0.5930000000000002,0.6733935579749809
0.5940000000000002,0.6801911410733487
0.5950000000000002,0.6912448083899826
0.5960000000000002,0.6943108986829876
0.5970000000000002,0.7041377999999988
0.5980000000000002,0.6988140881588777
0.5990000000000002,0.67463043674333
0.6000000000000002,0.6734676032566694
0.6010000000000002,0.6853032116413185
0.6020000000000002,0.6849687700000023
0.6030000000000002,0.6952195190645822
0.6040000000000002,0.7011261309662534
0.6050000000000002,0.7121583393558347
0.6060000000000002,0.7047982936041348
0.6070000000000002,0.6884297720175212
0.6080000000000002,0.6946314418629073
0.6090000000000002,0.69672458720564
0.6100000000000002,0.6928104591430823
0.6110000000000002,0.6906071900000004
0.6120000000000002,0.6922387724552239
0.6130000000000002,0.688484577202514
0.6140000000000002,0.6988447027974906
0.6150000000000002,0.7064424540230415
0.6160000000000002,0.7038913400000016
0.6170000000000002,0.7115283291338916
0.6180000000000002,0.712984627677213
0.6190000000000002,0.7012405348818532
0.6200000000000002,0.6945451500000001
0.6210000000000002,0.6949754034556368
0.6220000000000002,0.7033209111904417
0.6230000000000002,0.7088804332143402
0.6240000000000002,0.7070351984545687
0.6250000000000002,0.7020683900000038
0.6260000000000002,0.7191532658677183
0.6270000000000002,0.7227396255863181
0.6280000000000002,0.7125925029424506
0.6290000000000002,0.7076494594293935
0.6300000000000002,0.7002956900000006
0.6310000000000002,0.7027226535136261
0.6320000000000002,0.710898334729565
0.6330000000000002,0.7231857142499454
0.6340000000000002,0.7207643999999961
0.6350000000000002,0.7032043368752656
0.6360000000000002,0.691891990497579
0.6370000000000002,0.6869168695024187
0.6380000000000002,0.6938613005533075
0.6390000000000002,0.7052807200000011
0.6400000000000002,0.7103020273696451
0.6410000000000002,0.7020389490433453
0.6420000000000002,0.6923403939710991
0.6430000000000002,0.6918562748393483
0.6440000000000002,0.6962554005080086
0.6450000000000002,0.7093060013515331
0.6460000000000002,0.7123735779727022
0.6470000000000002,0.7042794409447166
0.6480000000000002,0.6971119600000008
0.6490000000000002,0.7008607269536741
0.6500000000000002,0.7175558188060484
0.6510000000000002,0.720496121193953
0.6520000000000002,0.7177609473528728
0.6530000000000002,0.709130169999998
0.6540000000000002,0.7000157041308405
0.6550000000000002,0.6962226045462748
0.6560000000000002,0.7043741469691533
0.6570000000000003,0.7115611281303832
0.6580000000000003,0.702499187029468
0.6590000000000003,0.694202327867407
0.6600000000000003,0.6955956981988904
0.6610000000000003,0.7021253047023959
0.6620000000000003,0.7106171299999996
0.6630000000000003,0.708504121211822
0.6640000000000003,0.7006253716784147
0.6650000000000003,0.695014652214388
0.6660000000000003,0.6987607725369265
0.6670000000000003,0.7040250300000016
0.6680000000000003,0.7107983013353324
0.6690000000000003,0.706865067996999
0.6700000000000003,0.7105478463398642
0.6710000000000003,0.7080192599999966
0.6720000000000003,0.6976124851194518
0.6730000000000003,0.7001245694088256
0.6740000000000003,0.7095950105911786
0.6750000000000003,0.7120178057734584
0.6760000000000003,0.7231721299999982
0.6770000000000003,0.7177363025526479
0.6780000000000003,0.7059921253970319
0.6790000000000003,0.7128386930686482
0.6800000000000003,0.7200403079837819
0.6810000000000003,0.7168969222277198
0.6820000000000003,0.7081197998321073
0.6830000000000003,0.7046114052518364
0.6840000000000003,0.7094478832654337
0.6850000000000003,0.7098217599999976
0.6860000000000003,0.6991865053698538
0.6870000000000003,0.6997237142380343
0.6880000000000003,0.7114356157619722
0.6890000000000003,0.7127379069791702
0.6900000000000003,0.7094898200000025
0.6910000000000003,0.716688904652949
0.6920000000000003,0.7244211763068834
0.6930000000000003,0.7196314057954092
0.6940000000000003,0.710365272662224
0.6950000000000003,0.7063156618421207
0.6960000000000003,0.7144998643706839
0.6970000000000003,0.7222183984439801
0.6980000000000003,0.7066836153548027
0.6990000000000003,0.6974087400000024
0.7000000000000003,0.7083121018214201
0.7010000000000003,0.7154941843932257
0.7020000000000003,0.7197138456067771
0.7030000000000003,0.7174742423973234
0.7040000000000003,0.7039895099999998
0.7050000000000003,0.7027687279900836
0.7060000000000003,0.714167681922902
0.7070000000000003,0.7072317787180618
0.7080000000000003,0.6993804000000029
0.7090000000000003,0.7080582384886881
0.7100000000000003,0.7199068278175084
0.7110000000000003,0.7177977032737357
0.7120000000000003,0.7071636163434238
0.7130000000000003,0.7155895800000032
0.7140000000000003,0.7253843548146931
0.7150000000000003,0.7138663045936715
0.7160000000000003,0.718352760270888
0.7170000000000003,0.733705786467569
0.7180000000000003,0.7309843574276718
0.7190000000000003,0.7217270525208698
0.7200000000000003,0.7088530962186853
0.7210000000000003,0.7124019190136914
0.7220000000000003,0.7162333099999998
0.7230000000000003,0.7156061675611793
0.7240000000000003,0.729362001120555
0.7250000000000003,0.7289180288794447
0.7260000000000003,0.723342055760756
0.7270000000000003,0.7285689099999998
0.7280000000000003,0.7279551077789526
0.7290000000000003,0.716733258845657
0.7300000000000003,0.7140281141028939
0.7310000000000003,0.7087950623310219
0.7320000000000003,0.6956477267728679
0.7330000000000003,0.6963252234264322
0.7340000000000003,0.7074965448603603
0.7350000000000003,0.7148536264303306
0.7360000000000003,0.7197205999999983
0.7370000000000003,0.7143053477069773
0.7380000000000003,0.7150760817169322
0.7390000000000003,0.7176619282830696
0.7400000000000003,0.7281272553451564
0.7410000000000003,0.7304056299999961
0.7420000000000003,0.7187914978577788
0.7430000000000003,0.7196845284289807
0.7440000000000003,0.7252988277140162
0.7450000000000003,0.7180712800000013
0.7460000000000003,0.7220989725569265
0.7470000000000003,0.7243545985052744
0.7480000000000003,0.7232798622420875
0.7490000000000003,0.7205082477166536
0.7500000000000003,0.7148263500000003
0.7510000000000003,0.7153301006910177
0.7520000000000003,0.7253990546107715
0.7530000000000003,0.7305527469261555
0.7540000000000003,0.7299137163914637
0.7550000000000003,0.7280142899999982
0.7560000000000003,0.7227021106733666
0.7570000000000003,0.7237357789899508
0.7580000000000003,0.7236552816106161
0.7590000000000003,0.7187931499999998
0.7600000000000003,0.7182880156160568
0.7610000000000003,0.7198497392904308
0.7620000000000003,0.7273142607095742
0.7630000000000003,0.7354801683407866
0.7640000000000003,0.7423619599999985
0.7650000000000003,0.7379855199985988
0.7660000000000003,0.7349851446161652
0.7670000000000003,0.7241390169225502
0.7680000000000003,0.7145417659722559
0.7690000000000003,0.7217997717739171
0.7700000000000004,0.7199773539177066
0.7710000000000004,0.727673239123447
0.7720000000000004,0.7359430573016493
0.7730000000000004,0.7341963099999983
0.7740000000000004,0.7291272858939565
0.7750000000000004,0.7227167036362528
0.7760000000000004,0.7173985163637436
0.7770000000000004,0.7194100398832995
0.7780000000000004,0.7227861900000007
0.7790000000000004,0.7246776681966838
0.7800000000000004,0.7300873735098249
0.7810000000000004,0.7312043676601174
0.7820000000000004,0.7318996730470309
0.7830000000000004,0.7302971040173407
0.7840000000000004,0.7316987160378966
0.7850000000000004,0.7270006109431509
0.7860000000000004,0.7202363076436502
0.7870000000000004,0.7192847100000022
0.7880000000000004,0.7255030282296646
0.7890000000000004,0.7253260465216745
0.7900000000000004,0.7268767689855512
0.7910000000000004,0.7200461083082804
0.7920000000000004,0.7142648100000043
0.7930000000000004,0.7273088432281382
0.7940000000000004,0.7259702501577915
0.7950000000000004,0.7233249429069282
0.7960000000000004,0.7402510600000016
0.7970000000000004,0.7439609039225318
0.7980000000000004,0.7243533863883418
0.7990000000000004,0.7161728036116527
0.8000000000000004,0.7235776659482623
0.8010000000000004,0.7225935499999975
0.8020000000000004,0.716733382652557
0.8030000000000004,0.7269984831555442
0.8040000000000004,0.732103667896307
0.8050000000000004,0.7321562794748948
0.8060000000000004,0.7368577600775004
0.8070000000000004,0.7358653331084403
0.8080000000000004,0.7260207553373291
0.8090000000000004,0.7153233039495359
0.8100000000000004,0.7256982300000001
0.8110000000000004,0.726192488968988
0.8120000000000004,0.7220894840112398
0.8130000000000004,0.7227900459887607
0.8140000000000004,0.729858329315896
0.8150000000000004,0.7350896599999966
0.8160000000000004,0.7274751673449746
0.8170000000000004,0.7303426598416121
0.8180000000000004,0.7413373801055986
0.8190000000000004,0.7414759386165861
0.8200000000000004,0.7343307627701251
0.8210000000000004,0.727607907178341
0.8220000000000004,0.7274668242324883
0.8230000000000004,0.7307975566916352
0.8240000000000004,0.7303484700000052
0.8250000000000004,0.7458490268450692
0.8260000000000004,0.7475333937566474
0.8270000000000004,0.7422212262433479
0.8280000000000004,0.7305581566319618
0.8290000000000004,0.7176935099999995
0.8300000000000004,0.7160454637798409
0.8310000000000004,0.7232341093757296
0.8320000000000004,0.7188799670828439
0.8330000000000004,0.7122311600000079
0.8340000000000004,0.7298877169885721
0.8350000000000004,0.7355862458095049
0.8360000000000004,0.7248767212857313
0.8370000000000004,0.7251896268676375
0.8380000000000004,0.7333841299999997
0.8390000000000004,0.732705394727794
0.8400000000000004,0.7311782725954709
0.8410000000000004,0.732931454936354
0.8420000000000004,0.7334071352434526
0.8430000000000004,0.7317869834950377
0.8440000000000004,0.7391365378191133
0.8450000000000004,0.7490274932713404
0.8460000000000004,0.7475906287440868
0.8470000000000004,0.736808959999996
0.8480000000000004,0.7278991418150186
0.8490000000000004,0.7290807924115073
0.8500000000000004,0.7377013675885004
0.8510000000000004,0.741867498339585
0.8520000000000004,0.7349747399999964
0.8530000000000004,0.7269183064542302
0.8540000000000004,0.7295639162870889
0.8550000000000004,0.7384401524752803
0.8560000000000004,0.7343376710274087
0.8570000000000004,0.723167051930019
0.8580000000000004,0.7223600106881644
0.8590000000000004,0.7193944189677504
0.8600000000000004,0.7201144027990563
0.8610000000000004,0.7328516799999997
0.8620000000000004,0.7320252610300099
0.8630000000000004,0.7311282880450783
0.8640000000000004,0.731530541954922
0.8650000000000004,0.7329693856113567
0.8660000000000004,0.7368398299999986
0.8670000000000004,0.733862270952108
0.8680000000000004,0.7304101789689548
0.8690000000000004,0.7370424773540354
0.8700000000000004,0.73949605
0.8710000000000004,0.7395603760945613
0.8720000000000004,0.7401697039104019
0.8730000000000004,0.7343652241343909
0.8740000000000004,0.7355628480216609
0.8750000000000004,0.7407763600000017
0.8760000000000004,0.7445595411810213
0.8770000000000004,0.7396775468018559
0.8780000000000004,0.7315709421320897
0.8790000000000004,0.7299820358877582
0.8800000000000004,0.7334411100000033
0.8810000000000004,0.7409617085030731
0.8820000000000005,0.736886862245386
0.8830000000000005,0.7304742382538796
0.8840000000000005,0.7382888200000012
0.8850000000000005,0.7409794774681712
0.8860000000000005,0.7337264502265911
0.8870000000000005,0.7342377797734093
0.8880000000000005,0.7347391149866501
0.8890000000000005,0.7330622700000001
0.8900000000000005,0.7332761167597346
0.8910000000000005,0.7319522679265059
0.8920000000000005,0.7365498180489997
0.8930000000000005,0.7421134743632465
0.8940000000000005,0.7367498391928924
0.8950000000000005,0.7376691276731168
0.8960000000000005,0.7385527834903259
0.8970000000000005,0.7345144003853057
0.8980000000000005,0.7368945500000004
0.8990000000000005,0.7377287017592142
0.9000000000000005,0.7309047887700498
0.9010000000000005,0.7323432912299515
0.9020000000000005,0.7356570668618703
0.9030000000000005,0.7374740200000025
0.9040000000000005,0.743209872425325
0.9050000000000005,0.7448312212176412
0.9060000000000005,0.749205142521576
0.9070000000000005,0.7455821362316605
0.9080000000000005,0.7369263451559498
0.9090000000000005,0.7334420980435997
0.9100000000000005,0.7378442779346055
0.9110000000000005,0.7339132193130843
0.9120000000000005,0.729116800000003
0.9130000000000005,0.7358725612663278
0.9140000000000005,0.7409991184238801
0.9150000000000005,0.7436132477174153
0.9160000000000005,0.7465138709937115
0.9170000000000005,0.7505273200000009
0.9180000000000005,0.7525268149160541
0.9190000000000005,0.7522726176259186
0.9200000000000005,0.7490993134678332
0.9210000000000005,0.7403268199999974
0.9220000000000005,0.7354675505283024
0.9230000000000005,0.7295204794288224
0.9240000000000005,0.7284919205711766
0.9250000000000005,0.7330823040950433
0.9260000000000005,0.7337303800000015
0.9270000000000005,0.7363025648809008
0.9280000000000005,0.7427906694504309
0.9290000000000005,0.7497723503663849
0.9300000000000005,0.7471826958984578
0.9310000000000005,0.7396228309322094
0.9320000000000005,0.7397161633755343
0.9330000000000005,0.7453849399367061
0.9340000000000005,0.7476515946689477
0.9350000000000005,0.7485114899999968
0.9360000000000005,0.7415041180017735
0.9370000000000005,0.728304666498543
0.9380000000000005,0.7336295935014623
0.9390000000000005,0.7401496747989513
0.9400000000000005,0.7355627399999979
0.9410000000000005,0.7316877860914643
0.9420000000000005,0.7379922270673475
0.9430000000000005,0.739894471955103
0.9440000000000005,0.7407403515414158
0.9450000000000005,0.7465171575411773
0.9460000000000005,0.7502710537971061
0.9470000000000005,0.742960909304331
0.9480000000000005,0.7429746398604973
0.9490000000000005,0.7516459200000015
0.9500000000000005,0.7552386239626383
0.9510000000000005,0.7526348956917711
0.9520000000000005,0.7504194843082265
0.9530000000000005,0.7460267339279371
0.9540000000000005,0.7446743800000019
0.9550000000000005,0.7490337624349247
0.9560000000000005,0.7496555364874764
0.9570000000000005,0.7512051190083504
0.9580000000000005,0.7491825199999977
0.9590000000000005,0.7450882912292099
0.9600000000000005,0.7402112803862798
0.9610000000000005,0.7387305944205782
0.9620000000000005,0.7483892034105731
0.9630000000000005,0.757986549999997
0.9640000000000005,0.7525816898094893
0.9650000000000005,0.73856271349032
0.9660000000000005,0.7270123910064432
0.9670000000000005,0.7307676924439263
0.9680000000000005,0.7380007213029146
0.9690000000000005,0.7411308938468061
0.9700000000000005,0.7383232342297871
0.9710000000000005,0.734667613112929
0.9720000000000005,0.737711670000003
0.9730000000000005,0.743131431946021
0.9740000000000005,0.7463259277764878
0.9750000000000005,0.7442147522235099
0.9760000000000005,0.7426856952904521
0.9770000000000005,0.741361259999998
0.9780000000000005,0.7377489689864822
0.9790000000000005,0.7426476851810444
0.9800000000000005,0.7498203865459768
0.9810000000000005,0.7493252849525492
0.9820000000000005,0.7445290131942321
0.9830000000000005,0.7448483876899143
0.9840000000000005,0.7427328834651256
0.9850000000000005,0.7452580647467962
0.9860000000000005,0.7491365699999987
0.9870000000000005,0.7466902102665997
0.9880000000000005,0.7407170607837706
0.9890000000000005,0.7442562492162333
0.9900000000000005,0.7455497270656712
0.9910000000000005,0.7420620300000017
0.9920000000000005,0.7449991018983204
0.9930000000000005,0.7475938992896347
0.9940000000000005,0.7462368871402423
0.9950000000000006,0.737952949999997
0.9960000000000006,0.7325999117476176
0.9970000000000006,0.7327747352699382
0.9980000000000006,0.7360382320950969
0.9990000000000006,0.7399156312258265
1.0000000000000004,0.7430568299999997
1.0010000000000006,0.7422316100000012
1.0020000000000007,0.7439730199999982
1.0030000000000006,0.7413862900000022
1.0040000000000004,0.7447417113928606
1.0050000000000006,0.7444556399999944
1.0060000000000007,0.7360667599999995
1.0070000000000006,0.7353161000000016
1.0080000000000005,0.7388876700000008
1.0090000000000006,0.7406837543205684
1.0100000000000007,0.7415269599999962
1.0110000000000006,0.7359268699999958
1.0120000000000005,0.7296020400000001
1.0130000000000006,0.7298574400000021
1.0140000000000007,0.7330198137626257
1.0150000000000006,0.7332708200000031
1.0160000000000005,0.7380160700000022
1.0170000000000006,0.7429609300000023
1.0180000000000007,0.7482965600000023
1.0190000000000006,0.751809548701132
1.0200000000000005,0.742728169999996
1.0210000000000006,0.7337333600000004
1.0220000000000007,0.7344634500000023
1.0230000000000006,0.7379425800000025
1.0240000000000005,0.7416631599999985
1.0250000000000006,0.7384042699999995
1.0260000000000007,0.7376563500000038
1.0270000000000006,0.7435105400000008
1.0280000000000005,0.7452288299999983
1.0290000000000006,0.7415733900000006
1.0300000000000007,0.742923320000001
1.0310000000000006,0.7444554599999975
1.0320000000000005,0.7408164789281054
1.0330000000000006,0.7373057600000007
1.0340000000000007,0.7383611200000021
1.0350000000000006,0.7415374499999982
1.0360000000000005,0.7386531199999997
1.0370000000000006,0.7379745027197309
1.0380000000000007,0.743701700000002
1.0390000000000006,0.746661309999997
1.0400000000000005,0.739844320000002
1.0410000000000006,0.7444607000000053
1.0420000000000007,0.7525350725627487
1.0430000000000006,0.7519489499999967
1.0440000000000005,0.7471728899999976
1.0450000000000006,0.7419941399999992
1.0460000000000007,0.7408833499999987
1.0470000000000006,0.7388550328317156
1.0480000000000005,0.7411260000000001
1.0490000000000006,0.741105199999998
1.0500000000000007,0.7365147500000007
1.0510000000000006,0.7374377300000051
1.0520000000000005,0.7450512599999973
1.0530000000000006,0.7390555099999953
1.0540000000000007,0.7318344700000019
1.0550000000000006,0.7345912488631179
1.0560000000000005,0.7429798799999998
1.0570000000000006,0.7425360099999989
1.0580000000000007,0.7409212600000027
1.0590000000000006,0.7448447300000007
1.0600000000000005,0.7466758199080064
1.0610000000000006,0.7409748999999968
1.0620000000000007,0.7361478200000018
1.0630000000000006,0.7387605300000002
1.0640000000000005,0.7390838300000002
1.0650000000000006,0.7396004883341669
1.0660000000000007,0.7418820899999982
1.0670000000000006,0.7397428200000017
1.0680000000000005,0.7422127699999983
1.0690000000000006,0.7383553399999965
1.0700000000000007,0.7330401515188437
1.0710000000000006,0.7356072100000017
1.0720000000000005,0.7383565299999997
1.0730000000000006,0.7376067600000015
1.0740000000000007,0.7397989000000019
1.0750000000000006,0.7426955700000007
1.0760000000000005,0.7439197900000012
1.0770000000000006,0.7457131099999985
1.0780000000000007,0.7435245279702006
1.0790000000000006,0.7403042299999978
1.0800000000000005,0.7369401499999981
1.0810000000000006,0.7326092700000013
1.0820000000000007,0.7345657900000025
1.0830000000000006,0.7383845790580947
1.0840000000000005,0.7392751600000012
1.0850000000000006,0.7417100100000004
1.0860000000000007,0.7422055599999985
1.0870000000000006,0.7404948500000007
1.0880000000000005,0.7415300764773529
1.0890000000000006,0.7432320699999994
1.0900000000000007,0.7421992399999982
1.0910000000000006,0.7393624199999975
1.0920000000000005,0.7357577100000013
1.0930000000000006,0.7388108346875332
1.0940000000000007,0.7421501300000021
1.0950000000000006,0.74536687
1.0960000000000005,0.7454317199999984
1.0970000000000006,0.7429358399999995
1.0980000000000008,0.742026869999997
1.0990000000000006,0.7386942499999964
1.1000000000000005,0.733390209999999
1.1010000000000006,0.7311528300000025
1.1020000000000008,0.7349198500000055
1.1030000000000006,0.7430502800000017
1.1040000000000005,0.7457415499999998
1.1050000000000006,0.745215299999997
1.1060000000000008,0.7407499070932868
1.1070000000000007,0.7355208400000008
1.1080000000000005,0.7368822700000024
1.1090000000000007,0.7405288200000021
1.1100000000000008,0.7437737600000003
1.1110000000000007,0.7442672174432531
1.1120000000000005,0.7406416499999994
1.1130000000000007,0.7392005900000023
1.1140000000000008,0.7425208100000017
1.1150000000000007,0.7449676400000022
1.1160000000000005,0.7481041363503669
1.1170000000000007,0.7449067199999914
1.1180000000000008,0.7319086799999985
1.1190000000000007,0.7302762900000047
1.1200000000000006,0.7372460999999992
1.1210000000000007,0.735808993710628
1.1220000000000008,0.7330837200000004
1.1230000000000007,0.7337354400000033
1.1240000000000006,0.7387077200000018
1.1250000000000007,0.7429009700000005
1.1260000000000008,0.7437001499999993
1.1270000000000007,0.7429910299999961
1.1280000000000006,0.7371314799999994
1.1290000000000007,0.73631031792221
1.1300000000000008,0.739389539999998
1.1310000000000007,0.7371984699999997
1.1320000000000006,0.7366824200000012
1.1330000000000007,0.7393141400000005
1.1340000000000008,0.7401384284401588
1.1350000000000007,0.7439228300000004
1.1360000000000006,0.7444332199999985
1.1370000000000007,0.742032049999999
1.1380000000000008,0.7404609899999973
1.1390000000000007,0.7374869574032579
1.1400000000000006,0.7332150300000021
1.1410000000000007,0.7364230200000047
1.1420000000000008,0.743386149999999
1.1430000000000007,0.7418558599999985
1.1440000000000006,0.7394645791280858
1.1450000000000007,0.7412041399999971
1.1460000000000008,0.7368313099999972
1.1470000000000007,0.7337561200000017
1.1480000000000006,0.736264770000002
1.1490000000000007,0.739211740000001
1.1500000000000008,0.7406921400000032
1.1510000000000007,0.7441436599999973
1.1520000000000006,0.7402113099999981
1.1530000000000007,0.7358567700000019
1.1540000000000008,0.738727870000002
1.1550000000000007,0.7417820699999986
1.1560000000000006,0.7397348299999988
1.1570000000000007,0.7380955954784549
1.1580000000000008,0.7418503799999991
1.1590000000000007,0.7408814999999963
1.1600000000000006,0.7354347700000012
1.1610000000000007,0.7373021800000022
1.1620000000000008,0.7406046331316859
1.1630000000000007,0.7393359499999972
1.1640000000000006,0.7351149899999986
1.1650000000000007,0.731945510000001
1.1660000000000008,0.7334663300000024
1.1670000000000007,0.7361031563173698
1.1680000000000006,0.7399996499999999
1.1690000000000007,0.7398798499999991
1.1700000000000008,0.7385218100000002
1.1710000000000007,0.7387791300000005
1.1720000000000006,0.7396623216808325
1.1730000000000007,0.7417733100000008
1.1740000000000008,0.7429098499999993
1.1750000000000007,0.7419303699999981
1.1760000000000006,0.7390207599999976
1.1770000000000007,0.7353345799999981
1.1780000000000008,0.7325693400000054
1.1790000000000007,0.738688650000004
1.1800000000000006,0.7449056710128983
1.1810000000000007,0.7439158000000002
1.1820000000000008,0.7443072199999992
1.1830000000000007,0.7433330399999971
1.1840000000000006,0.7389371399999989
1.1850000000000007,0.736481372590744
1.1860000000000008,0.7407072800000014
1.1870000000000007,0.7423414599999998
1.1880000000000006,0.7419443099999992
1.1890000000000007,0.740549449999999
1.1900000000000008,0.7391200929357052
1.1910000000000007,0.7377865299999989
1.1920000000000006,0.7365973600000005
1.1930000000000007,0.7373632200000014
1.1940000000000008,0.7394856199999974
1.1950000000000007,0.7365514034216554
1.1960000000000006,0.734865190000003
1.1970000000000007,0.7394549800000032
1.1980000000000008,0.7443541299999991
1.1990000000000007,0.7432936399999979
1.2000000000000006,0.7401514099999986
1.2010000000000007,0.7381784899999986
1.2020000000000008,0.7366070199999997
1.2030000000000007,0.7361698548845126
1.2040000000000006,0.7377187000000003
1.2050000000000007,0.738162930000001
1.2060000000000008,0.7397093800000025
1.2070000000000007,0.7426430600000016
1.2080000000000006,0.7449565062453747
1.2090000000000007,0.7439189599999981
1.2100000000000009,0.7411170000000002
1.2110000000000007,0.74138743
1.2120000000000006,0.7413337799999982
1.2130000000000007,0.7384340699710006
1.2140000000000009,0.7399969700000039
1.2150000000000007,0.7443751700000002
1.2160000000000006,0.7447466299999976
1.2170000000000007,0.7412969499999986
1.2180000000000009,0.7392267270222961
1.2190000000000007,0.7386653400000011
1.2200000000000006,0.7403459000000021
1.2210000000000008,0.7435335499999991
1.2220000000000009,0.7425594299999982
1.2230000000000008,0.7405092700000019
1.2240000000000006,0.7426386500000006
1.2250000000000008,0.7436005499999986
1.2260000000000009,0.7414289699999944
1.2270000000000008,0.7352398000000003
1.2280000000000006,0.7358012800000044
1.2290000000000008,0.7424759300000021
1.2300000000000009,0.7456971999999995
1.2310000000000008,0.7451497226597336
1.2320000000000007,0.7444763199999976
1.2330000000000008,0.7409590500000011
1.2340000000000009,0.7421832100000035
1.2350000000000008,0.74612707
1.2360000000000007,0.7462094674412543
1.2370000000000008,0.7440838800000006
1.2380000000000009,0.7448357900000028
1.2390000000000008,0.747944410000001
1.2400000000000007,0.7494488999999984
1.2410000000000008,0.746978707019296
1.2420000000000009,0.7439845199999998
1.2430000000000008,0.7436915600000029
1.2440000000000007,0.7469963400000018
1.2450000000000008,0.7496503599999987
1.2460000000000009,0.7478610889271058
1.2470000000000008,0.7490255200000037
1.2480000000000007,0.7545571900000002
1.2490000000000008,0.7548075299999981
1.2500000000000009,0.7520213099999987
1.2510000000000008,0.7505457999999978
1.2520000000000007,0.7479984799999987
1.2530000000000008,0.7460221100000003
1.254000000000001,0.7463504954324564
1.2550000000000008,0.74600482
1.2560000000000007,0.7460153700000006
1.2570000000000008,0.7470657200000019
1.258000000000001,0.7499011799999962
1.2590000000000008,0.7456221300829897
1.2600000000000007,0.74292296
1.2610000000000008,0.7429819099999989
1.262000000000001,0.7417929800000009
1.2630000000000008,0.7428049400000004
1.2640000000000007,0.7433372767663237
1.2650000000000008,0.7428216300000011
1.266000000000001,0.7440557499999976
1.2670000000000008,0.7413239499999975
1.2680000000000007,0.7376878300000006
1.2690000000000008,0.7385347853044703
1.270000000000001,0.7436581299999983
1.2710000000000008,0.7416099299999964
1.2720000000000007,0.7376572500000005
1.2730000000000008,0.7382505500000017
1.274000000000001,0.7402316900000023
1.2750000000000008,0.7428138299999999
1.2760000000000007,0.7426322699999993
1.2770000000000008,0.7416141600000009
1.278000000000001,0.742929699999998
1.2790000000000008,0.7408653499999979
1.2800000000000007,0.7376958699999995
1.2810000000000008,0.7368052600000027
1.282000000000001,0.7397599481531872
1.2830000000000008,0.7424414799999984
1.2840000000000007,0.7401112300000007
1.2850000000000008,0.7411734500000019
1.286000000000001,0.7432850000000005
1.2870000000000008,0.7437248096280376
1.2880000000000007,0.7442210899999997
1.2890000000000008,0.7436378599999997
1.290000000000001,0.7430885399999959
1.2910000000000008,0.7385097099999977
1.2920000000000007,0.7358442865423442
1.2930000000000008,0.7349455400000011
1.294000000000001,0.73665601
1.2950000000000008,0.7366643499999984
1.2960000000000007,0.7348625699999991
1.2970000000000008,0.7335205242045785
1.298000000000001,0.734375060000003
1.2990000000000008,0.7377972599999996
1.3000000000000007,0.7371608000000002
1.3010000000000008,0.7373188100000005
1.302000000000001,0.7379407299999987
1.3030000000000008,0.7367261100000008
1.3040000000000007,0.7378901800000005
1.3050000000000008,0.7387797303959613
1.306000000000001,0.7400836899999993
1.3070000000000008,0.7393734499999969
1.3080000000000007,0.735900279999999
1.3090000000000008,0.7343239200000009
1.310000000000001,0.7356488177122306
1.3110000000000008,0.7375259400000033
1.3120000000000007,0.7411293999999999
1.3130000000000008,0.7411510300000006
1.314000000000001,0.741904260000001
1.3150000000000008,0.743051475278473
1.3160000000000007,0.7428628200000014
1.3170000000000008,0.7443975200000004
1.318000000000001,0.7448189300000017
1.3190000000000008,0.7466544500000001
1.3200000000000007,0.7467898564593541
1.3210000000000008,0.7472127700000006
1.322000000000001,0.7480022300000024
1.3230000000000008,0.7501621200000008
1.3240000000000007,0.7513118399999986
1.3250000000000008,0.7492378399999986
1.326000000000001,0.7475775499999971
1.3270000000000008,0.7449967900000006
1.3280000000000007,0.7457122103769657
1.3290000000000008,0.7504159800000002
1.330000000000001,0.750696960000001
1.3310000000000008,0.7518176400000003
1.3320000000000007,0.7521418899999974
1.3330000000000009,0.7493048480621944
1.334000000000001,0.7500854700000035
1.3350000000000009,0.7539906500000016
1.3360000000000007,0.7558670000000002
1.3370000000000009,0.7561231300000011
1.338000000000001,0.7573447178412172
1.3390000000000009,0.7600772399999998
1.3400000000000007,0.7597988199999978
1.3410000000000009,0.7565481699999981
1.342000000000001,0.7543644899999988
1.3430000000000009,0.7532803284161574
1.3440000000000007,0.758331720000002
1.3450000000000009,0.7613736399999963
1.346000000000001,0.7572886299999975
1.3470000000000009,0.75503373
1.3480000000000008,0.7550621000000005
1.3490000000000009,0.75588781
1.350000000000001,0.7558361299999989
1.3510000000000009,0.7545925399999996
1.3520000000000008,0.7542533300000012
1.3530000000000009,0.7555171300000015
1.354000000000001,0.7579019700000014
1.3550000000000009,0.7593634699999995
1.3560000000000008,0.7587012847875201
1.3570000000000009,0.7571491599999982
1.358000000000001,0.755199129999999
1.3590000000000009,0.754074629999999
1.3600000000000008,0.7529613400000008
1.3610000000000009,0.7541006146705351
1.362000000000001,0.7564473200000014
1.3630000000000009,0.7576356499999993
1.3640000000000008,0.756557639999998
1.3650000000000009,0.7536207999999968
1.366000000000001,0.74987520455954
1.3670000000000009,0.7466946800000017
1.3680000000000008,0.7485923200000021
1.3690000000000009,0.7518244400000015
1.370000000000001,0.7534386500000014
1.3710000000000009,0.7550987139936021
1.3720000000000008,0.7568916100000007
1.3730000000000009,0.7576991899999983
1.374000000000001,0.7552040199999979
1.3750000000000009,0.7528693700000004
1.3760000000000008,0.7534308999999999
1.377000000000001,0.753273840000001
1.378000000000001,0.7542067200000008
1.379000000000001,0.7550666010928927
1.3800000000000008,0.7571775300000027
1.381000000000001,0.7601234899999971
1.382000000000001,0.7568893999999966
1.383000000000001,0.7538306100000007
1.3840000000000008,0.7546838407349273
1.385000000000001,0.7557911899999996
1.386000000000001,0.7554727199999989
1.387000000000001,0.7544437100000021
1.3880000000000008,0.7563830000000002
1.389000000000001,0.7567787404259577
1.390000000000001,0.7540168800000003
1.391000000000001,0.7542809800000002
1.3920000000000008,0.7545115899999978
1.393000000000001,0.7519888899999995
1.394000000000001,0.7514123876502343
1.395000000000001,0.7518549600000023
1.3960000000000008,0.7544894200000004
1.397000000000001,0.7550333099999983
1.398000000000001,0.753567810000001
1.399000000000001,0.7547113899999993
1.4000000000000008,0.7540099599999979
1.4010000000000007,0.7516620799999996
1.402000000000001,0.7510240100000026
1.403000000000001,0.7534123100000019
1.4040000000000008,0.7555232600000014
1.4050000000000007,0.7575128700000022
1.406000000000001,0.7607677
1.407000000000001,0.7608793133496642
1.4080000000000008,0.7600128099999987
1.4090000000000007,0.7580708899999999
1.410000000000001,0.7578892699999983
1.411000000000001,0.7564011799999982
1.4120000000000008,0.7543971303049702
1.4130000000000007,0.755400180000002
1.414000000000001,0.758318250000001
1.415000000000001,0.759415690000002
1.4160000000000008,0.7617142800000015
1.4170000000000007,0.7634995014778533
1.418000000000001,0.7631234499999977
1.419000000000001,0.7605383399999981
1.4200000000000008,0.75841379
1.4210000000000007,0.758411350000001
1.422000000000001,0.7599364174932524
1.423000000000001,0.7600668099999991
1.4240000000000008,0.7590938800000001
1.4250000000000007,0.7591791699999997
1.426000000000001,0.7586749199999968
1.427000000000001,0.7557300300000022
1.4280000000000008,0.7576142500000026
1.4290000000000007,0.7613778099999997
1.430000000000001,0.7608447220747926
1.431000000000001,0.7609654700000036
1.4320000000000008,0.7649940799999998
1.4330000000000007,0.7647758099999987
1.434000000000001,0.7630202200000007
1.435000000000001,0.7637936490960898
1.4360000000000008,0.7631846099999979
1.4370000000000007,0.7607921999999994
1.438000000000001,0.7601151500000008
1.439000000000001,0.7610833600000024
1.4400000000000008,0.7638554827877235
1.4410000000000007,0.7669286100000001
1.442000000000001,0.7670111099999986
1.443000000000001,0.7656694099999999
1.4440000000000008,0.7655675399999989
1.4450000000000007,0.7642625704969492
1.446000000000001,0.7658069100000042
1.447000000000001,0.7696432500000031
1.4480000000000008,0.7724373899999986
1.4490000000000007,0.7702898999999974
1.450000000000001,0.7663209999999983
1.451000000000001,0.7647535200000013
1.4520000000000008,0.7659380400000007
1.4530000000000007,0.766681463150686
1.454000000000001,0.7682129700000014
1.455000000000001,0.7694671800000006
1.4560000000000008,0.7700357400000011
1.4570000000000007,0.7712808800000003
1.458000000000001,0.7716893138316115
1.459000000000001,0.7671276299999982
1.4600000000000009,0.7651400600000049
1.4610000000000007,0.7706653500000012
1.462000000000001,0.7720529999999959
1.463000000000001,0.7683551397860174
1.4640000000000009,0.7683376100000021
1.4650000000000007,0.7706908600000005
1.466000000000001,0.7715286599999993
1.467000000000001,0.770943280000001
1.4680000000000009,0.7718663476932315
1.4690000000000007,0.7725854499999998
1.470000000000001,0.7722732400000012
1.471000000000001,0.7733943500000023
1.4720000000000009,0.7754615500000015
1.4730000000000008,0.7770441199999994
1.474000000000001,0.776255129999997
1.475000000000001,0.7735355499999993
1.4760000000000009,0.7727949600000011
1.4770000000000008,0.7740692500000015
1.478000000000001,0.7757112399999998
1.479000000000001,0.7755039299999984
1.4800000000000009,0.7737932799999994
1.4810000000000008,0.7730620017628242
1.482000000000001,0.7737796299999973
1.483000000000001,0.7712562699999989
1.4840000000000009,0.7700038000000019
1.4850000000000008,0.7721359699999989
1.486000000000001,0.7704183068283159
1.487000000000001,0.7693865900000019
1.4880000000000009,0.7711126199999996
1.4890000000000008,0.77043182
1.490000000000001,0.7705066800000021
1.491000000000001,0.7724083598320187
1.4920000000000009,0.7718963599999977
1.4930000000000008,0.7694369600000003
1.494000000000001,0.7698587200000034
1.495000000000001,0.7729219200000016
1.4960000000000009,0.7746269195000514
1.4970000000000008,0.7752068600000013
1.498000000000001,0.7765397399999976
1.499000000000001,0.7738344099999973
1.5000000000000009,0.7707900400000011
1.5010000000000008,0.7720349999999996
1.5020000000000011,0.7715117300000007
1.503000000000001,0.7721052199999998
1.504000000000001,0.7718313858664111
1.5050000000000008,0.7693900499999998
1.5060000000000011,0.7690832000000011
1.507000000000001,0.7701231800000021
1.508000000000001,0.7719934000000008
1.5090000000000008,0.7729193724257588
1.5100000000000011,0.7748436299999998
1.511000000000001,0.7746511099999989
1.512000000000001,0.7736152400000021
1.5130000000000008,0.7755237800000008
1.5140000000000011,0.7767621261653848
1.515000000000001,0.7763182500000028
1.516000000000001,0.7788275500000007
1.5170000000000008,0.7795804099999974
1.5180000000000011,0.7767670799999985
1.519000000000001,0.7753476719408045
1.520000000000001,0.7769064300000013
1.5210000000000008,0.7783381900000005
1.5220000000000011,0.7788728499999998
1.523000000000001,0.7787883300000012
1.524000000000001,0.7801352700000014
1.5250000000000008,0.7816312899999993
1.5260000000000011,0.7809283699999982
1.527000000000001,0.7791812399999996
1.528000000000001,0.778762940000001
1.5290000000000008,0.7798497099999999
1.5300000000000011,0.7796873999999998
1.531000000000001,0.7794791500000025
1.532000000000001,0.7817066508619152
1.5330000000000008,0.7831152700000006
1.5340000000000011,0.7839642199999977
1.535000000000001,0.7819031499999981
1.536000000000001,0.7802438100000015
1.5370000000000008,0.7820017796160387
1.5380000000000011,0.7824979399999995
1.539000000000001,0.7820531100000007
1.540000000000001,0.7827549599999982
1.5410000000000008,0.7807658299999988
1.5420000000000011,0.7793967269103075
1.543000000000001,0.7799170600000016
1.544000000000001,0.7817286800000004
1.5450000000000008,0.7822167899999987
1.5460000000000012,0.780745150000001
1.547000000000001,0.781642760238977
1.548000000000001,0.7851739499999993
1.5490000000000008,0.7843859799999986
1.5500000000000012,0.7822561300000007
1.551000000000001,0.7828133100000002
1.552000000000001,0.7830486299999987
1.5530000000000008,0.7818195800000003
1.5540000000000012,0.782388269999999
1.555000000000001,0.7814387143525642
1.556000000000001,0.7808822400000007
1.5570000000000008,0.7818185700000013
1.5580000000000012,0.7832801299999983
1.559000000000001,0.7817404299999982
1.560000000000001,0.7796775570912908
1.5610000000000008,0.7795484700000005
1.5620000000000012,0.780103500000002
1.563000000000001,0.78159285
1.564000000000001,0.7816324199999988
1.5650000000000008,0.7802729759444044
1.5660000000000012,0.7785792900000029
1.567000000000001,0.7807137400000042
1.568000000000001,0.7844183999999997
1.5690000000000008,0.784051179999998
1.5700000000000012,0.781804074710526
1.571000000000001,0.7803252300000001
1.572000000000001,0.7804384200000012
1.5730000000000008,0.7815484400000015
1.5740000000000012,0.783747429999999
1.575000000000001,0.7828279099999987
1.576000000000001,0.7817161700000003
1.5770000000000008,0.7819321199999987
1.5780000000000012,0.7804836369613029
1.579000000000001,0.7796532500000027
1.580000000000001,0.782176200000003
1.5810000000000008,0.7855578099999984
1.5820000000000012,0.783692659999994
1.583000000000001,0.7792330016258384
1.584000000000001,0.7800492600000015
1.5850000000000009,0.7817533000000014
1.5860000000000012,0.7833269200000019
1.587000000000001,0.784769480000001
1.588000000000001,0.7857083961083902
1.5890000000000009,0.7843055699999998
1.5900000000000012,0.7840714499999998
1.591000000000001,0.7838634800000008
1.592000000000001,0.7846701100000011
1.5930000000000009,0.7856497420367972
1.5940000000000012,0.7849475700000006
1.595000000000001,0.7854360900000013
1.596000000000001,0.7865550499999988
1.5970000000000009,0.7854369899999992
1.5980000000000012,0.7845878000000013
1.599000000000001,0.7856467399999986
1.600000000000001,0.7843458099999986
1.6010000000000009,0.7827475100000014
1.6020000000000012,0.7844174500000028
1.603000000000001,0.7865776400000007
1.604000000000001,0.7874779100000009
1.6050000000000009,0.7884270500000005
1.6060000000000012,0.7888844853014674
1.607000000000001,0.7867374999999983
1.608000000000001,0.785248819999999
1.6090000000000009,0.7841675299999993
1.6100000000000012,0.7834320700000021
1.611000000000001,0.785297078566146
1.612000000000001,0.7874827400000004
1.6130000000000009,0.7879148699999992
1.6140000000000012,0.7865225099999997
1.615000000000001,0.7863258100000017
1.616000000000001,0.7878125613248691
1.6170000000000009,0.7869589299999993
1.6180000000000012,0.7862063600000027
1.619000000000001,0.7885649200000001
1.620000000000001,0.7886398999999982
1.6210000000000009,0.7865762963603622
1.6220000000000012,0.7875301200000032
1.623000000000001,0.7899461399999995
1.624000000000001,0.7894406899999985
1.6250000000000009,0.7878137199999993
1.6260000000000012,0.7869889700000005
1.6270000000000011,0.787333130000002
1.628000000000001,0.7888135299999985
1.629000000000001,0.7871268633826615
1.6300000000000012,0.7867606900000035
1.6310000000000011,0.7893654099999984
1.632000000000001,0.7878524699999971
1.633000000000001,0.7852475600000012
1.6340000000000012,0.7866782158744134
1.6350000000000011,0.7874369600000015
1.636000000000001,0.7888667000000009
1.637000000000001,0.7897303099999988
1.6380000000000012,0.788624349999998
1.6390000000000011,0.7867908533496631
1.640000000000001,0.7884696100000024
1.641000000000001,0.7905251400000001
1.6420000000000012,0.790711759999999
1.6430000000000011,0.7899641999999982
1.644000000000001,0.7883907973402644
1.645000000000001,0.7895572200000002
1.6460000000000012,0.7897700699999975
1.6470000000000011,0.7879729300000006
1.648000000000001,0.7883777600000024
1.649000000000001,0.7910323099999997
1.6500000000000012,0.7907834099999969
1.6510000000000011,0.7884554900000005
1.652000000000001,0.7888735500000019
1.653000000000001,0.7905705000000001
1.6540000000000012,0.79064709
1.6550000000000011,0.7906517999999999
1.656000000000001,0.7905222200000009
1.657000000000001,0.7913317461863824
1.6580000000000013,0.7922936100000006
1.6590000000000011,0.7929296500000004
1.660000000000001,0.793254909999999
1.661000000000001,0.7923732400000005
1.6620000000000013,0.7930532253664649
1.6630000000000011,0.7944068899999983
1.664000000000001,0.7929561099999982
1.665000000000001,0.7909074999999992
1.6660000000000013,0.7899974000000005
1.6670000000000011,0.7903892008199184
1.668000000000001,0.7934830200000006
1.669000000000001,0.7941054099999992
1.6700000000000013,0.7932767900000002
1.6710000000000012,0.7934550000000018
1.672000000000001,0.7950464108589158
1.673000000000001,0.7950206999999981
1.6740000000000013,0.7930046299999991
1.6750000000000012,0.7922265499999991
1.676000000000001,0.7913815400000019
1.677000000000001,0.7930717500000014
1.6780000000000013,0.7943828099999972
1.6790000000000012,0.7918736299999987
1.680000000000001,0.7906647098140185
1.681000000000001,0.7904628500000007
1.6820000000000013,0.7912679300000003
1.6830000000000012,0.7915168399999992
1.684000000000001,0.79080987
1.685000000000001,0.7907783923927613
1.6860000000000013,0.7913023200000002
1.6870000000000012,0.7914476399999985
1.688000000000001,0.7902721799999984
1.689000000000001,0.7885185499999996
1.6900000000000013,0.7879776340915902
1.6910000000000012,0.7885733799999991
1.692000000000001,0.7878885899999993
1.693000000000001,0.7873351000000004
1.6940000000000013,0.7878681399999987
1.6950000000000012,0.7868381529986987
1.696000000000001,0.7886052100000017
1.697000000000001,0.790168399999998
1.6980000000000013,0.7883207199999988
1.6990000000000012,0.7871855500000013
1.700000000000001,0.7883720400000014
1.701000000000001,0.7895294399999989
1.7020000000000013,0.7884929799999989
1.7030000000000012,0.787653961564844
1.704000000000001,0.7880696100000003
1.705000000000001,0.7883343099999996
1.7060000000000013,0.7879732799999999
1.7070000000000012,0.7879046200000017
1.708000000000001,0.7891324221117881
1.709000000000001,0.7885535399999972
1.7100000000000013,0.7854521299999978
1.7110000000000012,0.7837932099999982
1.712000000000001,0.7824519899999994
1.713000000000001,0.7819958156174378
1.7140000000000013,0.7824484100000003
1.7150000000000012,0.7827250400000003
1.716000000000001,0.7830290199999997
1.717000000000001,0.7828209399999982
1.7180000000000013,0.7812151105829396
1.7190000000000012,0.7803046699999996
1.720000000000001,0.7799376200000003
1.721000000000001,0.78027064
1.7220000000000013,0.7802923299999981
1.7230000000000012,0.7788715399999994
1.724000000000001,0.7782691099999985
1.725000000000001,0.7770008399999988
1.7260000000000013,0.7755634200000019
1.7270000000000012,0.7769725900000026
1.728000000000001,0.7789993299999994
1.729000000000001,0.7783592899999993
1.7300000000000013,0.7775345399999997
1.7310000000000012,0.7773172872242768
1.732000000000001,0.7766895299999981
1.733000000000001,0.7749560499999995
1.7340000000000013,0.7743372300000021
1.7350000000000012,0.7758877900000009
1.736000000000001,0.7766394935616414
1.737000000000001,0.7745751099999972
1.7380000000000013,0.7720739800000003
1.7390000000000012,0.7722537500000001
1.740000000000001,0.7723290899999968
1.741000000000001,0.7694042824807489
1.7420000000000013,0.7677580100000008
1.7430000000000012,0.7683425500000008
1.744000000000001,0.7691053699999999
1.745000000000001,0.7690042299999984
1.7460000000000013,0.7672603043925585
1.7470000000000012,0.7644269499999956
1.748000000000001,0.7610731699999975
1.749000000000001,0.7583624099999996
1.7500000000000013,0.7578502899999996
1.7510000000000012,0.7575582899999966
1.7520000000000011,0.7550625199999957
1.753000000000001,0.751926
1.7540000000000013,0.7518953476822331
1.7550000000000012,0.7528721699999988
1.7560000000000011,0.752041459999999
1.757000000000001,0.7511375499999987
1.7580000000000013,0.7499649499999986
1.7590000000000012,0.7489844895190484
1.7600000000000011,0.7492796800000004
1.761000000000001,0.7497075799999998
1.7620000000000013,0.7494628999999967
1.7630000000000012,0.7472843499999985
1.7640000000000011,0.7458902794070578
1.765000000000001,0.7444313799999978
1.7660000000000013,0.7424452900000008
1.7670000000000012,0.7429869799999982
1.7680000000000011,0.7416458099999953
1.769000000000001,0.7374597786031353
1.7700000000000014,0.7352030299999983
1.7710000000000012,0.7339617599999974
1.7720000000000011,0.7319467099999948
1.773000000000001,0.7280579799999976
1.7740000000000014,0.7253411399999982
1.7750000000000012,0.7239403099999959
1.7760000000000011,0.7208391999999966
1.777000000000001,0.7177061999999976
1.7780000000000014,0.7155677699999959
1.7790000000000012,0.7124516399999961
1.7800000000000011,0.7088079999999959
1.781000000000001,0.7051471499999962
1.7820000000000014,0.7017437000699878
1.7830000000000013,0.6979443999999962
1.7840000000000011,0.694566189999996
1.785000000000001,0.6909983199999966
1.7860000000000014,0.6879436399999962
1.7870000000000013,0.6850861345495401
1.7880000000000011,0.6809316299999963
1.789000000000001,0.6775966299999976
1.7900000000000014,0.6748213199999976
1.7910000000000013,0.6730636999999968
1.7920000000000011,0.6707472116488327
1.793000000000001,0.6677172199999986
1.7940000000000014,0.6660460799999974
1.7950000000000013,0.664162639999993
1.7960000000000012,0.6589439499999948
1.797000000000001,0.6543783965553397
1.7980000000000014,0.6533375399999949
1.7990000000000013,0.6494654399999953
1.8000000000000012,0.6452336299999963
1.801000000000001,0.6419706299999948
1.8020000000000014,0.6372445199999923
1.8030000000000013,0.6323013299999937
1.8040000000000012,0.626617969999991
1.805000000000001,0.6185417389401017
1.8060000000000014,0.6140311399999967
1.8070000000000013,0.6115006799999944
1.8080000000000012,0.6072452699999954
1.809000000000001,0.6031504899999993
1.8100000000000014,0.6024349697980241
1.8110000000000013,0.605232950000005
1.8120000000000012,0.6089935300000029
1.813000000000001,0.6111835800000025
1.8140000000000014,0.6140140900000018
1.8150000000000013,0.6154468367253293
1.8160000000000012,0.6159237600000014
1.817000000000001,0.6169622500000016
1.8180000000000014,0.6183428800000033
1.8190000000000013,0.6207368400000001
1.8200000000000012,0.6207999536886313
1.821000000000001,0.6198577300000003
1.8220000000000014,0.62019086
1.8230000000000013,0.6202080799999995
1.8240000000000012,0.6197087799999993
1.825000000000001,0.6191012899999987
1.8260000000000014,0.6178942299999984
1.8270000000000013,0.6168729699999992
1.8280000000000012,0.6162674142575726
1.829000000000001,0.6148099899999994
1.8300000000000014,0.6142029199999984
1.8310000000000013,0.6130753799999973
1.8320000000000012,0.6110636599999991
1.833000000000001,0.6104162188851113
1.8340000000000014,0.6103050699999997
1.8350000000000013,0.610049010000001
1.8360000000000012,0.610799250000002
1.837000000000001,0.6122782800000003
1.8380000000000014,0.6125600018278177
1.8390000000000013,0.6125272499999987
1.8400000000000012,0.6116437899999968
1.841000000000001,0.6087457499999962
1.8420000000000014,0.6053305299999964
1.8430000000000013,0.6029881842345736
1.8440000000000012,0.6018769699999974
1.845000000000001,0.5996029399999971
1.8460000000000014,0.597007039999998
1.8470000000000013,0.5957212399999967
1.8480000000000012,0.593231679999994
1.849000000000001,0.5878396599999928
1.8500000000000014,0.581299069999991
1.8510000000000013,0.5745190999999923
1.8520000000000012,0.5687390599999932
1.853000000000001,0.5636261699999946
1.8540000000000014,0.5574811099999909
1.8550000000000013,0.5506127499999924
1.8560000000000012,0.5449138029906945
1.857000000000001,0.539343709999992
1.8580000000000014,0.5321806699999891
1.8590000000000013,0.5239946799999914
1.8600000000000012,0.5175085099999922
1.861000000000001,0.5105263826007319
1.8620000000000014,0.5036523899999923
1.8630000000000013,0.4987095899999943
1.8640000000000012,0.4936191399999924
1.865000000000001,0.48678224999999226
1.8660000000000014,0.479805597665223
1.8670000000000013,0.47426041999999063
1.8680000000000012,0.46723162999999157
1.869000000000001,0.4596207099999931
1.8700000000000014,0.45344179999999223
1.8710000000000013,0.44766698748124456
1.8720000000000012,0.44242450999999333
1.873000000000001,0.4374057099999955
1.8740000000000014,0.4323742099999925
1.8750000000000013,0.4267413299999922
1.8760000000000012,0.42091360999999333
1.8770000000000011,0.4159027899999941
1.8780000000000014,0.4114586699999936
1.8790000000000013,0.40663426442955114
1.8800000000000012,0.4023785599999953
1.8810000000000011,0.3988245099999962
1.8820000000000014,0.3953530199999909
1.8830000000000013,0.389506129999993
1.8840000000000012,0.38425139464953373
1.8850000000000011,0.3830978900000009
1.8860000000000015,0.38392216000000307
1.8870000000000013,0.38589740000000367
1.8880000000000012,0.38823914999999887
1.8890000000000011,0.38723937997700125
1.8900000000000015,0.3856861299999993
1.8910000000000013,0.38521709999999915
1.8920000000000012,0.3845881500000006
1.8930000000000011,0.385023470000003
1.8940000000000015,0.3877031220348005
1.8950000000000014,0.3910888400000047
1.8960000000000012,0.39462149000000546
1.8970000000000011,0.39869887000000814
1.8980000000000015,0.40482974000000893
1.8990000000000014,0.41153663000000945
1.9000000000000012,0.418635990000011
1.9010000000000011,0.42688742000000846
1.9020000000000015,0.4345006000000094
1.9030000000000014,0.4405653500000074
1.9040000000000012,0.4461190400000055
1.9050000000000011,0.451061820000005
1.9060000000000015,0.455564740000008
1.9070000000000014,0.46071968251275713
1.9080000000000013,0.4667448100000066
1.9090000000000011,0.4727049200000078
1.9100000000000015,0.47973400000001154
1.9110000000000014,0.4871488800000075
1.9120000000000013,0.49276437019998437
1.9130000000000011,0.49646637000000454
1.9140000000000015,0.5005713100000079
1.9150000000000014,0.5064984000000083
1.9160000000000013,0.5127432300000068
1.9170000000000011,0.5178107332496804
1.9180000000000015,0.5231024600000068
1.9190000000000014,0.5281709400000073
1.9200000000000013,0.5336603500000078
1.9210000000000012,0.5394529100000057
1.9220000000000015,0.5446650587851293
1.9230000000000014,0.5492919700000041
1.9240000000000013,0.5523817500000031
1.9250000000000012,0.5551499700000043
1.9260000000000015,0.5590376300000061
1.9270000000000014,0.5629397000000053
1.9280000000000013,0.5662972900000043
1.9290000000000012,0.570151750000006
1.9300000000000015,0.5755264136846381
1.9310000000000014,0.5802632600000066
1.9320000000000013,0.5852767200000065
1.9330000000000012,0.5902284400000035
1.9340000000000015,0.5934685500000062
1.9350000000000014,0.5981737624427619
1.9360000000000013,0.602598190000003
1.9370000000000012,0.604878780000003
1.9380000000000015,0.607110020000001
1.9390000000000014,0.6078615199999992
1.9400000000000013,0.6072002161303862
1.9410000000000012,0.6084154200000054
1.9420000000000015,0.612382470000003
1.9430000000000014,0.6143336900000013
1.9440000000000013,0.6152337800000024
1.9450000000000012,0.6170538079972027
1.9460000000000015,0.6183882400000011
1.9470000000000014,0.6191067100000027
1.9480000000000013,0.6209076600000032
1.9490000000000012,0.6237866900000031
1.9500000000000015,0.6265489500000021
1.9510000000000014,0.6278764600000015
1.9520000000000013,0.628858390000001
1.9530000000000012,0.629601698024198
1.9540000000000015,0.629981940000002
1.9550000000000014,0.6312913300000043
1.9560000000000013,0.6344246900000032
1.9570000000000012,0.6368336100000022
1.9580000000000015,0.638420826840323
1.9590000000000014,0.6426892300000077
1.9600000000000013,0.6484751100000047
1.9610000000000012,0.6519355800000014
1.9620000000000015,0.6530208000000037
1.9630000000000014,0.6553735147285307
1.9640000000000013,0.6594042800000032
1.9650000000000012,0.6617963300000027
1.9660000000000015,0.6641677000000036
1.9670000000000014,0.6665107000000023
1.9680000000000013,0.6680193191380881
1.9690000000000012,0.6692154999999996
1.9700000000000015,0.6689405399999984
1.9710000000000014,0.6678997300000016
1.9720000000000013,0.6688745000000007
1.9730000000000012,0.6693622499999998
1.9740000000000015,0.6691784300000009
1.9750000000000014,0.6697484900000008
1.9760000000000013,0.6703029900000004
1.9770000000000012,0.6705222699999998
1.9780000000000015,0.6703739199999998
1.9790000000000014,0.67032814
1.9800000000000013,0.6703636100000007
1.9810000000000012,0.6708726403029706
1.9820000000000015,0.6715756700000017
1.9830000000000014,0.6727536900000027
1.9840000000000013,0.6748190500000019
1.9850000000000012,0.6762475400000023
1.9860000000000015,0.6783606752444828
1.9870000000000014,0.6829131200000049
1.9880000000000013,0.6860816500000009
1.9890000000000012,0.686931490000002
1.9900000000000015,0.6887456200000035
1.9910000000000014,0.6910371908429191
1.9920000000000013,0.6934648200000013
1.9930000000000012,0.6944993100000006
1.9940000000000015,0.695078790000001
1.9950000000000014,0.6957136400000004
1.9960000000000013,0.6959948218818123
1.9970000000000012,0.6968789700000022
1.9980000000000016,0.6985581500000012
1.9990000000000014,0.6994619400000025
2.0000000000000013,0.7013388300000034
2.0010000000000012,0.7039223330213978
2.0020000000000016,0.7057525469786071
2.0030000000000014,0.7068713300000005
2.0040000000000013,0.707221396209756
2.0050000000000012,0.7054834937902401
2.0060000000000016,0.7032759199999981
2.0070000000000014,0.7021712099999966
2.0080000000000013,0.7002121918646251
2.0090000000000012,0.6985308381353712
2.0100000000000016,0.6991831099999998
2.0110000000000015,0.699079149179163
2.0120000000000013,0.6983709408208347
2.0130000000000012,0.6996218000000024
2.0140000000000016,0.7014112502399511
2.0150000000000015,0.7008136497600471
2.0160000000000013,0.6992308500000007
2.0170000000000012,0.6998505600000028
2.0180000000000016,0.7019147666416732
2.0190000000000015,0.7028811833583298
2.0200000000000014,0.70364469
2.0210000000000012,0.7036340035882821
2.0220000000000016,0.7034698864117175
2.0230000000000015,0.7033219899999993
2.0240000000000014,0.7028545951249753
2.0250000000000012,0.7031058448750253
2.0260000000000016,0.7040888700000028
2.0270000000000015,0.7056441900000019
2.0280000000000014,0.7066755468643151
2.0290000000000012,0.7076746800000001
2.0300000000000016,0.7077293999999986
2.0310000000000015,0.706996323635273
2.0320000000000014,0.7070326763647271
2.0330000000000013,0.7082163100000036
2.0340000000000016,0.7110071771725693
2.0350000000000015,0.7133789028274381
2.0360000000000014,0.7131288599999988
2.0370000000000013,0.7122209630533886
2.0380000000000016,0.7115514969466097
2.0390000000000015,0.7104027299999996
2.0400000000000014,0.7101748000000002
2.0410000000000013,0.7103503878394314
2.0420000000000016,0.7097287821605669
2.0430000000000015,0.7085720899999994
2.0440000000000014,0.7081498603529289
2.0450000000000013,0.70765338964707
2.0460000000000016,0.7066891799999988
2.0470000000000015,0.7060181622485495
2.0480000000000014,0.705540647751449
2.0490000000000013,0.7046554100000011
2.0500000000000016,0.7054849300000048
2.0510000000000015,0.7081486336296411
2.0520000000000014,0.7086005799999999
2.0530000000000013,0.708554390000002
2.0540000000000016,0.7100549425024997
2.0550000000000015,0.7101799674975008
2.0560000000000014,0.7090390299999981
2.0570000000000013,0.7076277179104173
2.0580000000000016,0.7071068220895813
2.0590000000000015,0.7077773800000017
2.0600000000000014,0.7089914708008391
2.0610000000000013,0.7083994791991592
2.0620000000000016,0.7071982600000022
2.0630000000000015,0.7084737400000014
2.0640000000000014,0.7095364788382322
2.0650000000000013,0.7094248611617675
2.0660000000000016,0.7094221100000004
2.0670000000000015,0.7096533728384312
2.0680000000000014,0.7089817571615666
2.0690000000000013,0.7065267599999988
2.0700000000000016,0.705583561269746
2.0710000000000015,0.7054962587302539
2.0720000000000014,0.7054597100000016
2.0730000000000013,0.7066757700000033
2.0740000000000016,0.7090510055584498
2.0750000000000015,0.7125065900000056
2.0760000000000014,0.7166411900000026
2.0770000000000013,0.7185940471405716
2.0780000000000016,0.7183654528594278
2.0790000000000015,0.7191004800000012
2.0800000000000014,0.7199632968856217
2.0810000000000013,0.719232153114376
2.0820000000000016,0.717131789999998
2.0830000000000015,0.7160158885982806
2.0840000000000014,0.7161018714017198
2.0850000000000013,0.7153961699999999
2.0860000000000016,0.7153217199999999
2.0870000000000015,0.7152533000399902
2.0880000000000014,0.7141536999600063
2.0890000000000013,0.7131385200000002
2.0900000000000016,0.7133138259328117
2.0910000000000015,0.7121731540671848
2.0920000000000014,0.7098070399999983
2.0930000000000013,0.7085622413657267
2.0940000000000016,0.708475898634273
2.0950000000000015,0.7091926300000034
2.0960000000000014,0.711780550000004
2.0970000000000013,0.7148161919798053
2.0980000000000016,0.7176359900000028
2.0990000000000015,0.7196959900000008
2.1000000000000014,0.7203731178974229
2.1010000000000013,0.7218520921025817
2.1020000000000016,0.7231711100000013
2.1030000000000015,0.7239096795151009
2.1040000000000014,0.7263048304849066
2.1050000000000013,0.7288426800000007
2.1060000000000016,0.7294493073525301
2.1070000000000015,0.729822832647471
2.1080000000000014,0.731053110000001
2.1090000000000013,0.7318237400000012
2.1100000000000017,0.7327021412227573
2.1110000000000015,0.7339143687772464
2.1120000000000014,0.7344959399999988
2.1130000000000013,0.7336662596000781
2.1140000000000017,0.7320622603999176
2.1150000000000015,0.7301295399999974
2.1160000000000014,0.7282118156358708
2.1170000000000013,0.7269681743641253
2.1180000000000017,0.726308229999999
2.1190000000000015,0.7255976200000014
2.1200000000000014,0.7265769763967252
2.1210000000000013,0.7294409436032837
2.1220000000000017,0.7309058900000005
2.1230000000000016,0.7311913906118784
2.1240000000000014,0.7316975093881231
2.1250000000000013,0.7331748000000008
2.1260000000000017,0.733770933237352
2.1270000000000016,0.733403306762647
2.1280000000000014,0.7349438100000046
2.1290000000000013,0.7384282735682889
2.1300000000000017,0.7405639564317168
2.1310000000000016,0.7412843700000016
2.1320000000000014,0.7421397000000027
2.1330000000000013,0.7436795468246368
2.1340000000000017,0.7451477931753671
2.1350000000000016,0.746318280000002
2.1360000000000015,0.7474627154379138
2.1370000000000013,0.7483170945620888
2.1380000000000017,0.7486717700000003
2.1390000000000016,0.7488384804959026
2.1400000000000015,0.7499434395041008
2.1410000000000013,0.7502680400000006
2.1420000000000017,0.7506564900000038
2.1430000000000016,0.752782870077987
2.1440000000000015,0.7544836499220182
2.1450000000000014,0.7546376599999991
2.1460000000000017,0.7540075153929214
2.1470000000000016,0.7539614446070785
2.1480000000000015,0.7547751699999999
2.1490000000000014,0.7546896071605669
2.1500000000000017,0.7538612128394309
2.1510000000000016,0.7540054300000006
2.1520000000000015,0.7544014499999997
2.1530000000000014,0.7542033998050192
2.1540000000000017,0.7541868100000002
2.1550000000000016,0.7543190099999999
2.1560000000000015,0.754254544767047
2.1570000000000014,0.7545022152329538
2.1580000000000017,0.7549170899999987
2.1590000000000016,0.7542242843511295
2.1600000000000015,0.7540677956488699
2.1610000000000014,0.7550823100000007
2.1620000000000017,0.7556058297130576
2.1630000000000016,0.7557029602869427
2.1640000000000015,0.7555233199999997
2.1650000000000014,0.7553128600000009
2.1660000000000017,0.7560143017596502
2.1670000000000016,0.757331898240354
2.1680000000000015,0.7580829300000003
2.1690000000000014,0.7582392394151174
2.1700000000000017,0.7585333905848834
2.1710000000000016,0.7595574900000008
2.1720000000000015,0.7600323304319122
2.1730000000000014,0.759136649568085
2.1740000000000017,0.7571257399999983
2.1750000000000016,0.7561691999999984
2.1760000000000015,0.7553580611138874
2.1770000000000014,0.7534489599999981
2.1780000000000017,0.7520161899999978
2.1790000000000016,0.7507691104919001
2.1800000000000015,0.749874029508097
2.1810000000000014,0.7493214599999983
2.1820000000000017,0.7480774669046174
2.1830000000000016,0.7470465130953794
2.1840000000000015,0.7478663900000015
2.1850000000000014,0.7490395802899427
2.1860000000000017,0.749542479710059
2.1870000000000016,0.7508366100000018
2.1880000000000015,0.7518121600000003
2.1890000000000014,0.7520876197450507
2.1900000000000017,0.7517850702549485
2.1910000000000016,0.7527490900000047
2.1920000000000015,0.7553520872345562
2.1930000000000014,0.7572244327654497
2.1940000000000017,0.7581318600000008
2.1950000000000016,0.7585417238432317
2.1960000000000015,0.7587801561567691
2.1970000000000014,0.7603676300000004
2.1980000000000017,0.7606933099999953
2.1990000000000016,0.7580440985781399
2.2000000000000015,0.7566298799999993
2.2010000000000014,0.7561312899999977
2.2020000000000017,0.7544063398930186
2.2030000000000016,0.752705270106976
2.2040000000000015,0.7500339699999968
2.2050000000000014,0.7476048460907818
2.2060000000000017,0.7475657539092181
2.2070000000000016,0.7473652999999995
2.2080000000000015,0.7470228019566105
2.2090000000000014,0.7481423680433931
2.2100000000000017,0.7491251200000023
2.2110000000000016,0.7504686700000057
2.2120000000000015,0.7536975448060431
2.2130000000000014,0.7563456051939651
2.2140000000000017,0.7579302800000053
2.2150000000000016,0.7609173870985854
2.2160000000000015,0.7640883729014245
2.2170000000000014,0.7647653199999995
2.2180000000000017,0.764431430815837
2.2190000000000016,0.7645395891841633
2.2200000000000015,0.7646519500000012
2.2210000000000014,0.7656016900000022
2.2220000000000018,0.7672804304469568
2.2230000000000016,0.7681848999999997
2.2240000000000015,0.7679048199999984
2.2250000000000014,0.7666286421295734
2.2260000000000018,0.7662499378704251
2.2270000000000016,0.7668079700000008
2.2280000000000015,0.7672434650229958
2.2290000000000014,0.767493694977005
2.2300000000000018,0.76748013
2.2310000000000016,0.7674756003379333
2.2320000000000015,0.7679789796620683
2.2330000000000014,0.7678050400000014
2.2340000000000018,0.7688440700000042
2.2350000000000017,0.7712294383033411
2.2360000000000015,0.7723124716966623
2.2370000000000014,0.7731466900000019
2.2380000000000018,0.7745353705578896
2.2390000000000017,0.7752409494421125
2.2400000000000015,0.7747442699999999
2.2410000000000014,0.774638117784445
2.2420000000000018,0.7758159622155592
2.2430000000000017,0.7761363400000003
2.2440000000000015,0.7764274500000014
2.2450000000000014,0.7774427644471128
2.2460000000000018,0.778787235552892
2.2470000000000017,0.7811350200000027
2.2480000000000016,0.7826115192061592
2.2490000000000014,0.7829035807938416
2.2500000000000018,0.7831665899999991
2.2510000000000017,0.7826671084163159
2.2520000000000016,0.7821512715836825
2.2530000000000014,0.7826090500000008
2.254000000000002,0.7832012634563085
2.2550000000000017,0.783035826543691
2.2560000000000016,0.7821606999999992
2.2570000000000014,0.7816848800000009
2.258000000000002,0.782161694369126
2.2590000000000017,0.7820053856308736
2.2600000000000016,0.7805944099999983
2.2610000000000015,0.7796565672915433
2.262000000000002,0.7806294827084602
2.2630000000000017,0.7802898299999947
2.2640000000000016,0.7773256534912992
2.2650000000000015,0.7757605665086958
2.266000000000002,0.7768760300000026
2.2670000000000017,0.7783088099999999
2.2680000000000016,0.7782571964936994
2.2690000000000015,0.777122133506297
2.270000000000002,0.7764966499999991
2.2710000000000017,0.776011291870623
2.2720000000000016,0.7742299981293714
2.2730000000000015,0.774306180000001
2.274000000000002,0.7750179622095558
2.2750000000000017,0.7736400577904399
2.2760000000000016,0.7726873200000012
2.2770000000000015,0.7733871300000021
2.278000000000002,0.774552403472655
2.2790000000000017,0.774209379999998
2.2800000000000016,0.7730808299999982
2.2810000000000015,0.7719890931413687
2.282000000000002,0.7700205068586244
2.2830000000000017,0.7690048799999999
2.2840000000000016,0.7689264663067382
2.2850000000000015,0.7685895336932609
2.286000000000002,0.7689667300000003
2.2870000000000017,0.769094130666867
2.2880000000000016,0.7693007993331337
2.2890000000000015,0.7694771299999983
2.290000000000002,0.7682360399999975
2.2910000000000017,0.7668076064127173
2.2920000000000016,0.7666717335872822
2.2930000000000015,0.7665059
2.294000000000002,0.7664174174545098
2.2950000000000017,0.7667919625454915
2.2960000000000016,0.7671659000000031
2.2970000000000015,0.768833715950814
2.298000000000002,0.7713932240491951
2.2990000000000017,0.7728337600000023
2.3000000000000016,0.7740896300000014
2.3010000000000015,0.7748893900239988
2.302000000000002,0.7756798300000035
2.3030000000000017,0.7777007200000029
2.3040000000000016,0.7793300322155571
2.3050000000000015,0.7794521877844434
2.306000000000002,0.7789678600000001
2.3070000000000017,0.7790084146650674
2.3080000000000016,0.7792550653349334
2.3090000000000015,0.7799646900000009
2.310000000000002,0.7806630753099381
2.3110000000000017,0.780716174690062
2.3120000000000016,0.7812619200000024
2.3130000000000015,0.7825486100000013
2.314000000000002,0.7835453715566905
2.3150000000000017,0.7846609384433135
2.3160000000000016,0.7853512800000004
2.3170000000000015,0.7856113761407735
2.318000000000002,0.7866727838592301
2.3190000000000017,0.7869584599999978
2.3200000000000016,0.7857361457108568
2.3210000000000015,0.7851932542891413
2.322000000000002,0.785505000000001
2.3230000000000017,0.786087570000001
2.3240000000000016,0.7866252934576546
2.3250000000000015,0.7868598699999994
2.326000000000002,0.7863621099999976
2.3270000000000017,0.7850116539192142
2.3280000000000016,0.7838508460807821
2.3290000000000015,0.7833659100000004
2.330000000000002,0.783684856525695
2.3310000000000017,0.7837501134743052
2.3320000000000016,0.7837353300000017
2.3330000000000015,0.7847509476074797
2.334000000000002,0.7854270223925228
2.3350000000000017,0.7859478600000015
2.3360000000000016,0.7867590199999993
2.3370000000000015,0.7863896014277127
2.338000000000002,0.7853038785722833
2.3390000000000017,0.7845303399999984
2.3400000000000016,0.783672421937612
2.3410000000000015,0.7833917980623871
2.342000000000002,0.7842178299999998
2.3430000000000017,0.7841137418266334
2.3440000000000016,0.7833320081733641
2.3450000000000015,0.7821123599999993
2.346000000000002,0.7816415400000011
2.3470000000000018,0.7822715350344961
2.3480000000000016,0.7820218799999996
2.3490000000000015,0.7817905500000002
2.350000000000002,0.7819657044351125
2.3510000000000018,0.7817100555648865
2.3520000000000016,0.7826290700000023
2.3530000000000015,0.783872094182164
2.354000000000002,0.784113915817837
2.3550000000000018,0.7843115900000002
2.3560000000000016,0.7844543787592486
2.3570000000000015,0.7847419712407523
2.358000000000002,0.7849072799999998
2.3590000000000018,0.7848062500000003
2.3600000000000017,0.7849462729334126
2.3610000000000015,0.7844756070665859
2.362000000000002,0.7835912099999987
2.3630000000000018,0.7828509018836229
2.3640000000000017,0.7826697381163764
2.3650000000000015,0.7819958899999977
2.366000000000002,0.7802537913977184
2.3670000000000018,0.7792677686022776
2.3680000000000017,0.7786615499999985
2.3690000000000015,0.7775008099999985
2.370000000000002,0.7763398198170351
2.3710000000000018,0.775637990182962
2.3720000000000017,0.7751825499999994
2.3730000000000016,0.7747921514097165
2.374000000000002,0.77380624859028
2.3750000000000018,0.7729172699999992
2.3760000000000017,0.772506188136372
2.3770000000000016,0.7719875518636266
2.378000000000002,0.7710786499999981
2.379000000000002,0.770010543376323
2.3800000000000017,0.7689443066236735
2.3810000000000016,0.7681857299999986
2.382000000000002,0.7673940099999964
2.383000000000002,0.7657988393251325
2.3840000000000017,0.7642920906748628
2.3850000000000016,0.7623187299999945
2.386000000000002,0.7591737970185899
2.387000000000002,0.7560439829813976
2.3880000000000017,0.7524305599999935
2.3890000000000016,0.7488313816866596
2.390000000000002,0.7469482483133337
2.391000000000002,0.7459786500000004
2.3920000000000017,0.7462492000000027
2.3930000000000016,0.7478298629424127
2.394000000000002,0.7485592870575899
2.395000000000002,0.7482006500000002
2.3960000000000017,0.7483280963987213
2.3970000000000016,0.7489920836012807
2.398000000000002,0.7499736000000002
2.399000000000002,0.750081241920615
2.4000000000000017,0.7495004480793833
2.4010000000000016,0.7491549300000004
2.4020000000000015,0.7493896500000018
2.403000000000002,0.750389949970005
2.4040000000000017,0.7493675399999977
2.4050000000000016,0.7480599900000011
2.406000000000002,0.748682749546091
2.407000000000002,0.7487782104539095
2.4080000000000017,0.7484316800000012
2.4090000000000016,0.7490802365456928
2.4100000000000015,0.7502456934543109
2.411000000000002,0.7514994700000014
2.4120000000000017,0.7523342897420524
2.4130000000000016,0.7528317102579491
2.414000000000002,0.7535072000000006
2.415000000000002,0.7538700699999998
2.4160000000000017,0.7537983661477713
2.4170000000000016,0.7543598438522303
2.4180000000000015,0.7550267
2.419000000000002,0.7551461569716057
2.4200000000000017,0.7552158730283943
2.4210000000000016,0.7557576300000005
2.422000000000002,0.7560971075874818
2.423000000000002,0.7557729824125169
2.4240000000000017,0.7554854800000004
2.4250000000000016,0.755683840000001
2.4260000000000015,0.756233455038497
2.427000000000002,0.7561867799999996
2.4280000000000017,0.7559718500000003
2.4290000000000016,0.7561776804229157
2.430000000000002,0.756381909577085
2.431000000000002,0.7562048399999992
2.4320000000000017,0.755793695740851
2.4330000000000016,0.7552511042591474
2.4340000000000015,0.7539152499999988
2.435000000000002,0.7529715355858819
2.4360000000000017,0.7524273944141161
2.4370000000000016,0.7514814699999989
2.438000000000002,0.7508582499999988
2.439000000000002,0.7502260475454904
2.4400000000000017,0.7499015024545084
2.4410000000000016,0.7503513699999999
2.4420000000000015,0.7502937374395112
2.443000000000002,0.7497681325604868
2.4440000000000017,0.7493889299999986
2.4450000000000016,0.7486692297960382
2.446000000000002,0.7470671902039561
2.447000000000002,0.7447484699999966
2.4480000000000017,0.7428263999999972
2.4490000000000016,0.7412786268893069
2.4500000000000015,0.7386475199999952
2.451000000000002,0.7350494299999937
2.4520000000000017,0.7314995565836785
2.4530000000000016,0.7285653934163123
2.454000000000002,0.7261425899999951
2.455000000000002,0.7234082649470029
2.4560000000000017,0.7196577350529821
2.4570000000000016,0.7153546799999934
2.4580000000000015,0.7116333785702801
2.459000000000002,0.708019081429707
2.4600000000000017,0.7049059299999968
2.4610000000000016,0.7031106900000019
2.462000000000002,0.7041633140901883
2.463000000000002,0.707204215909824
2.4640000000000017,0.7107561200000072
2.4650000000000016,0.7148488764817104
2.4660000000000015,0.7190136935183026
2.467000000000002,0.7222591600000027
2.4680000000000017,0.723769011159769
2.4690000000000016,0.7243806088402328
2.470000000000002,0.7247987399999992
2.471000000000002,0.7243345999999985
2.4720000000000018,0.723552126943306
2.4730000000000016,0.7237215599999994
2.4740000000000015,0.7232733999999977
2.475000000000002,0.7214878626864599
2.4760000000000018,0.7201147273135347
2.4770000000000016,0.7186337699999961
2.478000000000002,0.7164699675834777
2.479000000000002,0.7137458024165114
2.4800000000000018,0.7100017099999942
2.4810000000000016,0.7067332513747208
2.4820000000000015,0.7040469986252709
2.483000000000002,0.700390339999994
2.4840000000000018,0.6970317399999963
2.4850000000000017,0.6949824664557049
2.486000000000002,0.6925470235442864
2.487000000000002,0.688516259999991
2.4880000000000018,0.6834819564816963
2.4890000000000017,0.6789467735182896
2.4900000000000015,0.6756133999999958
2.491000000000002,0.6724700227044528
2.4920000000000018,0.6693970672955349
2.4930000000000017,0.6653336899999932
2.494000000000002,0.660223189999991
2.495000000000002,0.6551416945560798
2.4960000000000018,0.6507872554439028
2.4970000000000017,0.6475882499999942
2.4980000000000016,0.6443413036112722
2.499000000000002,0.6408774163887155
2.5000000000000018,0.63765311
2.5010000000000017,0.63765311
2.502000000000002,0.63765311
2.503000000000002,0.63765311
2.504000000000002,0.63765311
2.5050000000000017,0.63765311
2.5060000000000016,0.63765311
2.507000000000002,0.63765311
2.508000000000002,0.63765311
2.5090000000000017,0.63765311
2.510000000000002,0.63765311
2.511000000000002,0.63765311
2.512000000000002,0.63765311
2.5130000000000017,0.63765311
2.5140000000000016,0.63765311
2.515000000000002,0.63765311
2.516000000000002,0.63765311
2.5170000000000017,0.63765311
2.518000000000002,0.63765311
2.519000000000002,0.63765311
2.520000000000002,0.63765311
2.5210000000000017,0.63765311
2.5220000000000016,0.63765311
2.523000000000002,0.63765311
2.524000000000002,0.63765311
2.5250000000000017,0.63765311
2.526000000000002,0.63765311
2.527000000000002,0.63765311
2.528000000000002,0.63765311
2.5290000000000017,0.63765311
2.5300000000000016,0.63765311
2.531000000000002,0.63765311
2.532000000000002,0.63765311
2.5330000000000017,0.63765311
2.534000000000002,0.63765311
2.535000000000002,0.63765311
2.536000000000002,0.63765311
2.5370000000000017,0.63765311
2.5380000000000016,0.63765311
2.539000000000002,0.63765311
2.540000000000002,0.63765311
2.5410000000000017,0.63765311
2.542000000000002,0.63765311
2.543000000000002,0.63765311
2.544000000000002,0.63765311
2.5450000000000017,0.63765311
2.5460000000000016,0.63765311
2.547000000000002,0.63765311
2.548000000000002,0.63765311
2.5490000000000017,0.63765311
2.550000000000002,0.63765311
2.551000000000002,0.63765311
2.552000000000002,0.63765311
2.5530000000000017,0.63765311
2.5540000000000016,0.63765311
2.555000000000002,0.63765311
2.556000000000002,0.63765311
2.5570000000000017,0.63765311
2.558000000000002,0.63765311
2.559000000000002,0.63765311
2.560000000000002,0.63765311
2.5610000000000017,0.63765311
2.5620000000000016,0.63765311
2.563000000000002,0.63765311
2.564000000000002,0.63765311
2.5650000000000017,0.63765311
2.566000000000002,0.63765311
2.567000000000002,0.63765311
2.568000000000002,0.63765311
2.5690000000000017,0.63765311
2.5700000000000016,0.63765311
2.571000000000002,0.63765311
2.572000000000002,0.63765311
2.5730000000000017,0.63765311
2.574000000000002,0.63765311
2.575000000000002,0.63765311
2.576000000000002,0.63765311
2.5770000000000017,0.63765311
2.5780000000000016,0.63765311
2.579000000000002,0.63765311
2.580000000000002,0.63765311
2.5810000000000017,0.63765311
2.582000000000002,0.63765311
2.583000000000002,0.63765311
2.584000000000002,0.63765311
2.5850000000000017,0.63765311
2.5860000000000016,0.63765311
2.587000000000002,0.63765311
2.588000000000002,0.63765311
2.5890000000000017,0.63765311
2.590000000000002,0.63765311
2.591000000000002,0.63765311
2.592000000000002,0.63765311
2.5930000000000017,0.63765311
2.5940000000000016,0.63765311
2.595000000000002,0.63765311
2.596000000000002,0.63765311
2.5970000000000018,0.63765311
2.598000000000002,0.63765311
2.599000000000002,0.63765311
