wave,r
0.4,0.7411940087900242
0.401,0.7412456335279295
0.402,0.7415984264720706
0.403,0.74166262
0.404,0.7416242403837963
0.405,0.74162632
0.406,0.7417134007212856
0.40700000000000003,0.7417855292787144
0.40800000000000003,0.7418252799941002
0.40900000000000003,0.7418246900058998
0.41000000000000003,0.74199206
0.41100000000000003,0.7421740281803182
0.41200000000000003,0.74208462
0.41300000000000003,0.7423183923466765
0.41400000000000003,0.74255306
0.41500000000000004,0.7426711310150796
0.41600000000000004,0.7427726389849203
0.41700000000000004,0.74277633
0.41800000000000004,0.7427336004272956
0.41900000000000004,0.74283677
0.42000000000000004,0.743060951407186
0.42100000000000004,0.74320167
0.42200000000000004,0.743086702642747
0.42300000000000004,0.7433509773572529
0.42400000000000004,0.7435370707092859
0.42500000000000004,0.7436079992907142
0.42600000000000005,0.74370772
0.42700000000000005,0.7437434805202948
0.42800000000000005,0.74379551
0.42900000000000005,0.7439883396912061
0.43000000000000005,0.7439574603087937
0.43100000000000005,0.7440049120294594
0.43200000000000005,0.7442078579705407
0.43300000000000005,0.74418485
0.43400000000000005,0.7442840915342847
0.43500000000000005,0.74443752
0.43600000000000005,0.744475421201076
0.43700000000000006,0.744595528798924
0.43800000000000006,0.7447188508570829
0.43900000000000006,0.7448045591429171
0.44000000000000006,0.74487197
0.44100000000000006,0.744942549294207
0.44200000000000006,0.745013
0.44300000000000006,0.7450562707599848
0.44400000000000006,0.7451322692400153
0.44500000000000006,0.7452168507282855
0.44600000000000006,0.7452896792717145
0.44700000000000006,0.74538517
0.44800000000000006,0.7454426294254057
0.44900000000000007,0.74545383
0.45000000000000007,0.7455471209696806
0.45100000000000007,0.7456440890303194
0.45200000000000007,0.745749121250475
0.45300000000000007,0.7458741687495251
0.45400000000000007,0.74593478
0.45500000000000007,0.7459809195386047
0.45600000000000007,0.74602848
0.4570000000000001,0.7460870709536904
0.4580000000000001,0.74618244
0.4590000000000001,0.7462899701543969
0.4600000000000001,0.746305409845603
0.4610000000000001,0.7464214
0.4620000000000001,0.7465235589784102
0.4630000000000001,0.74651968
0.4640000000000001,0.7466000907182929
0.4650000000000001,0.74667192
0.4660000000000001,0.7467299109768805
0.4670000000000001,0.7468275990231196
0.4680000000000001,0.7469118806693866
0.4690000000000001,0.7469788193306134
0.4700000000000001,0.74701732
0.4710000000000001,0.7470969004713952
0.4720000000000001,0.74714404
0.4730000000000001,0.7471381411139777
0.4740000000000001,0.7472495388860223
0.4750000000000001,0.7473278606186876
0.4760000000000001,0.7473897293813123
0.4770000000000001,0.74748373
0.4780000000000001,0.7475439905870942
0.4790000000000001,0.7476027
0.4800000000000001,0.7476761302914942
0.4810000000000001,0.7477052797085059
0.4820000000000001,0.7477565407485851
0.4830000000000001,0.7478313992514151
0.4840000000000001,0.74791551
0.4850000000000001,0.747933799817102
0.4860000000000001,0.74794739
0.4870000000000001,0.7480207706686867
0.4880000000000001,0.7480876393313134
0.4890000000000001,0.7481356902782944
0.4900000000000001,0.7481635197217056
0.4910000000000001,0.74823016
0.4920000000000001,0.7482794495071049
0.4930000000000001,0.74831891
0.4940000000000001,0.7483623604821952
0.4950000000000001,0.74841058
0.4960000000000001,0.7484552903766925
0.4970000000000001,0.7484929596233075
0.4980000000000001,0.74850631
0.4990000000000001,0.7485613194499054
0.5000000000000001,0.74864203
0.5010000000000001,0.7486979401818037
0.5020000000000001,0.7487161207382631
0.5030000000000001,0.7487407295078246
0.5040000000000001,0.7488043293639937
0.5050000000000001,0.74889225
0.5060000000000001,0.7489498304921755
0.5070000000000001,0.7489744392617369
0.5080000000000001,0.7489864197603976
0.5090000000000001,0.749008
0.5100000000000001,0.7490350603213032
0.5110000000000001,0.749067190473181
0.5120000000000001,0.7490908495268189
0.5130000000000001,0.7491087298211982
0.5140000000000001,0.74912339
0.5150000000000001,0.749128460298006
0.5160000000000001,0.7491582615842207
0.5170000000000001,0.7492110689438528
0.5180000000000001,0.7492930891797918
0.5190000000000001,0.7493135901955019
0.5200000000000001,0.7493331409727513
0.5210000000000001,0.749381778540873
0.5220000000000001,0.749416949648293
0.5230000000000001,0.74944347
0.5240000000000001,0.7494679705782058
0.5250000000000001,0.7495257902967881
0.5260000000000001,0.7495406297032119
0.5270000000000001,0.7495562398438984
0.5280000000000001,0.74961537
0.5290000000000001,0.7496689007176073
0.5300000000000001,0.7497047805237738
0.5310000000000001,0.7497222396508174
0.5320000000000001,0.7497505497168971
0.5330000000000001,0.7497800003582036
0.5340000000000001,0.7498158211289436
0.5350000000000001,0.7498722683065847
0.5360000000000001,0.7498813299093982
0.5370000000000001,0.74989253
0.5380000000000001,0.7499226901395027
0.5390000000000001,0.7499366401466927
0.5400000000000001,0.7499415299022049
0.5410000000000001,0.749940930006
0.5420000000000001,0.74994832
0.5430000000000001,0.7499295497318134
0.5440000000000002,0.7499161404022798
0.5450000000000002,0.7499306197103971
0.5460000000000002,0.74993801
0.5470000000000002,0.7499415299982
0.5480000000000002,0.7499413498712051
0.5490000000000002,0.7499349101287949
0.5500000000000002,0.7499202501466015
0.5510000000000002,0.74991328
0.5520000000000002,0.7499386098568971
0.5530000000000002,0.7499242993778311
0.5540000000000002,0.7499035604147792
0.5550000000000002,0.749884070194902
0.5560000000000002,0.7498987901001011
0.5570000000000002,0.749908800160992
0.5580000000000002,0.749916849758512
0.5590000000000002,0.7499286497639976
0.5600000000000002,0.7499494000000001
0.5610000000000002,0.7499739502623026
0.5620000000000002,0.7500001809059638
0.5630000000000002,0.7500454790940363
0.5640000000000002,0.7500966794879949
0.5650000000000002,0.75014979
0.5660000000000002,0.750189841100411
0.5670000000000002,0.7502448617324134
0.5680000000000002,0.7503026088450577
0.5690000000000002,0.750352259503495
0.5700000000000002,0.7503929103559035
0.5710000000000002,0.7504285006055696
0.5720000000000002,0.7504587790916454
0.5730000000000002,0.7504746298414968
0.5740000000000002,0.75048393
0.5750000000000002,0.7504866099391995
0.5760000000000002,0.750480529452822
0.5770000000000002,0.7504531705471781
0.5780000000000002,0.7504090104416045
0.5790000000000002,0.75034708
0.5800000000000002,0.7502748992261922
0.5810000000000002,0.7502362091294434
0.5820000000000002,0.750207190580371
0.5830000000000002,0.75009716
0.5840000000000002,0.7500315894164942
0.5850000000000002,0.7499732385372732
0.5860000000000002,0.7499001021940903
0.5870000000000002,0.7498444905561111
0.5880000000000002,0.74978763
0.5890000000000002,0.7497306496244925
0.5900000000000002,0.7496930993472326
0.5910000000000002,0.7496713404351782
0.5920000000000002,0.749621870494705
0.5930000000000002,0.7494732681880818
0.5940000000000002,0.7492920778101095
0.5950000000000002,0.7491825832848358
0.5960000000000002,0.7491698902538025
0.5970000000000002,0.74919266
0.5980000000000002,0.7491717893496935
0.5990000000000002,0.7491067573907043
0.6000000000000002,0.7489762926092955
0.6010000000000002,0.7488913508494084
0.6020000000000002,0.74882627
0.6030000000000002,0.7487730987422748
0.6040000000000002,0.7486473259823009
0.6050000000000002,0.748513402678466
0.6060000000000002,0.7483799513345133
0.6070000000000002,0.7482776593282933
0.6080000000000002,0.7482104888318584
0.6090000000000002,0.7481520817522124
0.6100000000000002,0.7480843106777135
0.6110000000000002,0.74805874
0.6120000000000002,0.7480773905716057
0.6130000000000002,0.7481345495578177
0.6140000000000002,0.7481124404421823
0.6150000000000002,0.7481108900155001
0.6160000000000002,0.74811673
0.6170000000000002,0.748110649307393
0.6180000000000002,0.7480760185750712
0.6190000000000002,0.7480285209499524
0.6200000000000002,0.74797207
0.6210000000000002,0.7479320793174932
0.6220000000000002,0.7478638282070896
0.6230000000000002,0.7477741826893655
0.6240000000000002,0.7476763109787196
0.6250000000000002,0.74759203
0.6260000000000002,0.7475014288633772
0.6270000000000002,0.7473877662126893
0.6280000000000002,0.7472615225248738
0.6290000000000002,0.7471243113721137
0.6300000000000002,0.74697834
0.6310000000000002,0.7468461372083396
0.6320000000000002,0.7467065541874905
0.6330000000000002,0.7465882923652236
0.6340000000000002,0.74654078
0.6350000000000002,0.746520820092401
0.6360000000000002,0.7465300607663693
0.6370000000000002,0.7465683792336307
0.6380000000000002,0.7466071796119962
0.6390000000000002,0.7466253
0.6400000000000002,0.7466299499552991
0.6410000000000002,0.7466254803434828
0.6420000000000002,0.7466369297710115
0.6430000000000002,0.7466521298479984
0.6440000000000002,0.7466662500614006
0.6450000000000002,0.7466723901119944
0.6460000000000002,0.7466779898320084
0.6470000000000002,0.7466813899659993
0.6480000000000002,0.74666035
0.6490000000000002,0.746645689695397
0.6500000000000002,0.7466152285874564
0.6510000000000002,0.7465446014125435
0.6520000000000002,0.7464878605674057
0.6530000000000002,0.7464478
0.6540000000000002,0.7464220491607916
0.6550000000000002,0.746380089381431
0.6560000000000002,0.7463594704123794
0.6570000000000003,0.7463426601681017
0.6580000000000003,0.7463001595797958
0.6590000000000003,0.7462581390726464
0.6600000000000003,0.7462117713910305
0.6610000000000003,0.7461594905228105
0.6620000000000003,0.74610764
0.6630000000000003,0.7460725297436949
0.6640000000000003,0.746046898819859
0.6650000000000003,0.7460075607867607
0.6660000000000003,0.7459598204774048
0.6670000000000003,0.74589723
0.6680000000000003,0.7458117583894806
0.6690000000000003,0.7457312324157791
0.6700000000000003,0.7456498116284163
0.6710000000000003,0.74557209
0.6720000000000003,0.7455338793932939
0.6730000000000003,0.7454732085050598
0.6740000000000003,0.7453984614949402
0.6750000000000003,0.7453132908517085
0.6760000000000003,0.74523449
0.6770000000000003,0.7451481790576812
0.6780000000000003,0.7450539485264737
0.6790000000000003,0.7450048309823508
0.6800000000000003,0.744954410504205
0.6810000000000003,0.7449039195296954
0.6820000000000003,0.7448568886876656
0.6830000000000003,0.7447912719685016
0.6840000000000003,0.744731611193212
0.6850000000000003,0.74469
0.6860000000000003,0.7446547694450945
0.6870000000000003,0.7445992785934562
0.6880000000000003,0.7445289514065437
0.6890000000000003,0.744468690602606
0.6900000000000003,0.74441123
0.6910000000000003,0.7443451881987819
0.6920000000000003,0.7442551270262486
0.6930000000000003,0.7441560019825009
0.6940000000000003,0.7440621909381093
0.6950000000000003,0.7439741490057901
0.6960000000000003,0.7438747283536823
0.6970000000000003,0.7437924124694765
0.6980000000000003,0.743722380700314
0.6990000000000003,0.74366486
0.7000000000000003,0.7435953592221922
0.7010000000000003,0.7435175782858685
0.7020000000000003,0.7434318717141314
0.7030000000000003,0.7433463308554086
0.7040000000000003,0.74323666
0.7050000000000003,0.7431123276859768
0.7060000000000003,0.7429966266653667
0.7070000000000003,0.7428854722230889
0.7080000000000003,0.74278611
0.7090000000000003,0.7427053987244872
0.7100000000000003,0.7425778471641418
0.7110000000000003,0.7424360542537873
0.7120000000000003,0.7422817315432308
0.7130000000000003,0.74211007
0.7140000000000003,0.7419437183274665
0.7150000000000003,0.7417764647232639
0.7160000000000003,0.741600573517824
0.7170000000000003,0.7414270617351173
0.7180000000000003,0.7412493181802817
0.7190000000000003,0.7410673468983551
0.7200000000000003,0.7409122646524673
0.7210000000000003,0.7407461433224333
0.7220000000000003,0.7405734699999998
0.7230000000000003,0.7403994779775798
0.7240000000000003,0.7401972355929762
0.7250000000000003,0.7399768844070236
0.7260000000000003,0.7397393623752236
0.7270000000000003,0.7394852599999999
0.7280000000000003,0.7392142370602411
0.7290000000000003,0.7389202594291285
0.7300000000000003,0.7385678970472476
0.7310000000000003,0.7381618040609406
0.7320000000000003,0.7377100549269491
0.7330000000000003,0.7372027484707763
0.7340000000000003,0.7366262872938352
0.7350000000000003,0.7360016162467248
0.7360000000000003,0.7353234899999997
0.7370000000000003,0.7345085607445072
0.7380000000000003,0.7335830100857963
0.7390000000000003,0.732587299914203
0.7400000000000003,0.7315473103999038
0.7410000000000003,0.7306216399999997
0.7420000000000003,0.7298694191886917
0.7430000000000003,0.7293288658320084
0.7440000000000003,0.729189932778661
0.7450000000000003,0.7292286800000001
0.7460000000000003,0.7294318141622418
0.7470000000000003,0.7298480404958754
0.7480000000000003,0.7303728342561873
0.7490000000000003,0.7308469952584054
0.7500000000000003,0.73117536
0.7510000000000003,0.7310334990963819
0.7520000000000003,0.7309431406974651
0.7530000000000003,0.7309663895350232
0.7540000000000003,0.7313250864129642
0.7550000000000003,0.73156685
0.7560000000000003,0.7317302819061047
0.7570000000000003,0.731825587140843
0.7580000000000003,0.7318622492667928
0.7590000000000003,0.73184156
0.7600000000000003,0.7317576978363782
0.7610000000000003,0.7315413354117835
0.7620000000000003,0.7313119245882164
0.7630000000000003,0.7310691524277241
0.7640000000000003,0.7308057499999999
0.7650000000000003,0.7305427172754454
0.7660000000000003,0.7302702613547322
0.7670000000000003,0.7299820857635118
0.7680000000000003,0.729801241808418
0.7690000000000003,0.7297449104095041
0.7700000000000004,0.7297858609941503
0.7710000000000004,0.7298355685087746
0.7720000000000004,0.7297941404143082
0.7730000000000004,0.72969311
0.7740000000000004,0.7295322381152811
0.7750000000000004,0.7293437659733609
0.7760000000000004,0.7291424340266389
0.7770000000000004,0.7289289221351213
0.7780000000000004,0.7286909799999999
0.7790000000000004,0.7284638858383583
0.7800000000000004,0.7282558049236537
0.7810000000000004,0.7280865933842308
0.7820000000000004,0.7279360315056149
0.7830000000000004,0.7277898785473854
0.7840000000000004,0.7276446168279586
0.7850000000000004,0.7274860147580621
0.7860000000000004,0.7273159017011339
0.7870000000000004,0.72714144
0.7880000000000004,0.7269810985772714
0.7890000000000004,0.7268388259946003
0.7900000000000004,0.7267053126702665
0.7910000000000004,0.7265780612725127
0.7920000000000004,0.72644621
0.7930000000000004,0.7263321281094944
0.7940000000000004,0.7262376028357582
0.7950000000000004,0.7261640414712147
0.7960000000000004,0.72609413
0.7970000000000004,0.7260155689645896
0.7980000000000004,0.7259120280462782
0.7990000000000004,0.7258143419537219
0.8000000000000004,0.7257123010204103
0.8010000000000004,0.7256023299999999
0.8020000000000004,0.7254491385623713
0.8030000000000004,0.7253053760983951
0.8040000000000004,0.7251753226010699
0.8050000000000004,0.7250755409978099
0.8060000000000004,0.7250208296941969
0.8070000000000004,0.7249902497878106
0.8080000000000004,0.7249796403182841
0.8090000000000004,0.7250629083345834
0.8100000000000004,0.72518069
0.8110000000000004,0.7253282717357175
0.8120000000000004,0.7255018443926243
0.8130000000000004,0.7257214756073758
0.8140000000000004,0.7259727674870751
0.8150000000000004,0.7262550000000001
0.8160000000000004,0.7265452161060613
0.8170000000000004,0.7268505196589172
0.8180000000000004,0.7271724835607221
0.8190000000000004,0.7275192665321655
0.8200000000000004,0.7278823937688378
0.8210000000000004,0.7282592778554074
0.8220000000000004,0.7286520482168893
0.8230000000000004,0.7290728057924161
0.8240000000000004,0.7295128100000001
0.8250000000000004,0.7299720645968462
0.8260000000000004,0.7304317483728653
0.8270000000000004,0.7308503916271352
0.8280000000000004,0.731231806185862
0.8290000000000004,0.7315646400000001
0.8300000000000004,0.7319135770142703
0.8310000000000004,0.7322642903473827
0.8320000000000004,0.732609203101745
0.8330000000000004,0.7329430600000001
0.8340000000000004,0.7332756533653337
0.8350000000000004,0.7336121873536324
0.8360000000000004,0.7339798689695517
0.8370000000000004,0.7343292765059303
0.8380000000000004,0.7346625900000001
0.8390000000000004,0.7349743840096804
0.8400000000000004,0.7353753531996402
0.8410000000000004,0.7358153412002402
0.8420000000000004,0.736287465278753
0.8430000000000004,0.7367890550205504
0.8440000000000004,0.7372911099355034
0.8450000000000004,0.7377878850967453
0.8460000000000004,0.7382637804821051
0.8470000000000004,0.7387151100000002
0.8480000000000004,0.7391656645681458
0.8490000000000004,0.739622480456782
0.8500000000000004,0.7401453195432186
0.8510000000000004,0.7406542249109492
0.8520000000000004,0.7411406600000002
0.8530000000000004,0.7415615937813758
0.8540000000000004,0.7419397304691766
0.8550000000000004,0.7422887030205491
0.8560000000000004,0.7426069968170683
0.8570000000000004,0.7429979442344424
0.8580000000000004,0.7434213889175544
0.8590000000000004,0.743867266623669
0.8600000000000004,0.7442703159695195
0.8610000000000004,0.7446411800000001
0.8620000000000004,0.7449721726250264
0.8630000000000004,0.7452346745058198
0.8640000000000004,0.7454599654941803
0.8650000000000004,0.7456385482141822
0.8660000000000004,0.74576449
0.8670000000000004,0.745872682898029
0.8680000000000004,0.7460175853925304
0.8690000000000004,0.7461973364049799
0.8700000000000004,0.7464198500000001
0.8710000000000004,0.746606231385214
0.8720000000000004,0.7467447514447277
0.8730000000000004,0.7468169878329084
0.8740000000000004,0.7468144900250004
0.8750000000000004,0.74676192
0.8760000000000004,0.746658328253465
0.8770000000000004,0.7464836705288734
0.8780000000000004,0.7461679663140841
0.8790000000000004,0.7457278444012438
0.8800000000000004,0.7451268399999996
0.8810000000000004,0.7444239186255684
0.8820000000000005,0.7438551970616466
0.8830000000000005,0.7434754475948757
0.8840000000000005,0.7435221100000001
0.8850000000000005,0.7437688737938382
0.8860000000000005,0.7441482590382387
0.8870000000000005,0.7446001709617617
0.8880000000000005,0.7450555554461546
0.8890000000000005,0.7454969300000002
0.8900000000000005,0.7459146420897419
0.8910000000000005,0.7461236099481027
0.8920000000000005,0.7461218800345983
0.8930000000000005,0.7458716625022249
0.8940000000000005,0.74516050806048
0.8950000000000005,0.7439665468816552
0.8960000000000005,0.7423106296775154
0.8970000000000005,0.7400737623688463
0.8980000000000005,0.7368672499999983
0.8990000000000005,0.7331106877982759
0.9000000000000005,0.7288905158403645
0.9010000000000005,0.7246825341596317
0.9020000000000005,0.7209091577336754
0.9030000000000005,0.7173160899999984
0.9040000000000005,0.7137032449029471
0.9050000000000005,0.7094483824256765
0.9060000000000005,0.704862571716212
0.9070000000000005,0.7000138084876825
0.9080000000000005,0.6955307937683359
0.9090000000000005,0.6919076468138581
0.9100000000000005,0.6892483397792096
0.9110000000000005,0.6883401390814812
0.9120000000000005,0.6895315100000011
0.9130000000000005,0.6920692082717673
0.9140000000000005,0.6958963969050568
0.9150000000000005,0.7001265653966321
0.9160000000000005,0.7038249630161321
0.9170000000000005,0.706927960000001
0.9180000000000005,0.7091556642983861
0.9190000000000005,0.7113705835524236
0.9200000000000005,0.7137573522645239
0.9210000000000005,0.7165287100000018
0.9220000000000005,0.7200186107068091
0.9230000000000005,0.7240893030164814
0.9240000000000005,0.7287401269835229
0.9250000000000005,0.7337134002672052
0.9260000000000005,0.7384585100000024
0.9270000000000005,0.7428942077352566
0.9280000000000005,0.746667694463478
0.9290000000000005,0.7491498103576832
0.9300000000000005,0.7508599628986299
0.9310000000000005,0.7518283711677117
0.9320000000000005,0.7519451286517671
0.9330000000000005,0.7513777170223486
0.9340000000000005,0.7502180531936314
0.9350000000000005,0.7485467799999994
0.9360000000000005,0.7474171430894305
0.9370000000000005,0.7467260964095435
0.9380000000000005,0.7465465735904563
0.9390000000000005,0.7471316441491418
0.9400000000000005,0.7484096300000012
0.9410000000000005,0.7503754431845333
0.9420000000000005,0.7530346774465291
0.9430000000000005,0.7559495617023162
0.9440000000000005,0.7589489500061015
0.9450000000000005,0.7618364365028664
0.9460000000000005,0.7644867179818022
0.9470000000000005,0.7668858080272999
0.9480000000000005,0.7689763690944829
0.9490000000000005,0.7702742200000005
0.9500000000000005,0.7711877859295596
0.9510000000000005,0.7717807355679774
0.9520000000000005,0.7720591344320229
0.9530000000000005,0.7724100364909651
0.9540000000000005,0.7728074800000002
0.9550000000000005,0.7732505895308955
0.9560000000000005,0.7737271349551524
0.9570000000000005,0.7742256400298988
0.9580000000000005,0.7747432600000004
0.9590000000000005,0.7752727949382496
0.9600000000000005,0.7757666194839261
0.9610000000000005,0.7762408157741115
0.9620000000000005,0.7766985854223086
0.9630000000000005,0.7771596300000003
0.9640000000000005,0.7776827859004183
0.9650000000000005,0.7782728286581674
0.9660000000000005,0.7788947675612223
0.9670000000000005,0.7794703142445428
0.9680000000000005,0.7800054648148484
0.9690000000000005,0.7804869484681768
0.9700000000000005,0.7809103572977353
0.9710000000000005,0.7812691228247284
0.9720000000000005,0.7815495700000001
0.9730000000000005,0.7817556314984151
0.9740000000000005,0.781905471801128
0.9750000000000005,0.7819955281988721
0.9760000000000005,0.7819955899994
0.9770000000000005,0.7819069
0.9780000000000005,0.7817368472754455
0.9790000000000005,0.7814643910613468
0.9800000000000005,0.7811664359591018
0.9810000000000005,0.7808523231411313
0.9820000000000005,0.7805243666698665
0.9830000000000005,0.7801913519466025
0.9840000000000005,0.7797886820800958
0.9850000000000005,0.7793216746700932
0.9860000000000005,0.7787705699999997
0.9870000000000005,0.7781526938803385
0.9880000000000005,0.7775407281176749
0.9890000000000005,0.7769466118823243
0.9900000000000005,0.77624291703697
0.9910000000000005,0.7754617899999996
0.9920000000000005,0.774619742441424
0.9930000000000005,0.7737418146596665
0.9940000000000005,0.7728971368935549
0.9950000000000006,0.7719781999999994
0.9960000000000006,0.7709283674298735
0.9970000000000006,0.7696713557338126
0.9980000000000006,0.7684580463992794
0.9990000000000006,0.7674636299440984
1.0000000000000004,0.7664700199999995
1.0010000000000006,0.7653839599999993
1.0020000000000007,0.7643237699999992
1.0030000000000006,0.7630976999999992
1.0040000000000004,0.7619182758214174
1.0050000000000006,0.7609764899999993
1.0060000000000007,0.7600369499999992
1.0070000000000006,0.7587225999999994
1.0080000000000005,0.7573534299999994
1.0090000000000006,0.7560317453434651
1.0100000000000007,0.7547851799999992
1.0110000000000006,0.753518339999999
1.0120000000000005,0.7520622599999993
1.0130000000000006,0.7506027199999992
1.0140000000000007,0.7494562246495343
1.0150000000000006,0.7485729499999997
1.0160000000000005,0.7481465299999999
1.0170000000000006,0.7478089899999999
1.0180000000000007,0.74761915
1.0190000000000006,0.7475779741175883
1.0200000000000005,0.7479530000000002
1.0210000000000006,0.7485294300000007
1.0220000000000007,0.7495362200000006
1.0230000000000006,0.7505886600000008
1.0240000000000005,0.7517083300000006
1.0250000000000006,0.7528820600000009
1.0260000000000007,0.7541342400000007
1.0270000000000006,0.7553523200000005
1.0280000000000005,0.7566139700000006
1.0290000000000006,0.7580694000000008
1.0300000000000007,0.7597371300000011
1.0310000000000006,0.761360700000001
1.0320000000000005,0.7629188066253383
1.0330000000000006,0.764485060000001
1.0340000000000007,0.7660418700000009
1.0350000000000006,0.7673559800000008
1.0360000000000005,0.7685421100000005
1.0370000000000006,0.769720313844616
1.0380000000000007,0.7708587600000006
1.0390000000000006,0.7718119000000004
1.0400000000000005,0.7726572800000003
1.0410000000000006,0.7734088300000005
1.0420000000000007,0.7740467762053799
1.0430000000000006,0.7744544100000003
1.0440000000000005,0.7747105400000001
1.0450000000000006,0.7749842400000002
1.0460000000000007,0.7753376400000002
1.0470000000000006,0.7754773960243977
1.0480000000000005,0.7756962800000002
1.0490000000000006,0.7762935800000003
1.0500000000000007,0.7768679300000003
1.0510000000000006,0.7773498300000004
1.0520000000000005,0.7777702200000002
1.0530000000000006,0.7782001500000003
1.0540000000000007,0.7786589900000004
1.0550000000000006,0.7792052042655737
1.0560000000000005,0.7798478600000002
1.0570000000000006,0.7804586900000005
1.0580000000000007,0.7810469300000005
1.0590000000000006,0.7816342100000001
1.0600000000000005,0.7820057260123987
1.0610000000000006,0.7819658499999999
1.0620000000000007,0.7817673099999999
1.0630000000000006,0.78165442
1.0640000000000005,0.78159654
1.0650000000000006,0.7814814515088491
1.0660000000000007,0.7812849299999999
1.0670000000000006,0.78114897
1.0680000000000005,0.78111529
1.0690000000000006,0.7811452700000001
1.0700000000000007,0.7813780667203282
1.0710000000000006,0.7818416400000004
1.0720000000000005,0.7824881100000003
1.0730000000000006,0.7832301300000005
1.0740000000000007,0.7840358600000006
1.0750000000000006,0.7848346800000007
1.0760000000000005,0.7857723800000007
1.0770000000000006,0.7867882800000007
1.0780000000000007,0.7878506086601348
1.0790000000000006,0.7889372100000007
1.0800000000000005,0.7900083100000005
1.0810000000000006,0.7909598400000004
1.0820000000000007,0.7916746100000004
1.0830000000000006,0.7923604373402665
1.0840000000000005,0.7930338400000002
1.0850000000000006,0.7935808300000003
1.0860000000000007,0.7941457600000006
1.0870000000000006,0.7947858600000003
1.0880000000000005,0.7953605125347469
1.0890000000000006,0.7957873900000002
1.0900000000000007,0.7961481800000002
1.0910000000000006,0.7965528400000004
1.0920000000000005,0.7969951600000003
1.0930000000000006,0.7974292765883414
1.0940000000000007,0.7977752100000002
1.0950000000000006,0.7980829500000002
1.0960000000000005,0.7983995700000001
1.0970000000000006,0.7985526900000001
1.0980000000000008,0.7986530700000002
1.0990000000000006,0.7988643600000002
1.1000000000000005,0.79911244
1.1010000000000006,0.79917204
1.1020000000000008,0.7990984899999999
1.1030000000000006,0.79890484
1.1040000000000005,0.79882199
1.1050000000000006,0.79882687
1.1060000000000008,0.7988337707429256
1.1070000000000007,0.7986411999999996
1.1080000000000005,0.7982193799999997
1.1090000000000007,0.7976993899999997
1.1100000000000008,0.7971178299999997
1.1110000000000007,0.7966475130906906
1.1120000000000005,0.7962784199999998
1.1130000000000007,0.7958804999999997
1.1140000000000008,0.7954276799999996
1.1150000000000007,0.7949596599999996
1.1160000000000005,0.7944369222737723
1.1170000000000007,0.7939014999999997
1.1180000000000008,0.7933329299999996
1.1190000000000007,0.7927943499999996
1.1200000000000006,0.7922592199999998
1.1210000000000007,0.7916757483471649
1.1220000000000008,0.7909392699999995
1.1230000000000007,0.7902066699999993
1.1240000000000006,0.7892873899999996
1.1250000000000007,0.788331869999999
1.1260000000000008,0.7869114299999984
1.1270000000000007,0.7851747899999988
1.1280000000000006,0.7832925299999987
1.1290000000000007,0.7812118948465135
1.1300000000000008,0.7786603599999972
1.1310000000000007,0.7754110699999978
1.1320000000000006,0.7720365499999984
1.1330000000000007,0.7682044499999974
1.1340000000000008,0.7641593822167744
1.1350000000000007,0.7587815499999965
1.1360000000000006,0.7534408599999961
1.1370000000000007,0.7475737299999962
1.1380000000000008,0.7416618499999931
1.1390000000000007,0.7338781383711582
1.1400000000000006,0.7260706999999946
1.1410000000000007,0.7181106799999948
1.1420000000000008,0.7102540699999939
1.1430000000000007,0.7011331899999937
1.1440000000000006,0.6917718461343809
1.1450000000000007,0.6831211399999945
1.1460000000000008,0.6748419999999928
1.1470000000000007,0.6666862399999947
1.1480000000000006,0.6586507599999956
1.1490000000000007,0.6519503599999964
1.1500000000000008,0.6466111499999959
1.1510000000000007,0.6420189099999977
1.1520000000000006,0.6385170199999988
1.1530000000000007,0.6356968899999992
1.1540000000000008,0.6344687299999994
1.1550000000000007,0.6334416299999999
1.1560000000000006,0.6332019599999998
1.1570000000000007,0.6329619805649435
1.1580000000000008,0.6328676299999999
1.1590000000000007,0.6327425799999994
1.1600000000000006,0.6317385399999993
1.1610000000000007,0.6307220499999986
1.1620000000000008,0.6285743856824302
1.1630000000000007,0.6263312099999976
1.1640000000000006,0.6226467499999983
1.1650000000000007,0.6186622399999971
1.1660000000000008,0.6143535999999962
1.1670000000000007,0.6099300623537619
1.1680000000000006,0.6049445899999965
1.1690000000000007,0.5996369699999968
1.1700000000000008,0.594771619999996
1.1710000000000007,0.590288219999997
1.1720000000000006,0.585771301691828
1.1730000000000007,0.5811993499999972
1.1740000000000008,0.5769658099999976
1.1750000000000007,0.5733436899999974
1.1760000000000006,0.5695903899999972
1.1770000000000007,0.5654334999999973
1.1780000000000008,0.5612915199999964
1.1790000000000007,0.5571681299999972
1.1800000000000006,0.5529581297260246
1.1810000000000007,0.5475553899999964
1.1820000000000008,0.5421618799999954
1.1830000000000007,0.5369785399999966
1.1840000000000006,0.5318089699999977
1.1850000000000007,0.5265966193160646
1.1860000000000008,0.5213897799999967
1.1870000000000007,0.5176489399999977
1.1880000000000006,0.5142813899999986
1.1890000000000007,0.512253339999999
1.1900000000000008,0.5107786374702518
1.1910000000000007,0.5107766400000008
1.1920000000000006,0.5116687400000015
1.1930000000000007,0.5139505900000023
1.1940000000000008,0.5174450300000035
1.1950000000000007,0.521414303072696
1.1960000000000006,0.5259529400000035
1.1970000000000007,0.5310692200000041
1.1980000000000008,0.5372056400000054
1.1990000000000007,0.5432657600000039
1.2000000000000006,0.5490502100000039
1.2010000000000007,0.5549096500000055
1.2020000000000008,0.5610154900000053
1.2030000000000007,0.5669704960903942
1.2040000000000006,0.571431400000003
1.2050000000000007,0.5758606800000023
1.2060000000000008,0.5794431600000031
1.2070000000000007,0.5829744900000012
1.2080000000000006,0.5848277115968415
1.2090000000000007,0.5865436800000006
1.2100000000000009,0.5874602800000006
1.2110000000000007,0.5882306700000003
1.2120000000000006,0.5886496900000002
1.2130000000000007,0.5889933356354367
1.2140000000000009,0.589817110000001
1.2150000000000007,0.5909141300000013
1.2160000000000006,0.5926939200000015
1.2170000000000007,0.5949973500000023
1.2180000000000009,0.5984305266823345
1.2190000000000007,0.6030249000000034
1.2200000000000006,0.608219680000004
1.2210000000000008,0.6142395100000061
1.2220000000000009,0.6210768200000074
1.2230000000000008,0.6295104000000075
1.2240000000000006,0.6378687600000054
1.2250000000000008,0.6458282500000054
1.2260000000000009,0.6539250000000076
1.2270000000000008,0.6625848400000056
1.2280000000000006,0.6710412500000046
1.2290000000000008,0.6778737900000045
1.2300000000000009,0.6845969000000054
1.2310000000000008,0.6907664620358007
1.2320000000000007,0.6967868200000028
1.2330000000000008,0.7009304800000035
1.2340000000000009,0.7048104400000025
1.2350000000000008,0.7075179800000017
1.2360000000000007,0.7099664413348671
1.2370000000000008,0.7107797900000002
1.2380000000000009,0.7111444499999992
1.2390000000000008,0.710174739999999
1.2400000000000007,0.7086022499999985
1.2410000000000008,0.7064275574692512
1.2420000000000009,0.7039609599999976
1.2430000000000008,0.7013321499999977
1.2440000000000007,0.6986916099999988
1.2450000000000008,0.6967965999999994
1.2460000000000009,0.695923177342265
1.2470000000000008,0.695922730000001
1.2480000000000007,0.6974629800000014
1.2490000000000008,0.6995927700000022
1.2500000000000009,0.7029738400000033
1.2510000000000008,0.7067508700000046
1.2520000000000007,0.7118157100000033
1.2530000000000008,0.716782630000004
1.254000000000001,0.721268022281776
1.2550000000000008,0.7256908400000035
1.2560000000000007,0.7297393700000026
1.2570000000000008,0.7335569300000017
1.258000000000001,0.7361237400000021
1.2590000000000008,0.7384932275572457
1.2600000000000007,0.7404688000000013
1.2610000000000008,0.7423576100000016
1.262000000000001,0.7440519300000015
1.2630000000000008,0.7457391600000018
1.2640000000000007,0.7479063532806733
1.2650000000000008,0.750191270000002
1.266000000000001,0.752459230000002
1.2670000000000008,0.7547377900000016
1.2680000000000007,0.7572580600000017
1.2690000000000008,0.7599103147745248
1.270000000000001,0.762383820000002
1.2710000000000008,0.7646277500000019
1.2720000000000007,0.7667687500000013
1.2730000000000008,0.7688188600000017
1.274000000000001,0.7707275700000015
1.2750000000000008,0.7723884600000015
1.2760000000000007,0.773968520000001
1.2770000000000008,0.7754222200000009
1.278000000000001,0.7767244600000008
1.2790000000000008,0.7777146100000006
1.2800000000000007,0.7786970100000006
1.2810000000000008,0.7795015000000007
1.282000000000001,0.7802434507899215
1.2830000000000008,0.7807513500000003
1.2840000000000007,0.7811873600000001
1.2850000000000008,0.7814124800000001
1.286000000000001,0.7815684099999999
1.2870000000000008,0.7814280789501048
1.2880000000000007,0.7812175799999996
1.2890000000000008,0.7807619599999996
1.290000000000001,0.7802467899999993
1.2910000000000008,0.7794651399999992
1.2920000000000007,0.7786110254114583
1.2930000000000008,0.7776353399999993
1.294000000000001,0.7766152599999991
1.2950000000000008,0.7756208199999992
1.2960000000000007,0.7747020099999995
1.2970000000000008,0.7738042197790214
1.298000000000001,0.7729332999999996
1.2990000000000008,0.7723729599999998
1.3000000000000007,0.7720603299999999
1.3010000000000008,0.7719512600000001
1.302000000000001,0.7720279700000003
1.3030000000000008,0.7722959500000003
1.3040000000000007,0.7728329300000004
1.3050000000000008,0.7734683890210984
1.306000000000001,0.7741586000000005
1.3070000000000008,0.7748162700000004
1.3080000000000007,0.7753732800000004
1.3090000000000008,0.7758777100000003
1.310000000000001,0.776205446533347
1.3110000000000008,0.7764707800000001
1.3120000000000007,0.7765828400000001
1.3130000000000008,0.77665997
1.314000000000001,0.7766097199999998
1.3150000000000008,0.7765214488271173
1.3160000000000007,0.7763813699999998
1.3170000000000008,0.7762417199999999
1.318000000000001,0.7760956299999999
1.3190000000000008,0.7759549599999999
1.3200000000000007,0.7758589496010398
1.3210000000000008,0.77577579
1.322000000000001,0.77576226
1.3230000000000008,0.7757802
1.3240000000000007,0.7758706800000001
1.3250000000000008,0.7759949600000001
1.326000000000001,0.7760902000000001
1.3270000000000008,0.7761657800000002
1.3280000000000007,0.7763871844825518
1.3290000000000008,0.7766320100000002
1.330000000000001,0.7767960400000001
1.3310000000000008,0.7769267000000001
1.3320000000000007,0.77701181
1.3330000000000009,0.7770547246955304
1.334000000000001,0.7770016799999999
1.3350000000000009,0.7768480199999998
1.3360000000000007,0.7765963699999997
1.3370000000000009,0.7761782399999995
1.338000000000001,0.775592798544145
1.3390000000000009,0.7746775199999991
1.3400000000000007,0.7736195299999992
1.3410000000000009,0.7722222799999986
1.342000000000001,0.7705982899999974
1.3430000000000009,0.7681894908799101
1.3440000000000007,0.7655513899999978
1.3450000000000009,0.7621992799999966
1.346000000000001,0.7583097799999938
1.3470000000000009,0.7527340699999947
1.3480000000000008,0.7466922399999953
1.3490000000000009,0.739620859999993
1.350000000000001,0.7317917299999908
1.3510000000000009,0.7214437699999903
1.3520000000000008,0.7104893899999899
1.3530000000000009,0.6990764099999921
1.354000000000001,0.6872372599999877
1.3550000000000009,0.6735343899999876
1.3560000000000008,0.6595508238726034
1.3570000000000009,0.646789549999989
1.358000000000001,0.6344343999999889
1.3590000000000009,0.6219846599999892
1.3600000000000008,0.6098018899999935
1.3610000000000009,0.6001066769093009
1.362000000000001,0.5913757699999915
1.3630000000000009,0.5837575199999953
1.3640000000000008,0.5766423899999965
1.3650000000000009,0.571443259999996
1.366000000000001,0.5669593483911562
1.3670000000000009,0.5629476299999966
1.3680000000000008,0.5590949099999978
1.3690000000000009,0.5558233899999974
1.370000000000001,0.5528333199999972
1.3710000000000009,0.5496934239895984
1.3720000000000008,0.5464098499999973
1.3730000000000009,0.5433590999999981
1.374000000000001,0.5405363999999975
1.3750000000000009,0.5376680499999974
1.3760000000000008,0.5348079799999977
1.377000000000001,0.5323150799999979
1.378000000000001,0.5303893099999984
1.379000000000001,0.5286452629227065
1.3800000000000008,0.527274489999999
1.381000000000001,0.5261429499999993
1.382000000000001,0.5254034399999993
1.383000000000001,0.5247014799999995
1.3840000000000008,0.5240524984581537
1.385000000000001,0.5234370799999994
1.386000000000001,0.5228421099999994
1.387000000000001,0.5222007599999992
1.3880000000000008,0.5214145199999994
1.389000000000001,0.5206005213998594
1.390000000000001,0.5198542499999992
1.391000000000001,0.5191612799999995
1.3920000000000008,0.5186663899999997
1.393000000000001,0.5183535800000002
1.394000000000001,0.5186105743005701
1.395000000000001,0.5191428100000012
1.3960000000000008,0.5204720500000014
1.397000000000001,0.5220916300000024
1.398000000000001,0.524175820000002
1.399000000000001,0.5264532000000025
1.4000000000000008,0.5293420000000026
1.4010000000000007,0.5323393300000019
1.402000000000001,0.5351058200000028
1.403000000000001,0.5377389800000022
1.4040000000000008,0.5402159100000016
1.4050000000000007,0.542512240000001
1.406000000000001,0.5440694700000015
1.407000000000001,0.5453405647965212
1.4080000000000008,0.5461885300000004
1.4090000000000007,0.5468781600000003
1.410000000000001,0.5473396200000006
1.411000000000001,0.5478171700000006
1.4120000000000008,0.5485738297920215
1.4130000000000007,0.549571750000001
1.414000000000001,0.5509952300000015
1.415000000000001,0.5527171500000022
1.4160000000000008,0.5552789600000028
1.4170000000000007,0.5584238555104508
1.418000000000001,0.5618841600000032
1.419000000000001,0.5654756400000035
1.4200000000000008,0.5694637300000037
1.4210000000000007,0.5737361900000026
1.422000000000001,0.5776612974892552
1.423000000000001,0.581091880000003
1.4240000000000008,0.584414720000002
1.4250000000000007,0.5874483000000017
1.426000000000001,0.5899282100000017
1.427000000000001,0.5915681100000013
1.4280000000000008,0.5928105700000004
1.4290000000000007,0.5933796800000001
1.430000000000001,0.5935877212008795
1.431000000000001,0.5931997299999995
1.4320000000000008,0.5925823999999991
1.4330000000000007,0.5915133999999992
1.434000000000001,0.590375719999999
1.435000000000001,0.5892441979002089
1.4360000000000008,0.5881231999999991
1.4370000000000007,0.5871627899999993
1.438000000000001,0.5863400699999997
1.439000000000001,0.5859633699999999
1.4400000000000008,0.5858003663003698
1.4410000000000007,0.5862633000000007
1.442000000000001,0.5869519100000014
1.443000000000001,0.5881615900000013
1.4440000000000008,0.589635850000002
1.4450000000000007,0.5918474988351183
1.446000000000001,0.594256880000003
1.447000000000001,0.5969767000000032
1.4480000000000008,0.5998610300000022
1.4490000000000007,0.6032469900000024
1.450000000000001,0.6066740800000036
1.451000000000001,0.6099061400000035
1.4520000000000008,0.6131331900000031
1.4530000000000007,0.6165810574722552
1.454000000000001,0.6199557800000031
1.455000000000001,0.6227542200000024
1.4560000000000008,0.6253845100000021
1.4570000000000007,0.627810360000002
1.458000000000001,0.630026662076794
1.459000000000001,0.631447430000001
1.4600000000000009,0.6326109800000006
1.4610000000000007,0.6332119100000003
1.462000000000001,0.6335888499999999
1.463000000000001,0.6334925996250375
1.4640000000000009,0.6332645399999997
1.4650000000000007,0.6328455799999997
1.466000000000001,0.6324093299999995
1.467000000000001,0.6320084899999996
1.4680000000000009,0.6316552553234673
1.4690000000000007,0.63159454
1.470000000000001,0.6316768500000004
1.471000000000001,0.6320443700000006
1.4720000000000009,0.6325029100000006
1.4730000000000008,0.6331664300000004
1.474000000000001,0.6338880700000008
1.475000000000001,0.6345661900000006
1.4760000000000009,0.6351825600000004
1.4770000000000008,0.6357093500000004
1.478000000000001,0.6361599600000001
1.479000000000001,0.6363101
1.4800000000000009,0.6362973999999997
1.4810000000000008,0.635916951705829
1.482000000000001,0.635334009999999
1.483000000000001,0.634457889999999
1.4840000000000009,0.6333858999999988
1.4850000000000008,0.6319706999999989
1.486000000000001,0.6303319961033876
1.487000000000001,0.6285930299999981
1.4880000000000009,0.6268626999999987
1.4890000000000008,0.6249230499999987
1.490000000000001,0.622867999999998
1.491000000000001,0.6210365931406839
1.4920000000000009,0.6194139699999985
1.4930000000000008,0.617850899999999
1.494000000000001,0.6164233699999989
1.495000000000001,0.6153941199999995
1.4960000000000009,0.614782871124887
1.4970000000000008,0.6146420200000003
1.498000000000001,0.6150240300000008
1.499000000000001,0.6158700000000012
1.5000000000000009,0.6172184300000018
1.5010000000000008,0.6191849700000023
1.5020000000000011,0.6218466800000038
1.503000000000001,0.6246981600000027
1.504000000000001,0.6276806350754957
1.5050000000000008,0.6310313900000033
1.5060000000000011,0.6347852900000039
1.507000000000001,0.6383547200000037
1.508000000000001,0.641630770000003
1.5090000000000008,0.6449507224827541
1.5100000000000011,0.6482755500000034
1.511000000000001,0.6513201000000028
1.512000000000001,0.653966070000003
1.5130000000000008,0.6566389800000018
1.5140000000000011,0.659325991298873
1.515000000000001,0.6617615200000022
1.516000000000001,0.6637956500000018
1.5170000000000008,0.6658729900000019
1.5180000000000011,0.6680321100000022
1.519000000000001,0.670021811029899
1.520000000000001,0.6717499500000016
1.5210000000000008,0.6735014900000016
1.5220000000000011,0.6752966000000021
1.523000000000001,0.6769911100000013
1.524000000000001,0.6784316900000013
1.5250000000000008,0.6798331700000012
1.5260000000000011,0.6812247000000013
1.527000000000001,0.6825584200000013
1.528000000000001,0.6838007600000011
1.5290000000000008,0.6850516200000007
1.5300000000000011,0.6862548600000012
1.531000000000001,0.6873940800000011
1.532000000000001,0.6884018601199889
1.5330000000000008,0.6894030600000006
1.5340000000000011,0.6904428000000012
1.535000000000001,0.6914074400000009
1.536000000000001,0.6921801600000007
1.5370000000000008,0.6929878220137992
1.5380000000000011,0.6938079600000009
1.539000000000001,0.6945725700000006
1.540000000000001,0.6952841900000006
1.5410000000000008,0.6959976000000005
1.5420000000000011,0.6966695728027205
1.543000000000001,0.6972888700000004
1.544000000000001,0.6977598100000004
1.5450000000000008,0.6982051100000003
1.5460000000000012,0.6985888500000004
1.547000000000001,0.6988965592290775
1.548000000000001,0.69897628
1.5490000000000008,0.6990185999999999
1.5500000000000012,0.6989846799999999
1.551000000000001,0.6989159599999999
1.552000000000001,0.6987677199999998
1.5530000000000008,0.6985937399999997
1.5540000000000012,0.6982825399999997
1.555000000000001,0.6979363249315066
1.556000000000001,0.6975856399999997
1.5570000000000008,0.6972244999999997
1.5580000000000012,0.6967921899999996
1.559000000000001,0.6963666099999997
1.560000000000001,0.6960249740445953
1.5610000000000008,0.6956654199999996
1.5620000000000012,0.6952636199999995
1.563000000000001,0.6949253099999998
1.564000000000001,0.6947319499999999
1.5650000000000008,0.6945619170032996
1.5660000000000012,0.69449925
1.567000000000001,0.69448823
1.568000000000001,0.69453603
1.5690000000000008,0.6945958100000001
1.5700000000000012,0.6947625133296672
1.571000000000001,0.6949484900000003
1.572000000000001,0.6951239100000002
1.5730000000000008,0.6953706700000003
1.5740000000000012,0.6958123400000006
1.575000000000001,0.6962917400000007
1.576000000000001,0.6968427300000006
1.5770000000000008,0.6974102300000005
1.5780000000000012,0.6979507656884317
1.579000000000001,0.6984076500000004
1.580000000000001,0.6986606700000001
1.5810000000000008,0.6988080099999999
1.5820000000000012,0.6987334499999996
1.583000000000001,0.6984874623497643
1.584000000000001,0.6979109599999993
1.5850000000000009,0.697133779999999
1.5860000000000012,0.6959759599999983
1.587000000000001,0.6947605599999985
1.588000000000001,0.6934961164443542
1.5890000000000009,0.6922333799999989
1.5900000000000012,0.6909844899999987
1.591000000000001,0.689853729999999
1.592000000000001,0.6889898799999994
1.5930000000000009,0.6883625427337261
1.5940000000000012,0.68809849
1.595000000000001,0.6880509900000004
1.596000000000001,0.6883187300000004
1.5970000000000009,0.6887472300000006
1.5980000000000012,0.6893517400000007
1.599000000000001,0.6899489200000006
1.600000000000001,0.6905162300000004
1.6010000000000009,0.6910070200000004
1.6020000000000012,0.691338
1.603000000000001,0.6913643499999996
1.604000000000001,0.6910315799999993
1.6050000000000009,0.6902227999999988
1.6060000000000012,0.6888269673882589
1.607000000000001,0.6869008499999972
1.608000000000001,0.684444009999997
1.6090000000000009,0.6810826699999962
1.6100000000000012,0.6768454299999949
1.611000000000001,0.672289788263168
1.612000000000001,0.6674724199999937
1.6130000000000009,0.6618798999999959
1.6140000000000012,0.6556895399999936
1.615000000000001,0.649916349999994
1.616000000000001,0.6445247591590784
1.6170000000000009,0.6391976499999953
1.6180000000000012,0.6339524399999953
1.619000000000001,0.6297802899999961
1.620000000000001,0.6263132099999973
1.6210000000000009,0.623336557665231
1.6220000000000012,0.6206565499999974
1.623000000000001,0.6187176099999987
1.624000000000001,0.6171649699999987
1.6250000000000009,0.6157219999999988
1.6260000000000012,0.6143258199999986
1.6270000000000011,0.6132358899999987
1.628000000000001,0.6122726799999993
1.629000000000001,0.6115454378092184
1.6300000000000012,0.6109235299999998
1.6310000000000011,0.6107962100000001
1.632000000000001,0.6108489600000008
1.633000000000001,0.611588300000001
1.6340000000000012,0.6125480736216394
1.6350000000000011,0.6139842900000018
1.636000000000001,0.6155364500000022
1.637000000000001,0.6175304700000024
1.6380000000000012,0.6196165700000021
1.6390000000000011,0.621544467210281
1.640000000000001,0.623432400000002
1.641000000000001,0.6252675700000017
1.6420000000000012,0.6270902200000018
1.6430000000000011,0.6284508100000015
1.644000000000001,0.6297557195090505
1.645000000000001,0.6310707900000012
1.6460000000000012,0.6323850200000014
1.6470000000000011,0.6334529500000015
1.648000000000001,0.634504260000001
1.649000000000001,0.635596160000001
1.6500000000000012,0.636677320000001
1.6510000000000011,0.6374061100000008
1.652000000000001,0.6380958600000004
1.653000000000001,0.6385308500000003
1.6540000000000012,0.6389185199999998
1.6550000000000011,0.6387624699999997
1.656000000000001,0.6385441399999993
1.657000000000001,0.6378498563063687
1.6580000000000013,0.6371129199999989
1.6590000000000011,0.6361432699999988
1.660000000000001,0.6350813499999983
1.661000000000001,0.6335787799999987
1.6620000000000013,0.6320718781071876
1.6630000000000011,0.6305529499999982
1.664000000000001,0.6289209099999983
1.665000000000001,0.6269482399999983
1.6660000000000013,0.6249542799999973
1.6670000000000011,0.6229268527427236
1.668000000000001,0.6207384499999978
1.669000000000001,0.6182016099999977
1.6700000000000013,0.6156614999999965
1.6710000000000012,0.6131122699999969
1.672000000000001,0.6102650647205249
1.673000000000001,0.606927159999997
1.6740000000000013,0.6035449499999962
1.6750000000000012,0.6000976599999953
1.676000000000001,0.5959182399999945
1.677000000000001,0.5908801599999939
1.6780000000000013,0.5853376999999932
1.6790000000000012,0.5792788299999914
1.680000000000001,0.5715023554044507
1.681000000000001,0.5622563999999911
1.6820000000000013,0.5522497899999859
1.6830000000000012,0.5417060899999859
1.684000000000001,0.5289691099999875
1.685000000000001,0.5148955028237047
1.6860000000000013,0.501223739999982
1.6870000000000012,0.48774432999998096
1.688000000000001,0.47345023999998703
1.689000000000001,0.45880293999998945
1.6900000000000013,0.44691344894908996
1.6910000000000012,0.4359045299999874
1.692000000000001,0.42645966999998997
1.693000000000001,0.41738768999999504
1.6940000000000013,0.41185068999999347
1.6950000000000012,0.4069524798210116
1.696000000000001,0.4038538899999968
1.697000000000001,0.4009647099999989
1.6980000000000013,0.399952289999999
1.6990000000000012,0.3990597699999996
1.700000000000001,0.3987046499999996
1.701000000000001,0.39836447999999963
1.7020000000000013,0.3980058699999995
1.7030000000000012,0.3976317931726821
1.704000000000001,0.3970635199999994
1.705000000000001,0.39650204999999955
1.7060000000000013,0.3960250899999994
1.7070000000000012,0.3955644099999995
1.708000000000001,0.3951963811148882
1.709000000000001,0.39490753
1.7100000000000013,0.39489731000000017
1.7110000000000012,0.3950372600000007
1.712000000000001,0.3955723600000007
1.713000000000001,0.39619713752224844
1.7140000000000013,0.39700246000000133
1.7150000000000012,0.3979905800000014
1.716000000000001,0.3992807600000014
1.717000000000001,0.4005535200000014
1.7180000000000013,0.4017957957724243
1.7190000000000012,0.40311259000000155
1.720000000000001,0.40450904000000143
1.721000000000001,0.4058128000000013
1.7220000000000013,0.4070369900000016
1.7230000000000012,0.40824252000000133
1.724000000000001,0.40943903000000115
1.725000000000001,0.41051108000000086
1.7260000000000013,0.41151860000000134
1.7270000000000012,0.4125626400000014
1.728000000000001,0.41362685000000066
1.729000000000001,0.4143928000000006
1.7300000000000013,0.4150692800000005
1.7310000000000012,0.41543387991000935
1.732000000000001,0.41573298
1.733000000000001,0.41573273999999993
1.7340000000000013,0.4156910799999997
1.7350000000000012,0.41548236999999977
1.736000000000001,0.41526211080291986
1.737000000000001,0.41537014000000017
1.7380000000000013,0.41553000000000107
1.7390000000000012,0.4164763100000012
1.740000000000001,0.41752696000000195
1.741000000000001,0.4192879838976121
1.7420000000000013,0.4212612500000038
1.7430000000000012,0.4241480800000032
1.744000000000001,0.42706203000000326
1.745000000000001,0.4300132700000027
1.7460000000000013,0.4330896323637676
1.7470000000000012,0.43642703000000405
1.748000000000001,0.4394772100000023
1.749000000000001,0.4420201800000022
1.7500000000000013,0.44450033000000316
1.7510000000000012,0.4468953600000029
1.7520000000000011,0.44904608000000257
1.753000000000001,0.4509474900000016
1.7540000000000013,0.45275830471053136
1.7550000000000012,0.45450541000000183
1.7560000000000011,0.45589563000000133
1.757000000000001,0.45708159000000087
1.7580000000000013,0.4578718200000008
1.7590000000000012,0.45849750447155263
1.7600000000000011,0.4583422199999996
1.761000000000001,0.4579496099999983
1.7620000000000013,0.45640918999999724
1.7630000000000012,0.45463719999999735
1.7640000000000011,0.45221314240575683
1.765000000000001,0.44970222999999643
1.7660000000000013,0.44648912999999574
1.7670000000000012,0.4432794199999968
1.7680000000000011,0.4409194899999976
1.769000000000001,0.43871857009198845
1.7700000000000014,0.4377431599999993
1.7710000000000012,0.43718910000000155
1.7720000000000011,0.4384147500000026
1.773000000000001,0.4403381300000034
1.7740000000000014,0.44418058000000565
1.7750000000000012,0.4484370600000067
1.7760000000000011,0.45347229000000616
1.777000000000001,0.45904031000000706
1.7780000000000014,0.46537510000000787
1.7790000000000012,0.471260370000006
1.7800000000000011,0.47667134000000566
1.781000000000001,0.48178545000000544
1.7820000000000014,0.4866859639126138
1.7830000000000013,0.4903250900000033
1.7840000000000011,0.4932693200000023
1.785000000000001,0.49530134000000187
1.7860000000000014,0.49698469000000084
1.7870000000000013,0.497600914224578
1.7880000000000011,0.49794315999999966
1.789000000000001,0.4976207899999996
1.7900000000000014,0.497201859999999
1.7910000000000013,0.496460469999999
1.7920000000000011,0.4956948065663425
1.793000000000001,0.49476876999999925
1.7940000000000014,0.49388449999999934
1.7950000000000013,0.4933749099999992
1.7960000000000012,0.49281182999999956
1.797000000000001,0.4924070904739522
1.7980000000000014,0.49242574000000033
1.7990000000000013,0.49269614000000045
1.8000000000000012,0.4931057400000008
1.801000000000001,0.49382821000000093
1.8020000000000014,0.4946619900000012
1.8030000000000013,0.49543232000000076
1.8040000000000012,0.49614769000000064
1.805000000000001,0.49675728416858356
1.8060000000000014,0.4971989700000002
1.8070000000000013,0.49731626999999945
1.8080000000000012,0.4969138199999992
1.809000000000001,0.49618115999999857
1.8100000000000014,0.4945333435716401
1.8110000000000013,0.49256905999999634
1.8120000000000012,0.4898033999999958
1.813000000000001,0.48658534999999636
1.8140000000000014,0.48243027999999316
1.8150000000000013,0.4773094420837851
1.8160000000000012,0.4724083799999935
1.817000000000001,0.46754720999999494
1.8180000000000014,0.4629979999999945
1.8190000000000013,0.45891120999999524
1.8200000000000012,0.4553372273982556
1.821000000000001,0.4539559499999994
1.8220000000000014,0.4534279700000026
1.8230000000000013,0.45509934000000357
1.8240000000000012,0.45828599000000464
1.825000000000001,0.4624741700000068
1.8260000000000014,0.4685712500000105
1.8270000000000013,0.47531977000001185
1.8280000000000012,0.4842562768373265
1.829000000000001,0.4930246500000092
1.8300000000000014,0.5013214300000108
1.8310000000000013,0.5095202300000111
1.8320000000000012,0.5178695900000111
1.833000000000001,0.526217693652643
1.8340000000000014,0.533354220000008
1.8350000000000013,0.5393126600000075
1.8360000000000012,0.5449646100000065
1.837000000000001,0.5498951700000049
1.8380000000000014,0.5543330662103856
1.8390000000000013,0.5572133700000035
1.8400000000000012,0.5597698700000017
1.841000000000001,0.5612530100000013
1.8420000000000014,0.5623595099999998
1.8430000000000013,0.5623075451964803
1.8440000000000012,0.5614247899999982
1.845000000000001,0.559845749999997
1.8460000000000014,0.5571874999999957
1.8470000000000013,0.5544916399999957
1.8480000000000012,0.5513188199999963
1.849000000000001,0.5479704099999952
1.8500000000000014,0.5436760799999943
1.8510000000000013,0.5393868699999945
1.8520000000000012,0.5353086599999947
1.853000000000001,0.5313144299999965
1.8540000000000014,0.5272971399999946
1.8550000000000013,0.5232165499999953
1.8560000000000012,0.5196965020027966
1.857000000000001,0.5170165299999974
1.8580000000000014,0.5146408699999981
1.8590000000000013,0.5132515999999985
1.8600000000000012,0.5121604800000006
1.861000000000001,0.5126338297440266
1.8620000000000014,0.5135312700000035
1.8630000000000013,0.5158499500000033
1.8640000000000012,0.5188463900000037
1.865000000000001,0.5220989000000041
1.8660000000000014,0.52575635425458
1.8670000000000013,0.5294468400000054
1.8680000000000012,0.533518670000004
1.869000000000001,0.5371429900000027
1.8700000000000014,0.5395092400000028
1.8710000000000013,0.5415991810059021
1.8720000000000012,0.5421944300000002
1.873000000000001,0.542375269999999
1.8740000000000014,0.5412883799999975
1.8750000000000013,0.5393842499999965
1.8760000000000012,0.5367432799999952
1.8770000000000011,0.5330867799999953
1.8780000000000014,0.5295649799999951
1.8790000000000013,0.525925569589036
1.8800000000000012,0.5223214599999949
1.8810000000000011,0.518501459999996
1.8820000000000014,0.5148954399999959
1.8830000000000013,0.5122555499999969
1.8840000000000012,0.5099011614728506
1.8850000000000011,0.5081158899999985
1.8860000000000015,0.5067343099999986
1.8870000000000013,0.5057892199999996
1.8880000000000012,0.5054822599999996
1.8890000000000011,0.5052190063253672
1.8900000000000015,0.5052833000000001
1.8910000000000013,0.5053228100000002
1.8920000000000012,0.5054834500000001
1.8930000000000011,0.5056030799999999
1.8940000000000015,0.5055069396140385
1.8950000000000014,0.5053363999999995
1.8960000000000012,0.5049458099999993
1.8970000000000011,0.504387439999999
1.8980000000000015,0.5036402899999987
1.8990000000000014,0.5026299399999987
1.9000000000000012,0.5016192799999986
1.9010000000000011,0.5005407299999988
1.9020000000000015,0.4994098199999978
1.9030000000000014,0.49799152999999813
1.9040000000000012,0.49659269999999844
1.9050000000000011,0.49522220999999844
1.9060000000000015,0.49383785999999763
1.9070000000000014,0.4922950771282849
1.9080000000000013,0.4906663599999984
1.9090000000000011,0.4892193699999986
1.9100000000000015,0.4879719599999982
1.9110000000000014,0.48681610999999875
1.9120000000000013,0.48586634538746026
1.9130000000000011,0.48502021999999967
1.9140000000000015,0.4847320599999997
1.9150000000000014,0.48448190000000024
1.9160000000000013,0.48464558000000035
1.9170000000000011,0.4848913354244578
1.9180000000000015,0.4852254100000005
1.9190000000000014,0.48559910000000034
1.9200000000000013,0.4858360300000001
1.9210000000000012,0.48593995
1.9220000000000015,0.485939650029997
1.9230000000000014,0.48569616999999965
1.9240000000000013,0.4854330399999994
1.9250000000000012,0.48493509999999945
1.9260000000000015,0.4844774299999993
1.9270000000000014,0.48403536999999947
1.9280000000000013,0.4836960400000002
1.9290000000000012,0.48387650000000054
1.9300000000000015,0.484345916633338
1.9310000000000014,0.48531225000000194
1.9320000000000013,0.4867680700000025
1.9330000000000012,0.488637690000003
1.9340000000000015,0.49131900000000356
1.9350000000000014,0.49402983257474686
1.9360000000000013,0.4971555800000042
1.9370000000000012,0.500330150000005
1.9380000000000015,0.5041020500000049
1.9390000000000014,0.5077930700000043
1.9400000000000013,0.5110670626007441
1.9410000000000012,0.5141667100000038
1.9420000000000015,0.5170330400000042
1.9430000000000014,0.5196709000000026
1.9440000000000013,0.5216680800000015
1.9450000000000012,0.5228114156664349
1.9460000000000015,0.5235756599999994
1.9470000000000014,0.5232119599999993
1.9480000000000013,0.5227259999999982
1.9490000000000012,0.5211258499999981
1.9500000000000015,0.5194057199999955
1.9510000000000014,0.5165480999999952
1.9520000000000013,0.5134874599999957
1.9530000000000012,0.5102423032976663
1.9540000000000015,0.5068752799999944
1.9550000000000014,0.5032460699999948
1.9560000000000013,0.4993647899999951
1.9570000000000012,0.4956945199999956
1.9580000000000015,0.49235909502849173
1.9590000000000014,0.4890093799999955
1.9600000000000013,0.4856484799999957
1.9610000000000012,0.48242473999999663
1.9620000000000015,0.4798714799999961
1.9630000000000014,0.4773369034576504
1.9640000000000013,0.47489127999999686
1.9650000000000012,0.47253426999999776
1.9660000000000015,0.4705422199999973
1.9670000000000014,0.4687757499999973
1.9680000000000013,0.4670439331816796
1.9690000000000012,0.4653813499999983
1.9700000000000015,0.463821919999998
1.9710000000000014,0.46252434999999786
1.9720000000000013,0.46117218999999804
1.9730000000000012,0.45971098999999843
1.9740000000000015,0.4582920099999981
1.9750000000000014,0.4570380199999984
1.9760000000000013,0.45581396999999846
1.9770000000000012,0.45466097999999855
1.9780000000000015,0.4535643499999988
1.9790000000000014,0.452665749999999
1.9800000000000013,0.4519277499999992
1.9810000000000012,0.4513220099440051
1.9820000000000015,0.4509214499999996
1.9830000000000014,0.45066327000000017
1.9840000000000013,0.45077139000000016
1.9850000000000012,0.45089197000000036
1.9860000000000015,0.4512659951664839
1.9870000000000014,0.4516176600000006
1.9880000000000013,0.45199615000000043
1.9890000000000012,0.45239818000000054
1.9900000000000015,0.4528763300000007
1.9910000000000014,0.4533530923237683
1.9920000000000013,0.45370680000000035
1.9930000000000012,0.45396066000000024
1.9940000000000015,0.45415363000000014
1.9950000000000014,0.4542693200000003
1.9960000000000013,0.4545252044115592
1.9970000000000012,0.4550187600000008
1.9980000000000016,0.45560580000000145
1.9990000000000014,0.4566948100000015
2.0000000000000013,0.45780846000000186
2.0010000000000012,0.4592185567506516
2.0020000000000016,0.4606860632493523
2.0030000000000014,0.46237132000000225
2.0040000000000013,0.4640612682463522
2.0050000000000012,0.4653437317536506
2.0060000000000016,0.4662610900000009
2.0070000000000014,0.4667636799999999
2.0080000000000013,0.4667135548520293
2.0090000000000012,0.46646207514797017
2.0100000000000016,0.4656497199999986
2.0110000000000015,0.46486508098980045
2.0120000000000013,0.4638749790101965
2.0130000000000012,0.4630298599999995
2.0140000000000016,0.462656039494101
2.0150000000000015,0.46255098050589866
2.0160000000000013,0.463573040000002
2.0170000000000012,0.4650746300000031
2.0180000000000016,0.4674241280024043
2.0190000000000015,0.47040415199760494
2.0200000000000014,0.4742678700000065
2.0210000000000012,0.4791580379354187
2.0220000000000016,0.48413739206459455
2.0230000000000015,0.4893744600000072
2.0240000000000014,0.49480090485103684
2.0250000000000012,0.5008494151489766
2.0260000000000016,0.5065761800000084
2.0270000000000015,0.5112425700000081
2.0280000000000014,0.5158351207449323
2.0290000000000012,0.5200634000000053
2.0300000000000016,0.5240603700000053
2.0310000000000015,0.5270209349440151
2.0320000000000014,0.5294703750559925
2.0330000000000013,0.5315013500000021
2.0340000000000016,0.5331063893641291
2.0350000000000015,0.5343000306358746
2.0360000000000014,0.5349047800000005
2.0370000000000013,0.5352977240121972
2.0380000000000016,0.535037845987802
2.0390000000000015,0.5346157599999984
2.0400000000000014,0.5334831499999982
2.0410000000000013,0.532168985800837
2.0420000000000016,0.5298269941991566
2.0430000000000015,0.5273978099999962
2.0440000000000014,0.5245402920195925
2.0450000000000013,0.5214604879804007
2.0460000000000016,0.5175434399999922
2.0470000000000015,0.5131559670175894
2.0480000000000014,0.5087261429823969
2.0490000000000013,0.5042323499999937
2.0500000000000016,0.4994452599999908
2.0510000000000015,0.4942545090750847
2.0520000000000014,0.48941102999999453
2.0530000000000013,0.48530309999999455
2.0540000000000016,0.4812320318726196
2.0550000000000015,0.477550758127369
2.0560000000000014,0.4740500199999968
2.0570000000000013,0.47163981950409645
2.0580000000000016,0.46933486049589734
2.0590000000000015,0.46736371999999754
2.0600000000000014,0.4655204346090764
2.0610000000000013,0.4639665253909195
2.0620000000000016,0.46250569999999697
2.0630000000000015,0.46081503999999746
2.0640000000000014,0.4588936558548269
2.0650000000000013,0.45705220414516823
2.0660000000000016,0.455315739999997
2.0670000000000015,0.4536381121085759
2.0680000000000014,0.4521591978914195
2.0690000000000013,0.4508832999999992
2.0700000000000016,0.4503141153769239
2.0710000000000015,0.44986788462307475
2.0720000000000014,0.45020109000000064
2.0730000000000013,0.45064545000000117
2.0740000000000016,0.45151514911209034
2.0750000000000015,0.4525062700000017
2.0760000000000014,0.45377815000000177
2.0770000000000013,0.4551139495310952
2.0780000000000016,0.456309260468908
2.0790000000000015,0.4573972200000014
2.0800000000000014,0.4584237011657683
2.0810000000000013,0.4593353588342345
2.0820000000000016,0.46018958000000126
2.0830000000000015,0.46090333388922333
2.0840000000000014,0.4616422261107789
2.0850000000000013,0.462444480000001
2.0860000000000016,0.4632143700000011
2.0870000000000015,0.46382451358228455
2.0880000000000014,0.46446033641771745
2.0890000000000013,0.46525005000000114
2.0900000000000016,0.4660807845530907
2.0910000000000015,0.4669263154469119
2.0920000000000014,0.46782058000000154
2.0930000000000013,0.46900598885723016
2.0940000000000016,0.4703945611427735
2.0950000000000015,0.4719212700000022
2.0960000000000014,0.4736048000000025
2.0970000000000013,0.4754684912028822
2.0980000000000016,0.47758052000000256
2.0990000000000015,0.4795048200000021
2.1000000000000014,0.4810719585732879
2.1010000000000013,0.48265769142671705
2.1020000000000016,0.4841757400000026
2.1030000000000015,0.48562189360728036
2.1040000000000014,0.4867579663927231
2.1050000000000013,0.48790067000000154
2.1060000000000016,0.48908481036592877
2.1070000000000015,0.490288469634075
2.1080000000000014,0.49149653000000154
2.1090000000000013,0.4926713400000015
2.1100000000000017,0.49381630661967785
2.1110000000000015,0.4948825033803255
2.1120000000000014,0.49554673000000027
2.1130000000000013,0.49576407884723017
2.1140000000000017,0.495452551152769
2.1150000000000015,0.49427702999999795
2.1160000000000014,0.4927254903329295
2.1170000000000013,0.49032881966706304
2.1180000000000017,0.4877662399999956
2.1190000000000015,0.4844276299999957
2.1200000000000014,0.4812332781443664
2.1210000000000013,0.4783147218556245
2.1220000000000017,0.4754667899999953
2.1230000000000016,0.47282751558387925
2.1240000000000014,0.4703833544161131
2.1250000000000013,0.4687389099999982
2.1260000000000017,0.4673790278754234
2.1270000000000016,0.46645778212457367
2.1280000000000014,0.46582045999999966
2.1290000000000013,0.46556506287242555
2.1300000000000017,0.46559378712757454
2.1310000000000016,0.46585202000000103
2.1320000000000014,0.4664304900000012
2.1330000000000013,0.4671217169516107
2.1340000000000017,0.46799123304839163
2.1350000000000016,0.46895379000000204
2.1360000000000015,0.4701156786432731
2.1370000000000013,0.4712021113567303
2.1380000000000017,0.4721188500000017
2.1390000000000016,0.4730729346860645
2.1400000000000015,0.47411979531393883
2.1410000000000013,0.4751396200000011
2.1420000000000017,0.47599331000000156
2.1430000000000016,0.47685902576284883
2.1440000000000015,0.4777166542371538
2.1450000000000014,0.4785836600000012
2.1460000000000017,0.479455615926816
2.1470000000000016,0.4803148840731867
2.1480000000000015,0.48115361000000106
2.1490000000000014,0.48192818980204016
2.1500000000000017,0.48242621019796117
2.1510000000000016,0.4825878399999999
2.1520000000000015,0.4825406399999993
2.1530000000000014,0.4821350105629431
2.1540000000000017,0.48167493999999883
2.1550000000000016,0.48101591999999865
2.1560000000000015,0.48027292857928233
2.1570000000000014,0.4791587214207142
2.1580000000000017,0.47811951999999847
2.1590000000000016,0.4772404191001786
2.1600000000000015,0.4764314208998188
2.1610000000000014,0.4757977399999993
2.1620000000000017,0.4752669163027392
2.1630000000000016,0.4751299436972603
2.1640000000000015,0.4750843000000002
2.1650000000000014,0.4752605600000003
2.1660000000000017,0.4754736889002203
2.1670000000000016,0.4756626910997803
2.1680000000000015,0.47581517999999995
2.1690000000000014,0.47575548013797203
2.1700000000000017,0.4754568598620271
2.1710000000000016,0.47491597999999846
2.1720000000000015,0.474049208925213
2.1730000000000014,0.4728384610747833
2.1740000000000017,0.47105094999999697
2.1750000000000016,0.469327629999997
2.1760000000000015,0.46763379938305916
2.1770000000000014,0.46592437999999775
2.1780000000000017,0.4642012399999972
2.1790000000000016,0.4626160129744034
2.1800000000000015,0.46154575702559325
2.1810000000000014,0.4605405299999993
2.1820000000000017,0.45997963129174085
2.1830000000000016,0.4594925487082576
2.1840000000000015,0.45943287
2.1850000000000014,0.45942778559588104
2.1860000000000017,0.4595837444041195
2.1870000000000016,0.4597597400000002
2.1880000000000015,0.4598997200000002
2.1890000000000014,0.4600105951369727
2.1900000000000017,0.4600619648630275
2.1910000000000016,0.46009851000000024
2.1920000000000015,0.46022513248650304
2.1930000000000014,0.46044999751349763
2.1940000000000017,0.4608629600000012
2.1950000000000016,0.4615417648190376
2.1960000000000015,0.4623899551809651
2.1970000000000014,0.46356243000000186
2.1980000000000017,0.4649231700000033
2.1990000000000016,0.46678606295870706
2.2000000000000015,0.46861565000000244
2.2010000000000014,0.4704297200000025
2.2020000000000017,0.4722989454159201
2.2030000000000016,0.47435310458408625
2.2040000000000015,0.4762581000000018
2.2050000000000014,0.47759986564487306
2.2060000000000017,0.47885631435513143
2.2070000000000016,0.4796333900000011
2.2080000000000015,0.4802683344691063
2.2090000000000014,0.4803130255308939
2.2100000000000017,0.4800847799999983
2.2110000000000016,0.47913372999999776
2.2120000000000015,0.4778826474635048
2.2130000000000014,0.47635728253649046
2.2140000000000017,0.47465756999999653
2.2150000000000016,0.4727120111277711
2.2160000000000015,0.47062328887222243
2.2170000000000014,0.4686204199999974
2.2180000000000017,0.4666759146490669
2.2190000000000016,0.46462240535092675
2.2200000000000015,0.46245827999999733
2.2210000000000014,0.4604683499999977
2.2220000000000018,0.45873856596040113
2.2230000000000016,0.4569981699999977
2.2240000000000015,0.45529531999999795
2.2250000000000014,0.4537559778384305
2.2260000000000018,0.45263436216156555
2.2270000000000016,0.45159160999999887
2.2280000000000015,0.45096242226654576
2.2290000000000014,0.4503850877334525
2.2300000000000018,0.45021610999999967
2.2310000000000016,0.4500390876134772
2.2320000000000015,0.45001522238652264
2.2330000000000014,0.44997996000000007
2.2340000000000018,0.45002392
2.2350000000000017,0.4500315628074382
2.2360000000000015,0.4498596371925612
2.2370000000000014,0.44962548999999946
2.2380000000000018,0.4492159281603671
2.2390000000000017,0.4486975318396313
2.2400000000000015,0.4479845499999988
2.2410000000000014,0.4471197995510878
2.2420000000000018,0.4459153104489079
2.2430000000000017,0.4444158999999973
2.2440000000000015,0.4423646299999966
2.2450000000000014,0.43982563944610625
2.2460000000000018,0.4370201005538838
2.2470000000000017,0.4337987299999927
2.2480000000000016,0.42966196977303683
2.2490000000000014,0.4243597002269467
2.2500000000000018,0.41890722999998964
2.2510000000000017,0.41305663194660036
2.2520000000000016,0.4066760980533798
2.2530000000000014,0.3992767899999907
2.254000000000002,0.39230412408517285
2.2550000000000017,0.38604497591480763
2.2560000000000016,0.379730079999989
2.2570000000000014,0.3735125999999897
2.258000000000002,0.36773000599979355
2.2590000000000017,0.36369000400019386
2.2600000000000016,0.35958250999999375
2.2610000000000015,0.3560637108158314
2.262000000000002,0.3526718691841566
2.2630000000000017,0.3502554899999955
2.2640000000000016,0.34773770568185935
2.2650000000000015,0.3450945243181324
2.266000000000002,0.3423987899999952
2.2670000000000017,0.33967035999999495
2.2680000000000016,0.3368147426814581
2.2690000000000015,0.3333415573185311
2.270000000000002,0.3297378999999938
2.2710000000000017,0.32625259379023636
2.2720000000000016,0.32279049620975286
2.2730000000000015,0.3192069499999953
2.274000000000002,0.3157066528974159
2.2750000000000017,0.31283562710257523
2.2760000000000016,0.3103605799999963
2.2770000000000015,0.308264259999997
2.278000000000002,0.3065681696090358
2.2790000000000017,0.3056325299999996
2.2800000000000016,0.30542830000000093
2.2810000000000015,0.30594487259048403
2.282000000000002,0.3072707774095207
2.2830000000000017,0.3088788100000036
2.2840000000000016,0.31092013318636635
2.2850000000000015,0.3131519968136406
2.286000000000002,0.315683040000004
2.2870000000000017,0.31791744110778136
2.2880000000000016,0.3197285188922243
2.2890000000000015,0.3213641000000016
2.290000000000002,0.3225696100000015
2.2910000000000017,0.323414733454309
2.2920000000000016,0.3233492765456908
2.2930000000000015,0.3231459299999989
2.294000000000002,0.3222990028844217
2.2950000000000017,0.3214278471155756
2.2960000000000016,0.32022234999999794
2.2970000000000015,0.31906748448510114
2.298000000000002,0.3179123355148948
2.2990000000000017,0.3168530799999989
2.3000000000000016,0.31621962999999886
2.3010000000000015,0.31558239372362673
2.302000000000002,0.3152125199999993
2.3030000000000017,0.31482025999999946
2.3040000000000016,0.3144935249420109
2.3050000000000015,0.31404294505798774
2.306000000000002,0.313122479999998
2.3070000000000017,0.31200718348030093
2.3080000000000016,0.3101419865196932
2.3090000000000015,0.308031379999996
2.310000000000002,0.3050166112807387
2.3110000000000017,0.30182941871924995
2.3120000000000016,0.2984104799999939
2.3130000000000015,0.2949968299999957
2.314000000000002,0.29177913551989126
2.3150000000000017,0.28883433448009826
2.3160000000000016,0.2870214299999978
2.3170000000000015,0.285770779673065
2.318000000000002,0.28556751032693417
2.3190000000000017,0.2859593900000023
2.3200000000000016,0.2872753585332964
2.3210000000000015,0.2891606914667095
2.322000000000002,0.2917444700000052
2.3230000000000017,0.29469168000000484
2.3240000000000016,0.2974027557594282
2.3250000000000015,0.2999603500000031
2.326000000000002,0.30229667000000365
2.3270000000000017,0.304350794850032
2.3280000000000016,0.30559929514997186
2.3290000000000015,0.3060879399999998
2.330000000000002,0.30592227459507926
2.3310000000000017,0.30506822540491735
2.3320000000000016,0.30386557999999714
2.3330000000000015,0.30224601190461636
2.334000000000002,0.30056505809537765
2.3350000000000017,0.29879137999999744
2.3360000000000016,0.2973606899999982
2.3370000000000015,0.29635875868526196
2.338000000000002,0.29574561131473587
2.3390000000000017,0.29571834000000063
2.3400000000000016,0.29604852894821193
2.3410000000000015,0.2970380110517911
2.342000000000002,0.29853585000000415
2.3430000000000017,0.3008948213627312
2.3440000000000016,0.30320844863727603
2.3450000000000015,0.3056121800000032
2.346000000000002,0.3079765100000041
2.3470000000000018,0.31028210605339807
2.3480000000000016,0.312342640000002
2.3490000000000015,0.3138592500000019
2.350000000000002,0.31531437670666107
2.3510000000000018,0.3164814432933436
2.3520000000000016,0.31753409000000127
2.3530000000000015,0.3182453897980415
2.354000000000002,0.318943370201961
2.3550000000000018,0.3194800300000009
2.3560000000000016,0.3199797630883829
2.3570000000000015,0.3203106469116182
2.358000000000002,0.3205964300000002
2.3590000000000018,0.3207064000000004
2.3600000000000017,0.3208835912747454
2.3610000000000015,0.3210963387252553
2.362000000000002,0.3213705700000008
2.3630000000000018,0.32181760585283037
2.3640000000000017,0.3223761341471714
2.3650000000000015,0.3233295700000014
2.366000000000002,0.3243814153669298
2.3670000000000018,0.3259350846330764
2.3680000000000017,0.3274921800000023
2.3690000000000015,0.32918856000000235
2.370000000000002,0.3309492441671708
2.3710000000000018,0.33299091583283735
2.3720000000000017,0.3348522500000021
2.3730000000000016,0.3360259789232173
2.374000000000002,0.3372152110767869
2.3750000000000018,0.33822927000000147
2.3760000000000017,0.3390463539842031
2.3770000000000016,0.33898619601579677
2.378000000000002,0.33883818999999843
2.379000000000002,0.3379772027894407
2.3800000000000017,0.3371050972105566
2.3810000000000016,0.3359250399999978
2.382000000000002,0.3346879499999964
2.383000000000002,0.33305803847330306
2.3840000000000017,0.3316427715266925
2.3850000000000016,0.33093103999999923
2.386000000000002,0.33049947926414924
2.387000000000002,0.33149212073585477
2.3880000000000017,0.3325194100000027
2.3890000000000016,0.334011150157971
2.390000000000002,0.3356127298420347
2.391000000000002,0.33795786000000394
2.3920000000000017,0.3401842100000033
2.3930000000000016,0.3420529434083213
2.394000000000002,0.34388702659168524
2.395000000000002,0.3453687700000023
2.3960000000000017,0.3466837305498908
2.3970000000000016,0.3471892294501107
2.398000000000002,0.34753542999999903
2.399000000000002,0.3470000011737643
2.4000000000000017,0.3464117388262339
2.4010000000000016,0.3454379099999977
2.4020000000000015,0.34411999999999515
2.403000000000002,0.34139484251574315
2.4040000000000017,0.33859124999999407
2.4050000000000016,0.33523374999999395
2.406000000000002,0.33182153347529697
2.407000000000002,0.32795628652468756
2.4080000000000017,0.3243408199999954
2.4090000000000016,0.321788049744047
2.4100000000000015,0.3191854902559449
2.411000000000002,0.316838859999996
2.4120000000000017,0.3145788700769818
2.4130000000000016,0.3128796399230128
2.414000000000002,0.3110293399999962
2.415000000000002,0.3088953499999963
2.4160000000000017,0.30681592872125296
2.4170000000000016,0.30510314127874166
2.4180000000000015,0.30328058999999713
2.419000000000002,0.3011301204269114
2.4200000000000017,0.2991343895730824
2.4210000000000016,0.29766118999999724
2.422000000000002,0.29610924931113447
2.423000000000002,0.2945023606888591
2.4240000000000017,0.29330516000000023
2.4250000000000016,0.2934316700000005
2.4260000000000015,0.29372781038596185
2.427000000000002,0.2949688700000023
2.4280000000000017,0.29628813000000315
2.4290000000000016,0.2980543354699093
2.430000000000002,0.30010903453009796
2.431000000000002,0.3030493000000052
2.4320000000000017,0.3059632112617528
2.4330000000000016,0.30917582873825716
2.4340000000000015,0.3124066600000042
2.435000000000002,0.3155752369696104
2.4360000000000017,0.3182449330303991
2.4370000000000016,0.3198034800000022
2.438000000000002,0.3210533000000005
2.439000000000002,0.3213305603749252
2.4400000000000017,0.3214343096250752
2.4410000000000016,0.3209609999999988
2.4420000000000015,0.3202861466586663
2.443000000000002,0.31905273334132933
2.4440000000000017,0.3178488299999976
2.4450000000000016,0.31648365546590446
2.446000000000002,0.31503831453409037
2.447000000000002,0.3135983599999975
2.4480000000000017,0.3121765299999977
2.4490000000000016,0.31084866502649566
2.4500000000000015,0.30979892999999886
2.451000000000002,0.308986009999999
2.4520000000000017,0.3084094028944208
2.4530000000000016,0.3082383471055786
2.454000000000002,0.30810877999999997
2.455000000000002,0.30809232766546746
2.4560000000000017,0.30836898233453364
2.4570000000000016,0.30902481000000076
2.4580000000000015,0.3094662216106785
2.459000000000002,0.30988232838932295
2.4600000000000017,0.3102620500000003
2.4610000000000016,0.31042381999999996
2.462000000000002,0.31039496657768373
2.463000000000002,0.31006074342231493
2.4640000000000017,0.3093859599999983
2.4650000000000016,0.3084132247970379
2.4660000000000015,0.3067611952029569
2.467000000000002,0.3047863799999972
2.4680000000000017,0.30318999786242523
2.4690000000000016,0.3017686221375704
2.470000000000002,0.3002574399999973
2.471000000000002,0.2987480799999985
2.4720000000000018,0.29786140707929126
2.4730000000000016,0.2973322000000003
2.4740000000000015,0.29759759000000086
2.475000000000002,0.29820274634173527
2.4760000000000018,0.2999661636582718
2.4770000000000016,0.30220148000000446
2.478000000000002,0.30470798235853447
2.479000000000002,0.3077315676414776
2.4800000000000018,0.31190926000000874
2.4810000000000016,0.3168155145700978
2.4820000000000015,0.324161215429925
2.483000000000002,0.33158377000001055
2.4840000000000018,0.3375365700000112
2.4850000000000017,0.3438456722085695
2.486000000000002,0.35076775779145514
2.487000000000002,0.35736635000000794
2.4880000000000018,0.36183550767147343
2.4890000000000017,0.36661222232854146
2.4900000000000015,0.3716652400000067
2.491000000000002,0.3767035675295017
2.4920000000000018,0.38037886247051306
2.4930000000000017,0.3843361400000048
2.494000000000002,0.38796923000000677
2.495000000000002,0.3917801097490576
2.4960000000000018,0.39537760025095675
2.4970000000000017,0.3997650700000098
2.4980000000000016,0.4053067394711137
2.499000000000002,0.4102014505289037
2.5000000000000018,0.41364479
2.5010000000000017,0.41364479
2.502000000000002,0.41364479
2.503000000000002,0.41364479
2.504000000000002,0.41364479
2.5050000000000017,0.41364479
2.5060000000000016,0.41364479
2.507000000000002,0.41364479
2.508000000000002,0.41364479
2.5090000000000017,0.41364479
2.510000000000002,0.41364479
2.511000000000002,0.41364479
2.512000000000002,0.41364479
2.5130000000000017,0.41364479
2.5140000000000016,0.41364479
2.515000000000002,0.41364479
2.516000000000002,0.41364479
2.5170000000000017,0.41364479
2.518000000000002,0.41364479
2.519000000000002,0.41364479
2.520000000000002,0.41364479
2.5210000000000017,0.41364479
2.5220000000000016,0.41364479
2.523000000000002,0.41364479
2.524000000000002,0.41364479
2.5250000000000017,0.41364479
2.526000000000002,0.41364479
2.527000000000002,0.41364479
2.528000000000002,0.41364479
2.5290000000000017,0.41364479
2.5300000000000016,0.41364479
2.531000000000002,0.41364479
2.532000000000002,0.41364479
2.5330000000000017,0.41364479
2.534000000000002,0.41364479
2.535000000000002,0.41364479
2.536000000000002,0.41364479
2.5370000000000017,0.41364479
2.5380000000000016,0.41364479
2.539000000000002,0.41364479
2.540000000000002,0.41364479
2.5410000000000017,0.41364479
2.542000000000002,0.41364479
2.543000000000002,0.41364479
2.544000000000002,0.41364479
2.5450000000000017,0.41364479
2.5460000000000016,0.41364479
2.547000000000002,0.41364479
2.548000000000002,0.41364479
2.5490000000000017,0.41364479
2.550000000000002,0.41364479
2.551000000000002,0.41364479
2.552000000000002,0.41364479
2.5530000000000017,0.41364479
2.5540000000000016,0.41364479
2.555000000000002,0.41364479
2.556000000000002,0.41364479
2.5570000000000017,0.41364479
2.558000000000002,0.41364479
2.559000000000002,0.41364479
2.560000000000002,0.41364479
2.5610000000000017,0.41364479
2.5620000000000016,0.41364479
2.563000000000002,0.41364479
2.564000000000002,0.41364479
2.5650000000000017,0.41364479
2.566000000000002,0.41364479
2.567000000000002,0.41364479
2.568000000000002,0.41364479
2.5690000000000017,0.41364479
2.5700000000000016,0.41364479
2.571000000000002,0.41364479
2.572000000000002,0.41364479
2.5730000000000017,0.41364479
2.574000000000002,0.41364479
2.575000000000002,0.41364479
2.576000000000002,0.41364479
2.5770000000000017,0.41364479
2.5780000000000016,0.41364479
2.579000000000002,0.41364479
2.580000000000002,0.41364479
2.5810000000000017,0.41364479
2.582000000000002,0.41364479
2.583000000000002,0.41364479
2.584000000000002,0.41364479
2.5850000000000017,0.41364479
2.5860000000000016,0.41364479
2.587000000000002,0.41364479
2.588000000000002,0.41364479
2.5890000000000017,0.41364479
2.590000000000002,0.41364479
2.591000000000002,0.41364479
2.592000000000002,0.41364479
2.5930000000000017,0.41364479
2.5940000000000016,0.41364479
2.595000000000002,0.41364479
2.596000000000002,0.41364479
2.5970000000000018,0.41364479
2.598000000000002,0.41364479
2.599000000000002,0.41364479
