wave,r
0.4,1.04095
0.401,1.04095
0.402,1.04095
0.403,1.04095
0.404,1.04095
0.405,1.04095
0.406,1.04095
0.40700000000000003,1.04095
0.40800000000000003,1.04095
0.40900000000000003,1.04095
0.41000000000000003,1.04095
0.41100000000000003,1.04095
0.41200000000000003,1.04095
0.41300000000000003,1.04095
0.41400000000000003,1.04095
0.41500000000000004,1.04095
0.41600000000000004,1.04095
0.41700000000000004,1.04095
0.41800000000000004,1.04095
0.41900000000000004,1.04095
0.42000000000000004,1.04095
0.42100000000000004,1.04095
0.42200000000000004,1.04095
0.42300000000000004,1.04095
0.42400000000000004,1.04095
0.42500000000000004,1.04095
0.42600000000000005,1.04095
0.42700000000000005,1.04095
0.42800000000000005,1.04095
0.42900000000000005,1.04095
0.43000000000000005,1.04095
0.43100000000000005,1.04095
0.43200000000000005,1.04095
0.43300000000000005,1.04095
0.43400000000000005,1.04095
0.43500000000000005,1.04095
0.43600000000000005,1.04095
0.43700000000000006,1.0408027692307693
0.43800000000000006,1.0406335384615384
0.43900000000000006,1.0404643076923077
0.44000000000000006,1.040295076923077
0.44100000000000006,1.040125846153846
0.44200000000000006,1.0399566153846154
0.44300000000000006,1.039961966205837
0.44400000000000006,1.0402645775729646
0.44500000000000006,1.040567188940092
0.44600000000000006,1.0408698003072197
0.44700000000000006,1.041172411674347
0.44800000000000006,1.0414750230414747
0.44900000000000007,1.041777634408602
0.45000000000000007,1.041753846153846
0.45100000000000007,1.041676923076923
0.45200000000000007,1.0416
0.45300000000000007,1.041523076923077
0.45400000000000007,1.041446153846154
0.45500000000000007,1.0413692307692308
0.45600000000000007,1.041554470046083
0.4570000000000001,1.0422057757296468
0.4580000000000001,1.0428570814132105
0.4590000000000001,1.0435083870967743
0.4600000000000001,1.044159692780338
0.4610000000000001,1.0448109984639018
0.4620000000000001,1.0454623041474655
0.4630000000000001,1.0455586923076923
0.4640000000000001,1.0455571538461539
0.4650000000000001,1.0455556153846155
0.4660000000000001,1.045554076923077
0.4670000000000001,1.0455525384615385
0.4680000000000001,1.045551
0.4690000000000001,1.045460752688172
0.4700000000000001,1.0452057603686635
0.4710000000000001,1.0449507680491552
0.4720000000000001,1.0446957757296467
0.4730000000000001,1.0444407834101381
0.4740000000000001,1.0441857910906298
0.4750000000000001,1.0439307987711213
0.4760000000000001,1.044060322580645
0.4770000000000001,1.0442630875576038
0.4780000000000001,1.0444658525345623
0.4790000000000001,1.0446686175115207
0.4800000000000001,1.0448713824884792
0.4810000000000001,1.0450741474654377
0.4820000000000001,1.0451907076923077
0.4830000000000001,1.0451322461538461
0.4840000000000001,1.0450737846153846
0.4850000000000001,1.045015323076923
0.4860000000000001,1.0449568615384615
0.4870000000000001,1.0448984
0.4880000000000001,1.0448399384615383
0.4890000000000001,1.0452341628264208
0.4900000000000001,1.0457211059907834
0.4910000000000001,1.046208049155146
0.4920000000000001,1.0466949923195086
0.4930000000000001,1.047181935483871
0.4940000000000001,1.0476688786482335
0.4950000000000001,1.0478569585253457
0.4960000000000001,1.0474099539170507
0.4970000000000001,1.0469629493087558
0.4980000000000001,1.0465159447004608
0.4990000000000001,1.0460689400921659
0.5000000000000001,1.045621935483871
0.5010000000000001,1.045174930875576
0.5020000000000001,1.0454744700460832
0.5030000000000001,1.0459491244239632
0.5040000000000001,1.0464237788018433
0.5050000000000001,1.0468984331797235
0.5060000000000001,1.0473730875576037
0.5070000000000001,1.047847741935484
0.5080000000000001,1.0481150230414746
0.5090000000000001,1.0478984331797234
0.5100000000000001,1.0476818433179722
0.5110000000000001,1.0474652534562212
0.5120000000000001,1.04724866359447
0.5130000000000001,1.0470320737327188
0.5140000000000001,1.0468154838709678
0.5150000000000001,1.0473973886328725
0.5160000000000001,1.0481915514592934
0.5170000000000001,1.0489857142857144
0.5180000000000001,1.0497798771121352
0.5190000000000001,1.0505740399385561
0.5200000000000001,1.051368202764977
0.5210000000000001,1.0519150537634407
0.5220000000000001,1.051825960061444
0.5230000000000001,1.0517368663594469
0.5240000000000001,1.05164777265745
0.5250000000000001,1.0515586789554532
0.5260000000000001,1.0514695852534564
0.5270000000000001,1.0513804915514593
0.5280000000000001,1.0512381720430108
0.5290000000000001,1.0510799539170508
0.5300000000000001,1.0509217357910907
0.5310000000000001,1.0507635176651307
0.5320000000000001,1.0506052995391706
0.5330000000000001,1.0504470814132105
0.5340000000000001,1.050500138248848
0.5350000000000001,1.0511545161290323
0.5360000000000001,1.0518088940092167
0.5370000000000001,1.052463271889401
0.5380000000000001,1.0531176497695853
0.5390000000000001,1.0537720276497695
0.5400000000000001,1.054426405529954
0.5410000000000001,1.0545139631336404
0.5420000000000001,1.0544125806451612
0.5430000000000001,1.054311198156682
0.5440000000000002,1.0542098156682027
0.5450000000000002,1.0541084331797235
0.5460000000000002,1.0540070506912442
0.5470000000000002,1.0540361751152074
0.5480000000000002,1.0544785714285716
0.5490000000000002,1.0549209677419356
0.5500000000000002,1.0553633640552997
0.5510000000000002,1.0558057603686637
0.5520000000000002,1.0562481566820279
0.5530000000000002,1.0566905529953918
0.5540000000000002,1.0569109216589863
0.5550000000000002,1.0570491705069125
0.5560000000000002,1.0571874193548387
0.5570000000000002,1.057325668202765
0.5580000000000002,1.0574639170506912
0.5590000000000002,1.0576021658986174
0.5600000000000002,1.0576609984639016
0.5610000000000002,1.0574382642089093
0.5620000000000002,1.057215529953917
0.5630000000000002,1.0569927956989247
0.5640000000000002,1.0567700614439324
0.5650000000000002,1.05654732718894
0.5660000000000002,1.0563245929339478
0.5670000000000002,1.0564973926380368
0.5680000000000002,1.0568317484662577
0.5690000000000002,1.0571661042944787
0.5700000000000002,1.0575004601226994
0.5710000000000002,1.0578348159509203
0.5720000000000002,1.0581691717791413
0.5730000000000002,1.0584578033794163
0.5740000000000002,1.0585515053763441
0.5750000000000002,1.058645207373272
0.5760000000000002,1.0587389093701998
0.5770000000000002,1.0588326113671276
0.5780000000000002,1.0589263133640554
0.5790000000000002,1.0590200153609832
0.5800000000000002,1.0593132258064517
0.5810000000000002,1.0597003225806454
0.5820000000000002,1.0600874193548389
0.5830000000000002,1.0604745161290323
0.5840000000000002,1.060861612903226
0.5850000000000002,1.0612487096774195
0.5860000000000002,1.061583036809816
0.5870000000000002,1.0616597239263805
0.5880000000000002,1.0617364110429448
0.5890000000000002,1.0618130981595093
0.5900000000000002,1.0618897852760738
0.5910000000000002,1.061966472392638
0.5920000000000002,1.0620431595092026
0.5930000000000002,1.0621608602150538
0.5940000000000002,1.0623006451612904
0.5950000000000002,1.062440430107527
0.5960000000000002,1.0625802150537635
0.5970000000000002,1.06272
0.5980000000000002,1.0628597849462367
0.5990000000000002,1.0630057668711657
0.6000000000000002,1.0631898159509203
0.6010000000000002,1.0633738650306748
0.6020000000000002,1.0635579141104294
0.6030000000000002,1.063741963190184
0.6040000000000002,1.0639260122699385
0.6050000000000002,1.0641100613496932
0.6060000000000002,1.064302857142857
0.6070000000000002,1.0645010138248847
0.6080000000000002,1.0646991705069124
0.6090000000000002,1.0648973271889401
0.6100000000000002,1.0650954838709679
0.6110000000000002,1.0652936405529956
0.6120000000000002,1.0654875460122701
0.6130000000000002,1.0656470552147241
0.6140000000000002,1.0658065644171781
0.6150000000000002,1.0659660736196321
0.6160000000000002,1.066125582822086
0.6170000000000002,1.06628509202454
0.6180000000000002,1.066444601226994
0.6190000000000002,1.06667222734255
0.6200000000000002,1.0669471889400923
0.6210000000000002,1.0672221505376345
0.6220000000000002,1.0674971121351768
0.6230000000000002,1.067772073732719
0.6240000000000002,1.0680470353302611
0.6250000000000002,1.068305644171779
0.6260000000000002,1.0683761963190184
0.6270000000000002,1.0684467484662576
0.6280000000000002,1.068517300613497
0.6290000000000002,1.0685878527607362
0.6300000000000002,1.0686584049079755
0.6310000000000002,1.0687289570552148
0.6320000000000002,1.0688320040899795
0.6330000000000002,1.0689605828220858
0.6340000000000002,1.0690891615541922
0.6350000000000002,1.0692177402862986
0.6360000000000002,1.069346319018405
0.6370000000000002,1.0694748977505113
0.6380000000000002,1.0696034764826177
0.6390000000000002,1.0697320552147238
0.6400000000000002,1.0698606339468302
0.6410000000000002,1.0699892126789365
0.6420000000000002,1.070117791411043
0.6430000000000002,1.0702463701431493
0.6440000000000002,1.0703749488752556
0.6450000000000002,1.070503527607362
0.6460000000000002,1.0706321063394684
0.6470000000000002,1.0707606850715747
0.6480000000000002,1.0708892638036809
0.6490000000000002,1.0710178425357872
0.6500000000000002,1.0711464212678936
0.6510000000000002,1.071275
0.6520000000000002,1.0714035787321063
0.6530000000000002,1.0715321574642127
0.6540000000000002,1.071660736196319
0.6550000000000002,1.0717893149284254
0.6560000000000002,1.0719178936605318
0.6570000000000003,1.072046472392638
0.6580000000000003,1.0721750511247443
0.6590000000000003,1.0723036298568507
0.6600000000000003,1.072432208588957
0.6610000000000003,1.0725607873210634
0.6620000000000003,1.0726893660531698
0.6630000000000003,1.0728179447852761
0.6640000000000003,1.0729465235173825
0.6650000000000003,1.0730751022494889
0.6660000000000003,1.0732036809815952
0.6670000000000003,1.0733322597137014
0.6680000000000003,1.0734608384458078
0.6690000000000003,1.0735894171779141
0.6700000000000003,1.0737179959100205
0.6710000000000003,1.0738465746421268
0.6720000000000003,1.0739751533742332
0.6730000000000003,1.0741037321063396
0.6740000000000003,1.074232310838446
0.6750000000000003,1.0743608895705523
0.6760000000000003,1.0744894683026585
0.6770000000000003,1.0746180470347648
0.6780000000000003,1.0747466257668712
0.6790000000000003,1.0748752044989776
0.6800000000000003,1.075003783231084
0.6810000000000003,1.0751323619631903
0.6820000000000003,1.0752609406952967
0.6830000000000003,1.075389519427403
0.6840000000000003,1.0755180981595094
0.6850000000000003,1.0756466768916155
0.6860000000000003,1.075775255623722
0.6870000000000003,1.0759038343558283
0.6880000000000003,1.0760324130879346
0.6890000000000003,1.076160991820041
0.6900000000000003,1.0762895705521474
0.6910000000000003,1.0764181492842537
0.6920000000000003,1.07654672801636
0.6930000000000003,1.0766753067484665
0.6940000000000003,1.0768038854805728
0.6950000000000003,1.076932464212679
0.6960000000000003,1.0770610429447853
0.6970000000000003,1.0771896216768917
0.6980000000000003,1.077318200408998
0.6990000000000003,1.0774467791411044
0.7000000000000003,1.0775753578732108
0.7010000000000003,1.0777039366053172
0.7020000000000003,1.0778325153374235
0.7030000000000003,1.07796109406953
0.7040000000000003,1.078089672801636
0.7050000000000003,1.0782182515337424
0.7060000000000003,1.0783468302658488
0.7070000000000003,1.0784754089979551
0.7080000000000003,1.0786039877300615
0.7090000000000003,1.0787325664621679
0.7100000000000003,1.078894110429448
0.7110000000000003,1.0791257055214725
0.7120000000000003,1.079357300613497
0.7130000000000003,1.0795888957055215
0.7140000000000003,1.0798204907975462
0.7150000000000003,1.0800520858895706
0.7160000000000003,1.0802836809815952
0.7170000000000003,1.0803962576687116
0.7180000000000003,1.0804790797546013
0.7190000000000003,1.0805619018404908
0.7200000000000003,1.0806447239263803
0.7210000000000003,1.08072754601227
0.7220000000000003,1.0808103680981596
0.7230000000000003,1.080990490045942
0.7240000000000003,1.0814208116385913
0.7250000000000003,1.0818511332312406
0.7260000000000003,1.08228145482389
0.7270000000000003,1.0827117764165393
0.7280000000000003,1.0831420980091886
0.7290000000000003,1.0835724196018377
0.7300000000000003,1.0836489417177915
0.7310000000000003,1.0836075306748465
0.7320000000000003,1.0835661196319017
0.7330000000000003,1.083524708588957
0.7340000000000003,1.0834832975460122
0.7350000000000003,1.0834418865030675
0.7360000000000003,1.0834807963246555
0.7370000000000003,1.0837886064318532
0.7380000000000003,1.0840964165390505
0.7390000000000003,1.0844042266462481
0.7400000000000003,1.0847120367534457
0.7410000000000003,1.0850198468606433
0.7420000000000003,1.085327656967841
0.7430000000000003,1.0855015950920246
0.7440000000000003,1.0856181595092025
0.7450000000000003,1.0857347239263804
0.7460000000000003,1.0858512883435583
0.7470000000000003,1.0859678527607362
0.7480000000000003,1.086084417177914
0.7490000000000003,1.086196539050536
0.7500000000000003,1.0862884226646248
0.7510000000000003,1.0863803062787136
0.7520000000000003,1.0864721898928025
0.7530000000000003,1.086564073506891
0.7540000000000003,1.08665595712098
0.7550000000000003,1.0867478407350688
0.7560000000000003,1.086910598159509
0.7570000000000003,1.087111518404908
0.7580000000000003,1.0873124386503068
0.7590000000000003,1.0875133588957056
0.7600000000000003,1.0877142791411043
0.7610000000000003,1.087915199386503
0.7620000000000003,1.0881194640122513
0.7630000000000003,1.0883461102603371
0.7640000000000003,1.088572756508423
0.7650000000000003,1.0887994027565087
0.7660000000000003,1.0890260490045944
0.7670000000000003,1.0892526952526802
0.7680000000000003,1.089479341500766
0.7690000000000003,1.089729202453988
0.7700000000000004,1.0899945398773008
0.7710000000000004,1.0902598773006136
0.7720000000000004,1.0905252147239266
0.7730000000000004,1.0907905521472394
0.7740000000000004,1.0910558895705522
0.7750000000000004,1.091312986217458
0.7760000000000004,1.0914753139356814
0.7770000000000004,1.091637641653905
0.7780000000000004,1.0917999693721288
0.7790000000000004,1.0919622970903522
0.7800000000000004,1.0921246248085759
0.7810000000000004,1.0922869525267995
0.7820000000000004,1.0924122205206739
0.7830000000000004,1.0925071669218989
0.7840000000000004,1.092602113323124
0.7850000000000004,1.092697059724349
0.7860000000000004,1.0927920061255743
0.7870000000000004,1.0928869525267992
0.7880000000000004,1.09298539050536
0.7890000000000004,1.0932549157733538
0.7900000000000004,1.0935244410413476
0.7910000000000004,1.0937939663093414
0.7920000000000004,1.0940634915773355
0.7930000000000004,1.0943330168453294
0.7940000000000004,1.0946025421133232
0.7950000000000004,1.0948187901990813
0.7960000000000004,1.0949795865237366
0.7970000000000004,1.095140382848392
0.7980000000000004,1.0953011791730476
0.7990000000000004,1.095461975497703
0.8000000000000004,1.0956227718223583
0.8010000000000004,1.0957835681470138
0.8020000000000004,1.0958650920245399
0.8030000000000004,1.0959433128834357
0.8040000000000004,1.0960215337423314
0.8050000000000004,1.096099754601227
0.8060000000000004,1.0961779754601229
0.8070000000000004,1.0962561963190185
0.8080000000000004,1.0964684532924964
0.8090000000000004,1.0968513016845332
0.8100000000000004,1.0972341500765699
0.8110000000000004,1.0976169984686066
0.8120000000000004,1.0979998468606433
0.8130000000000004,1.09838269525268
0.8140000000000004,1.0987655436447168
0.8150000000000004,1.0988376263399693
0.8160000000000004,1.0988789739663094
0.8170000000000004,1.0989203215926493
0.8180000000000004,1.0989616692189892
0.8190000000000004,1.0990030168453293
0.8200000000000004,1.0990443644716692
0.8210000000000004,1.0991165543644716
0.8220000000000004,1.0992390658499236
0.8230000000000004,1.0993615773353753
0.8240000000000004,1.099484088820827
0.8250000000000004,1.0996066003062788
0.8260000000000004,1.0997291117917307
0.8270000000000004,1.0998516232771824
0.8280000000000004,1.1000431240428792
0.8290000000000004,1.1002467993874427
0.8300000000000004,1.1004504747320063
0.8310000000000004,1.1006541500765699
0.8320000000000004,1.1008578254211334
0.8330000000000004,1.1010615007656968
0.8340000000000004,1.1012406116207951
0.8350000000000004,1.1013675229357798
0.8360000000000004,1.1014944342507644
0.8370000000000004,1.101621345565749
0.8380000000000004,1.101748256880734
0.8390000000000004,1.1018751681957186
0.8400000000000004,1.1020020795107033
0.8410000000000004,1.1022223124042878
0.8420000000000004,1.1024688667687594
0.8430000000000004,1.1027154211332313
0.8440000000000004,1.102961975497703
0.8450000000000004,1.1032085298621745
0.8460000000000004,1.1034550842266464
0.8470000000000004,1.1036043950995404
0.8480000000000004,1.1034619754977029
0.8490000000000004,1.1033195558958653
0.8500000000000004,1.1031771362940275
0.8510000000000004,1.1030347166921899
0.8520000000000004,1.1028922970903523
0.8530000000000004,1.1027498774885145
0.8540000000000004,1.1028356967840736
0.8550000000000004,1.1030102756508424
0.8560000000000004,1.103184854517611
0.8570000000000004,1.10335943338438
0.8580000000000004,1.1035340122511486
0.8590000000000004,1.1037085911179174
0.8600000000000004,1.1038930627871364
0.8610000000000004,1.1041197090352222
0.8620000000000004,1.104346355283308
0.8630000000000004,1.1045730015313937
0.8640000000000004,1.1047996477794795
0.8650000000000004,1.105026294027565
0.8660000000000004,1.1052529402756508
0.8670000000000004,1.1055126605504588
0.8680000000000004,1.1057894189602446
0.8690000000000004,1.1060661773700307
0.8700000000000004,1.1063429357798167
0.8710000000000004,1.1066196941896025
0.8720000000000004,1.1068964525993885
0.8730000000000004,1.1071640735068915
0.8740000000000004,1.1073646860643187
0.8750000000000004,1.107565298621746
0.8760000000000004,1.1077659111791731
0.8770000000000004,1.1079665237366003
0.8780000000000004,1.1081671362940275
0.8790000000000004,1.108367748851455
0.8800000000000004,1.108561865443425
0.8810000000000004,1.1087514678899084
0.8820000000000005,1.1089410703363916
0.8830000000000005,1.1091306727828747
0.8840000000000005,1.1093202752293578
0.8850000000000005,1.1095098776758412
0.8860000000000005,1.1096994946401226
0.8870000000000005,1.1098893874425728
0.8880000000000005,1.110079280245023
0.8890000000000005,1.1102691730474734
0.8900000000000005,1.1104590658499236
0.8910000000000005,1.1106489586523738
0.8920000000000005,1.110838851454824
0.8930000000000005,1.110980886850153
0.8940000000000005,1.1110787461773701
0.8950000000000005,1.1111766055045873
0.8960000000000005,1.1112744648318045
0.8970000000000005,1.1113723241590217
0.8980000000000005,1.1114701834862386
0.8990000000000005,1.1115680428134558
0.9000000000000005,1.1116015160796326
0.9010000000000005,1.1116336753445637
0.9020000000000005,1.1116658346094948
0.9030000000000005,1.1116979938744258
0.9040000000000005,1.1117301531393569
0.9050000000000005,1.111762312404288
0.9060000000000005,1.111871513761468
0.9070000000000005,1.1120748776758411
0.9080000000000005,1.1122782415902142
0.9090000000000005,1.1124816055045872
0.9100000000000005,1.1126849694189604
0.9110000000000005,1.1128883333333335
0.9120000000000005,1.1130916972477065
0.9130000000000005,1.1133385451761104
0.9140000000000005,1.1135896937212866
0.9150000000000005,1.1138408422664625
0.9160000000000005,1.1140919908116387
0.9170000000000005,1.1143431393568148
0.9180000000000005,1.1145942879019908
0.9190000000000005,1.1147999694189603
0.9200000000000005,1.1149314678899083
0.9210000000000005,1.1150629663608562
0.9220000000000005,1.1151944648318044
0.9230000000000005,1.1153259633027524
0.9240000000000005,1.1154574617737003
0.9250000000000005,1.1155889602446483
0.9260000000000005,1.1157153211009174
0.9270000000000005,1.1158407033639144
0.9280000000000005,1.1159660856269114
0.9290000000000005,1.1160914678899083
0.9300000000000005,1.1162168501529053
0.9310000000000005,1.1163422324159022
0.9320000000000005,1.1164639449541285
0.9330000000000005,1.1165770948012232
0.9340000000000005,1.1166902446483182
0.9350000000000005,1.116803394495413
0.9360000000000005,1.1169165443425078
0.9370000000000005,1.1170296941896025
0.9380000000000005,1.1171428440366973
0.9390000000000005,1.1172828943338438
0.9400000000000005,1.117431439509954
0.9410000000000005,1.1175799846860643
0.9420000000000005,1.1177285298621746
0.9430000000000005,1.117877075038285
0.9440000000000005,1.118025620214395
0.9450000000000005,1.1181899388379204
0.9460000000000005,1.1184070642201835
0.9470000000000005,1.1186241896024465
0.9480000000000005,1.1188413149847096
0.9490000000000005,1.1190584403669726
0.9500000000000005,1.1192755657492357
0.9510000000000005,1.1194926911314986
0.9520000000000005,1.1195568348623854
0.9530000000000005,1.1195522477064221
0.9540000000000005,1.1195476605504588
0.9550000000000005,1.1195430733944953
0.9560000000000005,1.119538486238532
0.9570000000000005,1.1195338990825687
0.9580000000000005,1.1195318348623853
0.9590000000000005,1.1195440672782875
0.9600000000000005,1.1195562996941895
0.9610000000000005,1.1195685321100917
0.9620000000000005,1.1195807645259939
0.9630000000000005,1.119592996941896
0.9640000000000005,1.1196052293577983
0.9650000000000005,1.11972752293578
0.9660000000000005,1.1199201834862387
0.9670000000000005,1.1201128440366974
0.9680000000000005,1.1203055045871562
0.9690000000000005,1.120498165137615
0.9700000000000005,1.1206908256880734
0.9710000000000005,1.1208771712538228
0.9720000000000005,1.120979617737003
0.9730000000000005,1.1210820642201835
0.9740000000000005,1.121184510703364
0.9750000000000005,1.1212869571865445
0.9760000000000005,1.1213894036697247
0.9770000000000005,1.1214918501529052
0.9780000000000005,1.1216267125382264
0.9790000000000005,1.1217903211009175
0.9800000000000005,1.1219539296636087
0.9810000000000005,1.1221175382262998
0.9820000000000005,1.122281146788991
0.9830000000000005,1.122444755351682
0.9840000000000005,1.1226083639143734
0.9850000000000005,1.1225433944954128
0.9860000000000005,1.122476116207951
0.9870000000000005,1.1224088379204893
0.9880000000000005,1.1223415596330275
0.9890000000000005,1.1222742813455657
0.9900000000000005,1.122207003058104
0.9910000000000005,1.122196106870229
0.9920000000000005,1.1222541221374047
0.9930000000000005,1.1223121374045801
0.9940000000000005,1.1223701526717558
0.9950000000000006,1.1224281679389314
0.9960000000000006,1.1224861832061068
0.9970000000000006,1.1225441984732825
0.9980000000000006,1.1221522935779813
0.9990000000000006,1.1217103975535165
1.0000000000000004,1.1212685015290518
1.0010000000000006,1.120826605504587
1.0020000000000007,1.120384709480122
1.0030000000000006,1.1199428134556573
1.0040000000000004,1.1196225688073396
1.0050000000000006,1.1195185932721712
1.0060000000000007,1.119414617737003
1.0070000000000006,1.1193106422018348
1.0080000000000005,1.1192066666666665
1.0090000000000006,1.1191026911314983
1.0100000000000007,1.1189987155963301
1.0110000000000006,1.1188982658022688
1.0120000000000005,1.1187985899513775
1.0130000000000006,1.118698914100486
1.0140000000000007,1.1185992382495946
1.0150000000000006,1.1184995623987033
1.0160000000000005,1.1183998865478118
1.0170000000000006,1.1183002106969204
1.0180000000000007,1.1182005348460289
1.0190000000000006,1.1181008589951376
1.0200000000000005,1.1180011831442462
1.0210000000000006,1.1179015072933547
1.0220000000000007,1.1178018314424634
1.0230000000000006,1.1177021555915718
1.0240000000000005,1.1176024797406805
1.0250000000000006,1.1175028038897892
1.0260000000000007,1.1174031280388976
1.0270000000000006,1.1173034521880063
1.0280000000000005,1.117203776337115
1.0290000000000006,1.1171041004862234
1.0300000000000007,1.1170044246353321
1.0310000000000006,1.1169047487844406
1.0320000000000005,1.1168050729335492
1.0330000000000006,1.116705397082658
1.0340000000000007,1.1166057212317664
1.0350000000000006,1.116506045380875
1.0360000000000005,1.1164063695299835
1.0370000000000006,1.1163066936790922
1.0380000000000007,1.1162070178282009
1.0390000000000006,1.1161073419773093
1.0400000000000005,1.116007666126418
1.0410000000000006,1.1159079902755265
1.0420000000000007,1.1158083144246351
1.0430000000000006,1.1157086385737438
1.0440000000000005,1.1156089627228523
1.0450000000000006,1.115509286871961
1.0460000000000007,1.1154096110210696
1.0470000000000006,1.115309935170178
1.0480000000000005,1.1153486259541985
1.0490000000000006,1.1154219083969465
1.0500000000000007,1.1154951908396946
1.0510000000000006,1.115568473282443
1.0520000000000005,1.115641755725191
1.0530000000000006,1.115715038167939
1.0540000000000007,1.115763893129771
1.0550000000000006,1.115739465648855
1.0560000000000005,1.115715038167939
1.0570000000000006,1.115690610687023
1.0580000000000007,1.115666183206107
1.0590000000000006,1.1156417557251908
1.0600000000000005,1.1156173282442747
1.0610000000000006,1.115804503816794
1.0620000000000007,1.116082366412214
1.0630000000000006,1.1163602290076338
1.0640000000000005,1.1166380916030536
1.0650000000000006,1.1169159541984734
1.0660000000000007,1.1171938167938933
1.0670000000000006,1.1174530945121952
1.0680000000000005,1.1176070579268294
1.0690000000000006,1.1177610213414635
1.0700000000000007,1.1179149847560976
1.0710000000000006,1.1180689481707318
1.0720000000000005,1.118222911585366
1.0730000000000006,1.118376875
1.0740000000000007,1.1184427022900763
1.0750000000000006,1.118447282442748
1.0760000000000005,1.1184518625954198
1.0770000000000006,1.1184564427480916
1.0780000000000007,1.1184610229007634
1.0790000000000006,1.1184656030534352
1.0800000000000005,1.118470427480916
1.0810000000000006,1.118481114503817
1.0820000000000007,1.1184918015267176
1.0830000000000006,1.1185024885496182
1.0840000000000005,1.118513175572519
1.0850000000000006,1.1185238625954197
1.0860000000000007,1.1185345496183206
1.0870000000000006,1.1184757621951218
1.0880000000000005,1.1183446646341462
1.0890000000000006,1.1182135670731705
1.0900000000000007,1.118082469512195
1.0910000000000006,1.1179513719512193
1.0920000000000005,1.117820274390244
1.0930000000000006,1.1176891768292683
1.0940000000000007,1.1178660000000002
1.0950000000000006,1.118066
1.0960000000000005,1.118266
1.0970000000000006,1.1184660000000002
1.0980000000000008,1.1186660000000002
1.0990000000000006,1.1188660000000001
1.1000000000000005,1.1190282900763358
1.1010000000000006,1.1191290534351146
1.1020000000000008,1.1192298167938932
1.1030000000000006,1.1193305801526718
1.1040000000000005,1.1194313435114505
1.1050000000000006,1.119532106870229
1.1060000000000008,1.1196328702290077
1.1070000000000007,1.1184087957317066
1.1080000000000005,1.1169133689024384
1.1090000000000007,1.1154179420731698
1.1100000000000008,1.1139225152439014
1.1110000000000007,1.1124270884146332
1.1120000000000005,1.110931661585365
1.1130000000000007,1.1102662290076346
1.1140000000000008,1.1118448549618332
1.1150000000000007,1.1134234809160317
1.1160000000000005,1.11500210687023
1.1170000000000007,1.1165807328244286
1.1180000000000008,1.1181593587786274
1.1190000000000007,1.1197379847328257
1.1200000000000006,1.1202030487804877
1.1210000000000007,1.1202350609756098
1.1220000000000008,1.1202670731707316
1.1230000000000007,1.1202990853658537
1.1240000000000006,1.1203310975609757
1.1250000000000007,1.1203631097560975
1.1260000000000008,1.1203772977099236
1.1270000000000007,1.1202979083969464
1.1280000000000006,1.1202185190839695
1.1290000000000007,1.1201391297709924
1.1300000000000008,1.1200597404580153
1.1310000000000007,1.1199803511450381
1.1320000000000006,1.1199009618320612
1.1330000000000007,1.1199648475609758
1.1340000000000008,1.120120335365854
1.1350000000000007,1.120275823170732
1.1360000000000006,1.1204313109756099
1.1370000000000007,1.1205867987804878
1.1380000000000008,1.120742286585366
1.1390000000000007,1.1208948780487804
1.1400000000000006,1.1209924390243902
1.1410000000000007,1.12109
1.1420000000000008,1.1211875609756097
1.1430000000000007,1.1212851219512194
1.1440000000000006,1.1213826829268292
1.1450000000000007,1.121480243902439
1.1460000000000008,1.1214925954198471
1.1470000000000007,1.1214162595419845
1.1480000000000006,1.121339923664122
1.1490000000000007,1.1212635877862593
1.1500000000000008,1.1211872519083967
1.1510000000000007,1.1211109160305344
1.1520000000000006,1.1210345801526718
1.1530000000000007,1.1213108536585368
1.1540000000000008,1.1216096341463417
1.1550000000000007,1.1219084146341465
1.1560000000000006,1.1222071951219514
1.1570000000000007,1.1225059756097562
1.1580000000000008,1.1228047560975611
1.1590000000000007,1.1230438719512195
1.1600000000000006,1.1231856402439024
1.1610000000000007,1.1233274085365854
1.1620000000000008,1.1234691768292684
1.1630000000000007,1.1236109451219514
1.1640000000000006,1.1237527134146343
1.1650000000000007,1.1238944817073173
1.1660000000000008,1.1238599083969465
1.1670000000000007,1.1237866259541984
1.1680000000000006,1.1237133435114504
1.1690000000000007,1.1236400610687023
1.1700000000000008,1.1235667786259542
1.1710000000000007,1.1234934961832062
1.1720000000000006,1.1234869207317075
1.1730000000000007,1.1236607012195123
1.1740000000000008,1.1238344817073171
1.1750000000000007,1.124008262195122
1.1760000000000006,1.1241820426829268
1.1770000000000007,1.1243558231707318
1.1780000000000008,1.1245296036585366
1.1790000000000007,1.1246968902439025
1.1800000000000006,1.124861524390244
1.1810000000000007,1.1250261585365855
1.1820000000000008,1.125190792682927
1.1830000000000007,1.1253554268292685
1.1840000000000006,1.12552006097561
1.1850000000000007,1.1256773780487808
1.1860000000000008,1.1257932317073172
1.1870000000000007,1.1259090853658538
1.1880000000000006,1.1260249390243904
1.1890000000000007,1.126140792682927
1.1900000000000008,1.1262566463414636
1.1910000000000007,1.1263725
1.1920000000000006,1.1264748628048782
1.1930000000000007,1.126567850609756
1.1940000000000008,1.1266608384146342
1.1950000000000007,1.1267538262195123
1.1960000000000006,1.1268468140243904
1.1970000000000007,1.1269398018292682
1.1980000000000008,1.1270329725609756
1.1990000000000007,1.1271320579268294
1.2000000000000006,1.127231143292683
1.2010000000000007,1.1273302286585367
1.2020000000000008,1.1274293140243903
1.2030000000000007,1.127528399390244
1.2040000000000006,1.1276274847560976
1.2050000000000007,1.1277437652439026
1.2060000000000008,1.12787943597561
1.2070000000000007,1.1280151067073172
1.2080000000000006,1.1281507774390245
1.2090000000000007,1.1282864481707318
1.2100000000000009,1.1284221189024393
1.2110000000000007,1.1285577896341465
1.2120000000000006,1.1287336890243904
1.2130000000000007,1.128913567073171
1.2140000000000009,1.1290934451219514
1.2150000000000007,1.129273323170732
1.2160000000000006,1.1294532012195124
1.2170000000000007,1.129633079268293
1.2180000000000009,1.1298113567073174
1.2190000000000007,1.129986661585366
1.2200000000000006,1.1301619664634148
1.2210000000000008,1.1303372713414637
1.2220000000000009,1.1305125762195123
1.2230000000000008,1.1306878810975611
1.2240000000000006,1.13086318597561
1.2250000000000008,1.1309048170731708
1.2260000000000009,1.1309109146341463
1.2270000000000008,1.130917012195122
1.2280000000000006,1.1309231097560977
1.2290000000000008,1.1309292073170731
1.2300000000000009,1.1309353048780488
1.2310000000000008,1.1309655945121952
1.2320000000000007,1.1310768750000002
1.2330000000000008,1.1311881554878052
1.2340000000000009,1.13129943597561
1.2350000000000008,1.1314107164634148
1.2360000000000007,1.1315219969512198
1.2370000000000008,1.1316332774390248
1.2380000000000009,1.131738429878049
1.2390000000000008,1.1318405640243905
1.2400000000000007,1.131942698170732
1.2410000000000008,1.1320448323170733
1.2420000000000009,1.1321469664634147
1.2430000000000008,1.1322491006097561
1.2440000000000007,1.132370518292683
1.2450000000000008,1.1326479573170734
1.2460000000000009,1.1329253963414636
1.2470000000000008,1.1332028353658539
1.2480000000000007,1.1334802743902441
1.2490000000000008,1.1337577134146344
1.2500000000000009,1.1340351524390246
1.2510000000000008,1.1340442987804877
1.2520000000000007,1.1338339329268292
1.2530000000000008,1.1336235670731705
1.254000000000001,1.133413201219512
1.2550000000000008,1.1332028353658534
1.2560000000000007,1.132992469512195
1.2570000000000008,1.1327821036585364
1.258000000000001,1.1329761890243903
1.2590000000000008,1.1331743597560977
1.2600000000000007,1.1333725304878048
1.2610000000000008,1.1335707012195122
1.262000000000001,1.1337688719512196
1.2630000000000008,1.133967042682927
1.2640000000000007,1.1341467579908677
1.2650000000000008,1.13430200913242
1.266000000000001,1.1344572602739726
1.2670000000000008,1.1346125114155252
1.2680000000000007,1.1347677625570778
1.2690000000000008,1.1349230136986304
1.270000000000001,1.1350782648401827
1.2710000000000008,1.1353136890243904
1.2720000000000007,1.1355621646341465
1.2730000000000008,1.1358106402439025
1.274000000000001,1.1360591158536588
1.2750000000000008,1.1363075914634149
1.2760000000000007,1.136556067073171
1.2770000000000008,1.1367688719512197
1.278000000000001,1.1368984451219513
1.2790000000000008,1.137028018292683
1.2800000000000007,1.1371575914634147
1.2810000000000008,1.1372871646341465
1.282000000000001,1.1374167378048783
1.2830000000000008,1.1375463109756099
1.2840000000000007,1.1377050228310503
1.2850000000000008,1.1378739726027398
1.286000000000001,1.1380429223744293
1.2870000000000008,1.138211872146119
1.2880000000000007,1.1383808219178084
1.2890000000000008,1.138549771689498
1.290000000000001,1.138742347560976
1.2910000000000008,1.1390502743902442
1.2920000000000007,1.1393582012195125
1.2930000000000008,1.1396661280487808
1.294000000000001,1.139974054878049
1.2950000000000008,1.1402819817073173
1.2960000000000007,1.1405899085365858
1.2970000000000008,1.140753704268293
1.298000000000001,1.1408253506097563
1.2990000000000008,1.1408969969512195
1.3000000000000007,1.1409686432926829
1.3010000000000008,1.1410402896341463
1.302000000000001,1.1411119359756097
1.3030000000000008,1.141188599695586
1.3040000000000007,1.141360593607306
1.3050000000000008,1.1415325875190259
1.306000000000001,1.1417045814307458
1.3070000000000008,1.1418765753424658
1.3080000000000007,1.1420485692541857
1.3090000000000008,1.1422205631659057
1.310000000000001,1.1423817073170732
1.3110000000000008,1.1425310975609757
1.3120000000000007,1.1426804878048782
1.3130000000000008,1.1428298780487804
1.314000000000001,1.142979268292683
1.3150000000000008,1.1431286585365854
1.3160000000000007,1.1432780487804879
1.3170000000000008,1.1432381887366818
1.318000000000001,1.1431818721461187
1.3190000000000008,1.1431255555555555
1.3200000000000007,1.1430692389649924
1.3210000000000008,1.1430129223744292
1.322000000000001,1.142956605783866
1.3230000000000008,1.1430592530487809
1.3240000000000007,1.1434571189024394
1.3250000000000008,1.143854984756098
1.326000000000001,1.1442528506097565
1.3270000000000008,1.144650716463415
1.3280000000000007,1.1450485823170735
1.3290000000000008,1.145446448170732
1.330000000000001,1.145627397260274
1.3310000000000008,1.145750684931507
1.3320000000000007,1.1458739726027398
1.3330000000000009,1.1459972602739725
1.334000000000001,1.1461205479452055
1.3350000000000009,1.1462438356164384
1.3360000000000007,1.1463601219512196
1.3370000000000009,1.1464515853658537
1.338000000000001,1.146543048780488
1.3390000000000009,1.146634512195122
1.3400000000000007,1.146725975609756
1.3410000000000009,1.1468174390243904
1.342000000000001,1.1469089024390247
1.3430000000000009,1.1471589954337904
1.3440000000000007,1.1474908066971083
1.3450000000000009,1.1478226179604265
1.346000000000001,1.1481544292237447
1.3470000000000009,1.1484862404870628
1.3480000000000008,1.148818051750381
1.3490000000000009,1.1491178082191782
1.350000000000001,1.1490934550989347
1.3510000000000009,1.1490691019786912
1.3520000000000008,1.1490447488584474
1.3530000000000009,1.149020395738204
1.354000000000001,1.1489960426179604
1.3550000000000009,1.1489716894977169
1.3560000000000008,1.149053394216134
1.3570000000000009,1.1492329984779301
1.358000000000001,1.1494126027397262
1.3590000000000009,1.149592207001522
1.3600000000000008,1.1497718112633182
1.3610000000000009,1.1499514155251143
1.362000000000001,1.1501310197869103
1.3630000000000009,1.1502413719512194
1.3640000000000008,1.1503480792682927
1.3650000000000009,1.1504547865853658
1.366000000000001,1.1505614939024391
1.3670000000000009,1.1506682012195122
1.3680000000000008,1.1507749085365853
1.3690000000000009,1.1509581278538814
1.370000000000001,1.1512610197869104
1.3710000000000009,1.1515639117199392
1.3720000000000008,1.1518668036529682
1.3730000000000009,1.1521696955859972
1.374000000000001,1.1524725875190263
1.3750000000000009,1.152775479452055
1.3760000000000008,1.152861202435312
1.377000000000001,1.1528992541856926
1.378000000000001,1.152937305936073
1.379000000000001,1.1529753576864537
1.3800000000000008,1.153013409436834
1.381000000000001,1.1530514611872145
1.382000000000001,1.1530685844748856
1.383000000000001,1.153022922374429
1.3840000000000008,1.1529772602739725
1.385000000000001,1.1529315981735158
1.386000000000001,1.1528859360730592
1.387000000000001,1.1528402739726027
1.3880000000000008,1.152794611872146
1.389000000000001,1.1526930593607303
1.390000000000001,1.152565205479452
1.391000000000001,1.1524373515981734
1.3920000000000008,1.1523094977168948
1.393000000000001,1.1521816438356163
1.394000000000001,1.1520537899543377
1.395000000000001,1.1519200457317071
1.3960000000000008,1.1517386432926828
1.397000000000001,1.1515572408536583
1.398000000000001,1.151375838414634
1.399000000000001,1.1511944359756094
1.4000000000000008,1.1510130335365851
1.4010000000000007,1.1508316310975608
1.402000000000001,1.1506696347031962
1.403000000000001,1.1505235159817349
1.4040000000000008,1.1503773972602738
1.4050000000000007,1.1502312785388127
1.406000000000001,1.1500851598173514
1.407000000000001,1.14993904109589
1.4080000000000008,1.149792922374429
1.4090000000000007,1.1500271689497716
1.410000000000001,1.1502691780821919
1.411000000000001,1.1505111872146119
1.4120000000000008,1.150753196347032
1.4130000000000007,1.150995205479452
1.414000000000001,1.1512372146118723
1.415000000000001,1.1515060578386607
1.4160000000000008,1.1518135159817353
1.4170000000000007,1.15212097412481
1.418000000000001,1.1524284322678846
1.419000000000001,1.152735890410959
1.4200000000000008,1.1530433485540337
1.4210000000000007,1.1533508066971083
1.422000000000001,1.1537017351598178
1.423000000000001,1.1540609436834097
1.4240000000000008,1.154420152207002
1.4250000000000007,1.1547793607305938
1.426000000000001,1.1551385692541862
1.427000000000001,1.1554977777777782
1.4280000000000008,1.1558363221884502
1.4290000000000007,1.1561189969604866
1.430000000000001,1.1564016717325232
1.431000000000001,1.1566843465045598
1.4320000000000008,1.1569670212765961
1.4330000000000007,1.1572496960486325
1.434000000000001,1.157532370820669
1.435000000000001,1.1577974885844753
1.4360000000000008,1.1580547184170475
1.4370000000000007,1.1583119482496198
1.438000000000001,1.158569178082192
1.439000000000001,1.1588264079147643
1.4400000000000008,1.1590836377473366
1.4410000000000007,1.1593242465753426
1.442000000000001,1.15944296803653
1.443000000000001,1.159561689497717
1.4440000000000008,1.1596804109589043
1.4450000000000007,1.1597991324200916
1.446000000000001,1.1599178538812787
1.447000000000001,1.160036575342466
1.4480000000000008,1.1602532420091327
1.4490000000000007,1.1605500456621007
1.450000000000001,1.1608468493150688
1.451000000000001,1.1611436529680368
1.4520000000000008,1.1614404566210048
1.4530000000000007,1.1617372602739728
1.454000000000001,1.1620340639269409
1.455000000000001,1.162547153729072
1.4560000000000008,1.163064657534247
1.4570000000000007,1.163582161339422
1.458000000000001,1.1640996651445972
1.459000000000001,1.1646171689497722
1.4600000000000009,1.1651346727549472
1.4610000000000007,1.165473698630137
1.462000000000001,1.165555890410959
1.463000000000001,1.1656380821917809
1.4640000000000009,1.165720273972603
1.4650000000000007,1.1658024657534247
1.466000000000001,1.1658846575342467
1.467000000000001,1.1659668493150686
1.4680000000000009,1.1662365957446812
1.4690000000000007,1.1665420668693012
1.470000000000001,1.1668475379939212
1.471000000000001,1.1671530091185411
1.4720000000000009,1.1674584802431613
1.4730000000000008,1.1677639513677813
1.474000000000001,1.1680343226788432
1.475000000000001,1.168204794520548
1.4760000000000009,1.1683752663622526
1.4770000000000008,1.1685457382039575
1.478000000000001,1.1687162100456623
1.479000000000001,1.168886681887367
1.4800000000000009,1.1690571537290717
1.4810000000000008,1.1692538812785391
1.482000000000001,1.1694624048706244
1.483000000000001,1.1696709284627096
1.4840000000000009,1.1698794520547948
1.4850000000000008,1.1700879756468798
1.486000000000001,1.1702964992389653
1.487000000000001,1.1704962310030396
1.4880000000000009,1.1706314893617022
1.4890000000000008,1.170766747720365
1.490000000000001,1.1709020060790274
1.491000000000001,1.17103726443769
1.4920000000000009,1.1711725227963528
1.4930000000000008,1.1713077811550152
1.494000000000001,1.171492465753425
1.495000000000001,1.171719254185693
1.4960000000000009,1.1719460426179606
1.4970000000000008,1.1721728310502284
1.498000000000001,1.1723996194824964
1.499000000000001,1.1726264079147644
1.5000000000000009,1.1728531963470321
1.5010000000000008,1.1731430395136782
1.5020000000000011,1.173434832826748
1.503000000000001,1.1737266261398178
1.504000000000001,1.1740184194528878
1.5050000000000008,1.1743102127659577
1.5060000000000011,1.1746020060790276
1.507000000000001,1.1747550684931505
1.508000000000001,1.1746911415525114
1.5090000000000008,1.1746272146118721
1.5100000000000011,1.1745632876712329
1.511000000000001,1.1744993607305936
1.512000000000001,1.1744354337899543
1.5130000000000008,1.174371506849315
1.5140000000000011,1.1745942857142861
1.515000000000001,1.1748800000000004
1.516000000000001,1.1751657142857146
1.5170000000000008,1.1754514285714288
1.5180000000000011,1.1757371428571433
1.519000000000001,1.1760228571428575
1.520000000000001,1.176313789954338
1.5210000000000008,1.1766212480974128
1.5220000000000011,1.1769287062404874
1.523000000000001,1.177236164383562
1.524000000000001,1.1775436225266365
1.5250000000000008,1.1778510806697111
1.5260000000000011,1.1781585388127858
1.527000000000001,1.1783597872340428
1.528000000000001,1.1785087234042555
1.5290000000000008,1.1786576595744682
1.5300000000000011,1.1788065957446812
1.531000000000001,1.1789555319148939
1.532000000000001,1.1791044680851066
1.5330000000000008,1.1792430136986303
1.5340000000000011,1.179276499238965
1.535000000000001,1.1793099847792998
1.536000000000001,1.1793434703196348
1.5370000000000008,1.1793769558599696
1.5380000000000011,1.1794104414003044
1.539000000000001,1.1794439269406394
1.540000000000001,1.1796686322188452
1.5410000000000008,1.1800698480243164
1.5420000000000011,1.1804710638297877
1.543000000000001,1.1808722796352586
1.544000000000001,1.1812734954407298
1.5450000000000008,1.181674711246201
1.5460000000000012,1.182075927051672
1.547000000000001,1.1822000000000001
1.548000000000001,1.1823063829787235
1.5490000000000008,1.1824127659574468
1.5500000000000012,1.1825191489361704
1.551000000000001,1.1826255319148937
1.552000000000001,1.1827319148936173
1.5530000000000008,1.1828794520547947
1.5540000000000012,1.183100152207002
1.555000000000001,1.183320852359209
1.556000000000001,1.1835415525114157
1.5570000000000008,1.1837622526636227
1.5580000000000012,1.1839829528158299
1.559000000000001,1.1842036529680369
1.560000000000001,1.1844805167173256
1.5610000000000008,1.1847723100303955
1.5620000000000012,1.1850641033434655
1.563000000000001,1.1853558966565354
1.564000000000001,1.1856476899696053
1.5650000000000008,1.185939483282675
1.5660000000000012,1.186171595744681
1.567000000000001,1.1861791945288755
1.568000000000001,1.18618679331307
1.5690000000000008,1.1861943920972646
1.5700000000000012,1.1862019908814592
1.571000000000001,1.1862095896656535
1.572000000000001,1.186217188449848
1.5730000000000008,1.1864153191489364
1.5740000000000012,1.1867253495440733
1.575000000000001,1.1870353799392102
1.576000000000001,1.1873454103343468
1.5770000000000008,1.1876554407294837
1.5780000000000012,1.1879654711246206
1.579000000000001,1.1882736986301374
1.580000000000001,1.188547671232877
1.5810000000000008,1.1888216438356167
1.5820000000000012,1.1890956164383566
1.583000000000001,1.1893695890410962
1.584000000000001,1.189643561643836
1.5850000000000009,1.1899175342465758
1.5860000000000012,1.190134407294833
1.587000000000001,1.1902894224924014
1.588000000000001,1.1904444376899699
1.5890000000000009,1.190599452887538
1.5900000000000012,1.1907544680851065
1.591000000000001,1.190909483282675
1.592000000000001,1.1910644984802432
1.5930000000000009,1.191183951367781
1.5940000000000012,1.191299452887538
1.595000000000001,1.191414954407295
1.596000000000001,1.1915304559270519
1.5970000000000009,1.1916459574468086
1.5980000000000012,1.1917614589665655
1.599000000000001,1.1918769604863224
1.600000000000001,1.1919924620060791
1.6010000000000009,1.192107963525836
1.6020000000000012,1.192223465045593
1.603000000000001,1.1923389665653497
1.604000000000001,1.1924544680851066
1.6050000000000009,1.1925699696048635
1.6060000000000012,1.1928350455927057
1.607000000000001,1.193152674772037
1.608000000000001,1.193470303951368
1.6090000000000009,1.1937879331306995
1.6100000000000012,1.1941055623100307
1.611000000000001,1.1944231914893622
1.612000000000001,1.1946712765957446
1.6130000000000009,1.1945542553191488
1.6140000000000012,1.194437234042553
1.615000000000001,1.1943202127659573
1.616000000000001,1.1942031914893616
1.6170000000000009,1.1940861702127659
1.6180000000000012,1.1939691489361701
1.619000000000001,1.1940680851063834
1.620000000000001,1.1943234042553195
1.6210000000000009,1.1945787234042555
1.6220000000000012,1.1948340425531918
1.623000000000001,1.1950893617021279
1.624000000000001,1.1953446808510642
1.6250000000000009,1.1956000000000002
1.6260000000000012,1.1959525835866265
1.6270000000000011,1.1963051671732527
1.628000000000001,1.1966577507598788
1.629000000000001,1.1970103343465048
1.6300000000000012,1.197362917933131
1.6310000000000011,1.1977155015197574
1.632000000000001,1.1979576595744683
1.633000000000001,1.1980473252279638
1.6340000000000012,1.1981369908814592
1.6350000000000011,1.1982266565349546
1.636000000000001,1.1983163221884499
1.637000000000001,1.1984059878419453
1.6380000000000012,1.1984956534954407
1.6390000000000011,1.1988138297872344
1.640000000000001,1.199175531914894
1.641000000000001,1.1995372340425534
1.6420000000000012,1.1998989361702133
1.6430000000000011,1.2002606382978727
1.644000000000001,1.2006223404255323
1.645000000000001,1.2009319673376377
1.6460000000000012,1.201093380174706
1.6470000000000011,1.2012547930117738
1.648000000000001,1.2014162058488418
1.649000000000001,1.2015776186859097
1.6500000000000012,1.2017390315229777
1.6510000000000011,1.2019004443600456
1.652000000000001,1.2020618571971138
1.653000000000001,1.2022232700341817
1.6540000000000012,1.2023846828712497
1.6550000000000011,1.2025460957083176
1.656000000000001,1.2027075085453856
1.657000000000001,1.2028689213824535
1.6580000000000013,1.2030303342195217
1.6590000000000011,1.2031917470565896
1.660000000000001,1.2033531598936575
1.661000000000001,1.2035145727307255
1.6620000000000013,1.2036759855677934
1.6630000000000011,1.2038373984048614
1.664000000000001,1.2039988112419295
1.665000000000001,1.2041602240789975
1.6660000000000013,1.2043216369160654
1.6670000000000011,1.2044830497531334
1.668000000000001,1.2046444625902013
1.669000000000001,1.2048058754272692
1.6700000000000013,1.2049672882643374
1.6710000000000012,1.2051287011014054
1.672000000000001,1.2053883763277695
1.673000000000001,1.2056554476479515
1.6740000000000013,1.2059225189681337
1.6750000000000012,1.206189590288316
1.676000000000001,1.206456661608498
1.677000000000001,1.2067237329286802
1.6780000000000013,1.2069304863221886
1.6790000000000012,1.207020151975684
1.680000000000001,1.2071098176291795
1.681000000000001,1.207199483282675
1.6820000000000013,1.2072891489361703
1.6830000000000012,1.2073788145896658
1.684000000000001,1.2074684802431612
1.685000000000001,1.207704832826748
1.6860000000000013,1.2079875075987845
1.6870000000000012,1.2082701823708208
1.688000000000001,1.2085528571428574
1.689000000000001,1.2088355319148938
1.6900000000000013,1.2091182066869304
1.6910000000000012,1.2094365857359641
1.692000000000001,1.2099176176024284
1.693000000000001,1.2103986494688928
1.6940000000000013,1.2108796813353573
1.6950000000000012,1.2113607132018216
1.696000000000001,1.211841745068286
1.697000000000001,1.2123227769347502
1.6980000000000013,1.2125729027355625
1.6990000000000012,1.212662568389058
1.700000000000001,1.2127522340425534
1.701000000000001,1.2128418996960488
1.7020000000000013,1.2129315653495443
1.7030000000000012,1.2130212310030397
1.704000000000001,1.2131121092564494
1.705000000000001,1.213323034901366
1.7060000000000013,1.2135339605462825
1.7070000000000012,1.213744886191199
1.708000000000001,1.2139558118361156
1.709000000000001,1.214166737481032
1.7100000000000013,1.2143776631259486
1.7110000000000012,1.214556170212766
1.712000000000001,1.2146899088145897
1.713000000000001,1.2148236474164134
1.7140000000000013,1.2149573860182372
1.7150000000000012,1.2150911246200609
1.716000000000001,1.2152248632218845
1.717000000000001,1.2153586018237084
1.7180000000000013,1.2154896206373293
1.7190000000000012,1.2156201213960547
1.720000000000001,1.21575062215478
1.721000000000001,1.2158811229135054
1.7220000000000013,1.2160116236722307
1.7230000000000012,1.216142124430956
1.724000000000001,1.2163110486322193
1.725000000000001,1.2165952431610945
1.7260000000000013,1.21687943768997
1.7270000000000012,1.2171636322188453
1.728000000000001,1.2174478267477207
1.729000000000001,1.217732021276596
1.7300000000000013,1.2180162158054715
1.7310000000000012,1.2183245220030354
1.732000000000001,1.2186447040971173
1.733000000000001,1.2189648861911992
1.7340000000000013,1.2192850682852812
1.7350000000000012,1.219605250379363
1.736000000000001,1.219925432473445
1.737000000000001,1.220217450682853
1.7380000000000013,1.220185584218513
1.7390000000000012,1.220153717754173
1.740000000000001,1.220121851289833
1.741000000000001,1.2200899848254931
1.7420000000000013,1.2200581183611532
1.7430000000000012,1.2200262518968135
1.744000000000001,1.22019170212766
1.745000000000001,1.220562522796353
1.7460000000000013,1.2209333434650462
1.7470000000000012,1.221304164133739
1.748000000000001,1.221674984802432
1.749000000000001,1.222045805471125
1.7500000000000013,1.2224166261398182
1.7510000000000012,1.222505235204856
1.7520000000000011,1.22256593323217
1.753000000000001,1.2226266312594842
1.7540000000000013,1.2226873292867984
1.7550000000000012,1.2227480273141125
1.7560000000000011,1.2228087253414264
1.757000000000001,1.222938861911988
1.7580000000000013,1.2232165553869503
1.7590000000000012,1.2234942488619123
1.7600000000000011,1.2237719423368743
1.761000000000001,1.2240496358118365
1.7620000000000013,1.2243273292867984
1.7630000000000012,1.2246050227617606
1.7640000000000011,1.224724376899696
1.765000000000001,1.2247851671732524
1.7660000000000013,1.2248459574468085
1.7670000000000012,1.2249067477203648
1.7680000000000011,1.224967537993921
1.769000000000001,1.2250283282674772
1.7700000000000014,1.2251009408194236
1.7710000000000012,1.225240546282246
1.7720000000000011,1.2253801517450684
1.773000000000001,1.2255197572078909
1.7740000000000014,1.2256593626707133
1.7750000000000012,1.2257989681335357
1.7760000000000011,1.2259385735963582
1.777000000000001,1.2261138694992415
1.7780000000000014,1.2263172078907438
1.7790000000000012,1.226520546282246
1.7800000000000011,1.2267238846737483
1.781000000000001,1.2269272230652506
1.7820000000000014,1.227130561456753
1.7830000000000013,1.227333899848255
1.7840000000000011,1.2274577541729894
1.785000000000001,1.2275791502276177
1.7860000000000014,1.227700546282246
1.7870000000000013,1.2278219423368741
1.7880000000000011,1.2279433383915024
1.789000000000001,1.2280647344461306
1.7900000000000014,1.2281728679817907
1.7910000000000013,1.2282593626707132
1.7920000000000011,1.228345857359636
1.793000000000001,1.2284323520485585
1.7940000000000014,1.2285188467374812
1.7950000000000013,1.2286053414264038
1.7960000000000012,1.2286918361153263
1.797000000000001,1.2287052048558422
1.7980000000000014,1.2286991350531107
1.7990000000000013,1.2286930652503794
1.8000000000000012,1.228686995447648
1.801000000000001,1.2286809256449167
1.8020000000000014,1.2286748558421852
1.8030000000000013,1.228711274658574
1.8040000000000012,1.2289176479514419
1.805000000000001,1.22912402124431
1.8060000000000014,1.2293303945371779
1.8070000000000013,1.2295367678300457
1.8080000000000012,1.2297431411229138
1.809000000000001,1.2299495144157817
1.8100000000000014,1.2301123823975721
1.8110000000000013,1.2302474355083461
1.8120000000000012,1.23038248861912
1.813000000000001,1.230517541729894
1.8140000000000014,1.230652594840668
1.8150000000000013,1.2307876479514417
1.8160000000000012,1.2309234294385434
1.817000000000001,1.2310949013657058
1.8180000000000014,1.2312663732928684
1.8190000000000013,1.2314378452200305
1.8200000000000012,1.231609317147193
1.821000000000001,1.2317807890743553
1.8220000000000014,1.2319522610015177
1.8230000000000013,1.2320826251896815
1.8240000000000012,1.2321584977238242
1.825000000000001,1.2322343702579668
1.8260000000000014,1.2323102427921093
1.8270000000000013,1.232386115326252
1.8280000000000012,1.2324619878603946
1.829000000000001,1.2325378603945374
1.8300000000000014,1.2326150075872535
1.8310000000000013,1.2326923975720792
1.8320000000000012,1.2327697875569046
1.833000000000001,1.23284717754173
1.8340000000000014,1.2329245675265554
1.8350000000000013,1.233001957511381
1.8360000000000012,1.2330554476479514
1.837000000000001,1.2330372382397572
1.8380000000000014,1.233019028831563
1.8390000000000013,1.2330008194233688
1.8400000000000012,1.2329826100151744
1.841000000000001,1.2329644006069802
1.8420000000000014,1.232946191198786
1.8430000000000013,1.2331012443095601
1.8440000000000012,1.2333455538694995
1.845000000000001,1.2335898634294387
1.8460000000000014,1.2338341729893783
1.8470000000000013,1.2340784825493174
1.8480000000000012,1.2343227921092568
1.849000000000001,1.2345523368740516
1.8500000000000014,1.2345857207890745
1.8510000000000013,1.2346191047040973
1.8520000000000012,1.23465248861912
1.853000000000001,1.2346858725341427
1.8540000000000014,1.2347192564491656
1.8550000000000013,1.2347526403641884
1.8560000000000012,1.234772181818182
1.857000000000001,1.2347767272727275
1.8580000000000014,1.234781272727273
1.8590000000000013,1.234785818181818
1.8600000000000012,1.2347903636363635
1.861000000000001,1.234794909090909
1.8620000000000014,1.2347994545454544
1.8630000000000013,1.2350657359635815
1.8640000000000012,1.2353677086494692
1.865000000000001,1.235669681335357
1.8660000000000014,1.2359716540212446
1.8670000000000013,1.2362736267071324
1.8680000000000012,1.23657559939302
1.869000000000001,1.2366663429438538
1.8700000000000014,1.236239939301972
1.8710000000000013,1.2358135356600903
1.8720000000000012,1.2353871320182088
1.873000000000001,1.234960728376327
1.8740000000000014,1.2345343247344454
1.8750000000000013,1.2341079210925638
1.8760000000000012,1.233952424242424
1.8770000000000011,1.2339130303030301
1.8780000000000014,1.2338736363636362
1.8790000000000013,1.2338342424242423
1.8800000000000012,1.2337948484848484
1.8810000000000011,1.2337554545454545
1.8820000000000014,1.2336984522003034
1.8830000000000013,1.2334829742033382
1.8840000000000012,1.2332674962063732
1.8850000000000011,1.233052018209408
1.8860000000000015,1.2328365402124428
1.8870000000000013,1.2326210622154776
1.8880000000000012,1.2324055842185127
1.8890000000000011,1.2321243247344458
1.8900000000000015,1.2317798634294381
1.8910000000000013,1.2314354021244305
1.8920000000000012,1.2310909408194228
1.8930000000000011,1.2307464795144154
1.8940000000000015,1.2304020182094075
1.8950000000000014,1.2300575569044
1.8960000000000012,1.2296229696969692
1.8970000000000011,1.229180545454545
1.8980000000000015,1.2287381212121207
1.8990000000000014,1.2282956969696965
1.9000000000000012,1.2278532727272722
1.9010000000000011,1.227410848484848
1.9020000000000015,1.2269915174506825
1.9030000000000014,1.2266212594840664
1.9040000000000012,1.2262510015174504
1.9050000000000011,1.2258807435508343
1.9060000000000015,1.225510485584218
1.9070000000000014,1.2251402276176022
1.9080000000000013,1.2247699696509862
1.9090000000000011,1.2244089696969696
1.9100000000000015,1.2240513939393936
1.9110000000000014,1.2236938181818178
1.9120000000000013,1.223336242424242
1.9130000000000011,1.2229786666666664
1.9140000000000015,1.2226210909090904
1.9150000000000014,1.2222841578148709
1.9160000000000013,1.222085371775417
1.9170000000000011,1.2218865857359633
1.9180000000000015,1.2216877996965096
1.9190000000000014,1.221489013657056
1.9200000000000013,1.2212902276176023
1.9210000000000012,1.2210914415781486
1.9220000000000015,1.2210949090909093
1.9230000000000014,1.221270666666667
1.9240000000000013,1.2214464242424246
1.9250000000000012,1.221622181818182
1.9260000000000015,1.2217979393939398
1.9270000000000014,1.2219736969696973
1.9280000000000013,1.222149454545455
1.9290000000000012,1.222171411229135
1.9300000000000015,1.222183550834598
1.9310000000000014,1.2221956904400608
1.9320000000000013,1.2222078300455237
1.9330000000000012,1.2222199696509863
1.9340000000000015,1.2222321092564492
1.9350000000000014,1.2224081060606067
1.9360000000000013,1.2228884090909098
1.9370000000000012,1.2233687121212127
1.9380000000000015,1.223849015151516
1.9390000000000014,1.224329318181819
1.9400000000000013,1.224809621212122
1.9410000000000012,1.2252899242424249
1.9420000000000015,1.2254395454545457
1.9430000000000014,1.2254789393939396
1.9440000000000013,1.2255183333333335
1.9450000000000012,1.2255577272727274
1.9460000000000015,1.2255971212121213
1.9470000000000014,1.2256365151515152
1.9480000000000013,1.2257148406676788
1.9490000000000012,1.2260137784522007
1.9500000000000015,1.2263127162367227
1.9510000000000014,1.2266116540212448
1.9520000000000013,1.2269105918057668
1.9530000000000012,1.2272095295902887
1.9540000000000015,1.2275084673748107
1.9550000000000014,1.2277155151515153
1.9560000000000013,1.2278503636363638
1.9570000000000012,1.2279852121212123
1.9580000000000015,1.2281200606060607
1.9590000000000014,1.2282549090909092
1.9600000000000013,1.2283897575757576
1.9610000000000012,1.228524606060606
1.9620000000000015,1.2285532727272728
1.9630000000000014,1.228577515151515
1.9640000000000013,1.2286017575757575
1.9650000000000012,1.228626
1.9660000000000015,1.2286502424242425
1.9670000000000014,1.228674484848485
1.9680000000000013,1.2287178181818184
1.9690000000000012,1.228795090909091
1.9700000000000015,1.2288723636363639
1.9710000000000014,1.2289496363636365
1.9720000000000013,1.2290269090909092
1.9730000000000012,1.229104181818182
1.9740000000000015,1.2291814545454547
1.9750000000000014,1.2292679393939396
1.9760000000000013,1.2293573333333334
1.9770000000000012,1.2294467272727274
1.9780000000000015,1.2295361212121214
1.9790000000000014,1.2296255151515152
1.9800000000000013,1.2297149090909092
1.9810000000000012,1.2297926707132019
1.9820000000000015,1.2298093626707132
1.9830000000000014,1.2298260546282245
1.9840000000000013,1.229842746585736
1.9850000000000012,1.2298594385432473
1.9860000000000015,1.2298761305007588
1.9870000000000014,1.2298928224582701
1.9880000000000013,1.229859409090909
1.9890000000000012,1.2297881969696969
1.9900000000000015,1.2297169848484848
1.9910000000000014,1.2296457727272727
1.9920000000000013,1.2295745606060606
1.9930000000000012,1.2295033484848483
1.9940000000000015,1.2294321363636362
1.9950000000000014,1.229166924242424
1.9960000000000013,1.2288957121212118
1.9970000000000012,1.2286244999999998
1.9980000000000016,1.2283532878787875
1.9990000000000014,1.2280820757575754
2.0000000000000013,1.2278108636363634
2.0010000000000012,1.2278014545454552
2.0020000000000016,1.228237818181819
2.0030000000000014,1.2286741818181826
2.0040000000000013,1.2291105454545461
2.0050000000000012,1.2295469090909097
2.0060000000000016,1.2299832727272735
2.0070000000000014,1.230419636363637
2.0080000000000013,1.230664666666667
2.0090000000000012,1.2308525454545458
2.0100000000000016,1.2310404242424247
2.0110000000000015,1.2312283030303033
2.0120000000000013,1.2314161818181821
2.0130000000000012,1.2316040606060608
2.0140000000000016,1.2318542727272737
2.0150000000000015,1.232408818181819
2.0160000000000013,1.2329633636363644
2.0170000000000012,1.2335179090909099
2.0180000000000016,1.2340724545454556
2.0190000000000015,1.2346270000000008
2.0200000000000014,1.2351815454545463
2.0210000000000012,1.2354718181818183
2.0220000000000016,1.2355627272727274
2.0230000000000015,1.2356536363636366
2.0240000000000014,1.2357445454545457
2.0250000000000012,1.2358354545454548
2.0260000000000016,1.235926363636364
2.0270000000000015,1.236017272727273
2.0280000000000014,1.236240454545455
2.0290000000000012,1.2364677272727278
2.0300000000000016,1.2366950000000005
2.0310000000000015,1.2369222727272733
2.0320000000000014,1.237149545454546
2.0330000000000013,1.2373768181818185
2.0340000000000016,1.2376459455370656
2.0350000000000015,1.2379863388804848
2.0360000000000014,1.2383267322239038
2.0370000000000013,1.2386671255673227
2.0380000000000016,1.239007518910742
2.0390000000000015,1.2393479122541609
2.0400000000000014,1.2396883055975798
2.0410000000000013,1.239915090909091
2.0420000000000016,1.2401060000000002
2.0430000000000015,1.2402969090909093
2.0440000000000014,1.2404878181818184
2.0450000000000013,1.2406787272727273
2.0460000000000016,1.2408696363636365
2.0470000000000015,1.2410372727272727
2.0480000000000014,1.2410827272727272
2.0490000000000013,1.2411281818181816
2.0500000000000016,1.2411736363636363
2.0510000000000015,1.2412190909090908
2.0520000000000014,1.2412645454545452
2.0530000000000013,1.24131
2.0540000000000016,1.2413664848484849
2.0550000000000015,1.2414316363636364
2.0560000000000014,1.241496787878788
2.0570000000000013,1.2415619393939394
2.0580000000000016,1.241627090909091
2.0590000000000015,1.2416922424242425
2.0600000000000014,1.241757393939394
2.0610000000000013,1.2419534545454547
2.0620000000000016,1.24215496969697
2.0630000000000015,1.2423564848484852
2.0640000000000014,1.2425580000000003
2.0650000000000013,1.2427595151515154
2.0660000000000016,1.2429610303030307
2.0670000000000015,1.2431248562783663
2.0680000000000014,1.2432216792738278
2.0690000000000013,1.2433185022692892
2.0700000000000016,1.2434153252647506
2.0710000000000015,1.243512148260212
2.0720000000000014,1.2436089712556733
2.0730000000000013,1.2437057942511347
2.0740000000000016,1.2436106818181816
2.0750000000000015,1.2434515909090906
2.0760000000000014,1.2432924999999997
2.0770000000000013,1.243133409090909
2.0780000000000016,1.242974318181818
2.0790000000000015,1.242815227272727
2.0800000000000014,1.2426838636363637
2.0810000000000013,1.2427096212121214
2.0820000000000016,1.2427353787878788
2.0830000000000015,1.2427611363636364
2.0840000000000014,1.242786893939394
2.0850000000000013,1.2428126515151516
2.0860000000000016,1.242838409090909
2.0870000000000015,1.2428524962178518
2.0880000000000014,1.242857034795764
2.0890000000000013,1.2428615733736763
2.0900000000000016,1.2428661119515885
2.0910000000000015,1.2428706505295009
2.0920000000000014,1.242875189107413
2.0930000000000013,1.2428797276853252
2.0940000000000016,1.2428757272727273
2.0950000000000015,1.242871181818182
2.0960000000000014,1.2428666363636363
2.0970000000000013,1.2428620909090908
2.0980000000000016,1.2428575454545454
2.0990000000000015,1.242853
2.1000000000000014,1.2428942360060518
2.1010000000000013,1.243024341906203
2.1020000000000016,1.2431544478063543
2.1030000000000015,1.2432845537065056
2.1040000000000014,1.2434146596066569
2.1050000000000013,1.2435447655068081
2.1060000000000016,1.2436748714069594
2.1070000000000015,1.2435496212121209
2.1080000000000014,1.243329924242424
2.1090000000000013,1.243110227272727
2.1100000000000017,1.24289053030303
2.1110000000000015,1.2426708333333332
2.1120000000000014,1.2424511363636361
2.1130000000000013,1.2422365960665658
2.1140000000000017,1.2420565658093796
2.1150000000000015,1.2418765355521935
2.1160000000000014,1.2416965052950075
2.1170000000000013,1.2415164750378214
2.1180000000000017,1.2413364447806352
2.1190000000000015,1.241156414523449
2.1200000000000014,1.2410833939393942
2.1210000000000013,1.2411091515151516
2.1220000000000017,1.2411349090909092
2.1230000000000016,1.2411606666666668
2.1240000000000014,1.2411864242424242
2.1250000000000013,1.2412121818181818
2.1260000000000017,1.2412379393939394
2.1270000000000016,1.2414654765506812
2.1280000000000014,1.2417105597579428
2.1290000000000013,1.2419556429652046
2.1300000000000017,1.2422007261724664
2.1310000000000016,1.2424458093797281
2.1320000000000014,1.2426908925869897
2.1330000000000013,1.242767140695915
2.1340000000000017,1.242467594553706
2.1350000000000016,1.2421680484114974
2.1360000000000015,1.2418685022692886
2.1370000000000013,1.2415689561270797
2.1380000000000017,1.241269409984871
2.1390000000000016,1.240969863842662
2.1400000000000015,1.2408937878787878
2.1410000000000013,1.2409134848484848
2.1420000000000017,1.240933181818182
2.1430000000000016,1.2409528787878787
2.1440000000000015,1.2409725757575758
2.1450000000000014,1.2409922727272726
2.1460000000000017,1.24100258698941
2.1470000000000016,1.2409284568835097
2.1480000000000015,1.2408543267776095
2.1490000000000014,1.2407801966717094
2.1500000000000017,1.2407060665658092
2.1510000000000016,1.2406319364599092
2.1520000000000015,1.240557806354009
2.1530000000000014,1.240488124054463
2.1540000000000017,1.2404230711043873
2.1550000000000016,1.2403580181543115
2.1560000000000015,1.2402929652042358
2.1570000000000014,1.2402279122541602
2.1580000000000017,1.2401628593040845
2.1590000000000016,1.240097806354009
2.1600000000000015,1.239991333333333
2.1610000000000014,1.2398792121212119
2.1620000000000017,1.2397670909090908
2.1630000000000016,1.2396549696969694
2.1640000000000015,1.2395428484848483
2.1650000000000014,1.239430727272727
2.1660000000000017,1.2392339334341897
2.1670000000000016,1.2388194099848706
2.1680000000000015,1.2384048865355515
2.1690000000000014,1.2379903630862323
2.1700000000000017,1.237575839636913
2.1710000000000016,1.2371613161875938
2.1720000000000015,1.2367467927382747
2.1730000000000014,1.2361457639939477
2.1740000000000017,1.2354528744326767
2.1750000000000016,1.234759984871406
2.1760000000000015,1.2340670953101351
2.1770000000000014,1.2333742057488646
2.1780000000000017,1.2326813161875936
2.1790000000000016,1.2320396217851741
2.1800000000000015,1.2321999848714071
2.1810000000000014,1.2323603479576402
2.1820000000000017,1.2325207110438732
2.1830000000000016,1.2326810741301062
2.1840000000000015,1.2328414372163392
2.1850000000000014,1.233001800302572
2.1860000000000017,1.2328905295007557
2.1870000000000016,1.232447261724659
2.1880000000000015,1.2320039939485623
2.1890000000000014,1.2315607261724655
2.1900000000000017,1.2311174583963684
2.1910000000000016,1.2306741906202716
2.1920000000000015,1.230230922844175
2.1930000000000014,1.2299363388804838
2.1940000000000017,1.2296700756429648
2.1950000000000016,1.2294038124054458
2.1960000000000015,1.229137549167927
2.1970000000000014,1.228871285930408
2.1980000000000017,1.228605022692889
2.1990000000000016,1.2282896974281383
2.2000000000000015,1.2278101210287435
2.2010000000000014,1.2273305446293488
2.2020000000000017,1.2268509682299538
2.2030000000000016,1.2263713918305588
2.2040000000000015,1.225891815431164
2.2050000000000014,1.2254122390317692
2.2060000000000017,1.2250733585476545
2.2070000000000016,1.2248207110438722
2.2080000000000015,1.2245680635400902
2.2090000000000014,1.2243154160363081
2.2100000000000017,1.224062768532526
2.2110000000000016,1.223810121028744
2.2120000000000015,1.2235552344931915
2.2130000000000014,1.2230786838124048
2.2140000000000017,1.222602133131618
2.2150000000000016,1.2221255824508312
2.2160000000000015,1.2216490317700446
2.2170000000000014,1.221172481089258
2.2180000000000017,1.2206959304084712
2.2190000000000016,1.2202859455370645
2.2200000000000015,1.2199758093797273
2.2210000000000014,1.2196656732223898
2.2220000000000018,1.2193555370650524
2.2230000000000016,1.219045400907715
2.2240000000000015,1.2187352647503777
2.2250000000000014,1.2184251285930403
2.2260000000000018,1.2179154009077144
2.2270000000000016,1.2173526172465952
2.2280000000000015,1.2167898335854757
2.2290000000000014,1.2162270499243562
2.2300000000000018,1.2156642662632364
2.2310000000000016,1.215101482602117
2.2320000000000015,1.214521543116489
2.2330000000000014,1.2138634493192122
2.2340000000000018,1.2132053555219353
2.2350000000000017,1.2125472617246584
2.2360000000000015,1.2118891679273818
2.2370000000000014,1.211231074130105
2.2380000000000018,1.2105729803328278
2.2390000000000017,1.209951104387291
2.2400000000000015,1.2093565506807857
2.2410000000000014,1.2087619969742804
2.2420000000000018,1.2081674432677751
2.2430000000000017,1.2075728895612698
2.2440000000000015,1.2069783358547646
2.2450000000000014,1.2063837821482595
2.2460000000000018,1.2060433888048407
2.2470000000000017,1.2057135854765502
2.2480000000000016,1.2053837821482598
2.2490000000000014,1.2050539788199695
2.2500000000000018,1.2047241754916789
2.2510000000000017,1.2043943721633883
2.2520000000000016,1.2040763746223562
2.2530000000000014,1.2037803021148032
2.254000000000002,1.2034842296072503
2.2550000000000017,1.2031881570996974
2.2560000000000016,1.2028920845921447
2.2570000000000014,1.2025960120845918
2.258000000000002,1.2022999395770388
2.2590000000000017,1.2022829500756431
2.2600000000000016,1.202369183055976
2.2610000000000015,1.2024554160363088
2.262000000000002,1.2025416490166416
2.2630000000000017,1.2026278819969745
2.2640000000000016,1.2027141149773073
2.2650000000000015,1.202777110438729
2.266000000000002,1.202669697428139
2.2670000000000017,1.202562284417549
2.2680000000000016,1.202454871406959
2.2690000000000015,1.202347458396369
2.270000000000002,1.2022400453857789
2.2710000000000017,1.2021326323751889
2.2720000000000016,1.2020105597579422
2.2730000000000015,1.2018744024205748
2.274000000000002,1.201738245083207
2.2750000000000017,1.2016020877458393
2.2760000000000016,1.2014659304084718
2.2770000000000015,1.2013297730711041
2.278000000000002,1.2011936157337364
2.2790000000000017,1.2009339274924467
2.2800000000000016,1.2006605135951656
2.2810000000000015,1.2003870996978847
2.282000000000002,1.2001136858006036
2.2830000000000017,1.1998402719033228
2.2840000000000016,1.199566858006042
2.2850000000000015,1.1992717246596063
2.286000000000002,1.1989207413010583
2.2870000000000017,1.1985697579425107
2.2880000000000016,1.1982187745839632
2.2890000000000015,1.1978677912254154
2.290000000000002,1.1975168078668676
2.2910000000000017,1.19716582450832
2.2920000000000016,1.1968749093655584
2.2930000000000015,1.1966135800604225
2.294000000000002,1.1963522507552866
2.2950000000000017,1.1960909214501507
2.2960000000000016,1.1958295921450148
2.2970000000000015,1.195568262839879
2.298000000000002,1.1953077458396366
2.2990000000000017,1.195062662632375
2.3000000000000016,1.1948175794251132
2.3010000000000015,1.1945724962178514
2.302000000000002,1.1943274130105896
2.3030000000000017,1.1940823298033278
2.3040000000000016,1.1938372465960663
2.3050000000000015,1.1935617522658606
2.306000000000002,1.19324755287009
2.3070000000000017,1.1929333534743196
2.3080000000000016,1.1926191540785493
2.3090000000000015,1.192304954682779
2.310000000000002,1.1919907552870086
2.3110000000000017,1.191676555891238
2.3120000000000016,1.191323509833585
2.3130000000000015,1.1909619364599087
2.314000000000002,1.1906003630862323
2.3150000000000017,1.1902387897125561
2.3160000000000016,1.18987721633888
2.3170000000000015,1.1895156429652036
2.318000000000002,1.1891532326283982
2.3190000000000017,1.1887876737160115
2.3200000000000016,1.188422114803625
2.3210000000000015,1.1880565558912382
2.322000000000002,1.1876909969788514
2.3230000000000017,1.1873254380664646
2.3240000000000016,1.186959879154078
2.3250000000000015,1.1865529349470494
2.326000000000002,1.1861172314674728
2.3270000000000017,1.1856815279878965
2.3280000000000016,1.18524582450832
2.3290000000000015,1.1848101210287436
2.330000000000002,1.184374417549167
2.3310000000000017,1.1839387140695907
2.3320000000000016,1.1839137160120845
2.3330000000000015,1.1838970996978853
2.334000000000002,1.1838804833836858
2.3350000000000017,1.1838638670694863
2.3360000000000016,1.183847250755287
2.3370000000000015,1.1838306344410876
2.338000000000002,1.1837373413897276
2.3390000000000017,1.1835077341389724
2.3400000000000016,1.183278126888217
2.3410000000000015,1.1830485196374618
2.342000000000002,1.1828189123867066
2.3430000000000017,1.182589305135951
2.3440000000000016,1.1823596978851958
2.3450000000000015,1.1821891679273824
2.346000000000002,1.182039394856278
2.3470000000000018,1.1818896217851738
2.3480000000000016,1.1817398487140693
2.3490000000000015,1.181590075642965
2.350000000000002,1.1814403025718605
2.3510000000000018,1.1813649848942607
2.3520000000000016,1.181787945619336
2.3530000000000015,1.1822109063444115
2.354000000000002,1.1826338670694871
2.3550000000000018,1.1830568277945626
2.3560000000000016,1.183479788519638
2.3570000000000015,1.1839027492447136
2.358000000000002,1.1840529909365558
2.3590000000000018,1.1839412084592142
2.3600000000000017,1.183829425981873
2.3610000000000015,1.1837176435045316
2.362000000000002,1.1836058610271902
2.3630000000000018,1.1834940785498487
2.3640000000000017,1.1833822960725073
2.3650000000000015,1.183768547655069
2.366000000000002,1.184216354009078
2.3670000000000018,1.184664160363087
2.3680000000000017,1.1851119667170962
2.3690000000000015,1.1855597730711052
2.370000000000002,1.1860075794251141
2.3710000000000018,1.1863663746223567
2.3720000000000017,1.1864962839879156
2.3730000000000016,1.1866261933534745
2.374000000000002,1.1867561027190334
2.3750000000000018,1.1868860120845923
2.3760000000000017,1.1870159214501512
2.3770000000000016,1.1871458308157101
2.378000000000002,1.187304652567976
2.379000000000002,1.1874783685800607
2.3800000000000017,1.1876520845921452
2.3810000000000016,1.18782580060423
2.382000000000002,1.1879995166163144
2.383000000000002,1.1881732326283991
2.3840000000000017,1.188352024169185
2.3850000000000016,1.1886526283987922
2.386000000000002,1.1889532326283994
2.387000000000002,1.1892538368580066
2.3880000000000017,1.1895544410876138
2.3890000000000016,1.189855045317221
2.390000000000002,1.1901556495468284
2.391000000000002,1.190336344410876
2.3920000000000017,1.1903514501510573
2.3930000000000016,1.1903665558912386
2.394000000000002,1.1903816616314198
2.395000000000002,1.1903967673716012
2.3960000000000017,1.1904118731117823
2.3970000000000016,1.1904269788519637
2.398000000000002,1.1905605135951662
2.399000000000002,1.190723655589124
2.4000000000000017,1.1908867975830817
2.4010000000000016,1.1910499395770395
2.4020000000000015,1.1912130815709971
2.403000000000002,1.191376223564955
2.4040000000000017,1.1915192447129912
2.4050000000000016,1.1915706042296075
2.406000000000002,1.1916219637462238
2.407000000000002,1.19167332326284
2.4080000000000017,1.1917246827794563
2.4090000000000016,1.1917760422960726
2.4100000000000015,1.1918274018126889
2.411000000000002,1.1918381570996979
2.4120000000000017,1.1918170090634441
2.4130000000000016,1.1917958610271904
2.414000000000002,1.1917747129909366
2.415000000000002,1.1917535649546829
2.4160000000000017,1.191732416918429
2.4170000000000016,1.1917112688821752
2.4180000000000015,1.1916574622356495
2.419000000000002,1.1916015709969787
2.4200000000000017,1.1915456797583082
2.4210000000000016,1.1914897885196374
2.422000000000002,1.1914338972809668
2.423000000000002,1.191378006042296
2.4240000000000017,1.191290694864048
2.4250000000000016,1.1911366163141992
2.4260000000000015,1.1909825377643504
2.427000000000002,1.1908284592145013
2.4280000000000017,1.1906743806646523
2.4290000000000016,1.1905203021148034
2.430000000000002,1.1903662235649544
2.431000000000002,1.190275589123867
2.4320000000000017,1.1902121450151057
2.4330000000000016,1.1901487009063443
2.4340000000000015,1.190085256797583
2.435000000000002,1.1900218126888216
2.4360000000000017,1.1899583685800603
2.4370000000000016,1.1898816314199392
2.438000000000002,1.189652024169184
2.439000000000002,1.1894224169184286
2.4400000000000017,1.1891928096676734
2.4410000000000016,1.188963202416918
2.4420000000000015,1.1887335951661628
2.443000000000002,1.1885039879154073
2.4440000000000017,1.1882662141779785
2.4450000000000016,1.1880188536953238
2.446000000000002,1.187771493212669
2.447000000000002,1.1875241327300146
2.4480000000000017,1.18727677224736
2.4490000000000016,1.1870294117647053
2.4500000000000015,1.1867820512820508
2.451000000000002,1.1867036404833835
2.4520000000000017,1.186659833836858
2.4530000000000016,1.186616027190332
2.454000000000002,1.1865722205438065
2.455000000000002,1.186528413897281
2.4560000000000017,1.186484607250755
2.4570000000000016,1.1863881419939573
2.4580000000000015,1.1860935800604226
2.459000000000002,1.1857990181268878
2.4600000000000017,1.185504456193353
2.4610000000000016,1.1852098942598184
2.462000000000002,1.1849153323262833
2.463000000000002,1.1846207703927487
2.4640000000000017,1.1843137311178242
2.4650000000000016,1.1839980211480357
2.4660000000000015,1.1836823111782473
2.467000000000002,1.1833666012084585
2.4680000000000017,1.1830508912386701
2.4690000000000016,1.1827351812688816
2.470000000000002,1.182419471299093
2.471000000000002,1.18233245852187
2.4720000000000018,1.1822525188536952
2.4730000000000016,1.1821725791855202
2.4740000000000015,1.1820926395173452
2.475000000000002,1.1820126998491702
2.4760000000000018,1.1819327601809952
2.4770000000000016,1.1818332628398787
2.478000000000002,1.181695800604229
2.479000000000002,1.1815583383685797
2.4800000000000018,1.1814208761329301
2.4810000000000016,1.1812834138972808
2.4820000000000015,1.1811459516616312
2.483000000000002,1.1810084894259816
2.4840000000000018,1.1808220845921447
2.4850000000000017,1.1806166465256795
2.486000000000002,1.1804112084592142
2.487000000000002,1.1802057703927489
2.4880000000000018,1.1800003323262838
2.4890000000000017,1.1797948942598184
2.4900000000000015,1.1795971794871793
2.491000000000002,1.1794689743589741
2.4920000000000018,1.1793407692307691
2.4930000000000017,1.179212564102564
2.494000000000002,1.1790843589743587
2.495000000000002,1.1789561538461537
2.4960000000000018,1.1788279487179485
2.4970000000000017,1.1787871016691958
2.4980000000000016,1.1788447647951443
2.499000000000002,1.1789024279210927
2.5000000000000018,1.178960091047041
2.5010000000000017,1.1790177541729894
2.502000000000002,1.1790754172989377
2.503000000000002,1.179133080424886
2.504000000000002,1.1790279999999997
2.5050000000000017,1.178900727272727
2.5060000000000016,1.1787734545454542
2.507000000000002,1.1786461818181815
2.508000000000002,1.1785189090909087
2.5090000000000017,1.178391636363636
2.510000000000002,1.1782554545454542
2.511000000000002,1.1780963636363633
2.512000000000002,1.1779372727272723
2.5130000000000017,1.1777781818181814
2.5140000000000016,1.1776190909090907
2.515000000000002,1.1774599999999995
2.516000000000002,1.1773009090909088
2.5170000000000017,1.1771902424242422
2.518000000000002,1.1771023636363633
2.519000000000002,1.1770144848484847
2.520000000000002,1.1769266060606058
2.5210000000000017,1.1768387272727272
2.5220000000000016,1.1767508484848483
2.523000000000002,1.1766446282245822
2.524000000000002,1.176327481031866
2.5250000000000017,1.1760103338391497
2.526000000000002,1.1756931866464333
2.527000000000002,1.1753760394537172
2.528000000000002,1.1750588922610008
2.5290000000000017,1.1747417450682847
2.5300000000000016,1.1746854242424245
2.531000000000002,1.1749005757575761
2.532000000000002,1.1751157272727277
2.5330000000000017,1.1753308787878791
2.534000000000002,1.1755460303030307
2.535000000000002,1.1757611818181821
2.536000000000002,1.1759763333333337
2.5370000000000017,1.175991909090909
2.5380000000000016,1.1759828181818182
2.539000000000002,1.1759737272727273
2.540000000000002,1.1759646363636362
2.5410000000000017,1.1759555454545454
2.542000000000002,1.1759464545454545
2.543000000000002,1.1759057272727271
2.544000000000002,1.1757875454545452
2.5450000000000017,1.1756693636363633
2.5460000000000016,1.1755511818181816
2.547000000000002,1.1754329999999997
2.548000000000002,1.1753148181818178
2.5490000000000017,1.1751966363636361
2.550000000000002,1.1752133181818183
2.551000000000002,1.1752905909090912
2.552000000000002,1.1753678636363638
2.5530000000000017,1.1754451363636365
2.5540000000000016,1.1755224090909093
2.555000000000002,1.175599681818182
2.556000000000002,1.1756959090909096
2.5570000000000017,1.1759837878787884
2.558000000000002,1.1762716666666673
2.559000000000002,1.176559545454546
2.560000000000002,1.1768474242424247
2.5610000000000017,1.1771353030303036
2.5620000000000016,1.1774231818181822
2.563000000000002,1.177451954545454
2.564000000000002,1.177211045454545
2.5650000000000017,1.176970136363636
2.566000000000002,1.1767292272727268
2.567000000000002,1.1764883181818178
2.568000000000002,1.1762474090909085
2.5690000000000017,1.1760064999999995
2.5700000000000016,1.1761566515151518
2.571000000000002,1.1763551363636369
2.572000000000002,1.1765536212121217
2.5730000000000017,1.1767521060606063
2.574000000000002,1.1769505909090914
2.575000000000002,1.1771490757575762
2.576000000000002,1.1772807727272727
2.5770000000000017,1.1772489545454545
2.5780000000000016,1.1772171363636363
2.579000000000002,1.177185318181818
2.580000000000002,1.1771535
2.5810000000000017,1.1771216818181818
2.582000000000002,1.1770898636363634
2.583000000000002,1.1771385454545455
2.584000000000002,1.1772233939393941
2.5850000000000017,1.1773082424242425
2.5860000000000016,1.177393090909091
2.587000000000002,1.1774779393939396
2.588000000000002,1.177562787878788
2.5890000000000017,1.1776386363636364
2.590000000000002,1.1776234848484848
2.591000000000002,1.1776083333333334
2.592000000000002,1.1775931818181817
2.5930000000000017,1.1775780303030303
2.5940000000000016,1.1775628787878787
2.595000000000002,1.1775477272727273
2.596000000000002,1.1776749167927387
2.5970000000000018,1.1779502571860823
2.598000000000002,1.1782255975794256
2.599000000000002,1.1785009379727691
