wave,r
0.4,0.4421435024465511
0.401,0.4448355300079999
0.402,0.4468363299920002
0.403,0.44936472000000016
0.404,0.45224637118348815
0.405,0.45459357
0.406,0.456476885704886
0.40700000000000003,0.4580473742951141
0.40800000000000003,0.4597631315627688
0.40900000000000003,0.4619194084372313
0.41000000000000003,0.46346188000000005
0.41100000000000003,0.4647037275815242
0.41200000000000003,0.46613958
0.41300000000000003,0.46791575853601475
0.41400000000000003,0.46976936000000014
0.41500000000000004,0.47128136009409816
0.41600000000000004,0.47229076990590196
0.41700000000000004,0.47356963
0.41800000000000004,0.4752598530977691
0.41900000000000004,0.4769327300000001
0.42000000000000004,0.47799552300537
0.42100000000000004,0.47929606
0.42200000000000004,0.48063258204525916
0.42300000000000004,0.481837107954741
0.42400000000000004,0.48302377293274146
0.42500000000000004,0.48431704706725875
0.42600000000000005,0.4855930500000001
0.42700000000000005,0.486773293407066
0.42800000000000005,0.4881140000000001
0.42900000000000005,0.4894403320270595
0.43000000000000005,0.4906430379729406
0.43100000000000005,0.4916982804653907
0.43200000000000005,0.4927448195346094
0.43300000000000005,0.4938604200000001
0.43400000000000005,0.4950980630384697
0.43500000000000005,0.49640191000000006
0.43600000000000005,0.4975300495077099
0.43700000000000006,0.4984808204922902
0.43800000000000006,0.49936086893102144
0.43900000000000006,0.5002539710689786
0.44000000000000006,0.50113231
0.44100000000000006,0.501991621406886
0.44200000000000006,0.50286597
0.44300000000000006,0.5037650577764445
0.44400000000000006,0.5045427022235556
0.44500000000000006,0.5051592663858723
0.44600000000000006,0.5057978536141278
0.44700000000000006,0.50657976
0.44800000000000006,0.5074390114074859
0.44900000000000007,0.50826102
0.45000000000000007,0.5090813687200256
0.45100000000000007,0.5099533712799744
0.45200000000000007,0.5108856691079179
0.45300000000000007,0.5117964608920822
0.45400000000000007,0.5125630500000001
0.45500000000000007,0.5133103025274748
0.45600000000000007,0.5141753000000001
0.4570000000000001,0.5152178516829833
0.4580000000000001,0.5163861500000001
0.4590000000000001,0.5174899190174197
0.4600000000000001,0.5183916609825804
0.4610000000000001,0.5192966500000001
0.4620000000000001,0.5203424595419046
0.4630000000000001,0.5214356200000001
0.4640000000000001,0.5223361885288148
0.4650000000000001,0.52318907
0.4660000000000001,0.5241646909180818
0.4670000000000001,0.5252564990819184
0.4680000000000001,0.526201969202816
0.4690000000000001,0.5271222507971841
0.4700000000000001,0.5280277100000002
0.4710000000000001,0.5288788774850253
0.4720000000000001,0.52962738
0.4730000000000001,0.5304542289399212
0.4740000000000001,0.5313482210600788
0.4750000000000001,0.5322029097970042
0.4760000000000001,0.5331826102029961
0.4770000000000001,0.53403831
0.4780000000000001,0.5346812669450307
0.4790000000000001,0.5353757700000001
0.4800000000000001,0.5360939574379514
0.4810000000000001,0.5368377525620489
0.4820000000000001,0.5375767967131658
0.4830000000000001,0.5382481132868343
0.4840000000000001,0.5388054800000001
0.4850000000000001,0.539375124303557
0.4860000000000001,0.5401374100000002
0.4870000000000001,0.5408018254841903
0.4880000000000001,0.5413502445158098
0.4890000000000001,0.5418840166558669
0.4900000000000001,0.5425496033441332
0.4910000000000001,0.5431218100000001
0.4920000000000001,0.5436828643894562
0.4930000000000001,0.5443715500000001
0.4940000000000001,0.5449941854203458
0.4950000000000001,0.5455362200000001
0.4960000000000001,0.5460818465265695
0.4970000000000001,0.5467345034734306
0.4980000000000001,0.5472708900000001
0.4990000000000001,0.5479338133707664
0.5000000000000001,0.54874754
0.5010000000000001,0.5492277153038062
0.5020000000000001,0.5497581008861558
0.5030000000000001,0.5504543060758963
0.5040000000000001,0.5511758227848279
0.5050000000000001,0.5516504
0.5060000000000001,0.5521415031779412
0.5070000000000001,0.5528004002330884
0.5080000000000001,0.5534660666866669
0.5090000000000001,0.55398715
0.5100000000000001,0.5544444353609537
0.5110000000000001,0.5549805319097236
0.5120000000000001,0.5555760180902765
0.5130000000000001,0.5561820239399395
0.5140000000000001,0.55672789
0.5150000000000001,0.5571684243071862
0.5160000000000001,0.5575991427970602
0.5170000000000001,0.5580257114686266
0.5180000000000001,0.5584944453126531
0.5190000000000001,0.5590480043404434
0.5200000000000001,0.5594820484859757
0.5210000000000001,0.5599063472710366
0.5220000000000001,0.5604745043183865
0.5230000000000001,0.5609985
0.5240000000000001,0.5614518546545466
0.5250000000000001,0.5619173118323268
0.5260000000000001,0.5625089281676733
0.5270000000000001,0.5629763553257533
0.5280000000000001,0.5634107600000001
0.5290000000000001,0.5639462628485286
0.5300000000000001,0.5645886883272837
0.5310000000000001,0.565199597781811
0.5320000000000001,0.5657379546164463
0.5330000000000001,0.5662600459706598
0.5340000000000001,0.5668571127165642
0.5350000000000001,0.5674929409251539
0.5360000000000001,0.5681423435059703
0.5370000000000001,0.5688189300000001
0.5380000000000001,0.5695073667092343
0.5390000000000001,0.5701782889497526
0.5400000000000001,0.5708099473668317
0.5410000000000001,0.5714253138463385
0.5420000000000001,0.5720431200000001
0.5430000000000001,0.5726124690703465
0.5440000000000002,0.5730659863944804
0.5450000000000002,0.5735247608245083
0.5460000000000002,0.57399201
0.5470000000000002,0.5743997725612257
0.5480000000000002,0.574655895725371
0.5490000000000002,0.5749421642746291
0.5500000000000002,0.5752819766018661
0.5510000000000002,0.57558846
0.5520000000000002,0.5757600114078282
0.5530000000000002,0.5759007958863057
0.5540000000000002,0.5760970060757963
0.5550000000000002,0.576357127398774
0.5560000000000002,0.5766232030500306
0.5570000000000002,0.5769282068922553
0.5580000000000002,0.5772728196616169
0.5590000000000002,0.5775648941585416
0.5600000000000002,0.57787979
0.5610000000000002,0.5781566516671167
0.5620000000000002,0.578323365324987
0.5630000000000002,0.578589614675013
0.5640000000000002,0.5788477074190742
0.5650000000000002,0.57904029
0.5660000000000002,0.5792266119706198
0.5670000000000002,0.5793251430736464
0.5680000000000002,0.5794275979509024
0.5690000000000002,0.5796435478404784
0.5700000000000002,0.5798951426452265
0.5710000000000002,0.5801596649517524
0.5720000000000002,0.5804072525723714
0.5730000000000002,0.5806195078774576
0.5740000000000002,0.5808431500000001
0.5750000000000002,0.5811797444131441
0.5760000000000002,0.5816210564287428
0.5770000000000002,0.5819424935712573
0.5780000000000002,0.5822114873100732
0.5790000000000002,0.5824952700000001
0.5800000000000002,0.5828449166960671
0.5810000000000002,0.583179718241188
0.5820000000000002,0.5834544245058747
0.5830000000000002,0.5837006600000001
0.5840000000000002,0.584036833803938
0.5850000000000002,0.584417227961602
0.5860000000000002,0.5848153080575972
0.5870000000000002,0.5851982161709235
0.5880000000000002,0.58552819
0.5890000000000002,0.5857330606657134
0.5900000000000002,0.585799629461827
0.5910000000000002,0.585781690358782
0.5920000000000002,0.5857663201537014
0.5930000000000002,0.5858514920152202
0.5940000000000002,0.5860530137944103
0.5950000000000002,0.5862427343083846
0.5960000000000002,0.5864142765691657
0.5970000000000002,0.5865882
0.5980000000000002,0.5868160128098282
0.5990000000000002,0.5870969947336108
0.6000000000000002,0.5873336752663894
0.6010000000000002,0.5875478978577786
0.6020000000000002,0.5878754900000001
0.6030000000000002,0.5881806625237506
0.6040000000000002,0.5884330372791361
0.6050000000000002,0.5886756751472427
0.6060000000000002,0.5889924768319684
0.6070000000000002,0.5891761805138052
0.6080000000000002,0.5892275619727013
0.6090000000000002,0.589326197040948
0.6100000000000002,0.5895351179107582
0.6110000000000002,0.58977062
0.6120000000000002,0.5899171205257052
0.6130000000000002,0.5899696934296629
0.6140000000000002,0.5901411765703373
0.6150000000000002,0.5903695777159772
0.6160000000000002,0.59052837
0.6170000000000002,0.5907045630184302
0.6180000000000002,0.5908554837138144
0.6190000000000002,0.5909792775241238
0.6200000000000002,0.5911295999999999
0.6210000000000002,0.5913453114710148
0.6220000000000002,0.5914924106091695
0.6230000000000002,0.5915228690862457
0.6240000000000002,0.5916290289383788
0.6250000000000002,0.59170598
0.6260000000000002,0.5917847213393269
0.6270000000000002,0.591918652458377
0.6280000000000002,0.592000598361082
0.6290000000000002,0.5920838091678917
0.6300000000000002,0.59216481
0.6310000000000002,0.5921581988722563
0.6320000000000002,0.5921018116916154
0.6330000000000002,0.5920901302336024
0.6340000000000002,0.59218621
0.6350000000000002,0.5923165129063291
0.6360000000000002,0.5926071467207312
0.6370000000000002,0.5929431832792689
0.6380000000000002,0.5931120483113832
0.6390000000000002,0.59334618
0.6400000000000002,0.5935666613023262
0.6410000000000002,0.593696891981101
0.6420000000000002,0.593762928679266
0.6430000000000002,0.5938464991642918
0.6440000000000002,0.5939622513036131
0.6450000000000002,0.5940926127940603
0.6460000000000002,0.5942323158089097
0.6470000000000002,0.5943639286838737
0.6480000000000002,0.59447426
0.6490000000000002,0.5945867917613177
0.6500000000000002,0.5947629223853046
0.6510000000000002,0.5948821876146955
0.6520000000000002,0.5948861799600996
0.6530000000000002,0.59493798
0.6540000000000002,0.5950072425738259
0.6550000000000002,0.5951359358467077
0.6560000000000002,0.5953308261021949
0.6570000000000003,0.5954256090521906
0.6580000000000003,0.595475670595506
0.6590000000000003,0.5955352217845108
0.6600000000000003,0.5956244473232338
0.6610000000000003,0.5957753684907698
0.6620000000000003,0.59592122
0.6630000000000003,0.5960001306468129
0.6640000000000003,0.5960648109116544
0.6650000000000003,0.5960951993922303
0.6660000000000003,0.5961636293156932
0.6670000000000003,0.59633553
0.6680000000000003,0.596411470321784
0.6690000000000003,0.5964275595173241
0.6700000000000003,0.5964809089329893
0.6710000000000003,0.59663427
0.6720000000000003,0.5967016205478055
0.6730000000000003,0.5967564022755091
0.6740000000000003,0.596870177724491
0.6750000000000003,0.5968601701001011
0.6760000000000003,0.59690452
0.6770000000000003,0.5970175305263106
0.6780000000000003,0.5970701614195291
0.6790000000000003,0.5971174790536473
0.6800000000000003,0.5971791693830938
0.6810000000000003,0.5972680408786089
0.6820000000000003,0.59735590100135
0.6830000000000003,0.5974059684979751
0.6840000000000003,0.5974251596161961
0.6850000000000003,0.59746158
0.6860000000000003,0.5975402603380034
0.6870000000000003,0.597574059951002
0.6880000000000003,0.5975716100489981
0.6890000000000003,0.5976434892811929
0.6900000000000003,0.59773469
0.6910000000000003,0.5977776590869909
0.6920000000000003,0.5977320086569671
0.6930000000000003,0.5976872408953552
0.6940000000000003,0.597726819604196
0.6950000000000003,0.5977769495821957
0.6960000000000003,0.5977351702645868
0.6970000000000003,0.5977483996031199
0.6980000000000003,0.5977619898640972
0.6990000000000003,0.59770864
0.7000000000000003,0.5975734595612956
0.7010000000000003,0.5975295899284029
0.7020000000000003,0.5975260100715972
0.7030000000000003,0.5975322099379994
0.7040000000000003,0.59767681
0.7050000000000003,0.5979163645146452
0.7060000000000003,0.5981420928894555
0.7070000000000003,0.5982384080736963
0.7080000000000003,0.59828746
0.7090000000000003,0.5983294803940039
0.7100000000000003,0.59836887980101
0.7110000000000003,0.5983589302984851
0.7120000000000003,0.5983198303910078
0.7130000000000003,0.5982483000000001
0.7140000000000003,0.5981409485533711
0.7150000000000003,0.5979962847379631
0.7160000000000003,0.5978208835080245
0.7170000000000003,0.5976426017828177
0.7180000000000003,0.5974831585294853
0.7190000000000003,0.5973361096616169
0.7200000000000003,0.5973191905075746
0.7210000000000003,0.5974783268171682
0.7220000000000003,0.5977557900000001
0.7230000000000003,0.5981211129009291
0.7240000000000003,0.5984112018585256
0.7250000000000003,0.5985041281414744
0.7260000000000003,0.5985112199290993
0.7270000000000003,0.59858316
0.7280000000000003,0.5987495216284326
0.7290000000000003,0.5989123611675417
0.7300000000000003,0.5989512792216389
0.7310000000000003,0.5988884006288062
0.7320000000000003,0.5988061399063991
0.7330000000000003,0.5987967796962153
0.7340000000000003,0.5987815904556771
0.7350000000000003,0.5987329504864097
0.7360000000000003,0.59867722
0.7370000000000003,0.5987073204065041
0.7380000000000003,0.5987479697092116
0.7390000000000003,0.5987334302907884
0.7400000000000003,0.5986467608667085
0.7410000000000003,0.59859282
0.7420000000000003,0.5985181283513835
0.7430000000000003,0.5984356982762862
0.7440000000000003,0.5983782411491425
0.7450000000000003,0.5981963899999999
0.7460000000000003,0.5980236490612906
0.7470000000000003,0.5979297767015649
0.7480000000000003,0.5977648549476526
0.7490000000000003,0.5975371622769455
0.7500000000000003,0.5972655999999998
0.7510000000000003,0.5969952273374466
0.7520000000000003,0.5967289690481474
0.7530000000000003,0.5963639073012349
0.7540000000000003,0.5958716949221491
0.7550000000000003,0.5952764699999997
0.7560000000000003,0.594560197877006
0.7570000000000003,0.5939540481844906
0.7580000000000003,0.5936209666614665
0.7590000000000003,0.59349787
0.7600000000000003,0.593456389110691
0.7610000000000003,0.5933674559875604
0.7620000000000003,0.5931668340124394
0.7630000000000003,0.5929099325690256
0.7640000000000003,0.5925183899999997
0.7650000000000003,0.5919884938683772
0.7660000000000003,0.5913753291870404
0.7670000000000003,0.590681563875306
0.7680000000000003,0.5897516092995926
0.7690000000000003,0.5885284961245607
0.7700000000000004,0.5871409529741509
0.7710000000000004,0.5857896605387726
0.7720000000000004,0.5846332415641309
0.7730000000000004,0.5838385199999999
0.7740000000000004,0.5835832436102362
0.7750000000000004,0.5839442782132718
0.7760000000000004,0.5848549417867289
0.7770000000000004,0.5861047375019754
0.7780000000000004,0.5873870800000003
0.7790000000000004,0.5884928852577528
0.7800000000000004,0.5892557613379332
0.7810000000000004,0.589633692441378
0.7820000000000004,0.5898525078118783
0.7830000000000004,0.5899943112064121
0.7840000000000004,0.5901149514149293
0.7850000000000004,0.5901856978776062
0.7860000000000004,0.5900757910991219
0.7870000000000004,0.58990592
0.7880000000000004,0.589823369853297
0.7890000000000004,0.5898086991060446
0.7900000000000004,0.5897789005959703
0.7910000000000004,0.5897604801842019
0.7920000000000004,0.58979356
0.7930000000000004,0.5897934404625769
0.7940000000000004,0.5898165693061347
0.7950000000000004,0.58986651900099
0.7960000000000004,0.58991331
0.7970000000000004,0.5899809610759108
0.7980000000000004,0.5900885526200953
0.7990000000000004,0.5902195573799048
0.8000000000000004,0.5903168890266903
0.8010000000000004,0.59040236
0.8020000000000004,0.5905209215563312
0.8030000000000004,0.5906765536637169
0.8040000000000004,0.5907986775575221
0.8050000000000004,0.5909584184025841
0.8060000000000004,0.5911728122483225
0.8070000000000004,0.5913976432924354
0.8080000000000004,0.5915622650613469
0.8090000000000004,0.5918016952113522
0.8100000000000004,0.59207529
0.8110000000000004,0.5922294308422084
0.8120000000000004,0.5923136532732691
0.8130000000000004,0.592477316726731
0.8140000000000004,0.5927146076270764
0.8150000000000004,0.5928881800000001
0.8160000000000004,0.5931633750020501
0.8170000000000004,0.5934134753052348
0.8180000000000004,0.593590316463177
0.8190000000000004,0.5938079378237784
0.8200000000000004,0.5940031422131222
0.8210000000000004,0.5942244552485377
0.8220000000000004,0.5944868821271937
0.8230000000000004,0.5946994978738575
0.8240000000000004,0.5948998300000001
0.8250000000000004,0.5950963522167223
0.8260000000000004,0.5953180256121756
0.8270000000000004,0.5955986343878246
0.8280000000000004,0.5957851981343815
0.8290000000000004,0.5959377300000002
0.8300000000000004,0.596190393103031
0.8310000000000004,0.5963455447313635
0.8320000000000004,0.5965032568457578
0.8330000000000004,0.5967302300000001
0.8340000000000004,0.5970101425546256
0.8350000000000004,0.5972656039814009
0.8360000000000004,0.5974646740278986
0.8370000000000004,0.5976134485122703
0.8380000000000004,0.59775305
0.8390000000000004,0.5978715411790236
0.8400000000000004,0.597989443679916
0.8410000000000004,0.5981121075467227
0.8420000000000004,0.5982090790302903
0.8430000000000004,0.5982801900018
0.8440000000000004,0.5982803691774411
0.8450000000000004,0.5982392412338382
0.8460000000000004,0.5983186984107841
0.8470000000000004,0.59838355
0.8480000000000004,0.5983442685509854
0.8490000000000004,0.5981993672857085
0.8500000000000004,0.5980636527142913
0.8510000000000004,0.5978466321702217
0.8520000000000004,0.5974901899999998
0.8530000000000004,0.5969786533033659
0.8540000000000004,0.596308984353982
0.8550000000000004,0.5954541170973447
0.8560000000000004,0.5943976705645053
0.8570000000000004,0.5932710723985236
0.8580000000000004,0.5925109318620068
0.8590000000000004,0.5921040322069895
0.8600000000000004,0.5921385896542931
0.8610000000000004,0.5928482400000005
0.8620000000000004,0.5939721019448199
0.8630000000000004,0.5951665798060082
0.8640000000000004,0.5961568801939927
0.8650000000000004,0.5969278122907232
0.8660000000000004,0.5974854200000003
0.8670000000000004,0.5978619549626497
0.8680000000000004,0.59811008460057
0.8690000000000004,0.5982634369329534
0.8700000000000004,0.59826899
0.8710000000000004,0.598164618108681
0.8720000000000004,0.5979754831387429
0.8730000000000004,0.5976324202918852
0.8740000000000004,0.5971482448417966
0.8750000000000004,0.5965546399999997
0.8760000000000004,0.5958750723508467
0.8770000000000004,0.5951101585165739
0.8780000000000004,0.5943940443222836
0.8790000000000004,0.5938362555778555
0.8800000000000004,0.59352416
0.8810000000000004,0.5935260778316086
0.8820000000000005,0.5939176582525875
0.8830000000000005,0.5947467534178346
0.8840000000000005,0.5959644300000005
0.8850000000000005,0.5973265333008336
0.8860000000000005,0.5986566129374831
0.8870000000000005,0.599803487062518
0.8880000000000005,0.6006709213257138
0.8890000000000005,0.6012880200000003
0.8900000000000005,0.6018063451893041
0.8910000000000005,0.6023252740881958
0.8920000000000005,0.6027948806078698
0.8930000000000005,0.6030688872599727
0.8940000000000005,0.6033038533325334
0.8950000000000005,0.60363710780421
0.8960000000000005,0.6040273182936855
0.8970000000000005,0.604208048192764
0.8980000000000005,0.6043574200000001
0.8990000000000005,0.60455590198792
0.9000000000000005,0.6047546953331868
0.9010000000000005,0.6050213546668134
0.9020000000000005,0.6052704475090752
0.9030000000000005,0.6054451500000001
0.9040000000000005,0.6055956551248514
0.9050000000000005,0.6058518985183742
0.9060000000000005,0.6061358443210841
0.9070000000000005,0.6064025173332734
0.9080000000000005,0.6066774725159253
0.9090000000000005,0.6069290649743514
0.9100000000000005,0.6071777825384732
0.9110000000000005,0.6074468473093463
0.9120000000000005,0.6077253800000001
0.9130000000000005,0.6079271412595253
0.9140000000000005,0.6080530944880757
0.9150000000000005,0.6082026970079496
0.9160000000000005,0.6084508275186753
0.9170000000000005,0.6085484
0.9180000000000005,0.6086438925508725
0.9190000000000005,0.6087714361736914
0.9200000000000005,0.6088256789151892
0.9210000000000005,0.60892886
0.9220000000000005,0.6090213705853059
0.9230000000000005,0.6090799008939642
0.9240000000000005,0.6091245991060358
0.9250000000000005,0.6091184000620007
0.9260000000000005,0.60909468
0.9270000000000005,0.6091388510949219
0.9280000000000005,0.6092483380491975
0.9290000000000005,0.6091833113005349
0.9300000000000005,0.6092386794462945
0.9310000000000005,0.6094179703458035
0.9320000000000005,0.6094525508975551
0.9330000000000005,0.6094974286536673
0.9340000000000005,0.6095193595613956
0.9350000000000005,0.6094275099999998
0.9360000000000005,0.6092092992781928
0.9370000000000005,0.609137117923483
0.9380000000000005,0.6090332920765168
0.9390000000000005,0.6088489318436183
0.9400000000000005,0.60874319
0.9410000000000005,0.6088164979449794
0.9420000000000005,0.6087137427868606
0.9430000000000005,0.6084733048087595
0.9440000000000005,0.6084075606574065
0.9450000000000005,0.6084638201407014
0.9460000000000005,0.608477889479026
0.9470000000000005,0.6084518407814609
0.9480000000000005,0.6085138293800877
0.9490000000000005,0.60862404
0.9500000000000005,0.608575578902089
0.9510000000000005,0.6084657918357266
0.9520000000000005,0.6085575781642735
0.9530000000000005,0.6088280672950731
0.9540000000000005,0.6088457099999999
0.9550000000000005,0.6086831090271903
0.9560000000000005,0.6086344747811611
0.9570000000000005,0.6087938468125594
0.9580000000000005,0.60896242
0.9590000000000005,0.6090605902557026
0.9600000000000005,0.6090861601751912
0.9610000000000005,0.6090949197372131
0.9620000000000005,0.6090624903243065
0.9630000000000005,0.6089031699999999
0.9640000000000005,0.6087438509161184
0.9650000000000005,0.6088354592095395
0.9660000000000005,0.6088091105269737
0.9670000000000005,0.608718040910709
0.9680000000000005,0.6086294086343863
0.9690000000000005,0.608492842895555
0.9700000000000005,0.608137620656667
0.9710000000000005,0.6077669374136739
0.9720000000000005,0.6074279499999998
0.9730000000000005,0.6070654369022688
0.9740000000000005,0.606755660618775
0.9750000000000005,0.6062865993812244
0.9760000000000005,0.6056282565834655
0.9770000000000005,0.6048546399999996
0.9780000000000005,0.6039557995480904
0.9790000000000005,0.6029106005645712
0.9800000000000005,0.6015960862902847
0.9810000000000005,0.5999443065178643
0.9820000000000005,0.5980243461751605
0.9830000000000005,0.5956418491740396
0.9840000000000005,0.5926005512389365
0.9850000000000005,0.5890735152705037
0.9860000000000005,0.5856599799999981
0.9870000000000005,0.5822083004012021
0.9880000000000005,0.5782484157093692
0.9890000000000005,0.5740338842906261
0.9900000000000005,0.5703923464152624
0.9910000000000005,0.5670127299999983
0.9920000000000005,0.5640850270375691
0.9930000000000005,0.5619369319379023
0.9940000000000005,0.5606681953747306
0.9950000000000006,0.5598687500000001
0.9960000000000006,0.5601211919526202
0.9970000000000006,0.5613164641850916
0.9980000000000006,0.5630257187223647
0.9990000000000006,0.5649822204349096
1.0000000000000004,0.5660925500000009
1.0010000000000006,0.5680226100000006
1.0020000000000007,0.5689478500000005
1.0030000000000006,0.5696072600000003
1.0040000000000004,0.5701576370432956
1.0050000000000006,0.5700280699999997
1.0060000000000007,0.5695152299999995
1.0070000000000006,0.5686230699999993
1.0080000000000005,0.5670588599999994
1.0090000000000006,0.5655877282281762
1.0100000000000007,0.5634700099999991
1.0110000000000006,0.5620722799999986
1.0120000000000005,0.5600932199999997
1.0130000000000006,0.5595612500000001
1.0140000000000007,0.5596641797070294
1.0150000000000006,0.5606309800000014
1.0160000000000005,0.5627219700000012
1.0170000000000006,0.5653542300000013
1.0180000000000007,0.5682741400000025
1.0190000000000006,0.5720825591580866
1.0200000000000005,0.5753244800000017
1.0210000000000006,0.5791848300000018
1.0220000000000007,0.5818424200000015
1.0230000000000006,0.5842224400000011
1.0240000000000005,0.5858602500000003
1.0250000000000006,0.5865182300000005
1.0260000000000007,0.5872483800000001
1.0270000000000006,0.5874492500000001
1.0280000000000005,0.58770418
1.0290000000000006,0.58774972
1.0300000000000007,0.5878307799999999
1.0310000000000006,0.5877248
1.0320000000000005,0.5877299549125088
1.0330000000000006,0.5879790800000002
1.0340000000000007,0.5883191200000003
1.0350000000000006,0.5887916100000005
1.0360000000000005,0.5895023300000003
1.0370000000000006,0.5902074735866417
1.0380000000000007,0.5909433400000006
1.0390000000000006,0.5917709500000005
1.0400000000000005,0.5926842700000005
1.0410000000000006,0.5936875900000007
1.0420000000000007,0.5947419545635443
1.0430000000000006,0.595894810000001
1.0440000000000005,0.5974163400000005
1.0450000000000006,0.5985840000000007
1.0460000000000007,0.5995135300000007
1.0470000000000006,0.600644356917309
1.0480000000000005,0.6016249700000004
1.0490000000000006,0.6023909400000004
1.0500000000000007,0.6032307100000005
1.0510000000000006,0.6041384300000006
1.0520000000000005,0.6049249200000003
1.0530000000000006,0.6056396400000005
1.0540000000000007,0.6063017200000005
1.0550000000000006,0.6069187501709832
1.0560000000000005,0.6075204600000003
1.0570000000000006,0.6080846800000004
1.0580000000000007,0.6085314200000003
1.0590000000000006,0.6088459500000002
1.0600000000000005,0.6092961187161287
1.0610000000000006,0.6096832800000003
1.0620000000000007,0.6100329800000002
1.0630000000000006,0.6103962100000002
1.0640000000000005,0.6106961400000002
1.0650000000000006,0.610917727841216
1.0660000000000007,0.6109617400000001
1.0670000000000006,0.6111196900000001
1.0680000000000005,0.6113080400000002
1.0690000000000006,0.6114653300000001
1.0700000000000007,0.6116845980731929
1.0710000000000006,0.61175698
1.0720000000000005,0.61171633
1.0730000000000006,0.6116968399999999
1.0740000000000007,0.61156297
1.0750000000000006,0.61156285
1.0760000000000005,0.61151093
1.0770000000000006,0.6114652199999999
1.0780000000000007,0.6113596984721527
1.0790000000000006,0.6111444199999999
1.0800000000000005,0.6109529699999999
1.0810000000000006,0.6107512699999997
1.0820000000000007,0.6104807299999998
1.0830000000000006,0.6101495869053092
1.0840000000000005,0.6098186399999997
1.0850000000000006,0.6093776199999997
1.0860000000000007,0.6090872299999999
1.0870000000000006,0.6089506099999997
1.0880000000000005,0.608678127248275
1.0890000000000006,0.6083784699999998
1.0900000000000007,0.6081062599999998
1.0910000000000006,0.6077709799999997
1.0920000000000005,0.6073756199999999
1.0930000000000006,0.6070506924927505
1.0940000000000007,0.6066583399999997
1.0950000000000006,0.6062586899999998
1.0960000000000005,0.6059158399999998
1.0970000000000006,0.6055350899999998
1.0980000000000008,0.6051515299999997
1.0990000000000006,0.6048068399999998
1.1000000000000005,0.6045975699999998
1.1010000000000006,0.6040770999999996
1.1020000000000008,0.6035348199999996
1.1030000000000006,0.6028417899999994
1.1040000000000005,0.6019128599999995
1.1050000000000006,0.6008806799999993
1.1060000000000008,0.5998955621857808
1.1070000000000007,0.5989174199999993
1.1080000000000005,0.5978338699999992
1.1090000000000007,0.5966481599999992
1.1100000000000008,0.5954350799999991
1.1110000000000007,0.5940568777142275
1.1120000000000005,0.5926340199999992
1.1130000000000007,0.5909974599999986
1.1140000000000008,0.5890248399999987
1.1150000000000007,0.5870341699999982
1.1160000000000005,0.5843521682001784
1.1170000000000007,0.5810924199999978
1.1180000000000008,0.5777053799999966
1.1190000000000007,0.5738228599999974
1.1200000000000006,0.5698434099999984
1.1210000000000007,0.5660507292680709
1.1220000000000008,0.5626776199999981
1.1230000000000007,0.5598542099999987
1.1240000000000006,0.5578858299999997
1.1250000000000007,0.5570722800000002
1.1260000000000008,0.5573934300000013
1.1270000000000007,0.5588502300000016
1.1280000000000006,0.5612109300000019
1.1290000000000007,0.5640314712528768
1.1300000000000008,0.5669440000000022
1.1310000000000007,0.5693926200000018
1.1320000000000006,0.5721360400000007
1.1330000000000007,0.5737996100000008
1.1340000000000008,0.5749134357314273
1.1350000000000007,0.57547075
1.1360000000000006,0.5754032099999996
1.1370000000000007,0.5748128299999994
1.1380000000000008,0.5738515299999988
1.1390000000000007,0.5725381513378653
1.1400000000000006,0.5708992499999986
1.1410000000000007,0.5689219199999985
1.1420000000000008,0.5667893899999984
1.1430000000000007,0.5643949499999982
1.1440000000000006,0.5617930501899795
1.1450000000000007,0.558991609999998
1.1460000000000008,0.5559863399999974
1.1470000000000007,0.5529569399999983
1.1480000000000006,0.5503979899999981
1.1490000000000007,0.5476409199999989
1.1500000000000008,0.546004059999999
1.1510000000000007,0.5448528499999998
1.1520000000000006,0.5445611500000003
1.1530000000000007,0.545137700000001
1.1540000000000008,0.5465842500000015
1.1550000000000007,0.548842010000002
1.1560000000000006,0.5517860100000023
1.1570000000000007,0.5551186039856039
1.1580000000000008,0.5585584600000029
1.1590000000000007,0.561842620000002
1.1600000000000006,0.5647851200000018
1.1610000000000007,0.5673738100000014
1.1620000000000008,0.5695794221097904
1.1630000000000007,0.571400520000001
1.1640000000000006,0.5728615500000006
1.1650000000000007,0.5741736900000006
1.1660000000000008,0.5752272000000007
1.1670000000000007,0.5761221905009505
1.1680000000000006,0.5768273500000004
1.1690000000000007,0.5774129600000002
1.1700000000000008,0.5777611700000002
1.1710000000000007,0.57790685
1.1720000000000006,0.5779248482001801
1.1730000000000007,0.5776262899999995
1.1740000000000008,0.5770162899999993
1.1750000000000007,0.576029179999999
1.1760000000000006,0.5745373999999986
1.1770000000000007,0.5725277699999983
1.1780000000000008,0.5700429099999971
1.1790000000000007,0.5667739499999973
1.1800000000000006,0.5627191192790698
1.1810000000000007,0.5581119099999967
1.1820000000000008,0.5531872499999957
1.1830000000000007,0.5482885799999974
1.1840000000000006,0.5442991299999983
1.1850000000000007,0.540605764572541
1.1860000000000008,0.5380514899999987
1.1870000000000007,0.5366758099999999
1.1880000000000006,0.5365881300000007
1.1890000000000007,0.5375797200000011
1.1900000000000008,0.5393175562163799
1.1910000000000007,0.5413998400000019
1.1920000000000006,0.5435133600000012
1.1930000000000007,0.545421780000001
1.1940000000000008,0.5468742300000008
1.1950000000000007,0.5477855488681139
1.1960000000000006,0.5481424899999999
1.1970000000000007,0.5480068899999997
1.1980000000000008,0.5474348699999994
1.1990000000000007,0.5466425399999993
1.2000000000000006,0.5456595399999993
1.2010000000000007,0.5445550699999991
1.2020000000000008,0.5436057399999991
1.2030000000000007,0.5426479407099284
1.2040000000000006,0.5418550399999996
1.2050000000000007,0.5413248499999999
1.2060000000000008,0.5411865100000003
1.2070000000000007,0.5415002100000005
1.2080000000000006,0.5421827852044804
1.2090000000000007,0.5432348300000008
1.2100000000000009,0.5445743800000014
1.2110000000000007,0.5460764200000015
1.2120000000000006,0.547659340000001
1.2130000000000007,0.5492139145425471
1.2140000000000009,0.5505696500000009
1.2150000000000007,0.5516262700000005
1.2160000000000006,0.5523909300000003
1.2170000000000007,0.5528361200000002
1.2180000000000009,0.5530728463273675
1.2190000000000007,0.5531214499999999
1.2200000000000006,0.5530083799999999
1.2210000000000008,0.5528851699999998
1.2220000000000009,0.5526498599999998
1.2230000000000008,0.5524083999999999
1.2240000000000006,0.55222923
1.2250000000000008,0.5522120000000001
1.2260000000000009,0.5523856300000002
1.2270000000000008,0.5526960500000003
1.2280000000000006,0.5532559200000006
1.2290000000000008,0.5540059800000006
1.2300000000000009,0.5548273900000008
1.2310000000000008,0.5557167731936813
1.2320000000000007,0.5565487100000004
1.2330000000000008,0.5572575300000006
1.2340000000000009,0.5578793300000005
1.2350000000000008,0.5584204200000003
1.2360000000000007,0.558825336641336
1.2370000000000008,0.5590917500000001
1.2380000000000009,0.55926722
1.2390000000000008,0.5592705
1.2400000000000007,0.5592386099999999
1.2410000000000008,0.5591200718538145
1.2420000000000009,0.5590379199999999
1.2430000000000008,0.5588952899999999
1.2440000000000007,0.5587593899999999
1.2450000000000008,0.5586745699999999
1.2460000000000009,0.5584849289641034
1.2470000000000008,0.5582672999999999
1.2480000000000007,0.5580441399999998
1.2490000000000008,0.5577006899999997
1.2500000000000009,0.5572208199999995
1.2510000000000008,0.5566742399999994
1.2520000000000007,0.5560099499999995
1.2530000000000008,0.5552926099999994
1.254000000000001,0.5546978603229671
1.2550000000000008,0.5540010899999993
1.2560000000000007,0.5532101999999995
1.2570000000000008,0.5525299299999995
1.258000000000001,0.5518209299999994
1.2590000000000008,0.551242669997
1.2600000000000007,0.5508426399999997
1.2610000000000008,0.5504060999999998
1.262000000000001,0.5501611199999995
1.2630000000000008,0.5496466799999995
1.2640000000000007,0.5490530093670629
1.2650000000000008,0.5482670699999992
1.266000000000001,0.5473767499999991
1.2670000000000008,0.5463539399999994
1.2680000000000007,0.5453026899999993
1.2690000000000008,0.5442617340955896
1.270000000000001,0.5432556299999992
1.2710000000000008,0.5424084099999994
1.2720000000000007,0.5417767199999997
1.2730000000000008,0.5413217499999997
1.274000000000001,0.5409653799999997
1.2750000000000008,0.5405857599999996
1.2760000000000007,0.5400354299999996
1.2770000000000008,0.5394682899999996
1.278000000000001,0.5389170599999994
1.2790000000000008,0.5382674299999997
1.2800000000000007,0.5377019599999997
1.2810000000000008,0.5372227399999996
1.282000000000001,0.5367324957234271
1.2830000000000008,0.5361897299999998
1.2840000000000007,0.5357876999999998
1.2850000000000008,0.5354800199999997
1.286000000000001,0.5351698399999998
1.2870000000000008,0.5349177492000798
1.2880000000000007,0.5347097499999998
1.2890000000000008,0.5343875299999997
1.290000000000001,0.5339584899999995
1.2910000000000008,0.5334728399999995
1.2920000000000007,0.5329372235616435
1.2930000000000008,0.5324594999999998
1.294000000000001,0.5321468099999997
1.2950000000000008,0.5319048199999997
1.2960000000000007,0.5317068099999999
1.2970000000000008,0.5316198586951304
1.298000000000001,0.5315061799999999
1.2990000000000008,0.5313656299999999
1.3000000000000007,0.5311545699999998
1.3010000000000008,0.5307559399999995
1.302000000000001,0.5301839699999992
1.3030000000000008,0.5295256999999994
1.3040000000000007,0.5286481999999995
1.3050000000000008,0.5278743177292264
1.306000000000001,0.5269516099999993
1.3070000000000008,0.5262237799999995
1.3080000000000007,0.5255550699999997
1.3090000000000008,0.5249778599999998
1.310000000000001,0.5246162323057693
1.3110000000000008,0.5245392900000001
1.3120000000000007,0.5247181100000003
1.3130000000000008,0.5250335900000004
1.314000000000001,0.5255917900000006
1.3150000000000008,0.5262141777612245
1.3160000000000007,0.5268088000000006
1.3170000000000008,0.5274411400000004
1.318000000000001,0.5279635200000004
1.3190000000000008,0.5283902900000004
1.3200000000000007,0.5287034786811322
1.3210000000000008,0.5288893600000001
1.322000000000001,0.5290017699999999
1.3230000000000008,0.52892309
1.3240000000000007,0.5289503299999999
1.3250000000000008,0.5288475800000001
1.326000000000001,0.5290128600000003
1.3270000000000008,0.5292263600000003
1.3280000000000007,0.5296618963813623
1.3290000000000008,0.5303257100000006
1.330000000000001,0.5310305400000008
1.3310000000000008,0.5318913500000008
1.3320000000000007,0.5327860100000008
1.3330000000000009,0.5336882113158692
1.334000000000001,0.5345013700000005
1.3350000000000009,0.5351744900000004
1.3360000000000007,0.5356756400000002
1.3370000000000009,0.5359551900000001
1.338000000000001,0.5361361918998102
1.3390000000000009,0.5360931799999997
1.3400000000000007,0.5358990999999997
1.3410000000000009,0.5356270699999996
1.342000000000001,0.5352163899999995
1.3430000000000009,0.5347859730416954
1.3440000000000007,0.5343810299999998
1.3450000000000009,0.5339825699999997
1.346000000000001,0.5336269699999997
1.3470000000000009,0.5333150599999997
1.3480000000000008,0.5330823699999998
1.3490000000000009,0.5327985299999998
1.350000000000001,0.5325714899999997
1.3510000000000009,0.5322350299999998
1.3520000000000008,0.5319331899999995
1.3530000000000009,0.5314271499999996
1.354000000000001,0.5308557699999993
1.3550000000000009,0.5300695299999991
1.3560000000000008,0.5291045987651227
1.3570000000000009,0.5279922499999989
1.358000000000001,0.5267414499999988
1.3590000000000009,0.5254133299999988
1.3600000000000008,0.5240961299999991
1.3610000000000009,0.522841759820017
1.362000000000001,0.5217399599999991
1.3630000000000009,0.5209697499999998
1.3640000000000008,0.52056193
1.3650000000000009,0.5205028700000002
1.366000000000001,0.5208079494920511
1.3670000000000009,0.5212151400000005
1.3680000000000008,0.5217571300000003
1.3690000000000009,0.5223026900000003
1.370000000000001,0.5227074600000003
1.3710000000000009,0.5230587948665136
1.3720000000000008,0.5231179599999999
1.3730000000000009,0.5229778299999998
1.374000000000001,0.5226536399999995
1.3750000000000009,0.5220643899999995
1.3760000000000008,0.5214459899999994
1.377000000000001,0.5206842999999991
1.378000000000001,0.5198439999999991
1.379000000000001,0.5188110211138878
1.3800000000000008,0.5179221599999991
1.381000000000001,0.5168996499999994
1.382000000000001,0.5160974899999993
1.383000000000001,0.5154178699999995
1.3840000000000008,0.5148605240435953
1.385000000000001,0.5144009599999998
1.386000000000001,0.5141189099999998
1.387000000000001,0.5139357999999999
1.3880000000000008,0.51382393
1.389000000000001,0.5138130210908909
1.390000000000001,0.5138365000000003
1.391000000000001,0.5140089400000002
1.3920000000000008,0.5143206700000004
1.393000000000001,0.5146693000000004
1.394000000000001,0.5151211148185186
1.395000000000001,0.5156082500000004
1.3960000000000008,0.5160744200000005
1.397000000000001,0.5166045400000006
1.398000000000001,0.5171127900000003
1.399000000000001,0.5175135700000003
1.4000000000000008,0.5178300700000003
1.4010000000000007,0.5180604500000001
1.402000000000001,0.5181985500000001
1.403000000000001,0.51824862
1.4040000000000008,0.5182491499999999
1.4050000000000007,0.5180957899999997
1.406000000000001,0.5178140999999995
1.407000000000001,0.5174427729947001
1.4080000000000008,0.5169727199999996
1.4090000000000007,0.5163811999999995
1.410000000000001,0.5156853799999991
1.411000000000001,0.5148932899999991
1.4120000000000008,0.5139508399160077
1.4130000000000007,0.5129499999999994
1.414000000000001,0.511866869999999
1.415000000000001,0.510699449999999
1.4160000000000008,0.509441019999999
1.4170000000000007,0.5082600680951898
1.418000000000001,0.507126389999999
1.419000000000001,0.5060295499999992
1.4200000000000008,0.5050542999999992
1.4210000000000007,0.5041798899999994
1.422000000000001,0.5034284151474845
1.423000000000001,0.5027663099999995
1.4240000000000008,0.5021777199999996
1.4250000000000007,0.5015802999999996
1.426000000000001,0.5010656699999994
1.427000000000001,0.5004986499999993
1.4280000000000008,0.4998375199999995
1.4290000000000007,0.4991195799999993
1.430000000000001,0.4980527370262961
1.431000000000001,0.49672299999999864
1.4320000000000008,0.49519979999999836
1.4330000000000007,0.4933564399999988
1.434000000000001,0.4915051499999981
1.435000000000001,0.48937015723927424
1.4360000000000008,0.4874425499999982
1.4370000000000007,0.48544242999999837
1.438000000000001,0.48364582999999856
1.439000000000001,0.48203423999999856
1.4400000000000008,0.48039038438556003
1.4410000000000007,0.4789731199999984
1.442000000000001,0.47725107999999816
1.443000000000001,0.47557669999999813
1.4440000000000008,0.47349038999999793
1.4450000000000007,0.4711831107279253
1.446000000000001,0.4685484199999967
1.447000000000001,0.46554779999999646
1.4480000000000008,0.4623381199999977
1.4490000000000007,0.4588252899999975
1.450000000000001,0.4551097199999957
1.451000000000001,0.4512782999999956
1.4520000000000008,0.4473186699999965
1.4530000000000007,0.4434117273262643
1.454000000000001,0.4391849899999948
1.455000000000001,0.43447714999999487
1.4560000000000008,0.4287101299999933
1.4570000000000007,0.4211528599999917
1.458000000000001,0.4117934239325923
1.459000000000001,0.3994327499999872
1.4600000000000009,0.38502516999998526
1.4610000000000007,0.3684271299999848
1.462000000000001,0.35132979999998243
1.463000000000001,0.33554511846813656
1.4640000000000009,0.3221616099999925
1.4650000000000007,0.3137164399999974
1.466000000000001,0.3097612600000022
1.467000000000001,0.3117603700000072
1.4680000000000009,0.318264729564049
1.4690000000000007,0.3266488300000095
1.470000000000001,0.3409080500000125
1.471000000000001,0.35217628000001494
1.4720000000000009,0.36561105000000893
1.4730000000000008,0.375650820000006
1.474000000000001,0.3846291900000076
1.475000000000001,0.39149126000000417
1.4760000000000009,0.3961686500000033
1.4770000000000008,0.3998810100000016
1.478000000000001,0.40167481000000116
1.479000000000001,0.40299985
1.4800000000000009,0.40300076999999973
1.4810000000000008,0.4026737651754815
1.482000000000001,0.40132551999999844
1.483000000000001,0.3999264499999982
1.4840000000000009,0.39790409999999826
1.4850000000000008,0.3959405399999985
1.486000000000001,0.3936537158974077
1.487000000000001,0.39151268999999755
1.4880000000000009,0.38931571999999853
1.4890000000000008,0.3871509099999987
1.490000000000001,0.385182049999998
1.491000000000001,0.38335887231776633
1.4920000000000009,0.38171058999999896
1.4930000000000008,0.38050907999999956
1.494000000000001,0.3798105699999998
1.495000000000001,0.3796274700000005
1.4960000000000009,0.3802098017668238
1.4970000000000008,0.38129315000000147
1.498000000000001,0.3828870400000016
1.499000000000001,0.3846830700000016
1.5000000000000009,0.3864801500000014
1.5010000000000008,0.38803425000000086
1.5020000000000011,0.3889479600000003
1.503000000000001,0.38920956999999945
1.504000000000001,0.3885549919838002
1.5050000000000008,0.3870748299999979
1.5060000000000011,0.3847645199999968
1.507000000000001,0.3818842499999963
1.508000000000001,0.3785975899999969
1.5090000000000008,0.3751223854744501
1.5100000000000011,0.37167712999999625
1.511000000000001,0.36827462999999633
1.512000000000001,0.3649845399999965
1.5130000000000008,0.36183616999999807
1.5140000000000011,0.35888817479951696
1.515000000000001,0.3561218099999975
1.516000000000001,0.35385316999999816
1.5170000000000008,0.35179650999999884
1.5180000000000011,0.35047894999999907
1.519000000000001,0.34961422647235185
1.520000000000001,0.3495206500000006
1.5210000000000008,0.35020316000000096
1.5220000000000011,0.35126835000000256
1.523000000000001,0.3531776400000016
1.524000000000001,0.35500938000000204
1.5250000000000008,0.35734767000000184
1.5260000000000011,0.3594122200000024
1.527000000000001,0.3615652900000022
1.528000000000001,0.3635810000000017
1.5290000000000008,0.3654877500000013
1.5300000000000011,0.36737716000000203
1.531000000000001,0.369216560000002
1.532000000000001,0.3710274434206597
1.5330000000000008,0.3728616500000011
1.5340000000000011,0.3745426500000018
1.535000000000001,0.3761953400000016
1.536000000000001,0.37765458000000107
1.5370000000000008,0.37885320389361155
1.5380000000000011,0.3800921400000012
1.539000000000001,0.38114968000000105
1.540000000000001,0.38232118000000126
1.5410000000000008,0.38375893000000166
1.5420000000000011,0.3856309527977222
1.543000000000001,0.38811722000000265
1.544000000000001,0.39111650000000314
1.5450000000000008,0.39465585000000347
1.5460000000000012,0.3985905100000046
1.547000000000001,0.4027481142395804
1.548000000000001,0.4068334700000035
1.5490000000000008,0.41080815000000237
1.5500000000000012,0.4143933700000034
1.551000000000001,0.41747373000000293
1.552000000000001,0.4201483100000023
1.5530000000000008,0.422176540000001
1.5540000000000012,0.4237159800000011
1.555000000000001,0.42473589972102843
1.556000000000001,0.42533311000000035
1.5570000000000008,0.42570567000000015
1.5580000000000012,0.42587385000000005
1.559000000000001,0.4259161699999999
1.560000000000001,0.42587952507649224
1.5610000000000008,0.4257302899999998
1.5620000000000012,0.42546668999999954
1.563000000000001,0.4251267899999996
1.564000000000001,0.42469980999999957
1.5650000000000008,0.42419105087591197
1.5660000000000012,0.42357414999999893
1.567000000000001,0.42278813999999904
1.568000000000001,0.4219540999999992
1.5690000000000008,0.4210726299999991
1.5700000000000012,0.4201000972532734
1.571000000000001,0.41916140999999885
1.572000000000001,0.41812875999999877
1.5730000000000008,0.41703098999999927
1.5740000000000012,0.4159448699999988
1.575000000000001,0.4148420699999989
1.576000000000001,0.4138203299999989
1.5770000000000008,0.41280492999999907
1.5780000000000012,0.41174954959303944
1.579000000000001,0.4106454799999986
1.580000000000001,0.4094168799999989
1.5810000000000008,0.4081380999999989
1.5820000000000012,0.4068585599999983
1.583000000000001,0.40559389815018354
1.584000000000001,0.404375399999999
1.5850000000000009,0.4031659999999989
1.5860000000000012,0.4019801599999985
1.587000000000001,0.40083834999999873
1.588000000000001,0.39967274656034274
1.5890000000000009,0.39854630999999907
1.5900000000000012,0.3974630499999987
1.591000000000001,0.39631428999999874
1.592000000000001,0.3951825499999988
1.5930000000000009,0.3940735708979093
1.5940000000000012,0.3929741699999989
1.595000000000001,0.39195054999999884
1.596000000000001,0.3908890199999988
1.5970000000000009,0.38982271999999907
1.5980000000000012,0.38876354999999874
1.599000000000001,0.3876278699999988
1.600000000000001,0.38656898999999906
1.6010000000000009,0.38551517999999907
1.6020000000000012,0.38442569999999865
1.603000000000001,0.3834438299999991
1.604000000000001,0.38245841999999924
1.6050000000000009,0.3815911999999994
1.6060000000000012,0.38093314564543485
1.607000000000001,0.3803895999999996
1.608000000000001,0.3800636499999998
1.6090000000000009,0.3798629299999998
1.6100000000000012,0.3796547699999999
1.611000000000001,0.3795809949345065
1.612000000000001,0.3795303399999999
1.6130000000000009,0.37944674
1.6140000000000012,0.37942215999999984
1.615000000000001,0.3792747899999997
1.616000000000001,0.3790277747015296
1.6170000000000009,0.3787249899999996
1.6180000000000012,0.37831136999999937
1.619000000000001,0.3777607099999993
1.620000000000001,0.3770971899999994
1.6210000000000009,0.3763860911098884
1.6220000000000012,0.3756545499999991
1.623000000000001,0.3749811599999995
1.624000000000001,0.3744262799999996
1.6250000000000009,0.37400412999999977
1.6260000000000012,0.3737277699999999
1.6270000000000011,0.3736555600000001
1.628000000000001,0.3737371300000002
1.629000000000001,0.3739692933126691
1.6300000000000012,0.3743024200000004
1.6310000000000011,0.37460971000000026
1.632000000000001,0.3748506000000001
1.633000000000001,0.3749544599999999
1.6340000000000012,0.37482070763523606
1.6350000000000011,0.37449705999999944
1.636000000000001,0.37401636999999915
1.637000000000001,0.37325953999999895
1.6380000000000012,0.3722931699999987
1.6390000000000011,0.3710949698200167
1.640000000000001,0.36959257999999795
1.641000000000001,0.367720719999998
1.6420000000000012,0.3654867999999965
1.6430000000000011,0.36287116999999675
1.644000000000001,0.35992249486751016
1.645000000000001,0.3567820199999971
1.6460000000000012,0.3535602699999958
1.6470000000000011,0.35037674999999613
1.648000000000001,0.34745901999999784
1.649000000000001,0.34502177999999833
1.6500000000000012,0.34316622999999863
1.6510000000000011,0.34211346999999953
1.652000000000001,0.34172925000000026
1.653000000000001,0.34198773000000077
1.6540000000000012,0.34283942000000134
1.6550000000000011,0.3440457600000017
1.656000000000001,0.34557551000000186
1.657000000000001,0.3472765608249191
1.6580000000000013,0.3489848100000018
1.6590000000000011,0.35064992000000167
1.660000000000001,0.3521256700000015
1.661000000000001,0.3534857900000012
1.6620000000000013,0.35476989311269014
1.6630000000000011,0.3560010200000015
1.664000000000001,0.3573699000000013
1.665000000000001,0.35878271000000134
1.6660000000000013,0.3602764900000023
1.6670000000000011,0.36197306034296745
1.668000000000001,0.3637839900000016
1.669000000000001,0.36561298000000153
1.6700000000000013,0.3673539500000019
1.6710000000000012,0.3688300500000012
1.672000000000001,0.36988504450055104
1.673000000000001,0.3705370100000002
1.6740000000000013,0.37079771999999983
1.6750000000000012,0.3706608699999995
1.676000000000001,0.3702010199999992
1.677000000000001,0.3695193799999991
1.6780000000000013,0.368720559999999
1.6790000000000012,0.36780759999999896
1.680000000000001,0.36688524249175003
1.681000000000001,0.3660101599999992
1.6820000000000013,0.3651552499999988
1.6830000000000012,0.364269409999999
1.684000000000001,0.3633555199999992
1.685000000000001,0.3624609949195071
1.6860000000000013,0.3615101899999987
1.6870000000000012,0.3605292399999988
1.688000000000001,0.35965772999999934
1.689000000000001,0.35890960999999943
1.6900000000000013,0.3582555754034588
1.6910000000000012,0.3579271399999999
1.692000000000001,0.35789841000000006
1.693000000000001,0.35793138000000024
1.6940000000000013,0.35818860000000047
1.6950000000000012,0.3585277460853919
1.696000000000001,0.3588422500000005
1.697000000000001,0.35930851000000064
1.6980000000000013,0.35983360000000064
1.6990000000000012,0.3604448400000008
1.700000000000001,0.3611894000000012
1.701000000000001,0.3622484200000016
1.7020000000000013,0.36370260000000243
1.7030000000000012,0.36552100895110756
1.704000000000001,0.36781052000000286
1.705000000000001,0.3703962300000025
1.7060000000000013,0.373195500000004
1.7070000000000012,0.37620163000000406
1.708000000000001,0.37923484813918956
1.709000000000001,0.3822162400000025
1.7100000000000013,0.3850411800000034
1.7110000000000012,0.387612070000003
1.712000000000001,0.38987705000000206
1.713000000000001,0.3917380838966123
1.7140000000000013,0.39327013000000166
1.7150000000000012,0.3945320500000012
1.716000000000001,0.3955573700000011
1.717000000000001,0.39652747000000094
1.7180000000000013,0.3973859841485862
1.7190000000000012,0.39805967000000064
1.720000000000001,0.3986707000000006
1.721000000000001,0.3991781200000005
1.7220000000000013,0.39960656000000055
1.7230000000000012,0.40000525000000037
1.724000000000001,0.40035161000000036
1.725000000000001,0.40067515000000015
1.7260000000000013,0.40086615000000025
1.7270000000000012,0.4010929200000003
1.728000000000001,0.4012988500000002
1.729000000000001,0.4015530300000002
1.7300000000000013,0.40182555000000036
1.7310000000000012,0.4021257228747129
1.732000000000001,0.40245447000000034
1.733000000000001,0.4027659600000002
1.7340000000000013,0.4030391300000006
1.7350000000000012,0.4034635700000005
1.736000000000001,0.4039282759754031
1.737000000000001,0.4044880300000008
1.7380000000000013,0.40516317000000085
1.7390000000000012,0.40591842000000095
1.740000000000001,0.406749190000001
1.741000000000001,0.4076463902799729
1.7420000000000013,0.40871608000000126
1.7430000000000012,0.40969151000000104
1.744000000000001,0.41066268000000106
1.745000000000001,0.41160971000000085
1.7460000000000013,0.41254823614738645
1.7470000000000012,0.4133878100000012
1.748000000000001,0.4142694200000007
1.749000000000001,0.4150942300000007
1.7500000000000013,0.415813600000001
1.7510000000000012,0.4166055900000011
1.7520000000000011,0.4174018500000009
1.753000000000001,0.41806287000000053
1.7540000000000013,0.41869004775322527
1.7550000000000012,0.4191675800000004
1.7560000000000011,0.41943973000000023
1.757000000000001,0.4196543400000002
1.7580000000000013,0.41979957
1.7590000000000012,0.4197884848705127
1.7600000000000011,0.41953718999999945
1.761000000000001,0.41901239999999923
1.7620000000000013,0.4183129399999987
1.7630000000000012,0.41745456999999897
1.7640000000000011,0.41651556390060895
1.765000000000001,0.41563376999999896
1.7660000000000013,0.4146893899999987
1.7670000000000012,0.41372233999999886
1.7680000000000011,0.41284504999999894
1.769000000000001,0.4119102434806509
1.7700000000000014,0.41112914999999894
1.7710000000000012,0.41034841999999927
1.7720000000000011,0.40980821999999945
1.773000000000001,0.40941184999999986
1.7740000000000014,0.4092234700000001
1.7750000000000012,0.40932658000000016
1.7760000000000011,0.40945792000000036
1.777000000000001,0.4098232100000003
1.7780000000000014,0.41014335000000046
1.7790000000000012,0.41049394000000045
1.7800000000000011,0.4108786600000005
1.781000000000001,0.4113450600000004
1.7820000000000014,0.41167957529147137
1.7830000000000013,0.4120324900000002
1.7840000000000011,0.41225165000000014
1.785000000000001,0.41237149
1.7860000000000014,0.4123936899999999
1.7870000000000013,0.41235131941805797
1.7880000000000011,0.41214549999999955
1.789000000000001,0.41176759999999957
1.7900000000000014,0.41135608999999934
1.7910000000000013,0.4108460499999992
1.7920000000000011,0.41023967063793554
1.793000000000001,0.4095408899999993
1.7940000000000014,0.40877440999999887
1.7950000000000013,0.40795123999999877
1.7960000000000012,0.4070543299999989
1.797000000000001,0.40603391204179473
1.7980000000000014,0.4050888699999988
1.7990000000000013,0.4042272899999993
1.8000000000000012,0.4035675199999994
1.801000000000001,0.40301048999999955
1.8020000000000014,0.4025941499999994
1.8030000000000013,0.40220882999999974
1.8040000000000012,0.40193652999999974
1.805000000000001,0.40168629233176667
1.8060000000000014,0.40150960999999974
1.8070000000000013,0.4013059099999998
1.8080000000000012,0.4011840499999998
1.809000000000001,0.4009654799999997
1.8100000000000014,0.40066826088891067
1.8110000000000013,0.4003771499999994
1.8120000000000012,0.39992877999999976
1.813000000000001,0.3997492799999999
1.8140000000000014,0.3996235400000001
1.8150000000000013,0.39971157119688044
1.8160000000000012,0.4001149500000004
1.817000000000001,0.40038598000000036
1.8180000000000014,0.4007603500000004
1.8190000000000013,0.40104777000000036
1.8200000000000012,0.4012882459524051
1.821000000000001,0.40151873000000027
1.8220000000000014,0.40177491000000015
1.8230000000000013,0.40187681000000003
1.8240000000000012,0.4019439199999998
1.825000000000001,0.4017686199999996
1.8260000000000014,0.4013675999999995
1.8270000000000013,0.40104129999999966
1.8280000000000012,0.4007722577292269
1.829000000000001,0.40064954999999985
1.8300000000000014,0.4004944599999999
1.8310000000000013,0.4004100900000003
1.8320000000000012,0.40061226000000033
1.833000000000001,0.4008627786021401
1.8340000000000014,0.4011488000000007
1.8350000000000013,0.4016733500000005
1.8360000000000012,0.4020465600000003
1.837000000000001,0.4022512700000006
1.8380000000000014,0.40281561356564427
1.8390000000000013,0.4034614000000008
1.8400000000000012,0.40405226000000066
1.841000000000001,0.4046461900000008
1.8420000000000014,0.40533951000000107
1.8430000000000013,0.4060063933116697
1.8440000000000012,0.4065859300000007
1.845000000000001,0.4072143100000007
1.8460000000000014,0.40781528000000056
1.8470000000000013,0.40817307999999997
1.8480000000000012,0.40811094999999975
1.849000000000001,0.4079193799999998
1.8500000000000014,0.4077194599999996
1.8510000000000013,0.40744813999999946
1.8520000000000012,0.4070441099999992
1.853000000000001,0.40641569999999944
1.8540000000000014,0.4057906299999989
1.8550000000000013,0.404966769999999
1.8560000000000012,0.4042202337396255
1.857000000000001,0.4037576299999995
1.8580000000000014,0.40328326999999925
1.8590000000000013,0.4026923199999988
1.8600000000000012,0.40180634999999904
1.861000000000001,0.40097676337766097
1.8620000000000014,0.3999105399999986
1.8630000000000013,0.39902734999999956
1.8640000000000012,0.3986476399999995
1.865000000000001,0.39819377999999944
1.8660000000000014,0.39769931944605463
1.8670000000000013,0.39715739999999944
1.8680000000000012,0.39672183999999944
1.869000000000001,0.3962242299999997
1.8700000000000014,0.39591667000000025
1.8710000000000013,0.39607329433756644
1.8720000000000012,0.39630616000000074
1.873000000000001,0.39685398000000033
1.8740000000000014,0.3972231100000007
1.8750000000000013,0.39776489000000037
1.8760000000000012,0.3980528999999996
1.8770000000000011,0.39773976999999966
1.8780000000000014,0.39748939999999966
1.8790000000000013,0.3971894939016089
1.8800000000000012,0.39652850999999933
1.8810000000000011,0.39603858999999925
1.8820000000000014,0.3953456299999986
1.8830000000000013,0.3944357599999983
1.8840000000000012,0.39316070564243444
1.8850000000000011,0.39201712999999855
1.8860000000000015,0.39071976999999825
1.8870000000000013,0.3895881199999985
1.8880000000000012,0.3886334899999993
1.8890000000000011,0.3880032930196973
1.8900000000000015,0.3874092699999993
1.8910000000000013,0.3869731999999999
1.8920000000000012,0.3868967299999998
1.8930000000000011,0.3867209899999997
1.8940000000000015,0.3864799641025894
1.8950000000000014,0.3863708099999998
1.8960000000000012,0.38620933999999973
1.8970000000000011,0.38601555999999965
1.8980000000000015,0.3857554199999995
1.8990000000000014,0.3853898299999995
1.9000000000000012,0.3850071699999996
1.9010000000000011,0.3847008599999993
1.9020000000000015,0.38409602999999914
1.9030000000000014,0.3835601199999995
1.9040000000000012,0.3831691699999996
1.9050000000000011,0.38281988999999955
1.9060000000000015,0.38242166999999966
1.9070000000000014,0.382218409313069
1.9080000000000013,0.38241154000000005
1.9090000000000011,0.38246694000000003
1.9100000000000015,0.382523
1.9110000000000014,0.382532
1.9120000000000013,0.38247274823917604
1.9130000000000011,0.38245514
1.9140000000000015,0.38247734000000005
1.9150000000000014,0.38253116999999975
1.9160000000000013,0.3823673399999993
1.9170000000000011,0.3818118255514443
1.9180000000000015,0.3812747899999993
1.9190000000000014,0.3807754199999991
1.9200000000000013,0.38011607999999936
1.9210000000000012,0.3796312799999992
1.9220000000000015,0.3788772354044584
1.9230000000000014,0.37780603999999823
1.9240000000000013,0.3764732499999983
1.9250000000000012,0.37498414999999813
1.9260000000000015,0.3732703299999973
1.9270000000000014,0.37156068999999725
1.9280000000000013,0.36978369999999783
1.9290000000000012,0.3678136499999976
1.9300000000000015,0.36566062992300463
1.9310000000000014,0.3634598599999968
1.9320000000000013,0.3610328999999967
1.9330000000000012,0.35855277999999735
1.9340000000000015,0.3561735499999967
1.9350000000000014,0.3536552346135351
1.9360000000000013,0.35110136999999647
1.9370000000000012,0.3484237799999961
1.9380000000000015,0.3454468499999956
1.9390000000000014,0.34212558999999465
1.9400000000000013,0.3381055120077941
1.9410000000000012,0.3335382299999931
1.9420000000000015,0.32836317999999054
1.9430000000000014,0.3222768899999914
1.9440000000000013,0.31583567999999074
1.9450000000000012,0.3088835252154696
1.9460000000000015,0.3015223399999879
1.9470000000000014,0.2937356799999875
1.9480000000000013,0.2857072399999906
1.9490000000000012,0.27723609999999027
1.9500000000000015,0.2684898699999862
1.9510000000000014,0.25960516999998573
1.9520000000000013,0.2504238199999877
1.9530000000000012,0.24118206956203256
1.9540000000000015,0.23157768999998535
1.9550000000000014,0.22215644999998682
1.9560000000000013,0.21226778999998777
1.9570000000000012,0.20307327999998703
1.9580000000000015,0.19335457468551812
1.9590000000000014,0.18510142999999044
1.9600000000000013,0.17791504999999216
1.9610000000000012,0.17204328999999532
1.9620000000000015,0.16855076999999827
1.9630000000000014,0.16744754032296605
1.9640000000000013,0.16761869000000446
1.9650000000000012,0.17097902000000328
1.9660000000000015,0.17392346000000694
1.9670000000000014,0.1783820800000049
1.9680000000000013,0.18153506470153385
1.9690000000000012,0.1836765600000012
1.9700000000000015,0.18476663999999843
1.9710000000000014,0.18374220999999724
1.9720000000000013,0.18198297999999608
1.9730000000000012,0.17903781999999585
1.9740000000000015,0.17531828999999335
1.9750000000000014,0.1710492799999942
1.9760000000000013,0.16670493999999483
1.9770000000000012,0.1628399799999945
1.9780000000000015,0.15871421999999552
1.9790000000000014,0.15535562999999608
1.9800000000000013,0.15242778999999718
1.9810000000000012,0.15030083117388113
1.9820000000000015,0.14901256999999926
1.9830000000000014,0.1485232400000006
1.9840000000000013,0.14898746000000157
1.9850000000000012,0.15017554000000236
1.9860000000000015,0.1523084489061139
1.9870000000000014,0.15509751000000532
1.9880000000000013,0.15852933000000438
1.9890000000000012,0.1624855300000046
1.9900000000000015,0.1666455100000076
1.9910000000000014,0.17153537101390592
1.9920000000000013,0.17620143000000668
1.9930000000000012,0.18121362000000504
1.9940000000000015,0.18575266000000687
1.9950000000000014,0.19017003000000487
1.9960000000000013,0.19384639236376833
1.9970000000000012,0.19715564000000313
1.9980000000000016,0.19950984000000163
1.9990000000000014,0.20074046000000056
2.0000000000000013,0.20114908999999903
2.0010000000000012,0.20041411437112397
2.0020000000000016,0.1988578256288719
2.0030000000000014,0.19675294999999585
2.0040000000000013,0.19363310174664672
2.0050000000000012,0.19025056825334577
2.0060000000000016,0.18626656999999264
2.0070000000000014,0.18213206999999182
2.0080000000000013,0.17752818928413802
2.0090000000000012,0.1731210307158522
2.0100000000000016,0.16823806999999255
2.0110000000000015,0.16404807748649602
2.0120000000000013,0.15992294251349115
2.0130000000000012,0.15675471999999746
2.0140000000000016,0.15485689500999614
2.0150000000000015,0.15370699499000026
2.0160000000000013,0.1535380500000013
2.0170000000000012,0.1545126600000017
2.0180000000000016,0.1557880274195196
2.0190000000000015,0.15796222258048717
2.0200000000000014,0.16004752000000316
2.0210000000000012,0.16241440409218416
2.0220000000000016,0.1646553259078218
2.0230000000000015,0.16653794000000255
2.0240000000000014,0.1684484047310556
2.0250000000000012,0.16999571526894783
2.0260000000000016,0.17180051000000315
2.0270000000000015,0.17357633000000372
2.0280000000000014,0.17567462017098603
2.0290000000000012,0.17823322000000386
2.0300000000000016,0.18113044000000564
2.0310000000000015,0.18430218440512453
2.0320000000000014,0.18774623559488618
2.0330000000000013,0.19108230000000473
2.0340000000000016,0.19464099345131494
2.0350000000000015,0.1978755065486951
2.0360000000000014,0.2010801300000037
2.0370000000000013,0.2038499847310562
2.0380000000000016,0.20589729526894926
2.0390000000000015,0.20781633000000224
2.0400000000000014,0.2095075800000018
2.0410000000000013,0.2108593376154783
2.0420000000000016,0.21203549238452488
2.0430000000000015,0.21300074000000083
2.0440000000000014,0.21361843429814076
2.0450000000000013,0.21396141570185997
2.0460000000000016,0.21385287999999975
2.0470000000000015,0.2137146198460305
2.0480000000000014,0.21351308015396891
2.0490000000000013,0.21294001999999917
2.0500000000000016,0.21231303999999926
2.0510000000000015,0.211896401663833
2.0520000000000014,0.21120459999999883
2.0530000000000013,0.21029921999999845
2.0540000000000016,0.2091364988972183
2.0550000000000015,0.20772547110277734
2.0560000000000014,0.20605115999999712
2.0570000000000013,0.20389174018995945
2.0580000000000016,0.2016936398100347
2.0590000000000015,0.19894225999999662
2.0600000000000014,0.19639874585782557
2.0610000000000013,0.19395732414216793
2.0620000000000016,0.1915142499999975
2.0630000000000015,0.19010586999999868
2.0640000000000014,0.18909686000099993
2.0650000000000013,0.18919686999900037
2.0660000000000016,0.19079047000000376
2.0670000000000015,0.19291076617377084
2.0680000000000014,0.1963725038262399
2.0690000000000013,0.19985151000000614
2.0700000000000016,0.20446046191062403
2.0710000000000015,0.20827956808938783
2.0720000000000014,0.21190615000000365
2.0730000000000013,0.21465409000000246
2.0740000000000016,0.2165142551344876
2.0750000000000015,0.2171655999999994
2.0760000000000014,0.2167194199999978
2.0770000000000013,0.21508325358227984
2.0780000000000016,0.21191907641771174
2.0790000000000015,0.20734160999999307
2.0800000000000014,0.20214318752148452
2.0810000000000013,0.19521840247849392
2.0820000000000016,0.18872078999998673
2.0830000000000015,0.18125249720054984
2.0840000000000014,0.1750245027994308
2.0850000000000013,0.16942661999999442
2.0860000000000016,0.16524026999999625
2.0870000000000015,0.16313268572085368
2.0880000000000014,0.16178989427914217
2.0890000000000013,0.16259250000000122
2.0900000000000016,0.16351077410118275
2.0910000000000015,0.165351785898823
2.0920000000000014,0.16691878000000174
2.0930000000000013,0.1682328507228566
2.0940000000000016,0.16924007927714607
2.0950000000000015,0.16948903999999984
2.0960000000000014,0.16937359999999965
2.0970000000000013,0.16910587907409164
2.0980000000000016,0.16829661999999904
2.0990000000000015,0.16757262999999917
2.1000000000000014,0.1669386302799427
2.1010000000000013,0.1661414297200548
2.1020000000000016,0.1657732899999983
2.1030000000000015,0.16481257553589018
2.1040000000000014,0.1631679344641047
2.1050000000000013,0.1614076799999963
2.1060000000000016,0.15863832294140773
2.1070000000000015,0.15616773705858458
2.1080000000000014,0.15354573999999718
2.1090000000000013,0.15144480999999804
2.1100000000000017,0.1499559735072968
2.1110000000000015,0.14889104649269985
2.1120000000000014,0.14865223000000022
2.1130000000000013,0.14882499918016456
2.1140000000000017,0.14931680081983678
2.1150000000000015,0.15027185000000168
2.1160000000000014,0.15151400443511578
2.1170000000000013,0.15325835556488965
2.1180000000000017,0.15507711000000282
2.1190000000000015,0.1572059700000028
2.1200000000000014,0.15931962813637607
2.1210000000000013,0.1614009918636304
2.1220000000000017,0.1635060800000037
2.1230000000000016,0.16557985662867758
2.1240000000000014,0.16764614337132883
2.1250000000000013,0.17008618000000278
2.1260000000000017,0.1721661367826465
2.1270000000000016,0.1740339632173593
2.1280000000000014,0.1756641000000015
2.1290000000000013,0.1767694630273955
2.1300000000000017,0.17759973697260673
2.1310000000000016,0.1783361700000007
2.1320000000000014,0.17874366000000003
2.1330000000000013,0.1787636365846827
2.1340000000000017,0.17842948341531642
2.1350000000000016,0.17800661999999878
2.1360000000000015,0.17731829958108247
2.1370000000000013,0.17651411041891502
2.1380000000000017,0.17569395999999826
2.1390000000000016,0.17470501917416337
2.1400000000000015,0.17359676082583317
2.1410000000000013,0.17227993999999783
2.1420000000000017,0.17064557999999705
2.1430000000000016,0.1689971243171339
2.1440000000000015,0.16734029568286096
2.1450000000000014,0.1654359999999975
2.1460000000000017,0.16356622054188827
2.1470000000000016,0.16147163945810525
2.1480000000000015,0.15881633999999645
2.1490000000000014,0.15614408769745686
2.1500000000000017,0.15302106230253484
2.1510000000000016,0.1501609699999947
2.1520000000000015,0.14718000999999553
2.1530000000000014,0.14465767223377285
2.1540000000000017,0.14247805999999724
2.1550000000000016,0.1409256499999987
2.1560000000000015,0.1401896898340327
2.1570000000000014,0.13988803016596638
2.1580000000000017,0.14052400000000367
2.1590000000000016,0.14258316456808987
2.1600000000000015,0.14472884543191683
2.1610000000000014,0.1479519200000038
2.1620000000000017,0.15079935049890458
2.1630000000000016,0.15350433950110384
2.1640000000000015,0.1557180400000026
2.1650000000000014,0.15767679000000162
2.1660000000000017,0.15889518706758693
2.1670000000000016,0.15916586293241392
2.1680000000000015,0.1589416699999986
2.1690000000000014,0.15788305810837655
2.1700000000000017,0.1563641418916194
2.1710000000000016,0.15424338999999582
2.1720000000000015,0.15188736772444977
2.1730000000000014,0.1485646122755399
2.1740000000000017,0.14548575999999408
2.1750000000000016,0.14216175999999503
2.1760000000000015,0.13936322985301053
2.1770000000000014,0.13695142999999782
2.1780000000000017,0.13529921999999867
2.1790000000000016,0.13454824596280784
2.1800000000000015,0.13480787403719297
2.1810000000000014,0.13531351000000186
2.1820000000000017,0.1367163953289364
2.1830000000000016,0.1380696846710678
2.1840000000000015,0.13934016000000174
2.1850000000000014,0.14064337325235132
2.1860000000000017,0.14217589674765344
2.1870000000000016,0.1434663400000016
2.1880000000000015,0.14436612000000126
2.1890000000000014,0.14532428195760946
2.1900000000000017,0.1461438580423931
2.1910000000000016,0.1468539700000019
2.1920000000000015,0.14790892071685777
2.1930000000000014,0.14861608928314443
2.1940000000000017,0.14927749000000012
2.1950000000000016,0.14933739575784838
2.1960000000000015,0.14929497424215152
2.1970000000000014,0.14837409999999704
2.1980000000000017,0.14615384999999514
2.1990000000000016,0.14341834259673408
2.2000000000000015,0.13954430999999434
2.2010000000000014,0.13529875999999286
2.2020000000000017,0.12993749264046356
2.2030000000000016,0.12476389735952034
2.2040000000000015,0.12030165999999272
2.2050000000000014,0.11483019559387551
2.2060000000000017,0.1112861344061119
2.2070000000000016,0.10907320999999925
2.2080000000000015,0.10864848777944698
2.2090000000000014,0.11042628222055856
2.2100000000000017,0.11356722000001027
2.2110000000000016,0.11934571000001055
2.2120000000000015,0.1252943036682785
2.2130000000000014,0.13283098633174492
2.2140000000000017,0.139885960000012
2.2150000000000016,0.14664083295741856
2.2160000000000015,0.1528704070426008
2.2170000000000014,0.1583467300000066
2.2180000000000017,0.1633094277424587
2.2190000000000016,0.16778685225755516
2.2200000000000015,0.17147566000000422
2.2210000000000014,0.17463394000000304
2.2220000000000018,0.17693275472652936
2.2230000000000016,0.17818002000000063
2.2240000000000015,0.17866143999999937
2.2250000000000014,0.1781725294361108
2.2260000000000018,0.17696689056388487
2.2270000000000016,0.17523878999999534
2.2280000000000015,0.17260793637471936
2.2290000000000014,0.16907168362526964
2.2300000000000018,0.16488699999998915
2.2310000000000016,0.15879013121274765
2.2320000000000015,0.15270225878723342
2.2330000000000014,0.14639222999999124
2.2340000000000018,0.1398070899999902
2.2350000000000017,0.13429533516295927
2.2360000000000015,0.12924696483702505
2.2370000000000014,0.12533030999999675
2.2380000000000018,0.12289955643370998
2.2390000000000017,0.12086389356628369
2.2400000000000015,0.11982273999999915
2.2410000000000014,0.11918832489202119
2.2420000000000018,0.11893724510797792
2.2430000000000017,0.11892545000000017
2.2440000000000015,0.1190456200000011
2.2450000000000014,0.11987187108578416
2.2460000000000018,0.12068272891421873
2.2470000000000017,0.12238784000000567
2.2480000000000016,0.12558647355929384
2.2490000000000014,0.12912206644071714
2.2500000000000018,0.13363297000000804
2.2510000000000017,0.1381577755598965
2.2520000000000016,0.1434133744401198
2.2530000000000014,0.1480945800000059
2.254000000000002,0.15251756265247568
2.2550000000000017,0.15634408734753624
2.2560000000000016,0.15895495000000404
2.2570000000000014,0.16122694000000273
2.258000000000002,0.16275427985503108
2.2590000000000017,0.16405283014497293
2.2600000000000016,0.1653187000000016
2.2610000000000015,0.1662066053949219
2.262000000000002,0.16676055460508007
2.2630000000000017,0.16712672999999964
2.2640000000000016,0.16692395013097333
2.2650000000000015,0.16662525986902577
2.266000000000002,0.16624313999999926
2.2670000000000017,0.16581700999999913
2.2680000000000016,0.16533955119076107
2.2690000000000015,0.16485145880923743
2.270000000000002,0.16443550999999915
2.2710000000000017,0.16395269617076516
2.2720000000000016,0.1635144038292335
2.2730000000000015,0.16298725999999966
2.274000000000002,0.1627421775824836
2.2750000000000017,0.16281800241751662
2.2760000000000016,0.16284952000000041
2.2770000000000015,0.1630805600000005
2.278000000000002,0.16335729232676785
2.2790000000000017,0.1633145100000005
2.2800000000000016,0.16359781000000131
2.2810000000000015,0.16433192796240878
2.282000000000002,0.165111552037594
2.2830000000000017,0.16597442000000195
2.2840000000000016,0.1670658401489723
2.2850000000000015,0.16836732985103173
2.286000000000002,0.16968389000000292
2.2870000000000017,0.17132199990802097
2.2880000000000016,0.172921080091984
2.2890000000000015,0.1744158400000019
2.290000000000002,0.17585351000000266
2.2910000000000017,0.17735338520196178
2.2920000000000016,0.17870540479804242
2.2930000000000015,0.1798898100000014
2.294000000000002,0.1809406302369541
2.2950000000000017,0.18184299976304874
2.2960000000000016,0.1826164300000011
2.2970000000000015,0.18323957818836312
2.298000000000002,0.18372146181163862
2.2990000000000017,0.18396828000000037
2.3000000000000016,0.18417207999999996
2.3010000000000015,0.18415278192980697
2.302000000000002,0.18415308000000075
2.3030000000000017,0.18458144000000024
2.3040000000000016,0.18470963569086127
2.3050000000000015,0.18436654430913768
2.306000000000002,0.18412167999999898
2.3070000000000017,0.18355031369226063
2.3080000000000016,0.1829872363077376
2.3090000000000015,0.18281012999999974
2.310000000000002,0.18261269427214516
2.3110000000000017,0.18235541572785394
2.3120000000000016,0.18207168999999904
2.3130000000000015,0.18152462999999952
2.314000000000002,0.181174662083583
2.3150000000000017,0.18099549791641636
2.3160000000000016,0.18085375000000029
2.3170000000000015,0.18101225774745094
2.318000000000002,0.18128973225255002
2.3190000000000017,0.18135218000000047
2.3200000000000016,0.18161622064287272
2.3210000000000015,0.1824226493571298
2.322000000000002,0.18316700000000177
2.3230000000000017,0.1841660900000016
2.3240000000000016,0.1850549726547357
2.3250000000000015,0.18578152000000073
2.326000000000002,0.18633333000000016
2.3270000000000017,0.18642120580883784
2.3280000000000016,0.18617929419116142
2.3290000000000015,0.1855003499999987
2.330000000000002,0.18453008902119408
2.3310000000000017,0.18372030097880265
2.3320000000000016,0.18266777999999692
2.3330000000000015,0.18093691076684343
2.334000000000002,0.1789445792331495
2.3350000000000017,0.17745668999999717
2.3360000000000016,0.1758625999999979
2.3370000000000015,0.17467350614077146
2.338000000000002,0.1744349138592277
2.3390000000000017,0.1741976099999992
2.3400000000000016,0.17374299217556494
2.3410000000000015,0.17376474782443513
2.342000000000002,0.17430525000000127
2.3430000000000017,0.1750290811097797
2.3440000000000016,0.17604017889022347
2.3450000000000015,0.17738214000000224
2.346000000000002,0.17907423000000314
2.3470000000000018,0.180835006663337
2.3480000000000016,0.18290164000000292
2.3490000000000015,0.18508250000000298
2.350000000000002,0.1873127729994045
2.3510000000000018,0.18944276700060403
2.3520000000000016,0.1918691700000039
2.3530000000000015,0.1940570587232582
2.354000000000002,0.1958442912767481
2.3550000000000018,0.19747424000000266
2.3560000000000016,0.19897293748650474
2.3570000000000015,0.2002478025134992
2.358000000000002,0.20120274000000143
2.3590000000000018,0.20200926000000133
2.3600000000000017,0.20275628107478572
2.3610000000000015,0.20316702892521557
2.362000000000002,0.20348667999999973
2.3630000000000018,0.20333168171665508
2.3640000000000017,0.20234884828334185
2.3650000000000015,0.20133797999999836
2.366000000000002,0.20010648667766132
2.3670000000000018,0.19857326332233255
2.3680000000000017,0.19719141999999773
2.3690000000000015,0.19548163999999643
2.370000000000002,0.192794248580279
2.3710000000000018,0.19038005141971137
2.3720000000000017,0.1881293099999959
2.3730000000000016,0.1858098355428891
2.374000000000002,0.18436526445710577
2.3750000000000018,0.18223355999999377
2.3760000000000017,0.17874021389221664
2.3770000000000016,0.1756791361077739
2.378000000000002,0.17222204999999455
2.379000000000002,0.169167410618873
2.3800000000000017,0.16717359938112078
2.3810000000000016,0.16532861999999723
2.382000000000002,0.16376010999999618
2.383000000000002,0.16204784385122706
2.3840000000000017,0.16038635614876778
2.3850000000000016,0.1589117299999968
2.386000000000002,0.15711677541491403
2.387000000000002,0.1556709245850802
2.3880000000000017,0.15463314999999864
2.3890000000000016,0.15386323896820522
2.390000000000002,0.15315292103179226
2.391000000000002,0.15294468000000155
2.3920000000000017,0.15382129000000122
2.3930000000000016,0.15451465678964332
2.394000000000002,0.15528255321035941
2.395000000000002,0.15621123000000092
2.3960000000000017,0.1567200796750661
2.3970000000000016,0.15741683032493606
2.398000000000002,0.1587537500000022
2.399000000000002,0.1599957846480719
2.4000000000000017,0.16094226535193104
2.4010000000000016,0.16208407000000238
2.4020000000000015,0.16342503000000236
2.403000000000002,0.16476064643835875
2.4040000000000017,0.16662373000000258
2.4050000000000016,0.16807067000000164
2.406000000000002,0.1690001043731269
2.407000000000002,0.16974383562687606
2.4080000000000017,0.1699012700000003
2.4090000000000016,0.170067080133974
2.4100000000000015,0.17056841986602755
2.411000000000002,0.1707284599999994
2.4120000000000017,0.1703796012747444
2.4130000000000016,0.16999234872525437
2.414000000000002,0.16909431999999902
2.415000000000002,0.16854985000000036
2.4160000000000017,0.16875506643571264
2.4170000000000016,0.16861942356428694
2.4180000000000015,0.16812759999999946
2.419000000000002,0.1677095740441909
2.4200000000000017,0.1675500159558086
2.4210000000000016,0.16743428000000124
2.422000000000002,0.1681373027084594
2.423000000000002,0.1686643872915427
2.4240000000000017,0.1687289900000013
2.4250000000000016,0.16945934
2.4260000000000015,0.16946219971402862
2.427000000000002,0.16767696999999618
2.4280000000000017,0.16552607999999794
2.4290000000000016,0.16436669004798943
2.430000000000002,0.16376716995200843
2.431000000000002,0.16446812000000316
2.4320000000000017,0.16625640174964945
2.4330000000000016,0.16587389825034937
2.4340000000000015,0.16457141999999952
2.435000000000002,0.16422303348830192
2.4360000000000017,0.16395791651169714
2.4370000000000016,0.1652105700000024
2.438000000000002,0.16654811999999916
2.439000000000002,0.16607582067186452
2.4400000000000017,0.16538253932813304
2.4410000000000016,0.16386934999999742
2.4420000000000015,0.16242054708558268
2.443000000000002,0.16229140291441688
2.4440000000000017,0.1612108099999964
2.4450000000000016,0.1591774135272901
2.446000000000002,0.1564126864727001
2.447000000000002,0.1519575899999927
2.4480000000000017,0.1478438499999946
2.4490000000000016,0.14480273466952875
2.4500000000000015,0.14214942999999786
2.451000000000002,0.14054378999999806
2.4520000000000017,0.13944412556688443
2.4530000000000016,0.13809979443311138
2.454000000000002,0.1374072000000013
2.455000000000002,0.13813631962207784
2.4560000000000017,0.13923254037792657
2.4570000000000016,0.14020185000000285
2.4580000000000015,0.1418174253439363
2.459000000000002,0.14497086465607492
2.4600000000000017,0.14762612000000708
2.4610000000000016,0.1516030400000059
2.462000000000002,0.15492735028294485
2.463000000000002,0.15563017971705795
2.4640000000000017,0.15668890000000085
2.4650000000000016,0.15717095192061656
2.4660000000000015,0.15759015807938476
2.467000000000002,0.15893011000000237
2.4680000000000017,0.1602606528774265
2.4690000000000016,0.16148942712257733
2.470000000000002,0.1625707700000029
2.471000000000002,0.16419590000000192
2.4720000000000018,0.1652851393200675
2.4730000000000016,0.16497833999999995
2.4740000000000015,0.1649274500000005
2.475000000000002,0.16529445119776048
2.4760000000000018,0.16530642880223959
2.4770000000000016,0.1645842299999992
2.478000000000002,0.16412837798640206
2.479000000000002,0.16380824201359667
2.4800000000000018,0.16234542000000116
2.4810000000000016,0.16300436993801465
2.4820000000000015,0.1644037500619897
2.483000000000002,0.16303261999999324
2.4840000000000018,0.1592290599999919
2.4850000000000017,0.15466838899319926
2.486000000000002,0.1533583210067961
2.487000000000002,0.15571539000000362
2.4880000000000018,0.1577508982113603
2.4890000000000017,0.15933301178864465
2.4900000000000015,0.16127539999999524
2.491000000000002,0.1577169615876788
2.4920000000000018,0.1559328384123141
2.4930000000000017,0.15975307999999486
2.494000000000002,0.15588873999999364
2.495000000000002,0.1523070649480132
2.4960000000000018,0.15365654505199222
2.4970000000000017,0.15053955999999546
2.4980000000000016,0.1479955658468214
2.499000000000002,0.14225403415315824
2.5000000000000018,0.14225337
2.5010000000000017,0.14225337
2.502000000000002,0.14225337
2.503000000000002,0.14225337
2.504000000000002,0.14225337
2.5050000000000017,0.14225337
2.5060000000000016,0.14225337
2.507000000000002,0.14225337
2.508000000000002,0.14225337
2.5090000000000017,0.14225337
2.510000000000002,0.14225337
2.511000000000002,0.14225337
2.512000000000002,0.14225337
2.5130000000000017,0.14225337
2.5140000000000016,0.14225337
2.515000000000002,0.14225337
2.516000000000002,0.14225337
2.5170000000000017,0.14225337
2.518000000000002,0.14225337
2.519000000000002,0.14225337
2.520000000000002,0.14225337
2.5210000000000017,0.14225337
2.5220000000000016,0.14225337
2.523000000000002,0.14225337
2.524000000000002,0.14225337
2.5250000000000017,0.14225337
2.526000000000002,0.14225337
2.527000000000002,0.14225337
2.528000000000002,0.14225337
2.5290000000000017,0.14225337
2.5300000000000016,0.14225337
2.531000000000002,0.14225337
2.532000000000002,0.14225337
2.5330000000000017,0.14225337
2.534000000000002,0.14225337
2.535000000000002,0.14225337
2.536000000000002,0.14225337
2.5370000000000017,0.14225337
2.5380000000000016,0.14225337
2.539000000000002,0.14225337
2.540000000000002,0.14225337
2.5410000000000017,0.14225337
2.542000000000002,0.14225337
2.543000000000002,0.14225337
2.544000000000002,0.14225337
2.5450000000000017,0.14225337
2.5460000000000016,0.14225337
2.547000000000002,0.14225337
2.548000000000002,0.14225337
2.5490000000000017,0.14225337
2.550000000000002,0.14225337
2.551000000000002,0.14225337
2.552000000000002,0.14225337
2.5530000000000017,0.14225337
2.5540000000000016,0.14225337
2.555000000000002,0.14225337
2.556000000000002,0.14225337
2.5570000000000017,0.14225337
2.558000000000002,0.14225337
2.559000000000002,0.14225337
2.560000000000002,0.14225337
2.5610000000000017,0.14225337
2.5620000000000016,0.14225337
2.563000000000002,0.14225337
2.564000000000002,0.14225337
2.5650000000000017,0.14225337
2.566000000000002,0.14225337
2.567000000000002,0.14225337
2.568000000000002,0.14225337
2.5690000000000017,0.14225337
2.5700000000000016,0.14225337
2.571000000000002,0.14225337
2.572000000000002,0.14225337
2.5730000000000017,0.14225337
2.574000000000002,0.14225337
2.575000000000002,0.14225337
2.576000000000002,0.14225337
2.5770000000000017,0.14225337
2.5780000000000016,0.14225337
2.579000000000002,0.14225337
2.580000000000002,0.14225337
2.5810000000000017,0.14225337
2.582000000000002,0.14225337
2.583000000000002,0.14225337
2.584000000000002,0.14225337
2.5850000000000017,0.14225337
2.5860000000000016,0.14225337
2.587000000000002,0.14225337
2.588000000000002,0.14225337
2.5890000000000017,0.14225337
2.590000000000002,0.14225337
2.591000000000002,0.14225337
2.592000000000002,0.14225337
2.5930000000000017,0.14225337
2.5940000000000016,0.14225337
2.595000000000002,0.14225337
2.596000000000002,0.14225337
2.5970000000000018,0.14225337
2.598000000000002,0.14225337
2.599000000000002,0.14225337
