wave,r
0.4,0.42479436681116384
0.401,0.4267376457912842
0.402,0.42731677420871583
0.403,0.42826164000000005
0.404,0.42971332548314517
0.405,0.4311380999999999
0.406,0.4328682238667227
0.40700000000000003,0.43425489613327733
0.40800000000000003,0.43572210549029033
0.40900000000000003,0.43827113450970984
0.41000000000000003,0.4402135600000001
0.41100000000000003,0.4418555335802642
0.41200000000000003,0.44380412
0.41300000000000003,0.4462451225673744
0.41400000000000003,0.4485018600000001
0.41500000000000004,0.4506373332000361
0.41600000000000004,0.45295733679996414
0.41700000000000004,0.45547262
0.41800000000000004,0.458450320222998
0.41900000000000004,0.4617416000000002
0.42000000000000004,0.46481197685373155
0.42100000000000004,0.46749735
0.42200000000000004,0.47023678107747857
0.42300000000000004,0.47334452892252177
0.42400000000000004,0.4766888057128859
0.42500000000000004,0.48026009428711447
0.42600000000000005,0.48359817000000016
0.42700000000000005,0.4866212677133231
0.42800000000000005,0.4903926000000002
0.42900000000000005,0.4945809632551351
0.43000000000000005,0.4989064767448654
0.43100000000000005,0.5032523180695389
0.43200000000000005,0.5080592719304616
0.43300000000000005,0.5133979300000003
0.43400000000000005,0.5192588623749765
0.43500000000000005,0.5254963600000003
0.43600000000000005,0.531892306568069
0.43700000000000006,0.5385491134319317
0.43800000000000006,0.5456167635101302
0.43900000000000006,0.5529677764898707
0.44000000000000006,0.5604569300000004
0.44100000000000006,0.5680042945263553
0.44200000000000006,0.5757049900000004
0.44300000000000006,0.5837025284005324
0.44400000000000006,0.5915425815994685
0.44500000000000006,0.599058285822184
0.44600000000000006,0.6066405041778169
0.44700000000000006,0.6142865400000005
0.44800000000000006,0.6218455844095563
0.44900000000000007,0.6291059900000003
0.45000000000000007,0.6360683481005384
0.45100000000000007,0.6428784018994624
0.45200000000000007,0.6495425732398354
0.45300000000000007,0.6558665567601651
0.45400000000000007,0.6616296800000006
0.45500000000000007,0.6670990653061473
0.45600000000000007,0.6724103100000003
0.4570000000000001,0.6774161381427188
0.4580000000000001,0.6822304100000004
0.4590000000000001,0.6866211082517351
0.4600000000000001,0.6904462817482652
0.4610000000000001,0.6940493600000002
0.4620000000000001,0.6973696067975322
0.4630000000000001,0.7003332400000003
0.4640000000000001,0.7029276149031513
0.4650000000000001,0.7054179300000001
0.4660000000000001,0.7077749615394694
0.4670000000000001,0.7099289084605309
0.4680000000000001,0.7118430272516552
0.4690000000000001,0.7135681927483452
0.4700000000000001,0.7151948200000002
0.4710000000000001,0.7168139957605425
0.4720000000000001,0.7183900500000001
0.4730000000000001,0.7198102033368334
0.4740000000000001,0.7211438866631669
0.4750000000000001,0.7225896245969082
0.4760000000000001,0.7240493154030921
0.4770000000000001,0.7253698700000001
0.4780000000000001,0.7264952809819903
0.4790000000000001,0.7275934800000001
0.4800000000000001,0.72869141201006
0.4810000000000001,0.7298924179899404
0.4820000000000001,0.7311999914754705
0.4830000000000001,0.7323475385245296
0.4840000000000001,0.7333247700000001
0.4850000000000001,0.7342917803298968
0.4860000000000001,0.7354369800000001
0.4870000000000001,0.7364134882473351
0.4880000000000001,0.7372382217526651
0.4890000000000001,0.7380459390168197
0.4900000000000001,0.7389476209831805
0.4910000000000001,0.7396380900000001
0.4920000000000001,0.7401724446564535
0.4930000000000001,0.7407711100000001
0.4940000000000001,0.7414180652314477
0.4950000000000001,0.74194121
0.4960000000000001,0.742335564351013
0.4970000000000001,0.7427706656489871
0.4980000000000001,0.74312991
0.4990000000000001,0.7435073262258378
0.5000000000000001,0.74391264
0.5010000000000001,0.7441740624760496
0.5020000000000001,0.7444216681766912
0.5030000000000001,0.7446942245488726
0.5040000000000001,0.7449528574136742
0.5050000000000001,0.74512327
0.5060000000000001,0.7452246028560572
0.5070000000000001,0.7453674057159142
0.5080000000000001,0.7456446244555446
0.5090000000000001,0.74575245
0.5100000000000001,0.7457823808696087
0.5110000000000001,0.7458693410323588
0.5120000000000001,0.7459209589676412
0.5130000000000001,0.7459805594039941
0.5140000000000001,0.74600446
0.5150000000000001,0.7459311494175883
0.5160000000000001,0.7458729059628019
0.5170000000000001,0.7457383326914654
0.5180000000000001,0.7455716716666166
0.5190000000000001,0.7455665487208872
0.5200000000000001,0.7454386363581821
0.5210000000000001,0.7452565454627268
0.5220000000000001,0.7451477110883218
0.5230000000000001,0.74497747
0.5240000000000001,0.7448370488507885
0.5250000000000001,0.7447221264441422
0.5260000000000001,0.7445443335558577
0.5270000000000001,0.74434447199862
0.5280000000000001,0.744169
0.5290000000000001,0.7440416775049751
0.5300000000000001,0.7439169267742614
0.5310000000000001,0.7438094021504924
0.5320000000000001,0.7436941911521116
0.5330000000000001,0.743550718901489
0.5340000000000001,0.7434408684622769
0.5350000000000001,0.7433639823065847
0.5360000000000001,0.7433127805120102
0.5370000000000001,0.74330354
0.5380000000000001,0.7434225719884398
0.5390000000000001,0.743621417121644
0.5400000000000001,0.7438588052522374
0.5410000000000001,0.7442111364766648
0.5420000000000001,0.74459165
0.5430000000000001,0.7449683582453878
0.5440000000000002,0.7453806276319185
0.5450000000000002,0.7459071794688948
0.5460000000000002,0.7465232
0.5470000000000002,0.7471444056642568
0.5480000000000002,0.7477108340924363
0.5490000000000002,0.7484154559075638
0.5500000000000002,0.7491952722018221
0.5510000000000002,0.7498787
0.5520000000000002,0.750471416047621
0.5530000000000002,0.7510761790124495
0.5540000000000002,0.7517099273250338
0.5550000000000002,0.752270274396544
0.5560000000000002,0.7528038056726568
0.5570000000000002,0.7533710720133995
0.5580000000000002,0.7539717419799011
0.5590000000000002,0.7544791598516986
0.5600000000000002,0.7550018400000001
0.5610000000000002,0.7555753062460626
0.5620000000000002,0.7561999139992401
0.5630000000000002,0.75689987600076
0.5640000000000002,0.757581763181132
0.5650000000000002,0.7582311
0.5660000000000002,0.7589335519939201
0.5670000000000002,0.7595332474798261
0.5680000000000002,0.7601159083467827
0.5690000000000002,0.7607685234738348
0.5700000000000002,0.76131040498715
0.5710000000000002,0.7618091201776912
0.5720000000000002,0.7623180047334635
0.5730000000000002,0.7628753744262886
0.5740000000000002,0.7635539800000002
0.5750000000000002,0.7644705312129123
0.5760000000000002,0.7655918203719854
0.5770000000000002,0.7666104196280151
0.5780000000000002,0.7675363907403076
0.5790000000000002,0.7683693800000001
0.5800000000000002,0.769117132189122
0.5810000000000002,0.7697265817549123
0.5820000000000002,0.7701184121633919
0.5830000000000002,0.7704089300000001
0.5840000000000002,0.7709150360392605
0.5850000000000002,0.771518963543723
0.5860000000000002,0.7721961496844159
0.5870000000000002,0.7728993229682595
0.5880000000000002,0.7735709000000001
0.5890000000000002,0.7742722676558533
0.5900000000000002,0.7750378549182543
0.5910000000000002,0.7758684633878308
0.5920000000000002,0.7767751109335095
0.5930000000000002,0.7777739304172043
0.5940000000000002,0.7788156493346334
0.5950000000000002,0.7797823809980503
0.5960000000000002,0.7807451307450076
0.5970000000000002,0.7816312300000001
0.5980000000000002,0.782376777581776
0.5990000000000002,0.7831349535808568
0.6000000000000002,0.7838139964191433
0.6010000000000002,0.7844442036979371
0.6020000000000002,0.7851803300000002
0.6030000000000002,0.7859429777761556
0.6040000000000002,0.7867205939082047
0.6050000000000002,0.7875175340611972
0.6060000000000002,0.7883396017793179
0.6070000000000002,0.7890889069410695
0.6080000000000002,0.7897830148980552
0.6090000000000002,0.7905279176529175
0.6100000000000002,0.7913286619925399
0.6110000000000002,0.7921412000000002
0.6120000000000002,0.7929093272176723
0.6130000000000002,0.7936310952151916
0.6140000000000002,0.7943918547848088
0.6150000000000002,0.7951702422161223
0.6160000000000002,0.7959005200000001
0.6170000000000002,0.7965784835231354
0.6180000000000002,0.7972546413118347
0.6190000000000002,0.7979650357921105
0.6200000000000002,0.7987121900000003
0.6210000000000002,0.7994736473529738
0.6220000000000002,0.8002089441374933
0.6230000000000002,0.8009158187937605
0.6240000000000002,0.8016533826243526
0.6250000000000002,0.8023554700000001
0.6260000000000002,0.8030772880193606
0.6270000000000002,0.8038792221556923
0.6280000000000002,0.8046177452295387
0.6290000000000002,0.8053833723437236
0.6300000000000002,0.8061699900000001
0.6310000000000002,0.806865764823059
0.6320000000000002,0.8076069177654118
0.6330000000000002,0.8083931642750429
0.6340000000000002,0.8091698900000001
0.6350000000000002,0.8098908179137793
0.6360000000000002,0.8106821962881486
0.6370000000000002,0.8114966037118517
0.6380000000000002,0.8122217627484276
0.6390000000000002,0.8130760800000002
0.6400000000000002,0.8139522781993642
0.6410000000000002,0.814772215023849
0.6420000000000002,0.8156063433174343
0.6430000000000002,0.8164414116493167
0.6440000000000002,0.8172461479536797
0.6450000000000002,0.818041518283486
0.6460000000000002,0.8189556925747716
0.6470000000000002,0.8198402411545234
0.6480000000000002,0.8206402100000002
0.6490000000000002,0.8214495884460847
0.6500000000000002,0.8222941960699574
0.6510000000000002,0.823097693930043
0.6520000000000002,0.8238035329416297
0.6530000000000002,0.8244889400000001
0.6540000000000002,0.8252000358537588
0.6550000000000002,0.8259927261253939
0.6560000000000002,0.8268635725830711
0.6570000000000003,0.8276590620451207
0.6580000000000003,0.8283509063288634
0.6590000000000003,0.8289837936071197
0.6600000000000003,0.8296641495893208
0.6610000000000003,0.8303703629378589
0.6620000000000003,0.8310151700000001
0.6630000000000003,0.8315833266693335
0.6640000000000003,0.8322502576874158
0.6650000000000003,0.8328398382083898
0.6660000000000003,0.8333932744656448
0.6670000000000003,0.8340534000000001
0.6680000000000003,0.834633660022499
0.6690000000000003,0.8351347849662518
0.6700000000000003,0.8356398798980992
0.6710000000000003,0.8362659800000002
0.6720000000000003,0.8368473151230513
0.6730000000000003,0.8373596194422225
0.6740000000000003,0.8378317305577778
0.6750000000000003,0.838293135385954
0.6760000000000003,0.8387956600000003
0.6770000000000003,0.8393105946098923
0.6780000000000003,0.8397715853451329
0.6790000000000003,0.8402830897699117
0.6800000000000003,0.8408010548203484
0.6810000000000003,0.8412835045282454
0.6820000000000003,0.8417363282357884
0.6830000000000003,0.8421481176463178
0.6840000000000003,0.8425589717829178
0.6850000000000003,0.8430354000000001
0.6860000000000003,0.8435699950211504
0.6870000000000003,0.8440721080428784
0.6880000000000003,0.8444742519571219
0.6890000000000003,0.8448032667098672
0.6900000000000003,0.8451979200000002
0.6910000000000003,0.8455836258578586
0.6920000000000003,0.8458765181769912
0.6930000000000003,0.8461490845486727
0.6940000000000003,0.8465074264165642
0.6950000000000003,0.8468567119789198
0.6960000000000003,0.847054604722764
0.6970000000000003,0.8472907429158543
0.6980000000000003,0.8476293666137324
0.6990000000000003,0.8480598300000001
0.7000000000000003,0.8484931047004471
0.7010000000000003,0.8489631479580818
0.7020000000000003,0.8493610520419185
0.7030000000000003,0.8496550870596706
0.7040000000000003,0.8500152800000002
0.7050000000000003,0.8503791167318674
0.7060000000000003,0.8507157090580472
0.7070000000000003,0.851017643961302
0.7080000000000003,0.8513187200000001
0.7090000000000003,0.8516225227609278
0.7100000000000003,0.8518986140313985
0.7110000000000003,0.8521001839529024
0.7120000000000003,0.8522987380144604
0.7130000000000003,0.8525036000000001
0.7140000000000003,0.8527330228264566
0.7150000000000003,0.8530156675671217
0.7160000000000003,0.8532679049552523
0.7170000000000003,0.8534665080139802
0.7180000000000003,0.8536365017387174
0.7190000000000003,0.8538103739552023
0.7200000000000003,0.8540081340671968
0.7210000000000003,0.8542090059825599
0.7220000000000003,0.8543888300000001
0.7230000000000003,0.8546541324379244
0.7240000000000003,0.8548979222649095
0.7250000000000003,0.8550111677350907
0.7260000000000003,0.8550851292603926
0.7270000000000003,0.8552694900000001
0.7280000000000003,0.8555195916564332
0.7290000000000003,0.8556852334744263
0.7300000000000003,0.8558010476837158
0.7310000000000003,0.855880619204292
0.7320000000000003,0.8559582810908108
0.7330000000000003,0.8560673624758763
0.7340000000000003,0.8561911562861857
0.7350000000000003,0.8562880790307806
0.7360000000000003,0.8563723600000002
0.7370000000000003,0.8565393713333134
0.7380000000000003,0.8566727016867324
0.7390000000000003,0.8567570383132674
0.7400000000000003,0.8568407891624916
0.7410000000000003,0.85695493
0.7420000000000003,0.85704601099661
0.7430000000000003,0.8570958406059698
0.7440000000000003,0.8571160395960201
0.7450000000000003,0.85707891
0.7460000000000003,0.8571153313596136
0.7470000000000003,0.8572512912539373
0.7480000000000003,0.857313988119094
0.7490000000000003,0.857419548944379
0.7500000000000003,0.85749328
0.7510000000000003,0.857473550397608
0.7520000000000003,0.8575133109119544
0.7530000000000003,0.8575437093920304
0.7540000000000003,0.8575653997830979
0.7550000000000003,0.85763377
0.7560000000000003,0.857728062361482
0.7570000000000003,0.8578461364577772
0.7580000000000003,0.857941088100981
0.7590000000000003,0.85793942
0.7600000000000003,0.8579150399183991
0.7610000000000003,0.8579068804553819
0.7620000000000003,0.8579296495446183
0.7630000000000003,0.857949849797998
0.7640000000000003,0.85796505
0.7650000000000003,0.857982100448809
0.7660000000000003,0.858026982641068
0.7670000000000003,0.858115018239288
0.7680000000000003,0.8581696694534946
0.7690000000000003,0.8581488096363963
0.7700000000000004,0.8581124513709315
0.7710000000000004,0.8581809979436028
0.7720000000000004,0.8582572292376848
0.7730000000000004,0.8582232
0.7740000000000004,0.8581106096184962
0.7750000000000004,0.8580724605161794
0.7760000000000004,0.8580982694838207
0.7770000000000004,0.8581025599570995
0.7780000000000004,0.85808372
0.7790000000000004,0.858094449905999
0.7800000000000004,0.858089747459127
0.7810000000000004,0.8580050516939153
0.7820000000000004,0.8580054599958999
0.7830000000000004,0.8580558905048051
0.7840000000000004,0.8581063702741863
0.7850000000000004,0.8581200795887205
0.7860000000000004,0.8580968402324046
0.7870000000000004,0.85804582
0.7880000000000004,0.8580323510275206
0.7890000000000004,0.8581351017327135
0.7900000000000004,0.8581928588448577
0.7910000000000004,0.8582063898646987
0.7920000000000004,0.85822994
0.7930000000000004,0.8582208793598319
0.7940000000000004,0.858188870960252
0.7950000000000004,0.8581873200310003
0.7960000000000004,0.85826278
0.7970000000000004,0.8583101008351085
0.7980000000000004,0.8583936123233071
0.7990000000000004,0.858509777676693
0.8000000000000004,0.8585644394533946
0.8010000000000004,0.85860717
0.8020000000000004,0.8586819210413209
0.8030000000000004,0.8587860516877156
0.8040000000000004,0.8588423088748562
0.8050000000000004,0.8589203992190921
0.8060000000000004,0.8590344813506136
0.8070000000000004,0.8591695429062548
0.8080000000000004,0.859314855640618
0.8090000000000004,0.8595086861233613
0.8100000000000004,0.85971415
0.8110000000000004,0.8598488009274093
0.8120000000000004,0.8599415428156875
0.8130000000000004,0.8600823271843127
0.8140000000000004,0.8602635281879819
0.8150000000000004,0.8603993700000001
0.8160000000000004,0.8606072740494406
0.8170000000000004,0.8608097461133944
0.8180000000000004,0.8610135259244038
0.8190000000000004,0.8613321768134683
0.8200000000000004,0.8616077932121322
0.8210000000000004,0.8619290083799812
0.8220000000000004,0.8623480074300287
0.8230000000000004,0.862693906541031
0.8240000000000004,0.8629791700000001
0.8250000000000004,0.8632548533360335
0.8260000000000004,0.8635884573705053
0.8270000000000004,0.863956982629495
0.8280000000000004,0.8643196163736638
0.8290000000000004,0.8647018100000001
0.8300000000000004,0.8651273366160662
0.8310000000000004,0.8654581391048449
0.8320000000000004,0.8657616339301036
0.8330000000000004,0.8661378000000003
0.8340000000000004,0.8666174439607397
0.8350000000000004,0.8670135182477878
0.8360000000000004,0.8674259076283187
0.8370000000000004,0.8678661555975121
0.8380000000000004,0.8681925500000001
0.8390000000000004,0.8685222935518712
0.8400000000000004,0.8688774806908657
0.8410000000000004,0.8692338428727565
0.8420000000000004,0.8695372269661699
0.8430000000000004,0.8698519530702309
0.8440000000000004,0.8701589751389431
0.8450000000000004,0.8704159222915855
0.8460000000000004,0.8706190559373594
0.8470000000000004,0.87076169
0.8480000000000004,0.8708159890623905
0.8490000000000004,0.8707222236094555
0.8500000000000004,0.8704026963905442
0.8510000000000004,0.8698544554824545
0.8520000000000004,0.8691893799999998
0.8530000000000004,0.8685749150741013
0.8540000000000004,0.868082335556922
0.8550000000000004,0.8679342329620519
0.8560000000000004,0.8682639567026671
0.8570000000000004,0.8690990925928265
0.8580000000000004,0.8703583763628824
0.8590000000000004,0.8716765204556778
0.8600000000000004,0.8728136286289729
0.8610000000000004,0.8738591100000005
0.8620000000000004,0.8749151285718861
0.8630000000000004,0.875772311306548
0.8640000000000004,0.8763376386934525
0.8650000000000004,0.8768236551398516
0.8660000000000004,0.8772466200000002
0.8670000000000004,0.8776314975376756
0.8680000000000004,0.8780083821709916
0.8690000000000004,0.8784140818860059
0.8700000000000004,0.8787534800000001
0.8710000000000004,0.8790247426578267
0.8720000000000004,0.8792905266348684
0.8730000000000004,0.8796222700476978
0.8740000000000004,0.8799447967747357
0.8750000000000004,0.8802089100000001
0.8760000000000004,0.8804252126775537
0.8770000000000004,0.8806929687541624
0.8780000000000004,0.880984774163892
0.8790000000000004,0.8812166476812769
0.8800000000000004,0.8813530200000002
0.8810000000000004,0.8815502543021849
0.8820000000000005,0.8817653635467227
0.8830000000000005,0.8819701059051591
0.8840000000000005,0.8821421300000001
0.8850000000000005,0.8822741511158112
0.8860000000000005,0.8823857321827128
0.8870000000000005,0.8824948678172874
0.8880000000000005,0.8825805791428915
0.8890000000000005,0.88259488
0.8900000000000005,0.8826664116659334
0.8910000000000005,0.8828330043362832
0.8920000000000005,0.8829775471091446
0.8930000000000005,0.882987859896899
0.8940000000000005,0.8830788120850209
0.8950000000000005,0.8832873129682517
0.8960000000000005,0.8834357255476226
0.8970000000000005,0.8835086792704855
0.8980000000000005,0.88356775
0.8990000000000005,0.8836661012272123
0.9000000000000005,0.8837888214651415
0.9010000000000005,0.8838620785348587
0.9020000000000005,0.8838851997687976
0.9030000000000005,0.88390934
0.9040000000000005,0.8839873710084102
0.9050000000000005,0.8840377920758963
0.9060000000000005,0.8841069886160693
0.9070000000000005,0.88420831898669
0.9080000000000005,0.8843254418824189
0.9090000000000005,0.8845136844735764
0.9100000000000005,0.8847373632896356
0.9110000000000005,0.8849820475531511
0.9120000000000005,0.8852485400000001
0.9130000000000005,0.8854568614693294
0.9140000000000005,0.8856037953085346
0.9150000000000005,0.885780746460977
0.9160000000000005,0.8860885469219694
0.9170000000000005,0.8863593300000001
0.9180000000000005,0.8866701752139394
0.9190000000000005,0.8869308721790912
0.9200000000000005,0.8870016885837858
0.9210000000000005,0.8872352200000001
0.9220000000000005,0.8874346009561096
0.9230000000000005,0.887530212651094
0.9240000000000005,0.8876627673489061
0.9250000000000005,0.8877877587500876
0.9260000000000005,0.88779604
0.9270000000000005,0.8878352027103543
0.9280000000000005,0.8881062300374981
0.9290000000000005,0.8881074799750012
0.9300000000000005,0.8880845902289022
0.9310000000000005,0.8881844913715138
0.9320000000000005,0.8883216404623769
0.9330000000000005,0.8883447593064346
0.9340000000000005,0.8882573217488174
0.9350000000000005,0.88812977
0.9360000000000005,0.8880623001877018
0.9370000000000005,0.8880810721947123
0.9380000000000005,0.8881908078052878
0.9390000000000005,0.8882762791452915
0.9400000000000005,0.88824308
0.9410000000000005,0.8882589287805878
0.9420000000000005,0.8881979563647816
0.9430000000000005,0.8880767824234788
0.9440000000000005,0.8880015607522075
0.9450000000000005,0.8879679999552995
0.9460000000000005,0.8879635308953552
0.9470000000000005,0.8880082986569673
0.9480000000000005,0.888139068692274
0.9490000000000005,0.8882696
0.9500000000000005,0.8881959889878899
0.9510000000000005,0.8880947826892924
0.9520000000000005,0.8882292473107076
0.9530000000000005,0.8884123581688818
0.9540000000000005,0.88839835
0.9550000000000005,0.8883224711528115
0.9560000000000005,0.8883801124907754
0.9570000000000005,0.8884631383394831
0.9580000000000005,0.88855284
0.9590000000000005,0.8886502409322095
0.9600000000000005,0.8887434605531724
0.9610000000000005,0.8887711191702415
0.9620000000000005,0.8887370203410068
0.9630000000000005,0.88869995
0.9640000000000005,0.8887462016535331
0.9650000000000005,0.8889115540371982
0.9660000000000005,0.8890461273085346
0.9670000000000005,0.8889846806145061
0.9680000000000005,0.8888024094581946
0.9690000000000005,0.8887482284348782
0.9700000000000005,0.8886699723476826
0.9710000000000005,0.8885754318908189
0.9720000000000005,0.8883975099999999
0.9730000000000005,0.8881418694599946
0.9740000000000005,0.8880878721337148
0.9750000000000005,0.8881945578662854
0.9760000000000005,0.8881533104125041
0.9770000000000005,0.88785064
0.9780000000000005,0.887783768103262
0.9790000000000005,0.8875940913406327
0.9800000000000005,0.8873054457729111
0.9810000000000005,0.8871685913685137
0.9820000000000005,0.8873857318662187
0.9830000000000005,0.8875723479115044
0.9840000000000005,0.8874679231327433
0.9850000000000005,0.8872452422268444
0.9860000000000005,0.88739204
0.9870000000000005,0.88739090801038
0.9880000000000005,0.8871919416067354
0.9890000000000005,0.8867722783932641
0.9900000000000005,0.8863170145526452
0.9910000000000005,0.88624781
0.9920000000000005,0.886226057306973
0.9930000000000005,0.8860914031624417
0.9940000000000005,0.8858634845583719
0.9950000000000006,0.8854535199999995
0.9960000000000006,0.8847519139798394
0.9970000000000006,0.8841499069065546
0.9980000000000006,0.8839952346401679
0.9990000000000006,0.8838076618757374
1.0000000000000004,0.8836003499999995
1.0010000000000006,0.8823054399999996
1.0020000000000007,0.8816423999999997
1.0030000000000006,0.8810748499999997
1.0040000000000004,0.8807568498650132
1.0050000000000006,0.8801554999999995
1.0060000000000007,0.8794697499999996
1.0070000000000006,0.8788444999999996
1.0080000000000005,0.8781346699999997
1.0090000000000006,0.8774741908959102
1.0100000000000007,0.8768831499999995
1.0110000000000006,0.8762669599999995
1.0120000000000005,0.8754598499999998
1.0130000000000006,0.8749460599999997
1.0140000000000007,0.8746543191740823
1.0150000000000006,0.8742949999999999
1.0160000000000005,0.8740486499999999
1.0170000000000006,0.8738909399999998
1.0180000000000007,0.8735023699999995
1.0190000000000006,0.872893100926907
1.0200000000000005,0.8725599099999999
1.0210000000000006,0.8722913299999998
1.0220000000000007,0.8719443699999999
1.0230000000000006,0.8717399799999997
1.0240000000000005,0.8713967199999998
1.0250000000000006,0.8707795099999998
1.0260000000000007,0.8704339299999999
1.0270000000000006,0.8702424199999998
1.0280000000000005,0.86999822
1.0290000000000006,0.8699514299999999
1.0300000000000007,0.8697125299999998
1.0310000000000006,0.8693037599999998
1.0320000000000005,0.8688949054274571
1.0330000000000006,0.8686491799999999
1.0340000000000007,0.8684261999999998
1.0350000000000006,0.8681777699999998
1.0360000000000005,0.8680915199999999
1.0370000000000006,0.8678514625117485
1.0380000000000007,0.8674765799999998
1.0390000000000006,0.8671309899999998
1.0400000000000005,0.8667421299999999
1.0410000000000006,0.8664326699999997
1.0420000000000007,0.8660133319338064
1.0430000000000006,0.8658030600000001
1.0440000000000005,0.8659987399999999
1.0450000000000006,0.8658157599999998
1.0460000000000007,0.8654394099999999
1.0470000000000006,0.8652128226587341
1.0480000000000005,0.8648780599999997
1.0490000000000006,0.8641467099999999
1.0500000000000007,0.8639943000000002
1.0510000000000006,0.8641603000000001
1.0520000000000005,0.8641738300000001
1.0530000000000006,0.8643381
1.0540000000000007,0.86447138
1.0550000000000006,0.8645023300249975
1.0560000000000005,0.8647025800000002
1.0570000000000006,0.8651428200000001
1.0580000000000007,0.8653770700000001
1.0590000000000006,0.8654742800000002
1.0600000000000005,0.8657123692340767
1.0610000000000006,0.8660047100000002
1.0620000000000007,0.8664144300000004
1.0630000000000006,0.8670875400000004
1.0640000000000005,0.8677365200000002
1.0650000000000006,0.8683384098110193
1.0660000000000007,0.8688874800000006
1.0670000000000006,0.8694791200000005
1.0680000000000005,0.8700907800000003
1.0690000000000006,0.8707167500000005
1.0700000000000007,0.8713625654184587
1.0710000000000006,0.8719722600000005
1.0720000000000005,0.8725959700000002
1.0730000000000006,0.8731485600000003
1.0740000000000007,0.8735817100000004
1.0750000000000006,0.8742162600000002
1.0760000000000005,0.8746184100000003
1.0770000000000006,0.8750650900000004
1.0780000000000007,0.8756770404559547
1.0790000000000006,0.8761816000000002
1.0800000000000005,0.8767648900000004
1.0810000000000006,0.8775482200000003
1.0820000000000007,0.8780610000000003
1.0830000000000006,0.8784498356104392
1.0840000000000005,0.87880594
1.0850000000000006,0.8789148300000003
1.0860000000000007,0.8793125700000005
1.0870000000000006,0.8799051600000003
1.0880000000000005,0.8803418463313671
1.0890000000000006,0.8807904100000004
1.0900000000000007,0.8813072400000004
1.0910000000000006,0.8817335400000003
1.0920000000000005,0.8820325100000003
1.0930000000000006,0.8824319400569945
1.0940000000000007,0.8827126000000001
1.0950000000000006,0.88275725
1.0960000000000005,0.88281137
1.0970000000000006,0.8827586799999999
1.0980000000000008,0.8825765799999999
1.0990000000000006,0.88242596
1.1000000000000005,0.8823553299999998
1.1010000000000006,0.8819716599999998
1.1020000000000008,0.8815881599999995
1.1030000000000006,0.8809055699999994
1.1040000000000005,0.8799511799999995
1.1050000000000006,0.8788058799999993
1.1060000000000008,0.8776144275772414
1.1070000000000007,0.8762901999999989
1.1080000000000005,0.8745560099999986
1.1090000000000007,0.8723851399999983
1.1100000000000008,0.8698208299999979
1.1110000000000007,0.8666666296020373
1.1120000000000005,0.8632626499999985
1.1130000000000007,0.8596497799999977
1.1140000000000008,0.8561853199999974
1.1150000000000007,0.852207719999998
1.1160000000000005,0.8492203987321248
1.1170000000000007,0.845922169999999
1.1180000000000008,0.8444217399999995
1.1190000000000007,0.8437656200000003
1.1200000000000006,0.8442497800000008
1.1210000000000007,0.8462345415238488
1.1220000000000008,0.8490878300000022
1.1230000000000007,0.8524938200000025
1.1240000000000006,0.8563590000000016
1.1250000000000007,0.8602213300000024
1.1260000000000008,0.8638917200000029
1.1270000000000007,0.8671802300000019
1.1280000000000006,0.8699361700000015
1.1290000000000007,0.8720919902789733
1.1300000000000008,0.8736947800000013
1.1310000000000007,0.8751453200000007
1.1320000000000006,0.8761856600000004
1.1330000000000007,0.8771215100000005
1.1340000000000008,0.8777901575192485
1.1350000000000007,0.8784653500000004
1.1360000000000006,0.8789784900000002
1.1370000000000007,0.8793848800000004
1.1380000000000008,0.8798582000000004
1.1390000000000007,0.8802422515948407
1.1400000000000006,0.8805638600000001
1.1410000000000007,0.8808128200000002
1.1420000000000008,0.8809425800000001
1.1430000000000007,0.8810673400000001
1.1440000000000006,0.8811930874252576
1.1450000000000007,0.88116431
1.1460000000000008,0.88111842
1.1470000000000007,0.8811028000000001
1.1480000000000006,0.8810462399999999
1.1490000000000007,0.88094449
1.1500000000000008,0.88087243
1.1510000000000007,0.8808336299999999
1.1520000000000006,0.8806797299999999
1.1530000000000007,0.8805263
1.1540000000000008,0.8803689499999999
1.1550000000000007,0.88023764
1.1560000000000006,0.88024318
1.1570000000000007,0.880268563629637
1.1580000000000008,0.8802048599999999
1.1590000000000007,0.8801390499999999
1.1600000000000006,0.8799982699999999
1.1610000000000007,0.8797974599999999
1.1620000000000008,0.8796886006539345
1.1630000000000007,0.8794951399999997
1.1640000000000006,0.8792146999999998
1.1650000000000007,0.8790001299999999
1.1660000000000008,0.8787893699999998
1.1670000000000007,0.8785688520517947
1.1680000000000006,0.8783796999999998
1.1690000000000007,0.8781912899999997
1.1700000000000008,0.8779010199999998
1.1710000000000007,0.8776194999999998
1.1720000000000006,0.8773230596440355
1.1730000000000007,0.8769876399999997
1.1740000000000008,0.8766859799999998
1.1750000000000007,0.8763393199999997
1.1760000000000006,0.8758765499999996
1.1770000000000007,0.8754105599999997
1.1780000000000008,0.8750703299999997
1.1790000000000007,0.8746498799999997
1.1800000000000006,0.8741262088821116
1.1810000000000007,0.8736150299999995
1.1820000000000008,0.8729951999999994
1.1830000000000007,0.8723286399999995
1.1840000000000006,0.8716217899999996
1.1850000000000007,0.8709217741425852
1.1860000000000008,0.8701631999999991
1.1870000000000007,0.8692542299999994
1.1880000000000006,0.8682714099999993
1.1890000000000007,0.8672893599999993
1.1900000000000008,0.866269751960803
1.1910000000000007,0.865286049999999
1.1920000000000006,0.8641656599999991
1.1930000000000007,0.8629003799999991
1.1940000000000008,0.8615908599999987
1.1950000000000007,0.8601883902469741
1.1960000000000006,0.8586950299999989
1.1970000000000007,0.8571083499999989
1.1980000000000008,0.8554667799999985
1.1990000000000007,0.853854359999999
1.2000000000000006,0.852334559999999
1.2010000000000007,0.8508791899999987
1.2020000000000008,0.8494151799999988
1.2030000000000007,0.848010994048594
1.2040000000000006,0.846551479999999
1.2050000000000007,0.8450501599999991
1.2060000000000008,0.843691289999999
1.2070000000000007,0.8425611899999993
1.2080000000000006,0.8415426310848908
1.2090000000000007,0.8406534799999995
1.2100000000000009,0.8399068699999993
1.2110000000000007,0.8391688499999994
1.2120000000000006,0.8385323899999997
1.2130000000000007,0.8380821750214975
1.2140000000000009,0.8376180499999996
1.2150000000000007,0.8371204099999997
1.2160000000000006,0.8366200899999996
1.2170000000000007,0.8360247599999997
1.2180000000000009,0.8354799144845511
1.2190000000000007,0.8349841799999996
1.2200000000000006,0.8344688399999997
1.2210000000000008,0.8340252599999997
1.2220000000000009,0.8336316899999997
1.2230000000000008,0.8332465899999997
1.2240000000000006,0.8329284199999999
1.2250000000000008,0.8327589
1.2260000000000009,0.83269775
1.2270000000000008,0.83269501
1.2280000000000006,0.8327610500000001
1.2290000000000008,0.83288598
1.2300000000000009,0.83296657
1.2310000000000008,0.832976630749925
1.2320000000000007,0.8328841299999998
1.2330000000000008,0.8326630599999998
1.2340000000000009,0.8324232099999999
1.2350000000000008,0.8322460699999998
1.2360000000000007,0.8321185595820417
1.2370000000000008,0.83201438
1.2380000000000009,0.8319702099999999
1.2390000000000008,0.83188456
1.2400000000000007,0.83185017
1.2410000000000008,0.831887776239376
1.2420000000000009,0.8319822000000001
1.2430000000000008,0.8321070100000001
1.2440000000000007,0.8322520300000001
1.2450000000000008,0.83243889
1.2460000000000009,0.8325053433546646
1.2470000000000008,0.8326205000000001
1.2480000000000007,0.83271527
1.2490000000000008,0.83277559
1.2500000000000009,0.83283961
1.2510000000000008,0.8327958
1.2520000000000007,0.8327155699999998
1.2530000000000008,0.8326115599999999
1.254000000000001,0.8325489663033695
1.2550000000000008,0.8324119999999998
1.2560000000000007,0.8322037499999999
1.2570000000000008,0.8320079999999997
1.258000000000001,0.8316827999999999
1.2590000000000008,0.8313837852904707
1.2600000000000007,0.8310366899999998
1.2610000000000008,0.8307552899999998
1.262000000000001,0.8304874899999998
1.2630000000000008,0.8302780399999999
1.2640000000000007,0.8301186759364063
1.2650000000000008,0.8299638599999999
1.266000000000001,0.8298408999999999
1.2670000000000008,0.8297269899999999
1.2680000000000007,0.8296073099999999
1.2690000000000008,0.8294501457164283
1.270000000000001,0.8293103
1.2710000000000008,0.8291684999999999
1.2720000000000007,0.8290182399999999
1.2730000000000008,0.8288695799999999
1.274000000000001,0.8286895799999999
1.2750000000000008,0.8285145799999997
1.2760000000000007,0.8281812099999998
1.2770000000000008,0.8278563599999998
1.278000000000001,0.8276534699999997
1.2790000000000008,0.8273162799999998
1.2800000000000007,0.8270216599999999
1.2810000000000008,0.8268398599999998
1.282000000000001,0.8265466855574438
1.2830000000000008,0.8261022599999998
1.2840000000000007,0.8258179999999998
1.2850000000000008,0.8255417299999998
1.286000000000001,0.82533687
1.2870000000000008,0.8253275767813218
1.2880000000000007,0.82529539
1.2890000000000008,0.8252682699999999
1.290000000000001,0.8251502499999996
1.2910000000000008,0.8248299999999996
1.2920000000000007,0.8244541075892409
1.2930000000000008,0.8239527899999997
1.294000000000001,0.8234237999999996
1.2950000000000008,0.8228548199999994
1.2960000000000007,0.8221878399999996
1.2970000000000008,0.8215576430196975
1.298000000000001,0.8209198699999994
1.2990000000000008,0.8202759599999996
1.3000000000000007,0.8196058899999995
1.3010000000000008,0.8188741199999994
1.302000000000001,0.8180895399999991
1.3030000000000008,0.8172541899999994
1.3040000000000007,0.8163744199999995
1.3050000000000008,0.8154968268413152
1.306000000000001,0.8145652399999991
1.3070000000000008,0.8136237299999992
1.3080000000000007,0.8127085599999994
1.3090000000000008,0.8116600499999993
1.310000000000001,0.8105884409589031
1.3110000000000008,0.809598029999999
1.3120000000000007,0.808528839999999
1.3130000000000008,0.8074181699999994
1.314000000000001,0.806363819999999
1.3150000000000008,0.8052872876532338
1.3160000000000007,0.8041789499999991
1.3170000000000008,0.8031802799999991
1.318000000000001,0.8022131899999992
1.3190000000000008,0.8013634099999994
1.3200000000000007,0.8007142049205074
1.3210000000000008,0.8001146899999997
1.322000000000001,0.7997155199999997
1.3230000000000008,0.79942971
1.3240000000000007,0.7993919800000001
1.3250000000000008,0.7995602500000003
1.326000000000001,0.7999046400000006
1.3270000000000008,0.8005301400000006
1.3280000000000007,0.8011075374002605
1.3290000000000008,0.8017815400000007
1.330000000000001,0.8025108000000006
1.3310000000000008,0.8032850600000008
1.3320000000000007,0.8041445000000007
1.3330000000000009,0.8050289390930914
1.334000000000001,0.8058198700000005
1.3350000000000009,0.8064788600000005
1.3360000000000007,0.8070358000000004
1.3370000000000009,0.8075187800000004
1.338000000000001,0.8079821636616343
1.3390000000000009,0.8083552700000002
1.3400000000000007,0.8086451900000001
1.3410000000000009,0.8088855700000002
1.342000000000001,0.8090513300000002
1.3430000000000009,0.8092243526977304
1.3440000000000007,0.8094108700000001
1.3450000000000009,0.8095911100000002
1.346000000000001,0.80978441
1.3470000000000009,0.8098156999999999
1.3480000000000008,0.8098109999999998
1.3490000000000009,0.8096111999999995
1.350000000000001,0.8092452899999996
1.3510000000000009,0.8088015299999994
1.3520000000000008,0.8081744899999994
1.3530000000000009,0.8076024099999995
1.354000000000001,0.8068601499999996
1.3550000000000009,0.8063225199999996
1.3560000000000008,0.8058312725247472
1.3570000000000009,0.8054565199999998
1.358000000000001,0.8052465299999999
1.3590000000000009,0.80512422
1.3600000000000008,0.8050911999999999
1.3610000000000009,0.8050985303159683
1.362000000000001,0.80510169
1.3630000000000009,0.80513495
1.3640000000000008,0.80514592
1.3650000000000009,0.8052104700000001
1.366000000000001,0.8053122098260175
1.3670000000000009,0.8053847000000001
1.3680000000000008,0.8055407400000001
1.3690000000000009,0.8057108500000002
1.370000000000001,0.8059052200000002
1.3710000000000009,0.8061285976622339
1.3720000000000008,0.8061413799999999
1.3730000000000009,0.8060520899999999
1.374000000000001,0.8058595099999997
1.3750000000000009,0.8054788099999997
1.3760000000000008,0.8051112899999997
1.377000000000001,0.8047320799999994
1.378000000000001,0.8042312899999995
1.379000000000001,0.8036100323797616
1.3800000000000008,0.8030338299999994
1.381000000000001,0.8023703699999994
1.382000000000001,0.8017454099999993
1.383000000000001,0.8011465099999995
1.3840000000000008,0.8005466453764619
1.385000000000001,0.7999004099999996
1.386000000000001,0.7993490099999995
1.387000000000001,0.7988850499999995
1.3880000000000008,0.7984527899999998
1.389000000000001,0.798166418637136
1.390000000000001,0.7978589499999996
1.391000000000001,0.7975622399999998
1.3920000000000008,0.7973236399999997
1.393000000000001,0.7970043399999996
1.394000000000001,0.7966646339706025
1.395000000000001,0.7962781799999996
1.3960000000000008,0.7958638699999997
1.397000000000001,0.7954552799999994
1.398000000000001,0.7949846999999995
1.399000000000001,0.7944746599999994
1.4000000000000008,0.7938729499999995
1.4010000000000007,0.7932036499999996
1.402000000000001,0.792504009999999
1.403000000000001,0.7916390899999992
1.4040000000000008,0.7907172999999993
1.4050000000000007,0.7895907799999992
1.406000000000001,0.7882525899999985
1.407000000000001,0.7868539907279257
1.4080000000000008,0.785261269999999
1.4090000000000007,0.7837045199999989
1.410000000000001,0.7819680599999983
1.411000000000001,0.7804540999999987
1.4120000000000008,0.7788967420237967
1.4130000000000007,0.7776169799999992
1.414000000000001,0.7764829999999993
1.415000000000001,0.7755962599999995
1.4160000000000008,0.7749457999999996
1.4170000000000007,0.7744826563143682
1.418000000000001,0.77430302
1.419000000000001,0.7742545
1.4200000000000008,0.7743093400000001
1.4210000000000007,0.7744520900000001
1.422000000000001,0.7746485903499651
1.423000000000001,0.7749055600000002
1.4240000000000008,0.7751258600000002
1.4250000000000007,0.7753313200000002
1.426000000000001,0.7755251500000001
1.427000000000001,0.7756102700000002
1.4280000000000008,0.7757240500000001
1.4290000000000007,0.77586848
1.430000000000001,0.7758383751724828
1.431000000000001,0.7757900999999999
1.4320000000000008,0.7757256599999999
1.4330000000000007,0.7755968599999999
1.434000000000001,0.7754409899999999
1.435000000000001,0.775307217227277
1.4360000000000008,0.7750794899999996
1.4370000000000007,0.7747650699999996
1.438000000000001,0.7744305099999996
1.439000000000001,0.7741041799999996
1.4400000000000008,0.7736310873092688
1.4410000000000007,0.7730853599999995
1.442000000000001,0.7724422199999991
1.443000000000001,0.7716798199999992
1.4440000000000008,0.7708331899999992
1.4450000000000007,0.7699442188971095
1.446000000000001,0.7688956899999987
1.447000000000001,0.7677290999999986
1.4480000000000008,0.766426149999999
1.4490000000000007,0.764980789999999
1.450000000000001,0.7634123599999981
1.451000000000001,0.761686439999998
1.4520000000000008,0.7599091499999985
1.4530000000000007,0.7581278731886799
1.454000000000001,0.7563597599999982
1.455000000000001,0.7546460599999986
1.4560000000000008,0.7530000799999986
1.4570000000000007,0.7514731299999988
1.458000000000001,0.7500649664573528
1.459000000000001,0.748829539999999
1.4600000000000009,0.7477160699999991
1.4610000000000007,0.7466725699999991
1.462000000000001,0.7456558299999989
1.463000000000001,0.7446979057924198
1.4640000000000009,0.7437871699999993
1.4650000000000007,0.7429069299999994
1.466000000000001,0.742054399999999
1.467000000000001,0.741169389999999
1.4680000000000009,0.7402550314358557
1.4690000000000007,0.7392306899999992
1.470000000000001,0.7381363499999987
1.471000000000001,0.7369459299999985
1.4720000000000009,0.7356684799999987
1.4730000000000008,0.734301209999999
1.474000000000001,0.7328459599999984
1.475000000000001,0.7313302799999986
1.4760000000000009,0.7297202899999985
1.4770000000000008,0.7280324099999985
1.478000000000001,0.7263619899999983
1.479000000000001,0.7244477899999983
1.4800000000000009,0.7225050899999979
1.4810000000000008,0.7201709530286953
1.482000000000001,0.7176012399999968
1.483000000000001,0.7147138099999971
1.4840000000000009,0.7114598799999969
1.4850000000000008,0.7080141299999975
1.486000000000001,0.7041358102199736
1.487000000000001,0.7003380099999955
1.4880000000000009,0.6963232799999973
1.4890000000000008,0.6923438899999975
1.490000000000001,0.6886334399999963
1.491000000000001,0.6852133720067958
1.4920000000000009,0.6820607199999974
1.4930000000000008,0.6791958199999982
1.494000000000001,0.6765406099999971
1.495000000000001,0.6739717699999977
1.4960000000000009,0.6714751196650314
1.4970000000000008,0.6688342099999974
1.498000000000001,0.6660153899999973
1.499000000000001,0.6629866999999969
1.5000000000000009,0.659646629999997
1.5010000000000008,0.656294879999997
1.5020000000000011,0.6529124999999957
1.503000000000001,0.6496390699999974
1.504000000000001,0.6467357732726703
1.5050000000000008,0.6441684999999981
1.5060000000000011,0.6420707099999983
1.507000000000001,0.6405053699999989
1.508000000000001,0.6394652099999996
1.5090000000000008,0.6389100626637336
1.5100000000000011,0.6389367000000004
1.511000000000001,0.6392880700000007
1.512000000000001,0.6398556200000008
1.5130000000000008,0.6406157600000004
1.5140000000000011,0.6413526363123696
1.515000000000001,0.6420224900000006
1.516000000000001,0.6424874700000004
1.5170000000000008,0.6429353400000001
1.5180000000000011,0.6430031099999998
1.519000000000001,0.64281912839816
1.520000000000001,0.6423724899999993
1.5210000000000008,0.6416193199999992
1.5220000000000011,0.6407231099999985
1.523000000000001,0.6395332199999989
1.524000000000001,0.6383103699999987
1.5250000000000008,0.6367945099999988
1.5260000000000011,0.6354638299999983
1.527000000000001,0.6339832499999988
1.528000000000001,0.6328762799999991
1.5290000000000008,0.6319231999999996
1.5300000000000011,0.6312091399999995
1.531000000000001,0.6308199199999995
1.532000000000001,0.6304528003509647
1.5330000000000008,0.6303563099999999
1.5340000000000011,0.6301481099999999
1.535000000000001,0.6300276499999997
1.536000000000001,0.6297689099999998
1.5370000000000008,0.6294679165593438
1.5380000000000011,0.6290335099999994
1.539000000000001,0.6285212599999994
1.540000000000001,0.6278766399999993
1.5410000000000008,0.6270886699999992
1.5420000000000011,0.6262101178552135
1.543000000000001,0.625187039999999
1.544000000000001,0.6240769599999989
1.5450000000000008,0.6228425499999988
1.5460000000000012,0.6214837399999983
1.547000000000001,0.6200305453194666
1.548000000000001,0.6184425399999985
1.5490000000000008,0.6167589399999989
1.5500000000000012,0.615040659999998
1.551000000000001,0.6132845899999982
1.552000000000001,0.6117219899999985
1.5530000000000008,0.6103451799999994
1.5540000000000012,0.6093254699999995
1.555000000000001,0.6088364069483051
1.556000000000001,0.6088058900000005
1.5570000000000008,0.6094892600000013
1.5580000000000012,0.6108937300000022
1.559000000000001,0.6129304800000023
1.560000000000001,0.6154089515868442
1.5610000000000008,0.6183248200000028
1.5620000000000012,0.6214323600000042
1.563000000000001,0.6246398100000029
1.564000000000001,0.6279364200000028
1.5650000000000008,0.6311108825537471
1.5660000000000012,0.6340607400000036
1.567000000000001,0.6367073100000027
1.568000000000001,0.6391205200000017
1.5690000000000008,0.6411712800000017
1.5700000000000012,0.6430146056674355
1.571000000000001,0.6446947500000014
1.572000000000001,0.6460363900000013
1.5730000000000008,0.6472242500000007
1.5740000000000012,0.648314540000001
1.575000000000001,0.649201330000001
1.576000000000001,0.650082830000001
1.5770000000000008,0.6509694500000006
1.5780000000000012,0.6517319165653442
1.579000000000001,0.6523975700000006
1.580000000000001,0.6529624500000003
1.5810000000000008,0.6533659100000002
1.5820000000000012,0.6535837700000002
1.583000000000001,0.6537170387781222
1.584000000000001,0.6537048199999997
1.5850000000000009,0.6535035999999997
1.5860000000000012,0.6532224399999993
1.587000000000001,0.6527400599999992
1.588000000000001,0.6520354304629529
1.5890000000000009,0.6511821199999991
1.5900000000000012,0.6501266999999985
1.591000000000001,0.6488646299999986
1.592000000000001,0.6475292999999985
1.5930000000000009,0.6461046524647523
1.5940000000000012,0.6445938299999984
1.595000000000001,0.6431008599999983
1.596000000000001,0.6415668099999984
1.5970000000000009,0.6400790799999989
1.5980000000000012,0.638864929999999
1.599000000000001,0.6379231799999993
1.600000000000001,0.6372626399999998
1.6010000000000009,0.63698077
1.6020000000000012,0.6369466200000005
1.603000000000001,0.6372696200000005
1.604000000000001,0.6378370500000007
1.6050000000000009,0.6386303300000009
1.6060000000000012,0.6396784695120501
1.607000000000001,0.6407735900000014
1.608000000000001,0.6420468100000012
1.6090000000000009,0.6434055000000012
1.6100000000000012,0.6446852700000014
1.611000000000001,0.6459886457954219
1.612000000000001,0.6472466000000012
1.6130000000000009,0.6484130600000008
1.6140000000000012,0.6496378800000013
1.615000000000001,0.6508628700000012
1.616000000000001,0.6519345728297181
1.6170000000000009,0.6530216300000009
1.6180000000000012,0.6540458200000009
1.619000000000001,0.6548126300000008
1.620000000000001,0.6555245500000004
1.6210000000000009,0.6560583766173387
1.6220000000000012,0.6564044400000003
1.623000000000001,0.6566941100000001
1.624000000000001,0.6568067099999999
1.6250000000000009,0.6567289799999998
1.6260000000000012,0.6564359099999993
1.6270000000000011,0.6559403499999991
1.628000000000001,0.6552589499999992
1.629000000000001,0.654404648300169
1.6300000000000012,0.653287649999998
1.6310000000000011,0.6517530099999979
1.632000000000001,0.6498117999999972
1.633000000000001,0.6472528599999972
1.6340000000000012,0.6439750306759275
1.6350000000000011,0.6398817899999945
1.636000000000001,0.6348445399999931
1.637000000000001,0.628615919999992
1.6380000000000012,0.6214408899999913
1.6390000000000011,0.613550319057086
1.640000000000001,0.6053854799999915
1.641000000000001,0.5977039299999941
1.6420000000000012,0.5910569999999934
1.6430000000000011,0.5861000399999968
1.644000000000001,0.5831617638276141
1.645000000000001,0.5827202800000016
1.6460000000000012,0.5845608700000051
1.6470000000000011,0.588431600000007
1.648000000000001,0.5937451100000054
1.649000000000001,0.5998663300000057
1.6500000000000012,0.6062788400000082
1.6510000000000011,0.6124142400000062
1.652000000000001,0.6180472400000055
1.653000000000001,0.6230949200000039
1.6540000000000012,0.6274769900000041
1.6550000000000011,0.6311576400000036
1.656000000000001,0.6344296300000031
1.657000000000001,0.637261522483754
1.6580000000000013,0.6397863600000027
1.6590000000000011,0.6421636900000024
1.660000000000001,0.6443150600000023
1.661000000000001,0.6462863700000016
1.6620000000000013,0.6480708473762642
1.6630000000000011,0.6496446100000016
1.664000000000001,0.6511790200000013
1.665000000000001,0.6525697100000011
1.6660000000000013,0.6538023900000016
1.6670000000000011,0.6550273275062506
1.668000000000001,0.6561783000000009
1.669000000000001,0.6572219100000009
1.6700000000000013,0.6581822000000012
1.6710000000000012,0.6591179400000009
1.672000000000001,0.6598970120927915
1.673000000000001,0.6605529800000006
1.6740000000000013,0.6612426600000005
1.6750000000000012,0.6617523400000005
1.676000000000001,0.6621349500000004
1.677000000000001,0.6625822200000004
1.6780000000000013,0.6629371000000004
1.6790000000000012,0.6632475900000004
1.680000000000001,0.663616815013499
1.681000000000001,0.6639669500000003
1.6820000000000013,0.6643790000000006
1.6830000000000012,0.6648705000000006
1.684000000000001,0.6654042000000006
1.685000000000001,0.6660365564403565
1.6860000000000013,0.6667009600000008
1.6870000000000012,0.6673160200000008
1.688000000000001,0.6679323900000006
1.689000000000001,0.6685192000000003
1.6900000000000013,0.6690184000799927
1.6910000000000012,0.6695372500000007
1.692000000000001,0.6700885300000006
1.693000000000001,0.6705814000000004
1.6940000000000013,0.6710377900000005
1.6950000000000012,0.6714705367253281
1.696000000000001,0.6718344100000003
1.697000000000001,0.6721683700000004
1.6980000000000013,0.6725642100000004
1.6990000000000012,0.6730055200000005
1.700000000000001,0.6734473700000007
1.701000000000001,0.6740313200000007
1.7020000000000013,0.6746474500000008
1.7030000000000012,0.6751894467743232
1.704000000000001,0.6758571900000006
1.705000000000001,0.6763982800000004
1.7060000000000013,0.6767396300000006
1.7070000000000012,0.6771903600000005
1.708000000000001,0.6775951775592445
1.709000000000001,0.6779707700000004
1.7100000000000013,0.6784888500000007
1.7110000000000012,0.6790034200000006
1.712000000000001,0.6794329900000003
1.713000000000001,0.679781645134487
1.7140000000000013,0.6801929500000005
1.7150000000000012,0.6805560600000002
1.716000000000001,0.6807969800000003
1.717000000000001,0.6811196800000002
1.7180000000000013,0.6813572362443758
1.7190000000000012,0.6815096100000002
1.720000000000001,0.6817125100000002
1.721000000000001,0.6819071800000002
1.7220000000000013,0.6821199100000004
1.7230000000000012,0.6823283400000002
1.724000000000001,0.6825066200000001
1.725000000000001,0.68261451
1.7260000000000013,0.68258119
1.7270000000000012,0.68257767
1.728000000000001,0.68256837
1.729000000000001,0.68258405
1.7300000000000013,0.68260384
1.7310000000000012,0.6826024696120387
1.732000000000001,0.6825985899999999
1.733000000000001,0.6825397599999999
1.7340000000000013,0.6824424899999999
1.7350000000000012,0.6823874099999999
1.736000000000001,0.6823311878422157
1.737000000000001,0.6822096099999998
1.7380000000000013,0.6820431899999999
1.7390000000000012,0.6819456799999999
1.740000000000001,0.6818220599999999
1.741000000000001,0.6817603761683831
1.7420000000000013,0.68180996
1.7430000000000012,0.68182445
1.744000000000001,0.68178046
1.745000000000001,0.6818152700000001
1.7460000000000013,0.6819142601009901
1.7470000000000012,0.6820256100000002
1.748000000000001,0.6821876800000002
1.749000000000001,0.68238735
1.7500000000000013,0.6824476100000002
1.7510000000000012,0.6825971600000004
1.7520000000000011,0.6828734900000003
1.753000000000001,0.6830875900000003
1.7540000000000013,0.6834022091320872
1.7550000000000012,0.6836935300000003
1.7560000000000011,0.6839148400000004
1.757000000000001,0.6842284800000006
1.7580000000000013,0.6847534200000007
1.7590000000000012,0.6853625709089097
1.7600000000000011,0.6858716600000005
1.761000000000001,0.6863961200000005
1.7620000000000013,0.6867506500000004
1.7630000000000012,0.6869304200000004
1.7640000000000011,0.6872471883231681
1.765000000000001,0.6876366100000004
1.7660000000000013,0.6880295300000007
1.7670000000000012,0.6885665100000007
1.7680000000000011,0.6890997900000003
1.769000000000001,0.6894220977692234
1.7700000000000014,0.6898016300000004
1.7710000000000012,0.6900370100000004
1.7720000000000011,0.6904072200000008
1.773000000000001,0.6909498600000005
1.7740000000000014,0.6913973700000006
1.7750000000000012,0.6918188900000006
1.7760000000000011,0.6922925100000006
1.777000000000001,0.6927831200000005
1.7780000000000014,0.6932465400000006
1.7790000000000012,0.6937428100000006
1.7800000000000011,0.6942381300000005
1.781000000000001,0.6946564900000005
1.7820000000000014,0.6951270647115296
1.7830000000000013,0.6956741800000006
1.7840000000000011,0.6961878500000007
1.785000000000001,0.6967591000000004
1.7860000000000014,0.6971503500000005
1.7870000000000013,0.6974690863183685
1.7880000000000011,0.6977322700000002
1.789000000000001,0.6978243000000003
1.7900000000000014,0.6980368500000004
1.7910000000000013,0.6982848000000003
1.7920000000000011,0.6984781406659336
1.793000000000001,0.6986407
1.7940000000000014,0.6987080000000003
1.7950000000000013,0.6989837300000005
1.7960000000000012,0.6993315200000003
1.797000000000001,0.6996256405879415
1.7980000000000014,0.7000258600000004
1.7990000000000013,0.7003862300000004
1.8000000000000012,0.7007820600000003
1.801000000000001,0.7011247300000004
1.8020000000000014,0.7014952900000004
1.8030000000000013,0.7017639900000001
1.8040000000000012,0.7018926700000001
1.805000000000001,0.7020412205549446
1.8060000000000014,0.7021467700000001
1.8070000000000013,0.7022374900000002
1.8080000000000012,0.70237017
1.809000000000001,0.7023938299999999
1.8100000000000014,0.7022685993440656
1.8110000000000013,0.70226204
1.8120000000000012,0.70222563
1.813000000000001,0.7022625200000001
1.8140000000000014,0.7024294700000001
1.8150000000000013,0.7025323997070294
1.8160000000000012,0.70267224
1.817000000000001,0.7026745699999999
1.8180000000000014,0.7026117999999999
1.8190000000000013,0.7025369399999997
1.8200000000000012,0.7023176819258071
1.821000000000001,0.7022531600000002
1.8220000000000014,0.7023101399999998
1.8230000000000013,0.7021809199999999
1.8240000000000012,0.7020847199999996
1.825000000000001,0.7017054599999993
1.8260000000000014,0.7010610699999993
1.8270000000000013,0.7006234499999995
1.8280000000000012,0.7002017969533045
1.829000000000001,0.7000713299999995
1.8300000000000014,0.699661489999999
1.8310000000000013,0.6988802599999995
1.8320000000000012,0.6984920499999995
1.833000000000001,0.698060385282471
1.8340000000000014,0.6974132099999995
1.8350000000000013,0.6970050899999997
1.8360000000000012,0.6967446199999995
1.837000000000001,0.6963323999999997
1.8380000000000014,0.6960452487151281
1.8390000000000013,0.6958284999999997
1.8400000000000012,0.6956273899999997
1.841000000000001,0.6954505999999998
1.8420000000000014,0.6953576799999999
1.8430000000000013,0.6952983159364062
1.8440000000000012,0.69531959
1.845000000000001,0.6952882999999997
1.8460000000000014,0.6950346799999999
1.8470000000000013,0.6949722800000001
1.8480000000000012,0.6950576299999995
1.849000000000001,0.6947060199999996
1.8500000000000014,0.6943069099999997
1.8510000000000013,0.6940407799999998
1.8520000000000012,0.6938949799999999
1.853000000000001,0.69381821
1.8540000000000014,0.6938148100000002
1.8550000000000013,0.6940060900000005
1.8560000000000012,0.6943247602049798
1.857000000000001,0.6946268100000001
1.8580000000000014,0.6946925499999997
1.8590000000000013,0.6944873899999996
1.8600000000000012,0.6941427599999996
1.861000000000001,0.6938669666283365
1.8620000000000014,0.6932332499999995
1.8630000000000013,0.6928452300000003
1.8640000000000012,0.69309723
1.865000000000001,0.6931140399999998
1.8660000000000014,0.6929523461693828
1.8670000000000013,0.6928271099999995
1.8680000000000012,0.6925163899999996
1.869000000000001,0.6922337399999999
1.8700000000000014,0.6921744900000001
1.8710000000000013,0.6922609713518649
1.8720000000000012,0.6924859900000008
1.873000000000001,0.6930643900000004
1.8740000000000014,0.6935274000000007
1.8750000000000013,0.6939992300000006
1.8760000000000012,0.6944819100000003
1.8770000000000011,0.6946368200000004
1.8780000000000014,0.6948765500000009
1.8790000000000013,0.6955513508739136
1.8800000000000012,0.6962600900000011
1.8810000000000011,0.6971289500000007
1.8820000000000014,0.6978098800000007
1.8830000000000013,0.6982215
1.8840000000000012,0.6982376069133087
1.8850000000000011,0.6983067399999999
1.8860000000000015,0.6982504099999999
1.8870000000000013,0.6982110700000002
1.8880000000000012,0.6982721700000002
1.8890000000000011,0.6984451826987302
1.8900000000000015,0.6983874400000001
1.8910000000000013,0.6984470500000001
1.8920000000000012,0.6985464099999996
1.8930000000000011,0.6982810499999995
1.8940000000000015,0.6979271553894605
1.8950000000000014,0.6974290599999994
1.8960000000000012,0.6969050799999992
1.8970000000000011,0.6963209499999993
1.8980000000000015,0.6957247899999991
1.8990000000000014,0.6950399899999994
1.9000000000000012,0.6945028299999993
1.9010000000000011,0.6939802199999994
1.9020000000000015,0.6933383899999991
1.9030000000000014,0.6927598099999991
1.9040000000000012,0.6921097599999991
1.9050000000000011,0.691357249999999
1.9060000000000015,0.6904246799999986
1.9070000000000014,0.6895257791620829
1.9080000000000013,0.688917399999999
1.9090000000000011,0.6880470499999988
1.9100000000000015,0.6869248199999981
1.9110000000000014,0.6856765199999986
1.9120000000000013,0.6845672617438241
1.9130000000000011,0.6832846999999986
1.9140000000000015,0.682069059999999
1.9150000000000014,0.6813042799999988
1.9160000000000013,0.6803969699999983
1.9170000000000011,0.679185691127886
1.9180000000000015,0.6779982999999983
1.9190000000000014,0.6766952899999983
1.9200000000000013,0.6754718399999989
1.9210000000000012,0.6746121599999988
1.9220000000000015,0.673540517164282
1.9230000000000014,0.6722155199999984
1.9240000000000013,0.6710449499999985
1.9250000000000012,0.6697059299999979
1.9260000000000015,0.6678256399999979
1.9270000000000014,0.6664509199999983
1.9280000000000013,0.6653596199999985
1.9290000000000012,0.6639180199999984
1.9300000000000015,0.6625386755374442
1.9310000000000014,0.660994049999997
1.9320000000000013,0.6587285399999971
1.9330000000000012,0.6565332399999978
1.9340000000000015,0.6545140699999971
1.9350000000000014,0.6523302549385033
1.9360000000000013,0.6502796399999976
1.9370000000000012,0.6484159799999972
1.9380000000000015,0.6463221299999968
1.9390000000000014,0.6438952699999968
1.9400000000000013,0.6414402754994469
1.9410000000000012,0.6389200699999964
1.9420000000000015,0.6362416099999956
1.9430000000000014,0.6334115899999962
1.9440000000000013,0.6306142199999959
1.9450000000000012,0.6275566857534208
1.9460000000000015,0.6245563599999955
1.9470000000000014,0.6216583799999957
1.9480000000000013,0.6189199699999971
1.9490000000000012,0.616357919999997
1.9500000000000015,0.613625819999995
1.9510000000000014,0.610394599999994
1.9520000000000013,0.606543179999995
1.9530000000000012,0.6028252227377214
1.9540000000000015,0.5986525999999937
1.9550000000000014,0.5945761199999958
1.9560000000000013,0.5914252399999952
1.9570000000000012,0.587819809999995
1.9580000000000015,0.5839663751634769
1.9590000000000014,0.5798180099999936
1.9600000000000013,0.5749962299999934
1.9610000000000012,0.570083739999993
1.9620000000000015,0.5648059799999908
1.9630000000000014,0.5589102995680344
1.9640000000000013,0.5527737699999915
1.9650000000000012,0.5463753299999925
1.9660000000000015,0.5395801699999891
1.9670000000000014,0.5325470599999885
1.9680000000000013,0.5251552091850721
1.9690000000000012,0.5170420399999909
1.9700000000000015,0.5088546299999867
1.9710000000000014,0.5002660799999866
1.9720000000000013,0.49168407999998875
1.9730000000000012,0.48324325999999057
1.9740000000000015,0.4747393399999867
1.9750000000000014,0.46617152999998857
1.9760000000000013,0.45758911999998914
1.9770000000000012,0.449437319999989
1.9780000000000015,0.44117095999999
1.9790000000000014,0.43365284999999054
1.9800000000000013,0.42657702999999175
1.9810000000000012,0.42037053033396043
1.9820000000000015,0.41507386999999296
1.9830000000000014,0.41053178999999484
1.9840000000000013,0.4066692899999962
1.9850000000000012,0.40380709999999803
1.9860000000000015,0.40203785054794355
1.9870000000000014,0.40104332999999986
1.9880000000000013,0.4009730800000007
1.9890000000000012,0.40164286000000093
1.9900000000000015,0.40250289000000256
1.9910000000000014,0.40414549573942854
1.9920000000000013,0.4054563900000021
1.9930000000000012,0.40706021000000125
1.9940000000000015,0.40821540000000117
1.9950000000000014,0.4089391200000002
1.9960000000000013,0.4091244414678535
1.9970000000000012,0.40887066999999894
1.9980000000000016,0.40807261999999783
1.9990000000000014,0.40644868999999717
2.0000000000000013,0.4043412499999965
2.0010000000000012,0.4017291104109141
2.0020000000000016,0.39853321958907745
2.0030000000000014,0.395218459999995
2.0040000000000013,0.39147428202159124
2.0050000000000012,0.38769449797840033
2.0060000000000016,0.38372802999999306
2.0070000000000014,0.37982347999999244
2.0080000000000013,0.37558058813236905
2.0090000000000012,0.3717619118676225
2.0100000000000016,0.3682070099999945
2.0110000000000015,0.36510138615976345
2.0120000000000013,0.3622629838402277
2.0130000000000012,0.3601119199999975
2.0140000000000016,0.3582535566246734
2.0150000000000015,0.35721980337532344
2.0160000000000013,0.35725951000000117
2.0170000000000012,0.35814920000000194
2.0180000000000016,0.3595985138182401
2.0190000000000015,0.36193669618176716
2.0200000000000014,0.3647266300000048
2.0210000000000012,0.3683457439922058
2.0220000000000016,0.3719856660078039
2.0230000000000015,0.3759576700000054
2.0240000000000014,0.37998394063487806
2.0250000000000012,0.3842902893651315
2.0260000000000016,0.388153490000007
2.0270000000000015,0.3920837900000062
2.0280000000000014,0.3955897794010651
2.0290000000000012,0.398223250000003
2.0300000000000016,0.4004992500000032
2.0310000000000015,0.40231989558188586
2.0320000000000014,0.4036757144181184
2.0330000000000013,0.4046311400000002
2.0340000000000016,0.4048105659048193
2.0350000000000015,0.40496961409518123
2.0360000000000014,0.4049864099999998
2.0370000000000013,0.4048218596110773
2.0380000000000016,0.4044179703889216
2.0390000000000015,0.40409937999999923
2.0400000000000014,0.4035122399999994
2.0410000000000013,0.40306440686562656
2.0420000000000016,0.4028330631343728
2.0430000000000015,0.40279311000000073
2.0440000000000014,0.4033486646620681
2.0450000000000013,0.4037952853379329
2.0460000000000016,0.40398219000000074
2.0470000000000015,0.40439303293641343
2.0480000000000014,0.4048223970635879
2.0490000000000013,0.4051233800000001
2.0500000000000016,0.4052226200000004
2.0510000000000015,0.4054856936926311
2.0520000000000014,0.4056156599999992
2.0530000000000013,0.40503718999999944
2.0540000000000016,0.4046364772775441
2.0550000000000015,0.4044092527224552
2.0560000000000014,0.40420951999999993
2.0570000000000013,0.404181390664867
2.0580000000000016,0.40418803933513303
2.0590000000000015,0.4043314500000002
2.0600000000000014,0.4044831533133375
2.0610000000000013,0.40461628668666283
2.0620000000000016,0.40478918000000014
2.0630000000000015,0.4048639499999998
2.0640000000000014,0.40475561898420315
2.0650000000000013,0.40474546101579684
2.0660000000000016,0.40467262000000004
2.0670000000000015,0.4046979762807442
2.0680000000000014,0.40496078371925653
2.0690000000000013,0.4052161600000006
2.0700000000000016,0.4056620283303344
2.0710000000000015,0.40594533166966645
2.0720000000000014,0.40631908000000017
2.0730000000000013,0.40643450999999975
2.0740000000000016,0.4062205180571936
2.0750000000000015,0.405801089999999
2.0760000000000014,0.4050700699999987
2.0770000000000013,0.40410938879124036
2.0780000000000016,0.40289730120875644
2.0790000000000015,0.40154829999999775
2.0800000000000014,0.39989426704758707
2.0810000000000013,0.3977647429524063
2.0820000000000016,0.3956182899999957
2.0830000000000015,0.3932237569306099
2.0840000000000014,0.3907930630693825
2.0850000000000013,0.38846587999999677
2.0860000000000016,0.3860654199999955
2.0870000000000015,0.38352699507698046
2.0880000000000014,0.3809777649230116
2.0890000000000013,0.3782634999999966
2.0900000000000016,0.37567672922815015
2.0910000000000015,0.37306901077184174
2.0920000000000014,0.37061121999999724
2.0930000000000013,0.3685467563897197
2.0940000000000016,0.3665106536102749
2.0950000000000015,0.36454396999999755
2.0960000000000014,0.36272391999999737
2.0970000000000013,0.3607584028187155
2.0980000000000016,0.35848658999999733
2.0990000000000015,0.35647069999999725
2.1000000000000014,0.35439524433513014
2.1010000000000013,0.3526385956648644
2.1020000000000016,0.3512008199999981
2.1030000000000015,0.3501083191991587
2.1040000000000014,0.34920031080083846
2.1050000000000013,0.3487425700000003
2.1060000000000016,0.34899996541791717
2.1070000000000015,0.34945414458208424
2.1080000000000014,0.3503043900000014
2.1090000000000013,0.35136059000000175
2.1100000000000017,0.3527119689522118
2.1110000000000015,0.35410149104779254
2.1120000000000014,0.35574958000000223
2.1130000000000013,0.35740638581083967
2.1140000000000017,0.3589644941891645
2.1150000000000015,0.360386700000002
2.1160000000000014,0.36189637208058634
2.1170000000000013,0.36341717791941835
2.1180000000000017,0.3650545800000026
2.1190000000000015,0.36699337000000243
2.1200000000000014,0.36883297687062877
2.1210000000000013,0.3706016831293768
2.1220000000000017,0.3724444500000029
2.1230000000000016,0.37411436834533385
2.1240000000000014,0.3758978216546717
2.1250000000000013,0.3782150100000028
2.1260000000000017,0.3803169100269975
2.1270000000000016,0.3821171799730081
2.1280000000000014,0.3839896900000024
2.1290000000000013,0.3857995437072605
2.1300000000000017,0.3874366162927439
2.1310000000000016,0.389207510000003
2.1320000000000014,0.3908906900000023
2.1330000000000013,0.39221200262147715
2.1340000000000017,0.39343821737852613
2.1350000000000016,0.3947638300000023
2.1360000000000015,0.3960723720335954
2.1370000000000013,0.39739270796640874
2.1380000000000017,0.3987368900000025
2.1390000000000016,0.4001280695180988
2.1400000000000015,0.4016232504819059
2.1410000000000013,0.403053130000002
2.1420000000000017,0.40457028000000256
2.1430000000000016,0.40600039219456324
2.1440000000000015,0.40732233780544086
2.1450000000000014,0.40848505000000174
2.1460000000000017,0.4097669457148586
2.1470000000000016,0.4107240942851444
2.1480000000000015,0.4110683200000005
2.1490000000000014,0.4114250970675867
2.1500000000000017,0.4115957729324138
2.1510000000000016,0.4116573299999995
2.1520000000000015,0.41138688
2.1530000000000014,0.41140019866813327
2.1540000000000017,0.41164371000000055
2.1550000000000016,0.4119619100000009
2.1560000000000015,0.41247305295641024
2.1570000000000014,0.41340261704359266
2.1580000000000017,0.41449058000000205
2.1590000000000016,0.4156337959968025
2.1600000000000015,0.4167937640032011
2.1610000000000014,0.4186662400000018
2.1620000000000017,0.4200201680463918
2.1630000000000016,0.42070063195361035
2.1640000000000015,0.4212766300000006
2.1650000000000014,0.4217258399999999
2.1660000000000017,0.4216338514067184
2.1670000000000016,0.4214479185932811
2.1680000000000015,0.42075225999999744
2.1690000000000014,0.41884094980203723
2.1700000000000017,0.41683897019795746
2.1710000000000016,0.41477053999999564
2.1720000000000015,0.41230486736852223
2.1730000000000014,0.40977855263146984
2.1740000000000017,0.40692767999999374
2.1750000000000016,0.40338116999999346
2.1760000000000015,0.3996942486921253
2.1770000000000014,0.3957294799999946
2.1780000000000017,0.39163627999999273
2.1790000000000016,0.38753380019695366
2.1800000000000015,0.3832357698030329
2.1810000000000014,0.3790539799999939
2.1820000000000017,0.3744767312197498
2.1830000000000016,0.37058892878023814
2.1840000000000015,0.3668814599999963
2.1850000000000014,0.36407168185662636
2.1860000000000017,0.3620902481433675
2.1870000000000016,0.36108306000000046
2.1880000000000015,0.36134440000000123
2.1890000000000014,0.36223437240052214
2.1900000000000017,0.36415837759948383
2.1910000000000016,0.3666396400000059
2.1920000000000015,0.36993970636173323
2.1930000000000014,0.37340332363827755
2.1940000000000017,0.37796131000000743
2.1950000000000016,0.38213598054689674
2.1960000000000015,0.38594144945311504
2.1970000000000014,0.3894415800000044
2.1980000000000017,0.3927324100000046
2.1990000000000016,0.39533461311769136
2.2000000000000015,0.3972657900000019
2.2010000000000014,0.3986993700000008
2.2020000000000017,0.39927079412117567
2.2030000000000016,0.39921200587882416
2.2040000000000015,0.39868521999999834
2.2050000000000014,0.397453182009596
2.2060000000000017,0.3961732779903994
2.2070000000000016,0.39432706999999695
2.2080000000000015,0.3925979113327306
2.2090000000000014,0.39081123866726386
2.2100000000000017,0.3894598499999977
2.2110000000000016,0.38817199999999863
2.2120000000000015,0.3874188459388119
2.2130000000000014,0.3871782340611874
2.2140000000000017,0.38766760000000244
2.2150000000000016,0.38903164191861905
2.2160000000000015,0.39075082808138634
2.2170000000000014,0.39356780000000385
2.2180000000000017,0.39647016015397407
2.2190000000000016,0.39947169984603526
2.2200000000000015,0.4025311500000043
2.2210000000000014,0.40573421000000415
2.2220000000000018,0.4088653020727981
2.2230000000000016,0.41218603000000403
2.2240000000000015,0.41521403000000334
2.2250000000000014,0.41773129809938414
2.2260000000000018,0.4202122919006247
2.2270000000000016,0.4227344700000037
2.2280000000000015,0.4248436806968637
2.2290000000000014,0.42675064930314227
2.2300000000000018,0.42848390000000186
2.2310000000000016,0.42954286753249493
2.2320000000000015,0.4304181924675078
2.2330000000000014,0.4311089800000009
2.2340000000000018,0.4318053700000012
2.2350000000000017,0.4324645124815042
2.2360000000000015,0.4327893275184968
2.2370000000000014,0.43326986000000095
2.2380000000000018,0.43399566292441616
2.2390000000000017,0.4346249070755858
2.2400000000000015,0.435040680000001
2.2410000000000014,0.43577553065886937
2.2420000000000018,0.4364821193411331
2.2430000000000017,0.4375147200000022
2.2440000000000015,0.43912956000000236
2.2450000000000014,0.4409227040601913
2.2460000000000018,0.442963305939816
2.2470000000000017,0.4451323700000051
2.2480000000000016,0.4479917949860068
2.2490000000000014,0.45044165501400085
2.2500000000000018,0.45248854000000355
2.2510000000000017,0.4544766149110204
2.2520000000000016,0.45612572508898463
2.2530000000000014,0.457506270000002
2.254000000000002,0.45902502374425297
2.2550000000000017,0.4601624662557505
2.2560000000000016,0.46069315000000044
2.2570000000000014,0.4609541899999995
2.258000000000002,0.4606820845490896
2.2590000000000017,0.46032757545090924
2.2600000000000016,0.45992838999999885
2.2610000000000015,0.45927804679863926
2.262000000000002,0.4586460332013585
2.2630000000000017,0.4578195799999974
2.2640000000000016,0.4563658503569262
2.2650000000000015,0.45486941964306915
2.266000000000002,0.45349519999999727
2.2670000000000017,0.4519338899999968
2.2680000000000016,0.45012018084082894
2.2690000000000015,0.4483285891591655
2.270000000000002,0.4465504599999965
2.2710000000000017,0.44457437963506957
2.2720000000000016,0.44247073036492385
2.2730000000000015,0.4403414699999973
2.274000000000002,0.4383130568156333
2.2750000000000017,0.4360812131843598
2.2760000000000016,0.4339578699999966
2.2770000000000015,0.432007759999997
2.278000000000002,0.43033455732026477
2.2790000000000017,0.4284069499999979
2.2800000000000016,0.42720758999999897
2.2810000000000015,0.4265988941141774
2.282000000000002,0.4267400358858231
2.2830000000000017,0.4276164500000029
2.2840000000000016,0.42927115994801524
2.2850000000000015,0.43227064005199406
2.286000000000002,0.4353686000000069
2.2870000000000017,0.4392297834523157
2.2880000000000016,0.4430643065476962
2.2890000000000015,0.4469483200000048
2.290000000000002,0.45053807000000684
2.2910000000000017,0.454367473610283
2.2920000000000016,0.4575035763897268
2.2930000000000015,0.45980990000000244
2.294000000000002,0.46163634842631635
2.2950000000000017,0.4626206115736867
2.2960000000000016,0.46321951999999966
2.2970000000000015,0.46304601985802807
2.298000000000002,0.4628446001419712
2.2990000000000017,0.4623020899999991
2.3000000000000016,0.4617946099999989
2.3010000000000015,0.4611568537756215
2.302000000000002,0.46087003000000026
2.3030000000000017,0.4610113500000005
2.3040000000000016,0.4612870579244162
2.3050000000000015,0.4619663020755859
2.306000000000002,0.4628987900000019
2.3070000000000017,0.46394720482903606
2.3080000000000016,0.46509549517096754
2.3090000000000015,0.46684995000000223
2.310000000000002,0.46851650371625925
2.3110000000000017,0.47005366628374623
2.3120000000000016,0.47148117000000234
2.3130000000000015,0.4727840400000015
2.314000000000002,0.4738892548330348
2.3150000000000017,0.47473758516696823
2.3160000000000016,0.4755051100000007
2.3170000000000015,0.4758939142041597
2.318000000000002,0.4762359557958415
2.3190000000000017,0.47687057000000077
2.3200000000000016,0.4773146729864026
2.3210000000000015,0.4772445370135972
2.322000000000002,0.47737643000000046
2.3230000000000017,0.47763628000000025
2.3240000000000016,0.47775407314568613
2.3250000000000015,0.47818553000000086
2.326000000000002,0.47880732999999925
2.3270000000000017,0.47841451441311694
2.3280000000000016,0.4781586455868822
2.3290000000000015,0.4782287199999993
2.330000000000002,0.4776922111917615
2.3310000000000017,0.4776041288082382
2.3320000000000016,0.4776258500000002
2.3330000000000015,0.47771004166666764
2.334000000000002,0.4783267083333345
2.3350000000000017,0.4789466300000016
2.3360000000000016,0.4798449000000015
2.3370000000000015,0.4806531208448317
2.338000000000002,0.48106156915516973
2.3390000000000017,0.48177913000000194
2.3400000000000016,0.48286107007198703
2.3410000000000015,0.4837617899280157
2.342000000000002,0.4850497800000016
2.3430000000000017,0.4859634124825037
2.3440000000000016,0.4860882375174967
2.3450000000000015,0.4863860900000007
2.346000000000002,0.48693106000000014
2.3470000000000018,0.48699301881311835
2.3480000000000016,0.4867811499999997
2.3490000000000015,0.48656305999999927
2.350000000000002,0.48601871072985203
2.3510000000000018,0.48502600927014405
2.3520000000000016,0.4839953499999978
2.3530000000000015,0.48278387062787087
2.354000000000002,0.4805901493721213
2.3550000000000018,0.47863763999999737
2.3560000000000016,0.4771802596840606
2.3570000000000015,0.4755771003159344
2.358000000000002,0.4738294799999971
2.3590000000000018,0.47218858999999713
2.3600000000000017,0.47056466150969567
2.3610000000000015,0.4690797584902997
2.362000000000002,0.46765109999999777
2.3630000000000018,0.46644409484203053
2.3640000000000017,0.46579251515796743
2.3650000000000015,0.46470033999999844
2.366000000000002,0.46351310029293874
2.3670000000000018,0.46221602970705616
2.3680000000000017,0.46024420999999743
2.3690000000000015,0.45832812999999756
2.370000000000002,0.45650443463406953
2.3710000000000018,0.45475077536592334
2.3720000000000017,0.452858599999997
2.3730000000000016,0.4511995906748631
2.374000000000002,0.4500063393251327
2.3750000000000018,0.4487623299999982
2.3760000000000017,0.4477528549720036
2.3770000000000016,0.4465025750279925
2.378000000000002,0.4449221199999972
2.379000000000002,0.44336466474204794
2.3800000000000017,0.44111208525794504
2.3810000000000016,0.4394597999999986
2.382000000000002,0.438691739999998
2.383000000000002,0.4377873011587684
2.3840000000000017,0.43789888884123196
2.3850000000000016,0.4372205099999964
2.386000000000002,0.43518959442311156
2.387000000000002,0.43333382557688105
2.3880000000000017,0.4313155099999958
2.3890000000000016,0.42894108774244794
2.390000000000002,0.4267185122575442
2.391000000000002,0.4241151799999938
2.3920000000000017,0.4206367699999936
2.3930000000000016,0.4170322078674202
2.394000000000002,0.41311088213256586
2.395000000000002,0.4095073299999938
2.3960000000000017,0.40600309811337165
2.3970000000000016,0.4024842318866174
2.398000000000002,0.39936360999999465
2.399000000000002,0.3963526428244297
2.4000000000000017,0.39298088717555985
2.4010000000000016,0.3900795299999958
2.4020000000000015,0.3877126299999963
2.403000000000002,0.3856033709259033
2.4040000000000017,0.38438006999999713
2.4050000000000016,0.382765379999996
2.406000000000002,0.3805176197310505
2.407000000000002,0.37891493026894313
2.4080000000000017,0.3773291999999972
2.4090000000000016,0.37577308075284865
2.4100000000000015,0.37528060924714984
2.411000000000002,0.3746377199999975
2.4120000000000017,0.37323364041091617
2.4130000000000016,0.3722377495890807
2.414000000000002,0.37178664999999933
2.415000000000002,0.37141645000000006
2.4160000000000017,0.3714510276374722
2.4170000000000016,0.37122740236252716
2.4180000000000015,0.37044107999999953
2.419000000000002,0.37008762032493503
2.4200000000000017,0.370090869675065
2.4210000000000016,0.3695712100000004
2.422000000000002,0.36981601002299536
2.423000000000002,0.36981623997700463
2.4240000000000017,0.3687779299999991
2.4250000000000016,0.36826244000000025
2.4260000000000015,0.36837391885211496
2.427000000000002,0.3687278899999997
2.4280000000000017,0.3685721499999996
2.4290000000000016,0.36834606906818584
2.430000000000002,0.36803675093181304
2.431000000000002,0.3672678500000004
2.4320000000000017,0.3674799495990797
2.4330000000000016,0.36717594040091933
2.4340000000000015,0.36601922000000026
2.435000000000002,0.3662126738722246
2.4360000000000017,0.36565139612777336
2.4370000000000016,0.3648639600000016
2.438000000000002,0.3657842599999989
2.439000000000002,0.365152533262345
2.4400000000000017,0.3635851567376494
2.4410000000000016,0.3633463699999987
2.4420000000000015,0.3626394220805818
2.443000000000002,0.3613602279194136
2.4440000000000017,0.3606632899999977
2.4450000000000016,0.35935797001199504
2.446000000000002,0.3577580899879993
2.447000000000002,0.3554599899999948
2.4480000000000017,0.3525294699999946
2.4490000000000016,0.3495096764603496
2.4500000000000015,0.34677427999999816
2.451000000000002,0.345413269999998
2.4520000000000017,0.34427732412817247
2.4530000000000016,0.3431186058718239
2.454000000000002,0.3422720699999975
2.455000000000002,0.3408622009318128
2.4560000000000017,0.3404715190681856
2.4570000000000016,0.34074396000000096
2.4580000000000015,0.34126641676465214
2.459000000000002,0.3444340632353591
2.4600000000000017,0.3471805500000027
2.4610000000000016,0.3487242500000037
2.462000000000002,0.3508019191351766
2.463000000000002,0.3525932708648305
2.4640000000000017,0.3542537700000046
2.4650000000000016,0.35682347113977675
2.4660000000000015,0.3597348688602323
2.467000000000002,0.36156061000000506
2.4680000000000017,0.3644152005678956
2.4690000000000016,0.37012087943212213
2.470000000000002,0.3739278300000058
2.471000000000002,0.3771769400000059
2.4720000000000018,0.3804750253744609
2.4730000000000016,0.3794287700000015
2.4740000000000015,0.38055089000000725
2.475000000000002,0.38601869567887154
2.4760000000000018,0.3895754843211427
2.4770000000000016,0.39442500000000535
2.478000000000002,0.39743937194661033
2.479000000000002,0.39725883805338896
2.4800000000000018,0.39863511999999957
2.4810000000000016,0.39839761644270855
2.4820000000000015,0.3965620435572858
2.483000000000002,0.39709952000000115
2.4840000000000018,0.3977700499999987
2.4850000000000017,0.3970499968466312
2.486000000000002,0.39741846315337004
2.487000000000002,0.3969697099999929
2.4880000000000018,0.39299694041691663
2.4890000000000017,0.3930011095830834
2.4900000000000015,0.3980384200000017
2.491000000000002,0.39931006773445965
2.4920000000000018,0.40248741226555307
2.4930000000000017,0.4040121399999912
2.494000000000002,0.39736991999999666
2.495000000000002,0.3954923990331993
2.4960000000000018,0.3983827309668122
2.4970000000000017,0.39756854999998925
2.4980000000000016,0.39150351277943596
2.499000000000002,0.3864313072205461
2.5000000000000018,0.38643053
2.5010000000000017,0.38643053
2.502000000000002,0.38643053
2.503000000000002,0.38643053
2.504000000000002,0.38643053
2.5050000000000017,0.38643053
2.5060000000000016,0.38643053
2.507000000000002,0.38643053
2.508000000000002,0.38643053
2.5090000000000017,0.38643053
2.510000000000002,0.38643053
2.511000000000002,0.38643053
2.512000000000002,0.38643053
2.5130000000000017,0.38643053
2.5140000000000016,0.38643053
2.515000000000002,0.38643053
2.516000000000002,0.38643053
2.5170000000000017,0.38643053
2.518000000000002,0.38643053
2.519000000000002,0.38643053
2.520000000000002,0.38643053
2.5210000000000017,0.38643053
2.5220000000000016,0.38643053
2.523000000000002,0.38643053
2.524000000000002,0.38643053
2.5250000000000017,0.38643053
2.526000000000002,0.38643053
2.527000000000002,0.38643053
2.528000000000002,0.38643053
2.5290000000000017,0.38643053
2.5300000000000016,0.38643053
2.531000000000002,0.38643053
2.532000000000002,0.38643053
2.5330000000000017,0.38643053
2.534000000000002,0.38643053
2.535000000000002,0.38643053
2.536000000000002,0.38643053
2.5370000000000017,0.38643053
2.5380000000000016,0.38643053
2.539000000000002,0.38643053
2.540000000000002,0.38643053
2.5410000000000017,0.38643053
2.542000000000002,0.38643053
2.543000000000002,0.38643053
2.544000000000002,0.38643053
2.5450000000000017,0.38643053
2.5460000000000016,0.38643053
2.547000000000002,0.38643053
2.548000000000002,0.38643053
2.5490000000000017,0.38643053
2.550000000000002,0.38643053
2.551000000000002,0.38643053
2.552000000000002,0.38643053
2.5530000000000017,0.38643053
2.5540000000000016,0.38643053
2.555000000000002,0.38643053
2.556000000000002,0.38643053
2.5570000000000017,0.38643053
2.558000000000002,0.38643053
2.559000000000002,0.38643053
2.560000000000002,0.38643053
2.5610000000000017,0.38643053
2.5620000000000016,0.38643053
2.563000000000002,0.38643053
2.564000000000002,0.38643053
2.5650000000000017,0.38643053
2.566000000000002,0.38643053
2.567000000000002,0.38643053
2.568000000000002,0.38643053
2.5690000000000017,0.38643053
2.5700000000000016,0.38643053
2.571000000000002,0.38643053
2.572000000000002,0.38643053
2.5730000000000017,0.38643053
2.574000000000002,0.38643053
2.575000000000002,0.38643053
2.576000000000002,0.38643053
2.5770000000000017,0.38643053
2.5780000000000016,0.38643053
2.579000000000002,0.38643053
2.580000000000002,0.38643053
2.5810000000000017,0.38643053
2.582000000000002,0.38643053
2.583000000000002,0.38643053
2.584000000000002,0.38643053
2.5850000000000017,0.38643053
2.5860000000000016,0.38643053
2.587000000000002,0.38643053
2.588000000000002,0.38643053
2.5890000000000017,0.38643053
2.590000000000002,0.38643053
2.591000000000002,0.38643053
2.592000000000002,0.38643053
2.5930000000000017,0.38643053
2.5940000000000016,0.38643053
2.595000000000002,0.38643053
2.596000000000002,0.38643053
2.5970000000000018,0.38643053
2.598000000000002,0.38643053
2.599000000000002,0.38643053
