wave,r
0.4,0.96658421
0.401,0.96658421
0.402,0.96658421
0.403,0.96658421
0.404,0.96658421
0.405,0.96658421
0.406,0.9665841402573946
0.40700000000000003,0.9596098797426051
0.40800000000000003,0.9715840543449129
0.40900000000000003,0.9690185456550868
0.41000000000000003,0.96707022
0.41100000000000003,0.9670330903712964
0.41200000000000003,0.9561277
0.41300000000000003,0.9475636744449554
0.41400000000000003,0.9440081699999995
0.41500000000000004,0.9331929354198915
0.41600000000000004,0.9297349245801082
0.41700000000000004,0.94168502
0.41800000000000004,0.9438375584746154
0.41900000000000004,0.9425548899999999
0.42000000000000004,0.9403776853716462
0.42100000000000004,0.93791485
0.42200000000000004,0.9357923517383656
0.42300000000000004,0.9439661882616353
0.42400000000000004,0.9477400881167368
0.42500000000000004,0.9305517618832613
0.42600000000000005,0.9369195100000008
0.42700000000000005,0.953374926136639
0.42800000000000005,0.9599885899999999
0.42900000000000005,0.9581231495374084
0.43000000000000005,0.9400768904625897
0.43100000000000005,0.9331043552242959
0.43200000000000005,0.9406267847757049
0.43300000000000005,0.9394406699999988
0.43400000000000005,0.9177991776698236
0.43500000000000005,0.9235661600000004
0.43600000000000005,0.929167561775565
0.43700000000000006,0.9403451182244362
0.43800000000000006,0.9347735179877394
0.43900000000000006,0.9185722920122588
0.44000000000000006,0.9347841700000001
0.44100000000000006,0.9370674271674285
0.44200000000000006,0.9220530999999995
0.44300000000000006,0.9144776655297892
0.44400000000000006,0.9100306444702103
0.44500000000000006,0.9272155007998839
0.44600000000000006,0.9252954892001158
0.44700000000000006,0.9321875000000003
0.44800000000000006,0.9377920039549609
0.44900000000000007,0.92634797
0.45000000000000007,0.9258056363633715
0.45100000000000007,0.9024419736366258
0.45200000000000007,0.8980688350990988
0.45300000000000007,0.914578744900903
0.45400000000000007,0.921903489999999
0.45500000000000007,0.9129462495724037
0.45600000000000007,0.9041007799999997
0.4570000000000001,0.8990987611286887
0.4580000000000001,0.90021163
0.4590000000000001,0.9001125538268231
0.4600000000000001,0.892495236173176
0.4610000000000001,0.8980664600000009
0.4620000000000001,0.914067109993501
0.4630000000000001,0.9337024100000002
0.4640000000000001,0.9361914791809081
0.4650000000000001,0.9341095699999997
0.4660000000000001,0.9303187748788994
0.4670000000000001,0.9008066651210958
0.4680000000000001,0.8805691737841258
0.4690000000000001,0.8939475862158764
0.4700000000000001,0.9018854499999982
0.4710000000000001,0.8859402036658621
0.4720000000000001,0.8753067900000004
0.4730000000000001,0.8826677876759478
0.4740000000000001,0.8954353823240543
0.4750000000000001,0.8940225730077405
0.4760000000000001,0.8993233469922608
0.4770000000000001,0.8989376399999998
0.4780000000000001,0.8947898056223431
0.4790000000000001,0.888352039999999
0.4800000000000001,0.8792205836876272
0.4810000000000001,0.8885893463123749
0.4820000000000001,0.8858678054294898
0.4830000000000001,0.8714107545705069
0.4840000000000001,0.8838083100000018
0.4850000000000001,0.8995632724503774
0.4860000000000001,0.8941166399999995
0.4870000000000001,0.8886954713185742
0.4880000000000001,0.8938273286814269
0.4890000000000001,0.9004980453878924
0.4900000000000001,0.9020368346121079
0.4910000000000001,0.8917030699999993
0.4920000000000001,0.8844291127395718
0.4930000000000001,0.884671510000001
0.4940000000000001,0.8937752955251449
0.4950000000000001,0.8953278100000005
0.4960000000000001,0.8999485824920499
0.4970000000000001,0.8981977875079497
0.4980000000000001,0.8812988399999985
0.4990000000000001,0.86701580283037
0.5000000000000001,0.8787554500000007
0.5010000000000001,0.8846049653321063
0.5020000000000001,0.8821383804562779
0.5030000000000001,0.886486923029149
0.5040000000000001,0.8766068588034874
0.5050000000000001,0.873647929999999
0.5060000000000001,0.8647850285625716
0.5070000000000001,0.862213157156142
0.5080000000000001,0.8649014862302626
0.5090000000000001,0.8524515599999986
0.5100000000000001,0.8391937040287404
0.5110000000000001,0.8395966629926808
0.5120000000000001,0.8442462970073202
0.5130000000000001,0.8498147743150442
0.5140000000000001,0.8390862899999987
0.5150000000000001,0.8266605218641365
0.5160000000000001,0.8218471033127345
0.5170000000000001,0.8226241944581771
0.5180000000000001,0.831760908631188
0.5190000000000001,0.8495396428288283
0.5200000000000001,0.8498220509766489
0.5210000000000001,0.826370883535019
0.5220000000000001,0.8204130495730905
0.5230000000000001,0.8224562999999998
0.5240000000000001,0.8202327804833053
0.5250000000000001,0.8232809325178987
0.5260000000000001,0.8174068274821
0.5270000000000001,0.8164094199730996
0.5280000000000001,0.8157005299999996
0.5290000000000001,0.8129765332761334
0.5300000000000001,0.8186401985087747
0.5310000000000001,0.8195904909941505
0.5320000000000001,0.8211710341944423
0.5330000000000001,0.8292179991179937
0.5340000000000001,0.8441296866938662
0.5350000000000001,0.8534643799592038
0.5360000000000001,0.8525207094397886
0.5370000000000001,0.8351779599999996
0.5380000000000001,0.8308656355079124
0.5390000000000001,0.8444161823692824
0.5400000000000001,0.849828491753813
0.5410000000000001,0.8369800584879827
0.5420000000000001,0.8356985999999996
0.5430000000000001,0.8341880932267389
0.5440000000000002,0.8368494301598924
0.5450000000000002,0.8359795373999739
0.5460000000000002,0.8282204299999998
0.5470000000000002,0.8262930561703618
0.5480000000000002,0.8269098217863272
0.5490000000000002,0.8139991382136699
0.5500000000000002,0.806125358736786
0.5510000000000002,0.8188500400000013
0.5520000000000002,0.831184971405929
0.5530000000000002,0.8363251242195876
0.5540000000000002,0.8267991105202728
0.5550000000000002,0.8275161928271284
0.5560000000000002,0.8242910972517713
0.5570000000000002,0.817016333061546
0.5580000000000002,0.8126694104076789
0.5590000000000002,0.8127840777039771
0.5600000000000002,0.82056999
0.5610000000000002,0.8207460125857259
0.5620000000000002,0.8220045403729849
0.5630000000000002,0.8210231896270148
0.5640000000000002,0.8194766154658544
0.5650000000000002,0.8163514700000007
0.5660000000000002,0.8201014758405594
0.5670000000000002,0.8248930403626803
0.5680000000000002,0.8142384630915441
0.5690000000000002,0.8106537858453577
0.5700000000000002,0.8086086399910998
0.5710000000000002,0.8076080026575695
0.5720000000000002,0.8192408810136514
0.5730000000000002,0.808997142443947
0.5740000000000002,0.7992300400000011
0.5750000000000002,0.8040881846530485
0.5760000000000002,0.8165534398904064
0.5770000000000002,0.826547960109598
0.5780000000000002,0.8204006614762136
0.5790000000000002,0.8059745999999979
0.5800000000000002,0.7964920383311825
0.5810000000000002,0.79340872780291
0.5820000000000002,0.7946688247980603
0.5830000000000002,0.7949684899999998
0.5840000000000002,0.7940944270469683
0.5850000000000002,0.7807994127952604
0.5860000000000002,0.7819391758071098
0.5870000000000002,0.7894647547422962
0.5880000000000002,0.7810112799999989
0.5890000000000002,0.7762464748733963
0.5900000000000002,0.7687338567568612
0.5910000000000002,0.7626257521620905
0.5920000000000002,0.767273973515636
0.5930000000000002,0.7757100292946936
0.5940000000000002,0.7796391600545944
0.5950000000000002,0.7666418899181017
0.5960000000000002,0.75072331837318
0.5970000000000002,0.756778180000002
0.5980000000000002,0.7656175271996726
0.5990000000000002,0.7693372320943143
0.6000000000000002,0.7599419479056816
0.6010000000000002,0.7548043013756128
0.6020000000000002,0.7658639600000003
0.6030000000000002,0.7673039909776184
0.6040000000000002,0.7604020457336138
0.6050000000000002,0.7632598328442585
0.6060000000000002,0.7661554510438109
0.6070000000000002,0.7557439643625433
0.6080000000000002,0.7541803283296843
0.6090000000000002,0.7580968125054754
0.6100000000000002,0.7612821781465634
0.6110000000000002,0.7641334500000021
0.6120000000000002,0.7734292244688467
0.6130000000000002,0.7858759556889734
0.6140000000000002,0.7906604043110287
0.6150000000000002,0.787344903156631
0.6160000000000002,0.781953449999999
0.6170000000000002,0.7774183307825079
0.6180000000000002,0.7779572970775449
0.6190000000000002,0.7731932152816348
0.6200000000000002,0.7620469899999984
0.6210000000000002,0.7552024680709822
0.6220000000000002,0.7610094884002804
0.6230000000000002,0.7629295023995804
0.6240000000000002,0.7559257800398995
0.6250000000000002,0.7446923899999998
0.6260000000000002,0.7436691908711185
0.6270000000000002,0.7477561575995199
0.6280000000000002,0.7470094749336531
0.6290000000000002,0.7430056100392997
0.6300000000000002,0.7307327999999988
0.6310000000000002,0.7253386398960058
0.6320000000000002,0.7283334401559928
0.6330000000000002,0.7392815510330129
0.6340000000000002,0.74432743
0.6350000000000002,0.7441128162485616
0.6360000000000002,0.7407375996986106
0.6370000000000002,0.7337225303013862
0.6380000000000002,0.7290366168586673
0.6390000000000002,0.7245356999999989
0.6400000000000002,0.7197558404632095
0.6410000000000002,0.72080237024239
0.6420000000000002,0.7288104498384099
0.6430000000000002,0.7297395407105074
0.6440000000000002,0.7292709536166381
0.6450000000000002,0.736632410705764
0.6460000000000002,0.7336676989413521
0.6470000000000002,0.7291710249671981
0.6480000000000002,0.7304351300000008
0.6490000000000002,0.7339365810139094
0.6500000000000002,0.7310379819785203
0.6510000000000002,0.7286369080214786
0.6520000000000002,0.7170126962439591
0.6530000000000002,0.7053194000000006
0.6540000000000002,0.707854162396724
0.6550000000000002,0.7084738659903994
0.6560000000000002,0.7046735460063989
0.6570000000000003,0.7093297334364357
0.6580000000000003,0.7077751455628516
0.6590000000000003,0.6933316249067536
0.6600000000000003,0.6885769626398666
0.6610000000000003,0.7012243835205739
0.6620000000000003,0.7070002599999977
0.6630000000000003,0.6964521518939365
0.6640000000000003,0.6916416064997742
0.6650000000000003,0.6888582656668161
0.6660000000000003,0.6877520810615103
0.6670000000000003,0.6915555599999986
0.6680000000000003,0.6854359285116729
0.6690000000000003,0.6783615122324863
0.6700000000000003,0.6772707318120179
0.6710000000000003,0.6718978899999996
0.6720000000000003,0.6706513662476637
0.6730000000000003,0.6752760952835892
0.6740000000000003,0.6780402747164119
0.6750000000000003,0.6709153212515104
0.6760000000000003,0.6625227300000015
0.6770000000000003,0.6670735181123646
0.6780000000000003,0.67588439758272
0.6790000000000003,0.6728038216115186
0.6800000000000003,0.6594946530937271
0.6810000000000003,0.6554275838697374
0.6820000000000003,0.6508144964602746
0.6830000000000003,0.6431375103095823
0.6840000000000003,0.6463373859959607
0.6850000000000003,0.6491602099999989
0.6860000000000003,0.644204041463012
0.6870000000000003,0.6343506056757741
0.6880000000000003,0.6376343943242279
0.6890000000000003,0.6465379309635122
0.6900000000000003,0.635297059999997
0.6910000000000003,0.6263105341514456
0.6920000000000003,0.6385180010694488
0.6930000000000003,0.6472203159537043
0.6940000000000003,0.6424777974278729
0.6950000000000003,0.6410058574285756
0.6960000000000003,0.6457485816199183
0.6970000000000003,0.6438295775701209
0.6980000000000003,0.6453533047616957
0.6990000000000003,0.640521819999999
0.7000000000000003,0.6361434069719701
0.7010000000000003,0.6378406215833375
0.7020000000000003,0.6404197884166641
0.7030000000000003,0.6437264969327703
0.7040000000000003,0.6450374699999992
0.7050000000000003,0.6413137569336669
0.7060000000000003,0.6336604989104531
0.7070000000000003,0.627957514059695
0.7080000000000003,0.6347785000000004
0.7090000000000003,0.6358829364148633
0.7100000000000003,0.6325244233307323
0.7110000000000003,0.6291909600038988
0.7120000000000003,0.624143830471808
0.7130000000000003,0.6320651200000058
0.7140000000000003,0.6494899121949448
0.7150000000000003,0.6527090964316765
0.7160000000000003,0.6455901523788786
0.7170000000000003,0.650843987459176
0.7180000000000003,0.6510452969377671
0.7190000000000003,0.6427393362053914
0.7200000000000003,0.6475496056919169
0.7210000000000003,0.6587499559891637
0.7220000000000003,0.6618680999999995
0.7230000000000003,0.6604112063888663
0.7240000000000003,0.669049950085997
0.7250000000000003,0.6705542499140039
0.7260000000000003,0.6728979665626662
0.7270000000000003,0.6765991400000023
0.7280000000000003,0.6835593921023446
0.7290000000000003,0.6927693287220636
0.7300000000000003,0.6920600641852905
0.7310000000000003,0.6880513800874998
0.7320000000000003,0.6909321988230909
0.7330000000000003,0.7008143027905605
0.7340000000000003,0.7004538308141592
0.7350000000000003,0.698846236076321
0.7360000000000003,0.7097503500000014
0.7370000000000003,0.7141755522240215
0.7380000000000003,0.7113979595036191
0.7390000000000003,0.7088731404963793
0.7400000000000003,0.710327495455655
0.7410000000000003,0.7201659700000016
0.7420000000000003,0.7247540329651305
0.7430000000000003,0.7274024993154379
0.7440000000000003,0.7370463471230472
0.7450000000000003,0.7394368600000017
0.7460000000000003,0.7448074911499096
0.7470000000000003,0.7399224776461161
0.7480000000000003,0.7348047835308219
0.7490000000000003,0.7370046779988606
0.7500000000000003,0.7437050900000033
0.7510000000000003,0.7536751448580011
0.7520000000000003,0.7641606426380683
0.7530000000000003,0.7645819115746214
0.7540000000000003,0.7558298975219728
0.7550000000000003,0.7489563800000023
0.7560000000000003,0.7560933054279322
0.7570000000000003,0.7673647018581105
0.7580000000000003,0.7664615680699804
0.7590000000000003,0.7650601900000022
0.7600000000000003,0.7718100185725846
0.7610000000000003,0.7686673117211308
0.7620000000000003,0.7672533682788684
0.7630000000000003,0.7627489450448487
0.7640000000000003,0.7559764400000029
0.7650000000000003,0.7645591048261994
0.7660000000000003,0.7720414541613914
0.7670000000000003,0.7705135005590715
0.7680000000000003,0.7662915422201205
0.7690000000000003,0.7766865337101411
0.7700000000000004,0.7870574393298352
0.7710000000000004,0.7920239310052518
0.7720000000000004,0.7850703095397881
0.7730000000000004,0.7885993100000034
0.7740000000000004,0.7984505804494041
0.7750000000000004,0.7974955342746289
0.7760000000000004,0.7972092657253709
0.7770000000000004,0.7981132809596099
0.7780000000000004,0.7990468100000006
0.7790000000000004,0.8006083655780543
0.7800000000000004,0.7958875030001511
0.7810000000000004,0.798987507999901
0.7820000000000004,0.8117760921122262
0.7830000000000004,0.8135971479720823
0.7840000000000004,0.8203942316842159
0.7850000000000004,0.8209784424736766
0.7860000000000004,0.8128025717613321
0.7870000000000004,0.8063464200000027
0.7880000000000004,0.8142469417849376
0.7890000000000004,0.8194252632050396
0.7900000000000004,0.8188654311966399
0.7910000000000004,0.8199517591363917
0.7920000000000004,0.8183064499999987
0.7930000000000004,0.814262692340884
0.7940000000000004,0.8173797364886769
0.7950000000000004,0.823555406484767
0.7960000000000004,0.8224791899999974
0.7970000000000004,0.8163684364646661
0.7980000000000004,0.8200149568539279
0.7990000000000004,0.8263576531460763
0.8000000000000004,0.8359638039378433
0.8010000000000004,0.8444480899999975
0.8020000000000004,0.8389178059477173
0.8030000000000004,0.8345127388447582
0.8040000000000004,0.8354742307701618
0.8050000000000004,0.8330122446205452
0.8060000000000004,0.8350348875351767
0.8070000000000004,0.8387882993039341
0.8080000000000004,0.8372534960440972
0.8090000000000004,0.8416442621811233
0.8100000000000004,0.8401068399999979
0.8110000000000004,0.8339185552399518
0.8120000000000004,0.832442694187235
0.8130000000000004,0.8381520558127694
0.8140000000000004,0.8414802267187684
0.8150000000000004,0.8474071
0.8160000000000004,0.8472902604124036
0.8170000000000004,0.8463108815827205
0.8180000000000004,0.8453636389448524
0.8190000000000004,0.8456585970501705
0.8200000000000004,0.851280313754637
0.8210000000000004,0.8496556778416051
0.8220000000000004,0.8430477582375855
0.8230000000000004,0.8425958845168902
0.8240000000000004,0.8516455300000005
0.8250000000000004,0.8532960026096247
0.8260000000000004,0.8495570949498031
0.8270000000000004,0.8523045850501992
0.8280000000000004,0.8508574544721441
0.8290000000000004,0.8486172600000031
0.8300000000000004,0.8578672756293596
0.8310000000000004,0.8656484068615556
0.8320000000000004,0.8622104587589605
0.8330000000000004,0.8592700400000031
0.8340000000000004,0.8661587920325208
0.8350000000000004,0.8673619472860341
0.8360000000000004,0.863726249070945
0.8370000000000004,0.8646219310418212
0.8380000000000004,0.866310600000001
0.8390000000000004,0.86874355347627
0.8400000000000004,0.8700910847598613
0.8410000000000004,0.8682497468267578
0.8420000000000004,0.8691878206187066
0.8430000000000004,0.8691300786870848
0.8440000000000004,0.8639988278581057
0.8450000000000004,0.8608917332128381
0.8460000000000004,0.8611187854569547
0.8470000000000004,0.8679115800000022
0.8480000000000004,0.8729096027203269
0.8490000000000004,0.8721817204307843
0.8500000000000004,0.8757032595692188
0.8510000000000004,0.8775527315056157
0.8520000000000004,0.8784104000000003
0.8530000000000004,0.8792455873678476
0.8540000000000004,0.8799822829857499
0.8550000000000004,0.8777484746761652
0.8560000000000004,0.8743997534874336
0.8570000000000004,0.8732094334695353
0.8580000000000004,0.8745563898247094
0.8590000000000004,0.8760476252629374
0.8600000000000004,0.8728752417252332
0.8610000000000004,0.8693807100000015
0.8620000000000004,0.8727967861737647
0.8630000000000004,0.8804140919757227
0.8640000000000004,0.8845128780242809
0.8650000000000004,0.884844596683567
0.8660000000000004,0.8900869499999989
0.8670000000000004,0.8876332456404522
0.8680000000000004,0.8779153775386201
0.8690000000000004,0.8718333316409153
0.8700000000000004,0.8715173600000033
0.8710000000000004,0.8789592152415541
0.8720000000000004,0.882483350543474
0.8730000000000004,0.8850105241847918
0.8740000000000004,0.884929840807616
0.8750000000000004,0.8814810500000002
0.8760000000000004,0.8820940349280018
0.8770000000000004,0.8885867042141903
0.8780000000000004,0.8907271771905415
0.8790000000000004,0.8870409468634671
0.8800000000000004,0.8843338500000006
0.8810000000000004,0.8859580612561381
0.8820000000000005,0.8880208681157951
0.8830000000000005,0.8879211519956199
0.8840000000000005,0.8878634000000026
0.8850000000000005,0.8939799790277907
0.8860000000000005,0.894882696179152
0.8870000000000005,0.8926916538208461
0.8880000000000005,0.8944936219795206
0.8890000000000005,0.891847310000001
0.8900000000000005,0.8941870937968761
0.8910000000000005,0.8945667956961155
0.8920000000000005,0.8954233328692569
0.8930000000000005,0.891715207082169
0.8940000000000005,0.8863086071930747
0.8950000000000005,0.8920278699389046
0.8960000000000005,0.8955248150916472
0.8970000000000005,0.8946752084973695
0.8980000000000005,0.8901359999999995
0.8990000000000005,0.8887847804814083
0.9000000000000005,0.8958328382492713
0.9010000000000005,0.8987453017507313
0.9020000000000005,0.8965199822542215
0.9030000000000005,0.8947052999999974
0.9040000000000005,0.8886151447145448
0.9050000000000005,0.8833511891774437
0.9060000000000005,0.8886571038817083
0.9070000000000005,0.897150665063755
0.9080000000000005,0.8976389285628861
0.9090000000000005,0.8984951530111484
0.9100000000000005,0.8961457104832746
0.9110000000000005,0.8933059283979666
0.9120000000000005,0.8934524100000012
0.9130000000000005,0.8962269030835628
0.9140000000000005,0.8985352418857065
0.9150000000000005,0.9002647654095304
0.9160000000000005,0.9056072865740684
0.9170000000000005,0.9051630499999975
0.9180000000000005,0.8996912782726877
0.9190000000000005,0.9026049125909719
0.9200000000000005,0.9055449411994134
0.9210000000000005,0.9011025399999983
0.9220000000000005,0.8980322545574457
0.9230000000000005,0.898488039802409
0.9240000000000005,0.9009781601975932
0.9250000000000005,0.8984508752738515
0.9260000000000005,0.8981090200000001
0.9270000000000005,0.8982603993947904
0.9280000000000005,0.9031997302897855
0.9290000000000005,0.9032093898068096
0.9300000000000005,0.8973173489215863
0.9310000000000005,0.9007060849680515
0.9320000000000005,0.9042028213041348
0.9330000000000005,0.9042680280437978
0.9340000000000005,0.9058898375628763
0.9350000000000005,0.9053617699999964
0.9360000000000005,0.8972381311867115
0.9370000000000005,0.8963569159453648
0.9380000000000005,0.90115418405464
0.9390000000000005,0.9036825047172484
0.9400000000000005,0.9067556299999995
0.9410000000000005,0.9058203108906073
0.9420000000000005,0.9028647939597998
0.9430000000000005,0.8983301206934633
0.9440000000000005,0.896640496895668
0.9450000000000005,0.8961091261041624
0.9460000000000005,0.898719607543926
0.9470000000000005,0.9045968036841188
0.9480000000000005,0.9061365546037928
0.9490000000000005,0.9072727600000001
0.9500000000000005,0.9075141132871335
0.9510000000000005,0.9088428241306353
0.9520000000000005,0.910049355869366
0.9530000000000005,0.9091720687732873
0.9540000000000005,0.9041335599999999
0.9550000000000005,0.9039789773211759
0.9560000000000005,0.9088449627967613
0.9570000000000005,0.911271521468828
0.9580000000000005,0.9118621899999976
0.9590000000000005,0.9074955910306088
0.9600000000000005,0.9045987306425685
0.9610000000000005,0.9056308590361487
0.9620000000000005,0.9070921953865084
0.9630000000000005,0.909541250000004
0.9640000000000005,0.9167844862199251
0.9650000000000005,0.9184064031594416
0.9660000000000005,0.9175117178937049
0.9670000000000005,0.9139478556391546
0.9680000000000005,0.9083980953336507
0.9690000000000005,0.9029316009630527
0.9700000000000005,0.9044797535554231
0.9710000000000005,0.9070428687370888
0.9720000000000005,0.9060518099999986
0.9730000000000005,0.9035439050336511
0.9740000000000005,0.9050472762191523
0.9750000000000005,0.9068582337808497
0.9760000000000005,0.9063932946498463
0.9770000000000005,0.9056490699999995
0.9780000000000005,0.9049223628967575
0.9790000000000005,0.9042120391960399
0.9800000000000005,0.9035185738693061
0.9810000000000005,0.9028411567741674
0.9820000000000005,0.9021803635513351
0.9830000000000005,0.9015354974252284
0.9840000000000005,0.9009067588621567
0.9850000000000005,0.9002936561310223
0.9860000000000005,0.8996964699999996
0.9870000000000005,0.8991146043369431
0.9880000000000005,0.8985482989722409
0.9890000000000005,0.8979969110277587
0.9900000000000005,0.8974607053620534
0.9910000000000005,0.8969393999999997
0.9920000000000005,0.8964329301627013
0.9930000000000005,0.8959410656760158
0.9940000000000005,0.8954635995493222
0.9950000000000006,0.8950002199999998
0.9960000000000006,0.8945512156481562
0.9970000000000006,0.8941160315724211
0.9980000000000006,0.8936946526413677
0.9990000000000006,0.8932869440770813
1.0000000000000004,0.8928927199999998
1.0010000000000006,0.8925117299999997
1.0020000000000007,0.8921440199999998
1.0030000000000006,0.8917892599999998
1.0040000000000004,0.8914472770712927
1.0050000000000006,0.8911179899999998
1.0060000000000007,0.8908013699999998
1.0070000000000006,0.8904969699999999
1.0080000000000005,0.8902047899999999
1.0090000000000006,0.889924563168683
1.0100000000000007,0.8896562499999998
1.0110000000000006,0.8893996499999999
1.0120000000000005,0.8891545499999999
1.0130000000000006,0.8889207199999999
1.0140000000000007,0.8886983022417756
1.0150000000000006,0.8884867399999999
1.0160000000000005,0.8882860499999999
1.0170000000000006,0.8880962099999999
1.0180000000000007,0.8879167399999999
1.0190000000000006,0.8877476669073092
1.0200000000000005,0.8875888
1.0210000000000006,0.8874397899999998
1.0220000000000007,0.8873007899999998
1.0230000000000006,0.8871713899999999
1.0240000000000005,0.88705152
1.0250000000000006,0.8869408999999998
1.0260000000000007,0.8868395099999999
1.0270000000000006,0.88674706
1.0280000000000005,0.8866635
1.0290000000000006,0.88658839
1.0300000000000007,0.88652182
1.0310000000000006,0.88646358
1.0320000000000005,0.8864133957684232
1.0330000000000006,0.88637108
1.0340000000000007,0.88633657
1.0350000000000006,0.88630962
1.0360000000000005,0.88629007
1.0370000000000006,0.8862777394630538
1.0380000000000007,0.88627237
1.0390000000000006,0.8862738000000001
1.0400000000000005,0.88628203
1.0410000000000006,0.88629669
1.0420000000000007,0.8863176079082091
1.0430000000000006,0.88634467
1.0440000000000005,0.88637775
1.0450000000000006,0.88641644
1.0460000000000007,0.88646084
1.0470000000000006,0.8865104850354966
1.0480000000000005,0.88656545
1.0490000000000006,0.88662535
1.0500000000000007,0.88669008
1.0510000000000006,0.88675946
1.0520000000000005,0.88683325
1.0530000000000006,0.88691139
1.0540000000000007,0.8869934700000001
1.0550000000000006,0.8870794889751026
1.0560000000000005,0.88716924
1.0570000000000006,0.8872624000000001
1.0580000000000007,0.8873588400000001
1.0590000000000006,0.8874584999999999
1.0600000000000005,0.8875610305259475
1.0610000000000006,0.8876662900000001
1.0620000000000007,0.8877741100000001
1.0630000000000006,0.8878842600000001
1.0640000000000005,0.88799649
1.0650000000000006,0.8881107485741426
1.0660000000000007,0.8882268100000001
1.0670000000000006,0.8883444100000001
1.0680000000000005,0.88846326
1.0690000000000006,0.8885833000000002
1.0700000000000007,0.88870428790121
1.0710000000000006,0.8888260100000002
1.0720000000000005,0.88894844
1.0730000000000006,0.8890711100000002
1.0740000000000007,0.8891939500000001
1.0750000000000006,0.8893167400000002
1.0760000000000005,0.8894393400000001
1.0770000000000006,0.8895614100000001
1.0780000000000007,0.8896829020567945
1.0790000000000006,0.8898034700000002
1.0800000000000005,0.88992298
1.0810000000000006,0.8900412900000001
1.0820000000000007,0.8901580000000001
1.0830000000000006,0.8902730413298671
1.0840000000000005,0.89038634
1.0850000000000006,0.8904973900000002
1.0860000000000007,0.8906061600000001
1.0870000000000006,0.8907124400000002
1.0880000000000005,0.8908160196420358
1.0890000000000006,0.8909166500000001
1.0900000000000007,0.8910141
1.0910000000000006,0.8911082100000001
1.0920000000000005,0.89119875
1.0930000000000006,0.8912854713278673
1.0940000000000007,0.89136827
1.0950000000000006,0.89144677
1.0960000000000005,0.89152086
1.0970000000000006,0.89159024
1.0980000000000008,0.89165485
1.0990000000000006,0.89171427
1.1000000000000005,0.89176846
1.1010000000000006,0.89181715
1.1020000000000008,0.89186007
1.1030000000000006,0.89189708
1.1040000000000005,0.89192778
1.1050000000000006,0.89195222
1.1060000000000008,0.8919700410848915
1.1070000000000007,0.89198089
1.1080000000000005,0.8919847
1.1090000000000007,0.89198124
1.1100000000000008,0.89197028
1.1110000000000007,0.8919516173362663
1.1120000000000005,0.89192498
1.1130000000000007,0.89189005
1.1140000000000008,0.89184678
1.1150000000000007,0.89179474
1.1160000000000005,0.8917339460793919
1.1170000000000007,0.89166397
1.1180000000000008,0.8915846899999998
1.1190000000000007,0.8914958199999999
1.1200000000000006,0.89139718
1.1210000000000007,0.8912884108769122
1.1220000000000008,0.8911694299999999
1.1230000000000007,0.8910400299999999
1.1240000000000006,0.8908998399999999
1.1250000000000007,0.8907486199999999
1.1260000000000008,0.8905862599999999
1.1270000000000007,0.8904122699999999
1.1280000000000006,0.8902267799999999
1.1290000000000007,0.8900294090450953
1.1300000000000008,0.8898198599999998
1.1310000000000007,0.8895977699999998
1.1320000000000006,0.8893631699999999
1.1330000000000007,0.8891155699999997
1.1340000000000008,0.8888549525907407
1.1350000000000007,0.8885808599999998
1.1360000000000006,0.8882933899999997
1.1370000000000007,0.8879917899999997
1.1380000000000008,0.8876761799999997
1.1390000000000007,0.887346302987701
1.1400000000000006,0.8870018699999997
1.1410000000000007,0.8866424599999998
1.1420000000000008,0.8862680799999998
1.1430000000000007,0.8858782099999998
1.1440000000000006,0.8854729905219476
1.1450000000000007,0.8850518499999996
1.1460000000000008,0.8846147099999996
1.1470000000000007,0.8841611099999996
1.1480000000000006,0.8836910099999997
1.1490000000000007,0.8832040399999996
1.1500000000000008,0.8827001499999996
1.1510000000000007,0.8821785399999996
1.1520000000000006,0.8816395999999999
1.1530000000000007,0.8810826499999996
1.1540000000000008,0.8805078299999995
1.1550000000000007,0.8799142799999996
1.1560000000000006,0.8793025599999995
1.1570000000000007,0.8786715250134981
1.1580000000000008,0.8780216599999995
1.1590000000000007,0.8773522399999996
1.1600000000000006,0.8766632099999996
1.1610000000000007,0.8759539099999996
1.1620000000000008,0.8752246950484945
1.1630000000000007,0.8744751799999995
1.1640000000000006,0.8737049099999996
1.1650000000000007,0.8729135999999995
1.1660000000000008,0.8721010099999992
1.1670000000000007,0.8712671033906604
1.1680000000000006,0.8704110999999993
1.1690000000000007,0.8695332999999995
1.1700000000000008,0.8686329699999992
1.1710000000000007,0.8677104099999994
1.1720000000000006,0.8667648745535441
1.1730000000000007,0.8657958499999994
1.1740000000000008,0.8648037899999993
1.1750000000000007,0.8637875299999993
1.1760000000000006,0.8627479699999994
1.1770000000000007,0.8616839099999992
1.1780000000000008,0.860595289999999
1.1790000000000007,0.8594820499999992
1.1800000000000006,0.8583435436156378
1.1810000000000007,0.8571796999999991
1.1820000000000008,0.8559904699999988
1.1830000000000007,0.8547751299999993
1.1840000000000006,0.8535338599999994
1.1850000000000007,0.8522655305689422
1.1860000000000008,0.8509712199999988
1.1870000000000007,0.8496493099999991
1.1880000000000006,0.8483007599999991
1.1890000000000007,0.8469240099999991
1.1900000000000008,0.8455202203789609
1.1910000000000007,0.8440874799999987
1.1920000000000006,0.842626629999999
1.1930000000000007,0.841136929999999
1.1940000000000008,0.8396184399999986
1.1950000000000007,0.8380706047835204
1.1960000000000006,0.8364932499999989
1.1970000000000007,0.8348854199999989
1.1980000000000008,0.8332477799999986
1.1990000000000007,0.8315794499999989
1.2000000000000006,0.8298811899999989
1.2010000000000007,0.8281505099999984
1.2020000000000008,0.8263895499999985
1.2030000000000007,0.8245958075622424
1.2040000000000006,0.8227714299999987
1.2050000000000007,0.8209138499999987
1.2060000000000008,0.8190242099999984
1.2070000000000007,0.8171019599999987
1.2080000000000006,0.8151462510298956
1.2090000000000007,0.8131565499999986
1.2100000000000009,0.8111339799999983
1.2110000000000007,0.8090763699999981
1.2120000000000006,0.8069856199999985
1.2130000000000007,0.8048594326187364
1.2140000000000009,0.802698249999998
1.2150000000000007,0.8005017599999985
1.2160000000000006,0.7982702299999984
1.2170000000000007,0.7960032199999985
1.2180000000000009,0.7937000303189663
1.2190000000000007,0.7913588899999985
1.2200000000000006,0.7889823299999984
1.2210000000000008,0.7865676899999978
1.2220000000000009,0.7841160299999977
1.2230000000000008,0.7816263399999978
1.2240000000000006,0.7790982699999983
1.2250000000000008,0.7765315799999982
1.2260000000000009,0.7739275099999977
1.2270000000000008,0.7712832699999982
1.2280000000000006,0.7686002299999982
1.2290000000000008,0.7658773099999981
1.2300000000000009,0.7631140399999976
1.2310000000000008,0.760310786840314
1.2320000000000007,0.7574791899999989
1.2330000000000008,0.7558701599999992
1.2340000000000009,0.7549350299999964
1.2350000000000008,0.750879529999997
1.2360000000000007,0.7463836401209856
1.2370000000000008,0.7430848499999981
1.2380000000000009,0.7402383099999968
1.2390000000000008,0.7366831899999982
1.2400000000000007,0.7338752199999973
1.2410000000000008,0.7296806594560509
1.2420000000000009,0.723476109999992
1.2430000000000008,0.7144749199999918
1.2440000000000007,0.7051740299999923
1.2450000000000008,0.6937283899999919
1.2460000000000009,0.6815483780011898
1.2470000000000008,0.6728249199999947
1.2480000000000007,0.6648107799999969
1.2490000000000008,0.6601983299999987
1.2500000000000009,0.6581577699999998
1.2510000000000008,0.6579234600000063
1.2520000000000007,0.6650546200000069
1.2530000000000008,0.6753283700000093
1.254000000000001,0.6858779079662167
1.2550000000000008,0.7000575700000089
1.2560000000000007,0.7100737700000047
1.2570000000000008,0.7169997100000053
1.258000000000001,0.724931300000008
1.2590000000000008,0.7339562025477467
1.2600000000000007,0.7361816800000004
1.2610000000000008,0.7367714000000037
1.262000000000001,0.7410201400000015
1.2630000000000008,0.7426826400000013
1.2640000000000007,0.7441249857654244
1.2650000000000008,0.7475595500000043
1.266000000000001,0.7524431900000014
1.2670000000000008,0.7538985600000008
1.2680000000000007,0.7550438600000022
1.2690000000000008,0.7583910452814746
1.270000000000001,0.7593927999999999
1.2710000000000008,0.7591258900000002
1.2720000000000007,0.7593584100000008
1.2730000000000008,0.760606470000002
1.274000000000001,0.7628498700000002
1.2750000000000008,0.7629269399999975
1.2760000000000007,0.7600353999999997
1.2770000000000008,0.7596036800000003
1.278000000000001,0.7600971499999977
1.2790000000000008,0.7574682199999981
1.2800000000000007,0.7546252599999992
1.2810000000000008,0.7535189400000004
1.282000000000001,0.7539807770602919
1.2830000000000008,0.7518513799999973
1.2840000000000007,0.7478511899999993
1.2850000000000008,0.7469285699999995
1.286000000000001,0.7463056399999963
1.2870000000000008,0.742167769158082
1.2880000000000007,0.7391593500000001
1.2890000000000008,0.7393030499999986
1.290000000000001,0.737223739999998
1.2910000000000008,0.7350276100000012
1.2920000000000007,0.7362162511358871
1.2930000000000008,0.7348439099999987
1.294000000000001,0.7328016200000014
1.2950000000000008,0.7342957300000008
1.2960000000000007,0.7351084899999977
1.2970000000000008,0.7316839524537518
1.298000000000001,0.7276818799999971
1.2990000000000008,0.7244194099999978
1.3000000000000007,0.7210853699999967
1.3010000000000008,0.7162939299999967
1.302000000000001,0.7126172799999964
1.3030000000000008,0.7092970599999989
1.3040000000000007,0.7076070299999984
1.3050000000000008,0.7051189675102465
1.306000000000001,0.7016940700000007
1.3070000000000008,0.7025294900000043
1.3080000000000007,0.7074438900000024
1.3090000000000008,0.7110813900000021
1.310000000000001,0.7141836523177724
1.3110000000000008,0.7186068300000029
1.3120000000000007,0.7217956200000021
1.3130000000000008,0.724165440000002
1.314000000000001,0.7271502000000002
1.3150000000000008,0.7274157734426561
1.3160000000000007,0.7284216900000017
1.3170000000000008,0.7303379800000006
1.318000000000001,0.731017949999998
1.3190000000000008,0.7287360999999977
1.3200000000000007,0.7261560780021976
1.3210000000000008,0.7246645100000012
1.322000000000001,0.7260395299999993
1.3230000000000008,0.7254173199999985
1.3240000000000007,0.7231085899999983
1.3250000000000008,0.7204558799999994
1.326000000000001,0.7197167300000028
1.3270000000000008,0.7222120200000005
1.3280000000000007,0.7228693379312056
1.3290000000000008,0.7210486500000002
1.330000000000001,0.7212693700000025
1.3310000000000008,0.7239978900000018
1.3320000000000007,0.7260588399999981
1.3330000000000009,0.7239435724147578
1.334000000000001,0.7231677200000026
1.3350000000000009,0.7261970600000015
1.3360000000000007,0.7279859199999998
1.3370000000000009,0.7277988799999994
1.338000000000001,0.7269951903689623
1.3390000000000009,0.7271555700000016
1.3400000000000007,0.7290439000000014
1.3410000000000009,0.7310608600000016
1.342000000000001,0.7328367799999994
1.3430000000000009,0.7323183918388156
1.3440000000000007,0.7302867200000005
1.3450000000000009,0.7311322100000024
1.346000000000001,0.7338429700000001
1.3470000000000009,0.7339603299999988
1.3480000000000008,0.7326354400000005
1.3490000000000009,0.7332796500000004
1.350000000000001,0.7337774000000008
1.3510000000000009,0.7346131200000018
1.3520000000000008,0.736666979999999
1.3530000000000009,0.7355371699999989
1.354000000000001,0.7338015399999999
1.3550000000000009,0.7336325000000005
1.3560000000000008,0.734081620928907
1.3570000000000009,0.7339909099999997
1.358000000000001,0.7336230899999995
1.3590000000000009,0.7330333
1.3600000000000008,0.7330721000000012
1.3610000000000009,0.7348968404089598
1.362000000000001,0.7355009299999987
1.3630000000000009,0.7343031800000002
1.3640000000000008,0.7344859800000014
1.3650000000000009,0.7365889500000012
1.366000000000001,0.7379362452704743
1.3670000000000009,0.7401843700000016
1.3680000000000008,0.7418870899999997
1.3690000000000009,0.7415360800000024
1.370000000000001,0.7442013600000041
1.3710000000000009,0.7488502951064931
1.3720000000000008,0.7488734699999994
1.3730000000000009,0.748159710000003
1.374000000000001,0.7526876900000027
1.3750000000000009,0.7556268600000013
1.3760000000000008,0.7570892000000012
1.377000000000001,0.7584334599999992
1.378000000000001,0.7577782300000001
1.379000000000001,0.75789224642236
1.3800000000000008,0.7602564699999996
1.381000000000001,0.7598321999999993
1.382000000000001,0.7590879800000028
1.383000000000001,0.7615448200000007
1.3840000000000008,0.7623306542295762
1.385000000000001,0.7611729500000016
1.386000000000001,0.7630559800000023
1.387000000000001,0.7651905400000004
1.3880000000000008,0.76562011
1.389000000000001,0.7656560464063594
1.390000000000001,0.7648705799999992
1.391000000000001,0.7641620600000022
1.3920000000000008,0.7666554500000012
1.393000000000001,0.7680742700000004
1.394000000000001,0.7685552918978108
1.395000000000001,0.7705208100000032
1.3960000000000008,0.7741101999999997
1.397000000000001,0.7738429299999995
1.398000000000001,0.773346010000001
1.399000000000001,0.7744612100000007
1.4000000000000008,0.7751602500000017
1.4010000000000007,0.7770481699999998
1.402000000000001,0.7767150399999995
1.403000000000001,0.7762508400000028
1.4040000000000008,0.7794342000000006
1.4050000000000007,0.7805086999999996
1.406000000000001,0.7799469199999999
1.407000000000001,0.7798081854294578
1.4080000000000008,0.7806624800000012
1.4090000000000007,0.7823371300000003
1.410000000000001,0.7826783099999994
1.411000000000001,0.7822213800000005
1.4120000000000008,0.7828343080941921
1.4130000000000007,0.7848152500000016
1.414000000000001,0.7873217500000025
1.415000000000001,0.7901105300000028
1.4160000000000008,0.7932603999999994
1.4170000000000007,0.7926684591940802
1.418000000000001,0.7916695499999996
1.419000000000001,0.7911742299999993
1.4200000000000008,0.7903837599999993
1.4210000000000007,0.7896121100000005
1.422000000000001,0.7903734238686139
1.423000000000001,0.7907294600000009
1.4240000000000008,0.7917655100000001
1.4250000000000007,0.7918739899999998
1.426000000000001,0.7915978400000033
1.427000000000001,0.7945610900000052
1.4280000000000008,0.7992991200000011
1.4290000000000007,0.8010003599999994
1.430000000000001,0.8001264390910904
1.431000000000001,0.7996173500000013
1.4320000000000008,0.8010568600000042
1.4330000000000007,0.8057920900000024
1.434000000000001,0.8095277500000002
1.435000000000001,0.8098367168863111
1.4360000000000008,0.8095055799999992
1.4370000000000007,0.8085750900000005
1.438000000000001,0.8090151500000015
1.439000000000001,0.8106954100000016
1.4400000000000008,0.8124405154894525
1.4410000000000007,0.8144130700000017
1.442000000000001,0.8164016600000007
1.443000000000001,0.8169555699999997
1.4440000000000008,0.8167622700000017
1.4450000000000007,0.8185968365433473
1.446000000000001,0.8203572599999996
1.447000000000001,0.8200333100000001
1.4480000000000008,0.8201287400000016
1.4490000000000007,0.8224514100000025
1.450000000000001,0.8262051900000036
1.451000000000001,0.8293904100000011
1.4520000000000008,0.8304339099999996
1.4530000000000007,0.8299617213268664
1.454000000000001,0.8287749900000017
1.455000000000001,0.830317560000002
1.4560000000000008,0.8325631000000002
1.4570000000000007,0.8329918399999994
1.458000000000001,0.8322608410958925
1.459000000000001,0.8339718000000039
1.4600000000000009,0.8383924400000019
1.4610000000000007,0.8405182400000007
1.462000000000001,0.8413370299999995
1.463000000000001,0.8407945542475747
1.4640000000000009,0.8377403599999997
1.4650000000000007,0.8374419200000015
1.466000000000001,0.839702900000001
1.467000000000001,0.8406238000000003
1.4680000000000009,0.8407180205779423
1.4690000000000007,0.8406577700000011
1.470000000000001,0.8423548300000022
1.471000000000001,0.8443697700000002
1.4720000000000009,0.8445525800000001
1.4730000000000008,0.8446178399999993
1.474000000000001,0.84356898
1.475000000000001,0.8435816800000008
1.4760000000000009,0.8444152500000003
1.4770000000000008,0.844750050000001
1.478000000000001,0.8458928500000013
1.479000000000001,0.847266320000001
1.4800000000000009,0.8483823499999994
1.4810000000000008,0.8478171563833611
1.482000000000001,0.8469809900000007
1.483000000000001,0.8475387700000028
1.4840000000000009,0.8506668200000015
1.4850000000000008,0.8522416899999992
1.486000000000001,0.8509487318578141
1.487000000000001,0.8507673100000022
1.4880000000000009,0.8526372900000005
1.4890000000000008,0.8534638899999999
1.490000000000001,0.85338038
1.491000000000001,0.8533430737306269
1.4920000000000009,0.8554125400000017
1.4930000000000008,0.8572870499999999
1.494000000000001,0.8571248099999997
1.495000000000001,0.8568755400000002
1.4960000000000009,0.8571712704269575
1.4970000000000008,0.8570944099999988
1.498000000000001,0.8557280300000008
1.499000000000001,0.856631340000001
1.5000000000000009,0.8576977800000003
1.5010000000000008,0.8580771700000015
1.5020000000000011,0.8598652500000016
1.503000000000001,0.8610625299999998
1.504000000000001,0.8607892059534055
1.5050000000000008,0.8616487400000001
1.5060000000000011,0.8617346299999991
1.507000000000001,0.8609276999999996
1.508000000000001,0.8606017199999992
1.5090000000000008,0.8597782570572945
1.5100000000000011,0.8600488300000018
1.511000000000001,0.8616653699999981
1.512000000000001,0.8599784399999997
1.5130000000000008,0.8596379800000025
1.5140000000000011,0.8632776060374
1.515000000000001,0.8628582399999991
1.516000000000001,0.8620811700000017
1.5170000000000008,0.8640438299999997
1.5180000000000011,0.8637565399999982
1.519000000000001,0.8621514305109472
1.520000000000001,0.8619392500000022
1.5210000000000008,0.8643438199999988
1.5220000000000011,0.8630238799999957
1.523000000000001,0.8598489200000018
1.524000000000001,0.8618059200000011
1.5250000000000008,0.8630235199999988
1.5260000000000011,0.8616226300000008
1.527000000000001,0.862469080000002
1.528000000000001,0.8642563800000009
1.5290000000000008,0.8652447500000008
1.5300000000000011,0.8664871500000011
1.531000000000001,0.8674880299999994
1.532000000000001,0.8670022046595331
1.5330000000000008,0.8659488000000001
1.5340000000000011,0.8660107900000011
1.535000000000001,0.8670098200000023
1.536000000000001,0.8690323799999992
1.5370000000000008,0.8680719488011197
1.5380000000000011,0.8678599600000015
1.539000000000001,0.8692251399999993
1.540000000000001,0.8685252699999997
1.5410000000000008,0.8681805699999992
1.5420000000000011,0.8671808599710018
1.543000000000001,0.8676257700000014
1.544000000000001,0.8691947499999997
1.5450000000000008,0.8687833499999991
1.5460000000000012,0.8677846200000008
1.547000000000001,0.8684909793640644
1.548000000000001,0.87002075
1.5490000000000008,0.8699594699999994
1.5500000000000012,0.8690959200000012
1.551000000000001,0.8701747100000019
1.552000000000001,0.8718725399999988
1.5530000000000008,0.87074792
1.5540000000000012,0.8706652500000015
1.555000000000001,0.872083959879011
1.556000000000001,0.8708827499999973
1.5570000000000008,0.8678166899999992
1.5580000000000012,0.8669244100000005
1.559000000000001,0.8673757899999998
1.560000000000001,0.8671743287881217
1.5610000000000008,0.8677622100000002
1.5620000000000012,0.8680024699999997
1.563000000000001,0.8678247899999993
1.564000000000001,0.8670884999999999
1.5650000000000008,0.8669743614138585
1.5660000000000012,0.866966779999997
1.567000000000001,0.8647113999999988
1.568000000000001,0.8637447400000009
1.5690000000000008,0.864771600000001
1.5700000000000012,0.8657563515248488
1.571000000000001,0.8669710199999977
1.572000000000001,0.864852729999996
1.5730000000000008,0.8612464700000007
1.5740000000000012,0.8622518800000013
1.575000000000001,0.8634223299999996
1.576000000000001,0.8629910299999994
1.5770000000000008,0.8625396499999988
1.5780000000000012,0.8611543431456822
1.579000000000001,0.8583857999999992
1.580000000000001,0.8577078600000021
1.5810000000000008,0.8601177299999995
1.5820000000000012,0.8595091699999956
1.583000000000001,0.8561448874992504
1.584000000000001,0.8565198800000008
1.5850000000000009,0.8573415299999992
1.5860000000000012,0.8564433500000013
1.587000000000001,0.8573582199999997
1.588000000000001,0.8571146343585638
1.5890000000000009,0.8559982799999998
1.5900000000000012,0.855727139999998
1.591000000000001,0.8539131299999987
1.592000000000001,0.8526812800000001
1.5930000000000009,0.8527843896890313
1.5940000000000012,0.8520872599999973
1.595000000000001,0.8496582499999973
1.596000000000001,0.8472949899999984
1.5970000000000009,0.8459225300000013
1.5980000000000012,0.8474047800000001
1.599000000000001,0.847507479999998
1.600000000000001,0.8457161199999983
1.6010000000000009,0.8437932099999965
1.6020000000000012,0.8398794499999954
1.603000000000001,0.8364821699999987
1.604000000000001,0.8350139899999987
1.6050000000000009,0.8335670199999976
1.6060000000000012,0.8308324818538125
1.607000000000001,0.8290510200000011
1.608000000000001,0.8300265700000029
1.6090000000000009,0.8332431900000027
1.6100000000000012,0.8362495300000032
1.611000000000001,0.8391652125547494
1.612000000000001,0.8433907600000045
1.6130000000000009,0.8473981000000024
1.6140000000000012,0.8511211900000034
1.615000000000001,0.8541921400000033
1.616000000000001,0.8572029989141119
1.6170000000000009,0.8606512000000031
1.6180000000000012,0.8643155700000016
1.619000000000001,0.8657494200000009
1.620000000000001,0.8665180200000008
1.6210000000000009,0.8673338684151591
1.6220000000000012,0.8676062199999997
1.623000000000001,0.8673855100000011
1.624000000000001,0.868657050000001
1.6250000000000009,0.8697328000000003
1.6260000000000012,0.8699380800000011
1.6270000000000011,0.8708064000000031
1.628000000000001,0.8731247800000008
1.629000000000001,0.873942501605839
1.6300000000000012,0.873458560000002
1.6310000000000011,0.874925370000003
1.632000000000001,0.8776656999999993
1.633000000000001,0.8771248499999992
1.6340000000000012,0.8762877784611548
1.6350000000000011,0.8770723899999999
1.636000000000001,0.8770027799999996
1.637000000000001,0.8767278199999992
1.6380000000000012,0.8759225000000008
1.6390000000000011,0.8766304692030804
1.640000000000001,0.8780466900000006
1.641000000000001,0.8785663800000006
1.6420000000000012,0.8792857500000016
1.6430000000000011,0.880541860000001
1.644000000000001,0.8814724969363074
1.645000000000001,0.88140267
1.6460000000000012,0.8814061900000008
1.6470000000000011,0.8819786300000005
1.648000000000001,0.8823751200000018
1.649000000000001,0.8845281000000014
1.6500000000000012,0.8861905300000004
1.6510000000000011,0.8864551800000001
1.652000000000001,0.8865158599999995
1.653000000000001,0.8859968200000006
1.6540000000000012,0.8865732599999993
1.6550000000000011,0.8858672999999999
1.656000000000001,0.8857223400000016
1.657000000000001,0.8870886196370364
1.6580000000000013,0.8872849900000014
1.6590000000000011,0.8885242900000012
1.660000000000001,0.889595209999998
1.661000000000001,0.8877884099999992
1.6620000000000013,0.886946348790122
1.6630000000000011,0.8878342500000017
1.664000000000001,0.8893121500000011
1.665000000000001,0.8905484100000017
1.6660000000000013,0.8925553600000006
1.6670000000000011,0.8929736781681836
1.668000000000001,0.8927673700000008
1.669000000000001,0.8937524000000009
1.6700000000000013,0.8948581799999987
1.6710000000000012,0.8939546300000003
1.672000000000001,0.8943043550274976
1.673000000000001,0.8937466699999992
1.6740000000000013,0.892826909999999
1.6750000000000012,0.8919253299999993
1.676000000000001,0.8913275000000016
1.677000000000001,0.8928774600000009
1.6780000000000013,0.8936763399999991
1.6790000000000012,0.8928704299999998
1.680000000000001,0.892708672966704
1.681000000000001,0.8934383400000006
1.6820000000000013,0.8940354000000009
1.6830000000000012,0.8948050700000005
1.684000000000001,0.8953533199999991
1.685000000000001,0.8943908166073381
1.6860000000000013,0.8931568900000012
1.6870000000000012,0.8941105000000035
1.688000000000001,0.8967819200000007
1.689000000000001,0.8975686399999996
1.6900000000000013,0.8970484620177975
1.6910000000000012,0.8974213000000013
1.692000000000001,0.8984587799999999
1.693000000000001,0.8983830799999981
1.6940000000000013,0.8962603199999988
1.6950000000000012,0.8953713488971091
1.696000000000001,0.8957132100000016
1.697000000000001,0.89707255
1.6980000000000013,0.8970951999999995
1.6990000000000012,0.8966758800000013
1.700000000000001,0.8978924800000005
1.701000000000001,0.8983807599999993
1.7020000000000013,0.8978111699999987
1.7030000000000012,0.8968021709779034
1.704000000000001,0.8978119500000026
1.705000000000001,0.9000812200000006
1.7060000000000013,0.9007660699999975
1.7070000000000012,0.8989618999999968
1.708000000000001,0.8964675668883111
1.709000000000001,0.8964364499999997
1.7100000000000013,0.8960457399999978
1.7110000000000012,0.8944198499999994
1.712000000000001,0.8939359800000006
1.713000000000001,0.8945772558724134
1.7140000000000013,0.8940319999999989
1.7150000000000012,0.8932520200000003
1.716000000000001,0.893415870000001
1.717000000000001,0.8943017700000018
1.7180000000000013,0.8959304271342886
1.7190000000000012,0.8955923899999979
1.720000000000001,0.8936657900000008
1.721000000000001,0.8943772300000007
1.7220000000000013,0.8949301199999995
1.7230000000000012,0.8945397100000001
1.724000000000001,0.8946044399999991
1.725000000000001,0.8937880999999996
1.7260000000000013,0.8933647300000014
1.7270000000000012,0.8943799700000007
1.728000000000001,0.8949151599999996
1.729000000000001,0.89442652
1.7300000000000013,0.8944351100000012
1.7310000000000012,0.8953320112948709
1.732000000000001,0.8956449599999986
1.733000000000001,0.8943527899999979
1.7340000000000013,0.8920064599999996
1.7350000000000012,0.8917571300000013
1.736000000000001,0.8929468386831317
1.737000000000001,0.8929336699999996
1.7380000000000013,0.8925595300000007
1.7390000000000012,0.8931398999999998
1.740000000000001,0.8928914099999999
1.741000000000001,0.8928104081001897
1.7420000000000013,0.8932242399999991
1.7430000000000012,0.8925799700000004
1.744000000000001,0.8929426699999999
1.745000000000001,0.8928803799999995
1.7460000000000013,0.8922655014878504
1.7470000000000012,0.8920091399999986
1.748000000000001,0.8910116599999994
1.749000000000001,0.8903446200000004
1.7500000000000013,0.8907374700000004
1.7510000000000012,0.8910269699999994
1.7520000000000011,0.8905920999999998
1.753000000000001,0.8904569099999994
1.7540000000000013,0.8897320377982182
1.7550000000000012,0.8883100200000001
1.7560000000000011,0.888397280000001
1.757000000000001,0.8892626799999989
1.7580000000000013,0.8882736599999987
1.7590000000000012,0.8873822416528351
1.7600000000000011,0.8876987699999991
1.761000000000001,0.8869445299999988
1.7620000000000013,0.8859029400000008
1.7630000000000012,0.8864290700000005
1.7640000000000011,0.8867836845385466
1.765000000000001,0.8858284999999996
1.7660000000000013,0.8853923100000001
1.7670000000000012,0.8855116399999997
1.7680000000000011,0.8852620100000002
1.769000000000001,0.8853203641645836
1.7700000000000014,0.8849870599999989
1.7710000000000012,0.8841710099999982
1.7720000000000011,0.8828388499999981
1.773000000000001,0.8814489799999993
1.7740000000000014,0.8805352999999982
1.7750000000000012,0.8790825599999975
1.7760000000000011,0.8772506699999989
1.777000000000001,0.8762172499999985
1.7780000000000014,0.8749455799999971
1.7790000000000012,0.8728079799999998
1.7800000000000011,0.8725864299999996
1.781000000000001,0.8721572199999994
1.7820000000000014,0.8716162960093982
1.7830000000000013,0.8709763899999999
1.7840000000000011,0.8708827500000007
1.785000000000001,0.8714862500000002
1.7860000000000014,0.8716548099999993
1.7870000000000013,0.8711227437716217
1.7880000000000011,0.8701604599999989
1.789000000000001,0.86916465
1.7900000000000014,0.8692044600000007
1.7910000000000013,0.8698208899999983
1.7920000000000011,0.8685380282861701
1.793000000000001,0.8668532399999993
1.7940000000000014,0.8661227199999992
1.7950000000000013,0.8655707199999985
1.7960000000000012,0.8643754099999996
1.797000000000001,0.8640591216288368
1.7980000000000014,0.8655951599999991
1.7990000000000013,0.864944219999999
1.8000000000000012,0.8640541999999996
1.801000000000001,0.8636827499999999
1.8020000000000014,0.8635771900000002
1.8030000000000013,0.8637363299999998
1.8040000000000012,0.8635681899999994
1.805000000000001,0.8630468990500947
1.8060000000000014,0.862637399999999
1.8070000000000013,0.8618955599999985
1.8080000000000012,0.8607164600000015
1.809000000000001,0.8619839000000011
1.8100000000000014,0.8632162227237252
1.8110000000000013,0.8614434599999968
1.8120000000000012,0.8590339999999995
1.813000000000001,0.8587125499999999
1.8140000000000014,0.8585680699999981
1.8150000000000013,0.857175849222076
1.8160000000000012,0.8568339900000014
1.817000000000001,0.8578362499999997
1.8180000000000014,0.8576673300000006
1.8190000000000013,0.8581998300000006
1.8200000000000012,0.8586514148415164
1.821000000000001,0.857204909999998
1.8220000000000014,0.8553658699999995
1.8230000000000013,0.8550915700000008
1.8240000000000012,0.85581404
1.825000000000001,0.8558070699999991
1.8260000000000014,0.855015869999998
1.8270000000000013,0.8537337799999982
1.8280000000000012,0.8524296932716708
1.829000000000001,0.8506624099999989
1.8300000000000014,0.8496973500000012
1.8310000000000013,0.8506413100000004
1.8320000000000012,0.8509917299999967
1.833000000000001,0.8485739815558402
1.8340000000000014,0.8449895399999986
1.8350000000000013,0.8439238100000007
1.8360000000000012,0.844449339999999
1.837000000000001,0.8437325399999992
1.8380000000000014,0.8430071025437446
1.8390000000000013,0.8433235299999994
1.8400000000000012,0.8428272599999981
1.841000000000001,0.841092999999999
1.8420000000000014,0.8402014399999977
1.8430000000000013,0.8387420459394043
1.8440000000000012,0.8361809799999972
1.845000000000001,0.8336902899999972
1.8460000000000014,0.8311451699999984
1.8470000000000013,0.8301532900000002
1.8480000000000012,0.8302705899999988
1.849000000000001,0.8291652799999975
1.8500000000000014,0.8269095399999973
1.8510000000000013,0.8248482899999986
1.8520000000000012,0.8237776799999972
1.853000000000001,0.8217251899999983
1.8540000000000014,0.8198301799999986
1.8550000000000013,0.8188621999999984
1.8560000000000012,0.8176648714068573
1.857000000000001,0.8159789399999987
1.8580000000000014,0.8148252399999979
1.8590000000000013,0.8132145999999981
1.8600000000000012,0.8117600699999991
1.861000000000001,0.8109156865123464
1.8620000000000014,0.8088808099999963
1.8630000000000013,0.8065144999999977
1.8640000000000012,0.8044611799999982
1.865000000000001,0.8028490499999974
1.8660000000000014,0.8005893659683998
1.8670000000000013,0.7978842899999973
1.8680000000000012,0.7957668899999978
1.869000000000001,0.7937546399999982
1.8700000000000014,0.7921178299999965
1.8710000000000013,0.7894920325797388
1.8720000000000012,0.7867345199999984
1.873000000000001,0.7855390899999981
1.8740000000000014,0.7833978499999957
1.8750000000000013,0.7801943399999965
1.8760000000000012,0.7776089299999948
1.8770000000000011,0.7737299799999947
1.8780000000000014,0.7697314599999971
1.8790000000000013,0.7676036464263565
1.8800000000000012,0.7670679099999976
1.8810000000000011,0.7653263199999951
1.8820000000000014,0.7609432299999954
1.8830000000000013,0.7579991799999999
1.8840000000000012,0.7579235381801805
1.8850000000000011,0.7567053399999977
1.8860000000000015,0.754586039999998
1.8870000000000013,0.7532846299999957
1.8880000000000012,0.7504750499999954
1.8890000000000011,0.7463087466303325
1.8900000000000015,0.7430261399999967
1.8910000000000013,0.7409092799999946
1.8920000000000012,0.7368286799999939
1.8930000000000011,0.7322831199999967
1.8940000000000015,0.7293841199000056
1.8950000000000014,0.7256263499999916
1.8960000000000012,0.7194137599999901
1.8970000000000011,0.7120215299999899
1.8980000000000015,0.7044164499999874
1.8990000000000014,0.6950105999999809
1.9000000000000012,0.6807804699999748
1.9010000000000011,0.6618434799999782
1.9020000000000015,0.6421061199999752
1.9030000000000014,0.6261548999999876
1.9040000000000012,0.6169394899999963
1.9050000000000011,0.6135726000000007
1.9060000000000015,0.6142239000000056
1.9070000000000014,0.6178094127687314
1.9080000000000013,0.623737100000009
1.9090000000000011,0.6318221100000088
1.9100000000000015,0.6397520900000111
1.9110000000000014,0.646890100000007
1.9120000000000013,0.65217074633837
1.9130000000000011,0.6554341299999998
1.9140000000000015,0.6553729799999954
1.9150000000000014,0.651996309999994
1.9160000000000013,0.647483649999992
1.9170000000000011,0.6414564927157221
1.9180000000000015,0.6352100399999916
1.9190000000000014,0.6288889599999924
1.9200000000000013,0.6231716299999932
1.9210000000000012,0.6181142899999933
1.9220000000000015,0.612083383090682
1.9230000000000014,0.6059203099999915
1.9240000000000013,0.5994921899999918
1.9250000000000012,0.592046319999993
1.9260000000000015,0.5857210799999921
1.9270000000000014,0.5806229699999937
1.9280000000000013,0.5765997199999972
1.9290000000000012,0.5740472099999974
1.9300000000000015,0.5716597765603411
1.9310000000000014,0.5696253799999969
1.9320000000000013,0.5672888799999958
1.9330000000000012,0.5641221399999965
1.9340000000000015,0.5609392499999953
1.9350000000000014,0.5574570729227007
1.9360000000000013,0.5524862999999937
1.9370000000000012,0.5477273499999948
1.9380000000000015,0.5439310099999944
1.9390000000000014,0.5397476599999931
1.9400000000000013,0.5346100737586177
1.9410000000000012,0.5295764799999945
1.9420000000000015,0.5254350899999938
1.9430000000000014,0.5214012899999931
1.9440000000000013,0.5162219399999926
1.9450000000000012,0.510627049489044
1.9460000000000015,0.5057412999999913
1.9470000000000014,0.5001738699999896
1.9480000000000013,0.493488039999993
1.9490000000000012,0.4871944499999941
1.9500000000000015,0.4818901399999925
1.9510000000000014,0.47703432999999257
1.9520000000000013,0.47223844999999365
1.9530000000000012,0.4674763657554179
1.9540000000000015,0.4618339199999906
1.9550000000000014,0.4558032199999929
1.9560000000000013,0.45045479999999255
1.9570000000000012,0.44486197999999133
1.9580000000000015,0.4383751534066494
1.9590000000000014,0.4322092199999925
1.9600000000000013,0.42657446999999254
1.9610000000000012,0.4209874299999943
1.9620000000000015,0.4166959199999947
1.9630000000000014,0.413303329259069
1.9640000000000013,0.4090866999999946
1.9650000000000012,0.40499081999999514
1.9660000000000015,0.4006557499999894
1.9670000000000014,0.3938420699999845
1.9680000000000013,0.38386748745824145
1.9690000000000012,0.37239884999998696
1.9700000000000015,0.3606487199999802
1.9710000000000014,0.34794193999998035
1.9720000000000013,0.33530652999998567
1.9730000000000012,0.3245375799999925
1.9740000000000015,0.31776695999999904
1.9750000000000014,0.31715348000000715
1.9760000000000013,0.3225294600000127
1.9770000000000012,0.33208689000001673
1.9780000000000015,0.3446399300000189
1.9790000000000014,0.3588453500000199
1.9800000000000013,0.373747710000019
1.9810000000000012,0.3879794576602497
1.9820000000000015,0.4014560600000202
1.9830000000000014,0.41446221000001426
1.9840000000000013,0.42517114000001227
1.9850000000000012,0.43439582000001004
1.9860000000000015,0.4434338784361697
1.9870000000000014,0.45171824000001204
1.9880000000000013,0.45947209000000805
1.9890000000000012,0.4667028200000075
1.9900000000000015,0.4734728900000095
1.9910000000000014,0.4796300042885804
1.9920000000000013,0.4844632100000032
1.9930000000000012,0.4868799400000004
1.9940000000000015,0.4872316399999983
1.9950000000000014,0.48612847999999925
1.9960000000000013,0.48558437441055824
1.9970000000000012,0.48813388000001057
1.9980000000000016,0.4960640400000176
1.9990000000000014,0.5092535000000202
2.0000000000000013,0.5244199000000171
2.0010000000000012,0.537220742767458
2.0020000000000016,0.5470484172325683
2.0030000000000014,0.554868700000007
2.0040000000000013,0.5601498965596928
2.0050000000000012,0.5642154934403163
2.0060000000000016,0.5670892600000036
2.0070000000000014,0.5691045500000026
2.0080000000000013,0.5705693783393312
2.0090000000000012,0.569752771660667
2.0100000000000016,0.5684393599999958
2.0110000000000015,0.5661328245480842
2.0120000000000013,0.562378305451904
2.0130000000000012,0.5580972999999919
2.0140000000000016,0.5518957973665152
2.0150000000000015,0.5447694626334627
2.0160000000000013,0.5396425099999942
2.0170000000000012,0.5353004299999928
2.0180000000000016,0.5298568764197096
2.0190000000000015,0.5258210735802779
2.0200000000000014,0.5231724999999963
2.0210000000000012,0.5203151094661039
2.0220000000000016,0.5179097705338895
2.0230000000000015,0.5147378399999935
2.0240000000000014,0.5098312021965531
2.0250000000000012,0.5033531678034324
2.0260000000000016,0.49624862999998415
2.0270000000000015,0.487311659999978
2.0280000000000014,0.4749438867773038
2.0290000000000012,0.46176772999998494
2.0300000000000016,0.450457099999985
2.0310000000000015,0.44201016496999784
2.0320000000000014,0.43695986502998646
2.0330000000000013,0.4372257900000103
2.0340000000000016,0.4449334920016212
2.0350000000000015,0.45825350799842024
2.0360000000000014,0.47612506000002597
2.0370000000000013,0.49561337182865384
2.0380000000000016,0.5123316581713908
2.0390000000000015,0.525794980000014
2.0400000000000014,0.5363147900000103
2.0410000000000013,0.5439479956528763
2.0420000000000016,0.5499045243471395
2.0430000000000015,0.5551627900000051
2.0440000000000014,0.558994774074188
2.0450000000000013,0.5614355159258173
2.0460000000000016,0.564370870000006
2.0470000000000015,0.5677466057378557
2.0480000000000014,0.5698039842621507
2.0490000000000013,0.5710780600000028
2.0500000000000016,0.5731862200000039
2.0510000000000015,0.5753431543065726
2.0520000000000014,0.5779346800000035
2.0530000000000013,0.5805320700000012
2.0540000000000016,0.5814283788312342
2.0550000000000015,0.5817166911687667
2.0560000000000014,0.5830503700000038
2.0570000000000013,0.5858713387442547
2.0580000000000016,0.5888587812557533
2.0590000000000015,0.5914136200000033
2.0600000000000014,0.593934230589884
2.0610000000000013,0.5956401294101206
2.0620000000000016,0.5966276500000028
2.0630000000000015,0.5982343600000026
2.0640000000000014,0.6002191611847656
2.0650000000000013,0.60233100881524
2.0660000000000016,0.6046853700000036
2.0670000000000015,0.6066893152649487
2.0680000000000014,0.6077419647350546
2.0690000000000013,0.6076362699999993
2.0700000000000016,0.6071729202299552
2.0710000000000015,0.607875219770047
2.0720000000000014,0.6082798799999989
2.0730000000000013,0.607451199999999
2.0740000000000016,0.6067292795480425
2.0750000000000015,0.6050247599999968
2.0760000000000014,0.602610289999997
2.0770000000000013,0.6003632791511666
2.0780000000000016,0.5976547908488261
2.0790000000000015,0.5942457899999967
2.0800000000000014,0.5917431770675837
2.0810000000000013,0.5900138529324109
2.0820000000000016,0.5878388899999949
2.0830000000000015,0.5849395288982173
2.0840000000000014,0.5830285111017768
2.0850000000000013,0.5827243899999991
2.0860000000000016,0.5820519899999976
2.0870000000000015,0.5807311364407097
2.0880000000000014,0.5793955435592862
2.0890000000000013,0.578435719999999
2.0900000000000016,0.577644881869627
2.0910000000000015,0.5782635781303748
2.0920000000000014,0.580040220000001
2.0930000000000013,0.5807576521165764
2.0940000000000016,0.5804788178834229
2.0950000000000015,0.580603720000001
2.0960000000000014,0.5813166500000008
2.0970000000000013,0.5818616613108701
2.0980000000000016,0.5828747700000013
2.0990000000000015,0.5838929399999996
2.1000000000000014,0.5835827392321532
2.1010000000000013,0.5833750607678461
2.1020000000000016,0.5841954400000009
2.1030000000000015,0.5846954198340325
2.1040000000000014,0.5842937601659662
2.1050000000000013,0.5839158899999994
2.1060000000000016,0.5834630173185364
2.1070000000000015,0.5835362026814638
2.1080000000000014,0.5836444499999984
2.1090000000000013,0.582497359999997
2.1100000000000017,0.5802429286112748
2.1110000000000015,0.5784290413887195
2.1120000000000014,0.5773660499999983
2.1130000000000013,0.5761572531693645
2.1140000000000017,0.5747889468306319
2.1150000000000015,0.5738441299999995
2.1160000000000014,0.5734091359858018
2.1170000000000013,0.5727689940141961
2.1180000000000017,0.5716394799999985
2.1190000000000015,0.5705324999999977
2.1200000000000014,0.5687987666196739
2.1210000000000013,0.5674649633803219
2.1220000000000017,0.5675436299999997
2.1230000000000016,0.5674440150559905
2.1240000000000014,0.5684945749440128
2.1250000000000013,0.5711144800000039
2.1260000000000017,0.5740388600040032
2.1270000000000016,0.5764388999960044
2.1280000000000014,0.5783719400000014
2.1290000000000013,0.5794087773275354
2.1300000000000017,0.5800820526724666
2.1310000000000016,0.5812748700000003
2.1320000000000014,0.5814699500000002
2.1330000000000013,0.5816084235312945
2.1340000000000017,0.5822437364687072
2.1350000000000016,0.582555000000001
2.1360000000000015,0.5831170743741253
2.1370000000000013,0.583160815625875
2.1380000000000017,0.5826437499999988
2.1390000000000016,0.5819854991731649
2.1400000000000015,0.5816772308268342
2.1410000000000013,0.582717540000002
2.1420000000000017,0.5842436600000015
2.1430000000000016,0.5850831570985797
2.1440000000000015,0.5847541429014192
2.1450000000000014,0.5849595700000023
2.1460000000000017,0.5866708547120582
2.1470000000000016,0.5870179752879429
2.1480000000000015,0.5871481900000022
2.1490000000000014,0.5888238147390518
2.1500000000000017,0.5884712052609473
2.1510000000000016,0.587502840000002
2.1520000000000015,0.5886254900000015
2.1530000000000014,0.5895297195770437
2.1540000000000017,0.5898422000000036
2.1550000000000016,0.5918940900000033
2.1560000000000015,0.5937274486182761
2.1570000000000014,0.5935136313817233
2.1580000000000017,0.5929420599999999
2.1590000000000016,0.5929054433463323
2.1600000000000015,0.5939389066536709
2.1610000000000014,0.5963510300000041
2.1620000000000017,0.5994660639732117
2.1630000000000016,0.6034057960268004
2.1640000000000015,0.6070262200000045
2.1650000000000014,0.610469760000004
2.1660000000000017,0.6135041204949041
2.1670000000000016,0.6154090695051018
2.1680000000000015,0.6172474000000021
2.1690000000000014,0.618863994072187
2.1700000000000017,0.6200047159278161
2.1710000000000016,0.6207259300000002
2.1720000000000015,0.6208693839472122
2.1730000000000014,0.621908856052791
2.1740000000000017,0.6234515300000016
2.1750000000000016,0.6243863100000013
2.1760000000000015,0.6251278958414169
2.1770000000000014,0.6258386400000008
2.1780000000000017,0.6264476200000001
2.1790000000000016,0.6264836652149568
2.1800000000000015,0.6263358147850427
2.1810000000000014,0.6262991400000018
2.1820000000000017,0.6276329924185194
2.1830000000000016,0.6295571775814865
2.1840000000000015,0.6308404200000016
2.1850000000000014,0.6320699761807657
2.1860000000000017,0.6335317838192389
2.1870000000000016,0.6348691600000022
2.1880000000000015,0.6360684000000023
2.1890000000000014,0.6378160427124594
2.1900000000000017,0.6393431672875455
2.1910000000000016,0.6404904700000025
2.1920000000000015,0.6418723893271372
2.1930000000000014,0.6434656606728678
2.1940000000000017,0.6460381200000043
2.1950000000000016,0.6484178367216586
2.1960000000000015,0.6502850532783471
2.1970000000000014,0.6510002000000014
2.1980000000000017,0.6520973400000065
2.1990000000000016,0.6557542786361393
2.2000000000000015,0.6576406399999999
2.2010000000000014,0.6575822800000013
2.2020000000000017,0.6585914729904051
2.2030000000000016,0.6606213770096011
2.2040000000000015,0.6616018999999999
2.2050000000000014,0.66147028564987
2.2060000000000017,0.6614267843501299
2.2070000000000016,0.6609222299999988
2.2080000000000015,0.6602177553739232
2.2090000000000014,0.6589714946260729
2.2100000000000017,0.6572843799999971
2.2110000000000016,0.6556378599999966
2.2120000000000015,0.653678480555885
2.2130000000000014,0.6512840394441076
2.2140000000000017,0.649382049999997
2.2150000000000016,0.6477185918106356
2.2160000000000015,0.64633669818936
2.2170000000000014,0.64547044
2.2180000000000017,0.6454584416676671
2.2190000000000016,0.6458751183323341
2.2200000000000015,0.6461079100000006
2.2210000000000014,0.6464993400000019
2.2220000000000018,0.6479129627517275
2.2230000000000016,0.6495404800000011
2.2240000000000015,0.650407079999999
2.2250000000000014,0.6496556007398514
2.2260000000000018,0.6492629992601472
2.2270000000000016,0.6501690699999998
2.2280000000000015,0.6500672808418309
2.2290000000000014,0.6495756991581676
2.2300000000000018,0.649209919999999
2.2310000000000016,0.6486309747790441
2.2320000000000015,0.6485787652209558
2.2330000000000014,0.64851773
2.2340000000000018,0.6484952000000003
2.2350000000000017,0.6487016744331134
2.2360000000000015,0.6487460055668867
2.2370000000000014,0.6492071700000015
2.2380000000000018,0.6504129105068984
2.2390000000000017,0.6503179794931012
2.2400000000000015,0.6497466600000016
2.2410000000000014,0.6508829011107798
2.2420000000000018,0.6520940088892245
2.2430000000000017,0.6520566299999979
2.2440000000000015,0.6504980299999988
2.2450000000000014,0.649665304425116
2.2460000000000018,0.6503095555748863
2.2470000000000017,0.6499553899999988
2.2480000000000016,0.6492944881403717
2.2490000000000014,0.649175891859628
2.2500000000000018,0.6483485099999986
2.2510000000000017,0.6475392065866817
2.2520000000000016,0.6470050734133166
2.2530000000000014,0.6461370599999987
2.254000000000002,0.6451353576534686
2.2550000000000017,0.64471189234653
2.2560000000000016,0.6449930099999999
2.2570000000000014,0.6449049699999988
2.258000000000002,0.6442069709788009
2.2590000000000017,0.6421167590211927
2.2600000000000016,0.6406862099999999
2.2610000000000015,0.640615659411117
2.262000000000002,0.6402097705888815
2.2630000000000017,0.6389783599999983
2.2640000000000016,0.6380349208628281
2.2650000000000015,0.6384435491371732
2.266000000000002,0.6397064900000018
2.2670000000000017,0.6407155399999996
2.2680000000000016,0.6405338431023783
2.2690000000000015,0.6397648668976192
2.270000000000002,0.6397429700000002
2.2710000000000017,0.6398462754609071
2.2720000000000016,0.6394008845390915
2.2730000000000015,0.6389625099999988
2.274000000000002,0.6380357178504291
2.2750000000000017,0.6375142221495693
2.2760000000000016,0.6371498699999992
2.2770000000000015,0.6366829899999993
2.278000000000002,0.6363335649425051
2.2790000000000017,0.6360341300000009
2.2800000000000016,0.6365205600000019
2.2810000000000015,0.6375519560537902
2.282000000000002,0.6381124939462118
2.2830000000000017,0.6375329499999992
2.2840000000000016,0.6370881625904826
2.2850000000000015,0.6375140674095188
2.286000000000002,0.638047990000001
2.2870000000000017,0.6386290985272948
2.2880000000000016,0.6388143714727057
2.2890000000000015,0.6392134400000008
2.290000000000002,0.6397689599999984
2.2910000000000017,0.638850021619674
2.2920000000000016,0.637566218380322
2.2930000000000015,0.6375449900000008
2.294000000000002,0.6380920136522701
2.2950000000000017,0.6384285363477309
2.2960000000000016,0.6387746300000012
2.2970000000000015,0.6394516360977827
2.298000000000002,0.6408126139022222
2.2990000000000017,0.6419486400000008
2.3000000000000016,0.6424191600000007
2.3010000000000015,0.6427862832876718
2.302000000000002,0.6434693900000013
2.3030000000000017,0.64416641
2.3040000000000016,0.6441744536652668
2.3050000000000015,0.6441111063347329
2.306000000000002,0.6448669400000002
2.3070000000000017,0.6449883214607073
2.3080000000000016,0.6446029285392916
2.3090000000000015,0.6452337499999997
2.310000000000002,0.6449696134653055
2.3110000000000017,0.6441042665346914
2.3120000000000016,0.6445229600000001
2.3130000000000015,0.6445863199999994
2.314000000000002,0.644091096737651
2.3150000000000017,0.6431584732623458
2.3160000000000016,0.6425467099999995
2.3170000000000015,0.6422954748810238
2.318000000000002,0.6422442851189761
2.3190000000000017,0.6421307899999987
2.3200000000000016,0.6414404149380108
2.3210000000000015,0.6404897950619861
2.322000000000002,0.6402961599999999
2.3230000000000017,0.6402326199999998
2.3240000000000016,0.6400794977072283
2.3250000000000015,0.6394565699999987
2.326000000000002,0.6384574800000001
2.3270000000000017,0.6385459213827263
2.3280000000000016,0.6402597486172791
2.3290000000000015,0.6413329799999995
2.330000000000002,0.6408830112997397
2.3310000000000017,0.6406960087002596
2.3320000000000016,0.6414383600000011
2.3330000000000015,0.6420588417736461
2.334000000000002,0.6425765782263557
2.3350000000000017,0.6429162000000008
2.3360000000000016,0.6433868400000012
2.3370000000000015,0.6440484447080583
2.338000000000002,0.6439955252919416
2.3390000000000017,0.6436749699999991
2.3400000000000016,0.6431538606228736
2.3410000000000015,0.6420600893771229
2.342000000000002,0.6416639700000009
2.3430000000000017,0.6421828245270955
2.3440000000000016,0.6427280954729063
2.3450000000000015,0.643752930000002
2.346000000000002,0.6452544300000013
2.3470000000000018,0.6459494185261484
2.3480000000000016,0.6465346800000011
2.3490000000000015,0.6473476900000008
2.350000000000002,0.6479022381573696
2.3510000000000018,0.6483838118426325
2.3520000000000016,0.648110449999999
2.3530000000000015,0.6475253513517304
2.354000000000002,0.6479388686482712
2.3550000000000018,0.6485611199999999
2.3560000000000016,0.6484698663467307
2.3570000000000015,0.6484333336532693
2.358000000000002,0.6479532699999986
2.3590000000000018,0.6471100999999994
2.3600000000000017,0.6467696269196159
2.3610000000000015,0.6466388230803838
2.362000000000002,0.6457809799999976
2.3630000000000018,0.644440875913816
2.3640000000000017,0.6437000140861816
2.3650000000000015,0.6433592399999994
2.366000000000002,0.6429241761407704
2.3670000000000018,0.6421855838592267
2.3680000000000017,0.6420501500000013
2.3690000000000015,0.6430149100000014
2.370000000000002,0.6441044607798448
2.3710000000000018,0.6445122592201568
2.3720000000000017,0.6439267999999985
2.3730000000000016,0.6430536454689042
2.374000000000002,0.6418083345310913
2.3750000000000018,0.6403275099999969
2.3760000000000017,0.6385747804848991
2.3770000000000016,0.6361796295150934
2.378000000000002,0.6332888599999957
2.379000000000002,0.630913871602677
2.3800000000000017,0.6293298983973181
2.3810000000000016,0.6273776299999959
2.382000000000002,0.6250791499999968
2.383000000000002,0.623627370605877
2.3840000000000017,0.6225334293941195
2.3850000000000016,0.6207250399999973
2.386000000000002,0.6191947802829415
2.387000000000002,0.6182976097170549
2.3880000000000017,0.6169617799999985
2.3890000000000016,0.6161068631823634
2.390000000000002,0.6160386868176363
2.391000000000002,0.6147094999999947
2.3920000000000017,0.6117305799999955
2.3930000000000016,0.6091475778354305
2.394000000000002,0.6076259321645642
2.395000000000002,0.6067997800000021
2.3960000000000017,0.6079644005978853
2.3970000000000016,0.6109703794021241
2.398000000000002,0.6151241100000081
2.399000000000002,0.6196830378524364
2.4000000000000017,0.6239615621475768
2.4010000000000016,0.626676380000002
2.4020000000000015,0.627817570000002
2.403000000000002,0.6289697347835239
2.4040000000000017,0.6305440700000028
2.4050000000000016,0.6321313400000016
2.406000000000002,0.6329908070605884
2.407000000000002,0.6332614129394126
2.4080000000000017,0.633603750000001
2.4090000000000016,0.6341846831873629
2.4100000000000015,0.6344165568126379
2.411000000000002,0.6342201199999992
2.4120000000000017,0.633717433326334
2.4130000000000016,0.6332506966736646
2.414000000000002,0.6335120200000008
2.415000000000002,0.6340417900000003
2.4160000000000017,0.6341637658628279
2.4170000000000016,0.6344223941371729
2.4180000000000015,0.6347112100000001
2.419000000000002,0.6347682220965811
2.4200000000000017,0.6350891879034198
2.4210000000000016,0.6352446099999994
2.422000000000002,0.6349323825694858
2.423000000000002,0.6347580774305136
2.4240000000000017,0.6347571599999999
2.4250000000000016,0.6346911799999994
2.4260000000000015,0.634310638054194
2.427000000000002,0.6334069399999989
2.4280000000000017,0.6327560499999995
2.4290000000000016,0.6324380642511489
2.430000000000002,0.6318805757488491
2.431000000000002,0.6312762499999983
2.4320000000000017,0.6303678381863612
2.4330000000000016,0.6294497018136359
2.4340000000000015,0.6287723199999989
2.435000000000002,0.6279713104779038
2.4360000000000017,0.6275760895220949
2.4370000000000016,0.6267598299999974
2.438000000000002,0.6252658999999978
2.439000000000002,0.6240294272115572
2.4400000000000017,0.6237015427884416
2.4410000000000016,0.6234134999999978
2.4420000000000015,0.6221442281423707
2.443000000000002,0.6216256518576273
2.4440000000000017,0.6222830400000007
2.4450000000000016,0.6226380320895827
2.446000000000002,0.6230589279104187
2.447000000000002,0.6236562700000019
2.4480000000000017,0.6246970900000016
2.4490000000000016,0.6256235045145493
2.4500000000000015,0.6260686500000011
2.451000000000002,0.6268808800000023
2.4520000000000017,0.6282039752569513
2.4530000000000016,0.6298565447430539
2.454000000000002,0.6316232700000022
2.455000000000002,0.6328530538412335
2.4560000000000017,0.6336914661587698
2.4570000000000016,0.6346901100000026
2.4580000000000015,0.6361746529924039
2.459000000000002,0.6377045770076015
2.4600000000000017,0.6384943100000007
2.4610000000000016,0.6388732800000013
2.462000000000002,0.6396055594501109
2.463000000000002,0.6400000605498909
2.4640000000000017,0.6401631200000013
2.4650000000000016,0.6408954065336948
2.4660000000000015,0.6418607434663082
2.467000000000002,0.6429056500000019
2.4680000000000017,0.6439792219456123
2.4690000000000016,0.6448986780543905
2.470000000000002,0.6459713600000024
2.471000000000002,0.6473383900000024
2.4720000000000018,0.6486608691120903
2.4730000000000016,0.6495519900000013
2.4740000000000015,0.6505783800000015
2.475000000000002,0.651635866724657
2.4760000000000018,0.6526031132753468
2.4770000000000016,0.6538140200000021
2.478000000000002,0.6549839640072003
2.479000000000002,0.655824035992803
2.4800000000000018,0.6560810800000005
2.4810000000000016,0.6563822135042993
2.4820000000000015,0.6565172564957011
2.483000000000002,0.6570802900000016
2.4840000000000018,0.657938
2.4850000000000017,0.6579225589692059
2.486000000000002,0.6578122510307937
2.487000000000002,0.65793377
2.4880000000000018,0.6579529443151367
2.4890000000000017,0.6577960956848627
2.4900000000000015,0.65764511
2.491000000000002,0.6576235920125987
2.4920000000000018,0.6582437179874037
2.4930000000000017,0.6596753600000026
2.494000000000002,0.6616007100000036
2.495000000000002,0.6636568622875468
2.4960000000000018,0.6657797377124617
2.4970000000000017,0.6673986900000017
2.4980000000000016,0.6683690399540109
2.499000000000002,0.6693685800459928
2.5000000000000018,0.67008936
2.5010000000000017,0.67008936
2.502000000000002,0.67008936
2.503000000000002,0.67008936
2.504000000000002,0.67008936
2.5050000000000017,0.67008936
2.5060000000000016,0.67008936
2.507000000000002,0.67008936
2.508000000000002,0.67008936
2.5090000000000017,0.67008936
2.510000000000002,0.67008936
2.511000000000002,0.67008936
2.512000000000002,0.67008936
2.5130000000000017,0.67008936
2.5140000000000016,0.67008936
2.515000000000002,0.67008936
2.516000000000002,0.67008936
2.5170000000000017,0.67008936
2.518000000000002,0.67008936
2.519000000000002,0.67008936
2.520000000000002,0.67008936
2.5210000000000017,0.67008936
2.5220000000000016,0.67008936
2.523000000000002,0.67008936
2.524000000000002,0.67008936
2.5250000000000017,0.67008936
2.526000000000002,0.67008936
2.527000000000002,0.67008936
2.528000000000002,0.67008936
2.5290000000000017,0.67008936
2.5300000000000016,0.67008936
2.531000000000002,0.67008936
2.532000000000002,0.67008936
2.5330000000000017,0.67008936
2.534000000000002,0.67008936
2.535000000000002,0.67008936
2.536000000000002,0.67008936
2.5370000000000017,0.67008936
2.5380000000000016,0.67008936
2.539000000000002,0.67008936
2.540000000000002,0.67008936
2.5410000000000017,0.67008936
2.542000000000002,0.67008936
2.543000000000002,0.67008936
2.544000000000002,0.67008936
2.5450000000000017,0.67008936
2.5460000000000016,0.67008936
2.547000000000002,0.67008936
2.548000000000002,0.67008936
2.5490000000000017,0.67008936
2.550000000000002,0.67008936
2.551000000000002,0.67008936
2.552000000000002,0.67008936
2.5530000000000017,0.67008936
2.5540000000000016,0.67008936
2.555000000000002,0.67008936
2.556000000000002,0.67008936
2.5570000000000017,0.67008936
2.558000000000002,0.67008936
2.559000000000002,0.67008936
2.560000000000002,0.67008936
2.5610000000000017,0.67008936
2.5620000000000016,0.67008936
2.563000000000002,0.67008936
2.564000000000002,0.67008936
2.5650000000000017,0.67008936
2.566000000000002,0.67008936
2.567000000000002,0.67008936
2.568000000000002,0.67008936
2.5690000000000017,0.67008936
2.5700000000000016,0.67008936
2.571000000000002,0.67008936
2.572000000000002,0.67008936
2.5730000000000017,0.67008936
2.574000000000002,0.67008936
2.575000000000002,0.67008936
2.576000000000002,0.67008936
2.5770000000000017,0.67008936
2.5780000000000016,0.67008936
2.579000000000002,0.67008936
2.580000000000002,0.67008936
2.5810000000000017,0.67008936
2.582000000000002,0.67008936
2.583000000000002,0.67008936
2.584000000000002,0.67008936
2.5850000000000017,0.67008936
2.5860000000000016,0.67008936
2.587000000000002,0.67008936
2.588000000000002,0.67008936
2.5890000000000017,0.67008936
2.590000000000002,0.67008936
2.591000000000002,0.67008936
2.592000000000002,0.67008936
2.5930000000000017,0.67008936
2.5940000000000016,0.67008936
2.595000000000002,0.67008936
2.596000000000002,0.67008936
2.5970000000000018,0.67008936
2.598000000000002,0.67008936
2.599000000000002,0.67008936
