wave,r
0.4,0.055003799587478266
0.401,0.05685339948838035
0.402,0.05920223751161978
0.403,0.06218753800000021
0.404,0.06592150066037342
0.405,0.070535414
0.406,0.07622127237299288
0.40700000000000003,0.0829585716270075
0.40800000000000003,0.09075783192790189
0.40900000000000003,0.09965062207209861
0.41000000000000003,0.10976436000000063
0.41100000000000003,0.12100894755412452
0.41200000000000003,0.13314801
0.41300000000000003,0.14586629448115587
0.41400000000000003,0.15931441000000077
0.41500000000000004,0.1732006303562936
0.41600000000000004,0.18723625964370796
0.41700000000000004,0.20127419
0.41800000000000004,0.21511839155798526
0.41900000000000004,0.22858579000000073
0.42000000000000004,0.241535633561965
0.42100000000000004,0.25389183
0.42200000000000004,0.26557268963900776
0.42300000000000004,0.2765365903609935
0.42400000000000004,0.2867695748699031
0.42500000000000004,0.29625656513009796
0.42600000000000005,0.3050363100000004
0.42700000000000005,0.31315363500015037
0.42800000000000005,0.3206536500000004
0.42900000000000005,0.32758701411391805
0.43000000000000005,0.33399840588608265
0.43100000000000005,0.33993741541209205
0.43200000000000005,0.34547862458790857
0.43300000000000005,0.3506301900000003
0.43400000000000005,0.35544271557414453
0.43500000000000005,0.3600001300000002
0.43600000000000005,0.3643196310202798
0.43700000000000006,0.3684216589797207
0.43800000000000006,0.37233368757964863
0.43900000000000006,0.3760916524203518
0.44000000000000006,0.37970126000000015
0.44100000000000006,0.3831939950726495
0.44200000000000006,0.3865966800000002
0.44300000000000006,0.3898933519385614
0.44400000000000006,0.393087208061439
0.44500000000000006,0.39619598056668887
0.44600000000000006,0.39925264943331157
0.44700000000000006,0.40224403000000014
0.44800000000000006,0.4051566708735914
0.44900000000000007,0.4079959100000002
0.45000000000000007,0.41080957736715285
0.45100000000000007,0.41354629263284753
0.45200000000000007,0.41622161643677136
0.45300000000000007,0.4188652935632289
0.45400000000000007,0.4214440300000003
0.45500000000000007,0.4239697247430527
0.45600000000000007,0.4264498100000001
0.4570000000000001,0.42888456407255937
0.4580000000000001,0.43129182000000027
0.4590000000000001,0.4336625232206357
0.4600000000000001,0.4359845867793645
0.4610000000000001,0.4382565300000001
0.4620000000000001,0.44049650760022413
0.4630000000000001,0.4427063200000002
0.4640000000000001,0.44488322132178704
0.4650000000000001,0.4470154000000002
0.4660000000000001,0.44910031042039184
0.4670000000000001,0.4511423495796085
0.4680000000000001,0.45315150968230655
0.4690000000000001,0.45511974031769376
0.4700000000000001,0.45705757000000025
0.4710000000000001,0.45896698856101453
0.4720000000000001,0.4608230900000001
0.4730000000000001,0.4626718684010322
0.4740000000000001,0.4645119715989681
0.4750000000000001,0.4663161173985522
0.4760000000000001,0.46805597260144816
0.4770000000000001,0.4697781800000001
0.4780000000000001,0.47149012640513616
0.4790000000000001,0.47313064000000016
0.4800000000000001,0.4747589361629769
0.4810000000000001,0.4763752338370234
0.4820000000000001,0.477966055709686
0.4830000000000001,0.4795370242903144
0.4840000000000001,0.4810814000000002
0.4850000000000001,0.48260428477115247
0.4860000000000001,0.48411748000000016
0.4870000000000001,0.4856366048717027
0.4880000000000001,0.48712377512829763
0.4890000000000001,0.4885760648377034
0.4900000000000001,0.49005983516229695
0.4910000000000001,0.49155432000000016
0.4920000000000001,0.49304820506114955
0.4930000000000001,0.4945297200000002
0.4940000000000001,0.49597372465805356
0.4950000000000001,0.4974395300000002
0.4960000000000001,0.49893926499590024
0.4970000000000001,0.5004388550041001
0.4980000000000001,0.5019525300000002
0.4990000000000001,0.5034599149261509
0.5000000000000001,0.5049501700000001
0.5010000000000001,0.5064491748555973
0.5020000000000001,0.5079347342522876
0.5030000000000001,0.5094098104984752
0.5040000000000001,0.5108797453006532
0.5050000000000001,0.5123125900000001
0.5060000000000001,0.513741878583771
0.5070000000000001,0.5151710671243439
0.5080000000000001,0.5165639821417215
0.5090000000000001,0.5179398100000001
0.5100000000000001,0.5192985634064343
0.5110000000000001,0.5206392064861407
0.5120000000000001,0.5219635135138596
0.5130000000000001,0.5232500871342716
0.5140000000000001,0.5245114600000002
0.5150000000000001,0.525772702188844
0.5160000000000001,0.5269915857876107
0.5170000000000001,0.5281845061415931
0.5180000000000001,0.5293693981510817
0.5190000000000001,0.5305586616122163
0.5200000000000001,0.5317198829658518
0.5210000000000001,0.5328681755512226
0.5220000000000001,0.5340266684150685
0.5230000000000001,0.5351772900000001
0.5240000000000001,0.5363402518584188
0.5250000000000001,0.5375260941996322
0.5260000000000001,0.5387360758003681
0.5270000000000001,0.539978667574076
0.5280000000000001,0.5412626900000002
0.5290000000000001,0.5425960076974771
0.5300000000000001,0.5439808826020701
0.5310000000000001,0.5454009515986202
0.5320000000000001,0.5468679553299536
0.5330000000000001,0.5484033361840621
0.5340000000000001,0.5500217435127245
0.5350000000000001,0.5516973797309138
0.5360000000000001,0.5534100328734578
0.5370000000000001,0.5551485400000002
0.5380000000000001,0.5569314582935663
0.5390000000000001,0.558760815865907
0.5400000000000001,0.5606230127560624
0.5410000000000001,0.5624780514496148
0.5420000000000001,0.5643386800000002
0.5430000000000001,0.5661875961865909
0.5440000000000002,0.5679969257201143
0.5450000000000002,0.5697980139782399
0.5460000000000002,0.5715776100000002
0.5470000000000002,0.573324937078671
0.5480000000000002,0.5750328037802489
0.5490000000000002,0.5767218162197514
0.5500000000000002,0.5783771734464347
0.5510000000000002,0.5799784100000003
0.5520000000000002,0.5815287953283068
0.5530000000000002,0.5830616257186143
0.5540000000000002,0.5845855795209242
0.5550000000000002,0.58608816497415
0.5560000000000002,0.5875342040322405
0.5570000000000002,0.5889374274584274
0.5580000000000002,0.5903103488123596
0.5590000000000002,0.5916366334743349
0.5600000000000002,0.5929464700000001
0.5610000000000002,0.5942256622113223
0.5620000000000002,0.5954467938968444
0.5630000000000002,0.596641636103156
0.5640000000000002,0.5978075783405836
0.5650000000000002,0.5989368600000002
0.5660000000000002,0.6000203711216114
0.5670000000000002,0.6010764514663268
0.5680000000000002,0.602125329022449
0.5690000000000002,0.6031762894903951
0.5700000000000002,0.6042143803355036
0.5710000000000002,0.6052479306079698
0.5720000000000002,0.6062783290880458
0.5730000000000002,0.6073022997602954
0.5740000000000002,0.6083041400000002
0.5750000000000002,0.6092832796649968
0.5760000000000002,0.6102497794768211
0.5770000000000002,0.6112236205231792
0.5780000000000002,0.6121845103911041
0.5790000000000002,0.6131407000000001
0.5800000000000002,0.6141053590701909
0.5810000000000002,0.6150588691540424
0.5820000000000002,0.616030670563972
0.5830000000000002,0.6170154800000002
0.5840000000000002,0.6179729195063952
0.5850000000000002,0.6189235585886708
0.5860000000000002,0.6198529921169943
0.5870000000000002,0.6207451710782217
0.5880000000000002,0.6215969300000003
0.5890000000000002,0.6224420784168684
0.5900000000000002,0.6232837648987551
0.5910000000000002,0.6241137234008302
0.5920000000000002,0.6249588615486157
0.5930000000000002,0.625805268479385
0.5940000000000002,0.6266532074597272
0.5950000000000002,0.6275261938104096
0.5960000000000002,0.6283833828562287
0.5970000000000002,0.6292200700000002
0.5980000000000002,0.6300470884549847
0.5990000000000002,0.6308925874707013
0.6000000000000002,0.631766122529299
0.6010000000000002,0.632647681184412
0.6020000000000002,0.6335035600000002
0.6030000000000002,0.6343501885212706
0.6040000000000002,0.6352023158569072
0.6050000000000002,0.6360642127620622
0.6060000000000002,0.6369244413977141
0.6070000000000002,0.6378024288638887
0.6080000000000002,0.638688817625519
0.6090000000000002,0.6395700935617221
0.6100000000000002,0.640466441036521
0.6110000000000002,0.6413849600000002
0.6120000000000002,0.6423123590593908
0.6130000000000002,0.643218298780649
0.6140000000000002,0.6441573312193514
0.6150000000000002,0.645107910494205
0.6160000000000002,0.6460397200000002
0.6170000000000002,0.646938817881579
0.6180000000000002,0.6478328968708567
0.6190000000000002,0.6487285920860959
0.6200000000000002,0.6496228600000002
0.6210000000000002,0.6505320791028913
0.6220000000000002,0.6514423682868858
0.6230000000000002,0.6523567125696716
0.6240000000000002,0.6533079604875098
0.6250000000000002,0.6542243400000002
0.6260000000000002,0.6551194890475812
0.6270000000000002,0.6560242475572224
0.6280000000000002,0.6569428216285188
0.6290000000000002,0.6578670607576077
0.6300000000000002,0.6587854000000003
0.6310000000000002,0.6596836073761314
0.6320000000000002,0.6605524139358034
0.6330000000000002,0.6614103728408286
0.6340000000000002,0.6622756100000002
0.6350000000000002,0.6631506789204895
0.6360000000000002,0.6640427281632737
0.6370000000000002,0.6649508918367267
0.6380000000000002,0.6658698808101083
0.6390000000000002,0.6667585400000002
0.6400000000000002,0.6676391489121785
0.6410000000000002,0.6685303674933256
0.6420000000000002,0.6694468116711167
0.6430000000000002,0.6703864806033062
0.6440000000000002,0.6713141289985902
0.6450000000000002,0.6722139880902958
0.6460000000000002,0.673118502864557
0.6470000000000002,0.674029340891618
0.6480000000000002,0.6749437500000002
0.6490000000000002,0.6758598192578927
0.6500000000000002,0.6767856084754612
0.6510000000000002,0.6777093815245393
0.6520000000000002,0.678622060873209
0.6530000000000002,0.6795170300000002
0.6540000000000002,0.6804199382689828
0.6550000000000002,0.6813333874771264
0.6560000000000002,0.6822492916819162
0.6570000000000003,0.6831493309996103
0.6580000000000003,0.6840482490122903
0.6590000000000003,0.6849494780686968
0.6600000000000003,0.6858529128969554
0.6610000000000003,0.6867914106150126
0.6620000000000003,0.6877332300000002
0.6630000000000003,0.6886666495130905
0.6640000000000003,0.6896179580152996
0.6650000000000003,0.6905518013231341
0.6660000000000003,0.6914713908041082
0.6670000000000003,0.6923847200000002
0.6680000000000003,0.6932707578865058
0.6690000000000003,0.6941650831702417
0.6700000000000003,0.6950844316130164
0.6710000000000003,0.6960260300000003
0.6720000000000003,0.6969399591439916
0.6730000000000003,0.6978543588224473
0.6740000000000003,0.6987954811775531
0.6750000000000003,0.6997675802790031
0.6760000000000003,0.7007329500000004
0.6770000000000003,0.7016769192340849
0.6780000000000003,0.7026003274090299
0.6790000000000003,0.7035139617273138
0.6800000000000003,0.7044407607320077
0.6810000000000003,0.7053784193019933
0.6820000000000003,0.7063086186052699
0.6830000000000003,0.7072388820920957
0.6840000000000003,0.7081675914258144
0.6850000000000003,0.7090967300000002
0.6860000000000003,0.7100353892358926
0.6870000000000003,0.710958978233471
0.6880000000000003,0.7118706517665296
0.6890000000000003,0.7127818408881091
0.6900000000000003,0.7136902800000003
0.6910000000000003,0.7146388493823941
0.6920000000000003,0.7156079678293088
0.6930000000000003,0.7165356114471279
0.6940000000000003,0.7174559107970082
0.6950000000000003,0.7183756890850911
0.6960000000000003,0.7192841972129397
0.6970000000000003,0.7201448441805913
0.6980000000000003,0.7210295111533233
0.6990000000000003,0.7219448100000002
0.7000000000000003,0.7228689891505917
0.7010000000000003,0.723784048383665
0.7020000000000003,0.7247032316163357
0.7030000000000003,0.7256377206551068
0.7040000000000003,0.7265900400000003
0.7050000000000003,0.7275141081413817
0.7060000000000003,0.7284211774126296
0.7070000000000003,0.7293349317249141
0.7080000000000003,0.7302909500000003
0.7090000000000003,0.7312284191404917
0.7100000000000003,0.7321424681784914
0.7110000000000003,0.7330513927322637
0.7120000000000003,0.7339690808231167
0.7130000000000003,0.7348873000000004
0.7140000000000003,0.7357859685313708
0.7150000000000003,0.7366391062969854
0.7160000000000003,0.7375156724686768
0.7170000000000003,0.7384449107076073
0.7180000000000003,0.7394106491886921
0.7190000000000003,0.7403295174741266
0.7200000000000003,0.7412032237888108
0.7210000000000003,0.7420706526514269
0.7220000000000003,0.7429724300000004
0.7230000000000003,0.7438707989878901
0.7240000000000003,0.7447695879962805
0.7250000000000003,0.7456694020037202
0.7260000000000003,0.7465676610174105
0.7270000000000003,0.7474347400000003
0.7280000000000003,0.7482982388502772
0.7290000000000003,0.7491832672068399
0.7300000000000003,0.7500901618621073
0.7310000000000003,0.7509698812028123
0.7320000000000003,0.7518375588269884
0.7330000000000003,0.7527202572247391
0.7340000000000003,0.7535814941628921
0.7350000000000003,0.7544730210847219
0.7360000000000003,0.7553854600000003
0.7370000000000003,0.7562639183333836
0.7380000000000003,0.7570972566791331
0.7390000000000003,0.7579312133208674
0.7400000000000003,0.7587926313858141
0.7410000000000003,0.7596662600000004
0.7420000000000003,0.7605462874689749
0.7430000000000003,0.7614197359625021
0.7440000000000003,0.7622851526916656
0.7450000000000003,0.7631809700000003
0.7460000000000003,0.7640584185002853
0.7470000000000003,0.7649084467909607
0.7480000000000003,0.7657479948135596
0.7490000000000003,0.7665775917040343
0.7500000000000003,0.7673950200000003
0.7510000000000003,0.7682074983006664
0.7520000000000003,0.7690375651294439
0.7530000000000003,0.769875213247038
0.7540000000000003,0.7707264914872151
0.7550000000000003,0.7715867800000002
0.7560000000000003,0.7723953264285788
0.7570000000000003,0.7732167553571324
0.7580000000000003,0.7740641630518308
0.7590000000000003,0.7749148000000002
0.7600000000000003,0.7757193477838781
0.7610000000000003,0.776497735404784
0.7620000000000003,0.7772679745952165
0.7630000000000003,0.7780426022537228
0.7640000000000003,0.7788614600000002
0.7650000000000003,0.7796927780950622
0.7660000000000003,0.7805022834468279
0.7670000000000003,0.7812838443687818
0.7680000000000003,0.7820405324331247
0.7690000000000003,0.7827684970327706
0.7700000000000004,0.7834717742352885
0.7710000000000004,0.7841835386470679
0.7720000000000004,0.7849134127012543
0.7730000000000004,0.7856590700000002
0.7740000000000004,0.7864099777653779
0.7750000000000004,0.7871865155753772
0.7760000000000004,0.7879652844246232
0.7770000000000004,0.7887309723431237
0.7780000000000004,0.7894898100000002
0.7790000000000004,0.7902563955509557
0.7800000000000004,0.7910339435488228
0.7810000000000004,0.7918189043007852
0.7820000000000004,0.7926049121399218
0.7830000000000004,0.7933626274035743
0.7840000000000004,0.7941029850196493
0.7850000000000004,0.7948539674705268
0.7860000000000004,0.7956185823538474
0.7870000000000004,0.7964091900000002
0.7880000000000004,0.7972123078024564
0.7890000000000004,0.7979925525489728
0.7900000000000004,0.7987441849673518
0.7910000000000004,0.7994691627502277
0.7920000000000004,0.8001790000000002
0.7930000000000004,0.8009008948192593
0.7940000000000004,0.8016418577711117
0.7950000000000004,0.8023953849294496
0.7960000000000004,0.8031492800000003
0.7970000000000004,0.8038982271537718
0.7980000000000004,0.8046136039660415
0.7990000000000004,0.8053119060339589
0.8000000000000004,0.8060339027800281
0.8010000000000004,0.8067781900000003
0.8020000000000004,0.8075329774214487
0.8030000000000004,0.8082751210703467
0.8040000000000004,0.8089774659531026
0.8050000000000004,0.8096885628890292
0.8060000000000004,0.8103967970024702
0.8070000000000004,0.8110970443782813
0.8080000000000004,0.8118159584325787
0.8090000000000004,0.8125131560560608
0.8100000000000004,0.8132074500000003
0.8110000000000004,0.813931117671777
0.8120000000000004,0.8146982955703775
0.8130000000000004,0.8154768144296232
0.8140000000000004,0.8162411423567238
0.8150000000000004,0.8169715400000004
0.8160000000000004,0.8176802537545378
0.8170000000000004,0.818367980065397
0.8180000000000004,0.8190368266230691
0.8190000000000004,0.8196939134291346
0.8200000000000004,0.8203708567294675
0.8210000000000004,0.8210438031219442
0.8220000000000004,0.8216999003170844
0.8230000000000004,0.8223535934630696
0.8240000000000004,0.8230179500000002
0.8250000000000004,0.8236932867883681
0.8260000000000004,0.8243721232602699
0.8270000000000004,0.8250351367397307
0.8280000000000004,0.825687163479735
0.8290000000000004,0.8263497900000002
0.8300000000000004,0.8270406237081374
0.8310000000000004,0.827726030045598
0.8320000000000004,0.8283942166362686
0.8330000000000004,0.8290499400000003
0.8340000000000004,0.8297073866269665
0.8350000000000004,0.830370083386531
0.8360000000000004,0.8310394099202043
0.8370000000000004,0.8317002033920682
0.8380000000000004,0.8323232500000002
0.8390000000000004,0.8329359960607214
0.8400000000000004,0.8335420679805012
0.8410000000000004,0.8341414180129996
0.8420000000000004,0.8347315140990412
0.8430000000000004,0.835357846377764
0.8440000000000004,0.8359956223697818
0.8450000000000004,0.8366141114453279
0.8460000000000004,0.8372294176938773
0.8470000000000004,0.8378462200000002
0.8480000000000004,0.8384650361578617
0.8490000000000004,0.8390808218453265
0.8500000000000004,0.839673088154674
0.8510000000000004,0.8402448242826431
0.8520000000000004,0.8408119700000002
0.8530000000000004,0.8413967561513233
0.8540000000000004,0.8420118883614821
0.8550000000000004,0.8426239377590123
0.8560000000000004,0.8432257739816401
0.8570000000000004,0.8438369057018573
0.8580000000000004,0.8444070909488528
0.8590000000000004,0.8449545335767213
0.8600000000000004,0.8454945645996922
0.8610000000000004,0.8460251100000002
0.8620000000000004,0.8465842656434567
0.8630000000000004,0.8471486108987643
0.8640000000000004,0.8476935491012362
0.8650000000000004,0.8482272546629469
0.8660000000000004,0.8487751500000003
0.8670000000000004,0.8493512419901201
0.8680000000000004,0.8499507471777413
0.8690000000000004,0.8505233385481729
0.8700000000000004,0.8511365700000003
0.8710000000000004,0.8517667759771601
0.8720000000000004,0.8523644917916107
0.8730000000000004,0.8529540723125846
0.8740000000000004,0.853559963941079
0.8750000000000004,0.8541660300000002
0.8760000000000004,0.854735025432409
0.8770000000000004,0.8552782652038401
0.8780000000000004,0.855785059864107
0.8790000000000004,0.856266735183252
0.8800000000000004,0.8567565100000002
0.8810000000000004,0.8572876611132445
0.8820000000000005,0.8578433233301337
0.8830000000000005,0.8584008088502887
0.8840000000000005,0.8589415000000004
0.8850000000000005,0.8594669151349515
0.8860000000000005,0.8599804102779891
0.8870000000000005,0.8604943097220114
0.8880000000000005,0.8610289646534468
0.8890000000000005,0.8615637400000002
0.8900000000000005,0.8621010853758078
0.8910000000000005,0.8626386655383232
0.8920000000000005,0.8631566096411182
0.8930000000000005,0.8636769647964482
0.8940000000000005,0.8641932650670509
0.8950000000000005,0.8646999704266789
0.8960000000000005,0.8652213043599822
0.8970000000000005,0.8657008952041043
0.8980000000000005,0.8661413800000002
0.8990000000000005,0.8665747647601478
0.9000000000000005,0.8670507795590178
0.9010000000000005,0.8675287304409826
0.9020000000000005,0.8680129051582518
0.9030000000000005,0.8685130500000002
0.9040000000000005,0.8689871497954982
0.9050000000000005,0.8694769249017552
0.9060000000000005,0.869973650065497
0.9070000000000005,0.8704518052184524
0.9080000000000005,0.8709713850092503
0.9090000000000005,0.8714723094253289
0.9100000000000005,0.8719435758620071
0.9110000000000005,0.8724131553042064
0.9120000000000005,0.8728736600000002
0.9130000000000005,0.8733139644293888
0.9140000000000005,0.8737569044241791
0.9150000000000005,0.874237710383881
0.9160000000000005,0.8746354560225604
0.9170000000000005,0.8750209800000002
0.9180000000000005,0.8754321983669819
0.9190000000000005,0.8758505474495277
0.9200000000000005,0.8762639717315176
0.9210000000000005,0.8766964700000002
0.9220000000000005,0.8771515545860461
0.9230000000000005,0.8776101602931885
0.9240000000000005,0.8781248197068119
0.9250000000000005,0.8786354048941492
0.9260000000000005,0.8791091400000002
0.9270000000000005,0.8795633343219866
0.9280000000000005,0.8799955334927256
0.9290000000000005,0.88044529100485
0.9300000000000005,0.8809163552893531
0.9310000000000005,0.8813621446879472
0.9320000000000005,0.8818309388127596
0.9330000000000005,0.8822715767808612
0.9340000000000005,0.8826681320689209
0.9350000000000005,0.8830758900000002
0.9360000000000005,0.8834567139994403
0.9370000000000005,0.8838566586578539
0.9380000000000005,0.8842895513421466
0.9390000000000005,0.8846959459360596
0.9400000000000005,0.8850973200000002
0.9410000000000005,0.8854873879500798
0.9420000000000005,0.8858848938680068
0.9430000000000005,0.8863471607546625
0.9440000000000005,0.8867609458621588
0.9450000000000005,0.887126983482735
0.9460000000000005,0.8874752571760415
0.9470000000000005,0.8878340592359384
0.9480000000000005,0.8882256660839218
0.9490000000000005,0.8886105400000001
0.9500000000000005,0.8889643034993352
0.9510000000000005,0.8893142373729053
0.9520000000000005,0.8896828826270952
0.9530000000000005,0.8900256765720659
0.9540000000000005,0.8903243500000001
0.9550000000000005,0.8906316870642709
0.9560000000000005,0.8909848993373333
0.9570000000000005,0.8912961437751113
0.9580000000000005,0.8915302200000002
0.9590000000000005,0.8917757329307294
0.9600000000000005,0.8920688057075148
0.9610000000000005,0.8923541814387282
0.9620000000000005,0.8926020875209506
0.9630000000000005,0.8928515900000003
0.9640000000000005,0.8932086231501631
0.9650000000000005,0.8935236373061348
0.9660000000000005,0.8937671751292436
0.9670000000000005,0.8941202164695649
0.9680000000000005,0.8944051319341194
0.9690000000000005,0.8945985436846159
0.9700000000000005,0.8947827744730764
0.9710000000000005,0.8950994536663368
0.9720000000000005,0.8953125500000001
0.9730000000000005,0.8955786831722319
0.9740000000000005,0.8958959033198673
0.9750000000000005,0.8960618966801329
0.9760000000000005,0.896384056778368
0.9770000000000005,0.8966712400000001
0.9780000000000005,0.8968603621339428
0.9790000000000005,0.8970737559844009
0.9800000000000005,0.8972732360103995
0.9810000000000005,0.8974329784025842
0.9820000000000005,0.8975957622650227
0.9830000000000005,0.8978222616509175
0.9840000000000005,0.8979048075236239
0.9850000000000005,0.8979816392316847
0.9860000000000005,0.89806187
0.9870000000000005,0.8980715904708048
0.9880000000000005,0.8981186673191072
0.9890000000000005,0.8979846226808927
0.9900000000000005,0.8977792920533204
0.9910000000000005,0.8977020399999999
0.9920000000000005,0.8974161043637435
0.9930000000000005,0.897134289616919
0.9940000000000005,0.8967881869220538
0.9950000000000006,0.8962753999999998
0.9960000000000006,0.8958765849883495
0.9970000000000006,0.895375417453827
0.9980000000000006,0.8947481088192587
0.9990000000000006,0.8940821966591328
1.0000000000000004,0.8935580799999997
1.0010000000000006,0.8928560599999995
1.0020000000000007,0.8921541599999996
1.0030000000000006,0.8914449799999997
1.0040000000000004,0.8908968703839614
1.0050000000000006,0.8904007099999998
1.0060000000000007,0.8900361699999998
1.0070000000000006,0.88976377
1.0080000000000005,0.88966519
1.0090000000000006,0.8897027000429958
1.0100000000000007,0.8899031300000002
1.0110000000000006,0.8902980100000004
1.0120000000000005,0.8908852900000004
1.0130000000000006,0.8916351800000005
1.0140000000000007,0.8924174717708234
1.0150000000000006,0.8933870800000008
1.0160000000000005,0.8945499100000004
1.0170000000000006,0.8956688600000006
1.0180000000000007,0.8968997600000008
1.0190000000000006,0.8980611638596147
1.0200000000000005,0.8992400200000005
1.0210000000000006,0.9003202300000008
1.0220000000000007,0.9014102800000008
1.0230000000000006,0.9025159500000006
1.0240000000000005,0.9035921100000004
1.0250000000000006,0.9046070000000006
1.0260000000000007,0.9055505400000007
1.0270000000000006,0.9064768600000004
1.0280000000000005,0.9073391000000003
1.0290000000000006,0.9081684900000003
1.0300000000000007,0.9089715500000005
1.0310000000000006,0.9097400900000004
1.0320000000000005,0.9104513578832121
1.0330000000000006,0.9111301900000004
1.0340000000000007,0.9117644400000003
1.0350000000000006,0.9123260400000004
1.0360000000000005,0.9129153500000002
1.0370000000000006,0.9134331749555047
1.0380000000000007,0.9138827300000003
1.0390000000000006,0.9143390700000003
1.0400000000000005,0.9147921800000002
1.0410000000000006,0.9152095900000002
1.0420000000000007,0.915578273131687
1.0430000000000006,0.9159337300000002
1.0440000000000005,0.9162120800000001
1.0450000000000006,0.9165284000000001
1.0460000000000007,0.9168611800000003
1.0470000000000006,0.9171974363743627
1.0480000000000005,0.9175624800000001
1.0490000000000006,0.9178630100000001
1.0500000000000007,0.9181390400000002
1.0510000000000006,0.9183964100000002
1.0520000000000005,0.9186157
1.0530000000000006,0.9188285500000001
1.0540000000000007,0.9190728700000002
1.0550000000000006,0.9192876410448956
1.0560000000000005,0.9194980900000002
1.0570000000000006,0.9197304200000002
1.0580000000000007,0.9199355200000001
1.0590000000000006,0.9201086200000002
1.0600000000000005,0.9203267946675333
1.0610000000000006,0.9205734700000001
1.0620000000000007,0.9207749400000002
1.0630000000000006,0.9209786700000001
1.0640000000000005,0.9211738700000001
1.0650000000000006,0.9213222751594842
1.0660000000000007,0.9214917400000002
1.0670000000000006,0.9217252100000002
1.0680000000000005,0.9219763900000001
1.0690000000000006,0.9221937700000001
1.0700000000000007,0.9223975296240378
1.0710000000000006,0.9226219100000002
1.0720000000000005,0.9228373200000001
1.0730000000000006,0.9230452800000001
1.0740000000000007,0.9232699300000001
1.0750000000000006,0.9235009000000001
1.0760000000000005,0.9237364500000002
1.0770000000000006,0.9239242100000001
1.0780000000000007,0.9241025078072194
1.0790000000000006,0.9242805800000001
1.0800000000000005,0.9243833400000001
1.0810000000000006,0.9245526800000001
1.0820000000000007,0.9247913400000001
1.0830000000000006,0.9250340180761926
1.0840000000000005,0.9253147800000001
1.0850000000000006,0.9255428900000001
1.0860000000000007,0.9257633700000002
1.0870000000000006,0.9259641800000001
1.0880000000000005,0.92617616880112
1.0890000000000006,0.9263849300000001
1.0900000000000007,0.9265700600000001
1.0910000000000006,0.9267547700000001
1.0920000000000005,0.9269132
1.0930000000000006,0.9270129100289972
1.0940000000000007,0.9271627700000001
1.0950000000000006,0.9273510000000001
1.0960000000000005,0.9274895800000001
1.0970000000000006,0.9276232100000001
1.0980000000000008,0.9277999400000001
1.0990000000000006,0.9279815000000001
1.1000000000000005,0.9281411800000001
1.1010000000000006,0.9283149800000001
1.1020000000000008,0.9285281900000001
1.1030000000000006,0.9287037800000001
1.1040000000000005,0.9288480900000001
1.1050000000000006,0.9290111700000001
1.1060000000000008,0.9292029841665834
1.1070000000000007,0.9293446500000001
1.1080000000000005,0.9294610000000002
1.1090000000000007,0.92958379
1.1100000000000008,0.9296603200000001
1.1110000000000007,0.9297700614188582
1.1120000000000005,0.9298842500000001
1.1130000000000007,0.9300420300000001
1.1140000000000008,0.9302002800000001
1.1150000000000007,0.9303529300000001
1.1160000000000005,0.9304375015428458
1.1170000000000007,0.93050736
1.1180000000000008,0.93051666
1.1190000000000007,0.9304929399999999
1.1200000000000006,0.93038905
1.1210000000000007,0.930302868618138
1.1220000000000008,0.9300382699999997
1.1230000000000007,0.9296938799999996
1.1240000000000006,0.9292073799999997
1.1250000000000007,0.9285257499999996
1.1260000000000008,0.9278462499999992
1.1270000000000007,0.9270304999999994
1.1280000000000006,0.9262303699999994
1.1290000000000007,0.9254383935176477
1.1300000000000008,0.9247735699999996
1.1310000000000007,0.9243214699999998
1.1320000000000006,0.92392832
1.1330000000000007,0.9238585800000001
1.1340000000000008,0.9239871858184184
1.1350000000000007,0.9243453700000005
1.1360000000000006,0.9250147300000005
1.1370000000000007,0.9256905300000007
1.1380000000000008,0.9266423000000008
1.1390000000000007,0.9274585583741631
1.1400000000000006,0.9283395400000005
1.1410000000000007,0.9291285300000005
1.1420000000000008,0.9299254400000004
1.1430000000000007,0.9305946800000005
1.1440000000000006,0.9312048589821021
1.1450000000000007,0.9317150100000002
1.1460000000000008,0.9321296200000002
1.1470000000000007,0.9324216200000002
1.1480000000000006,0.9326961
1.1490000000000007,0.9328927400000001
1.1500000000000008,0.9330707800000001
1.1510000000000007,0.9332078700000002
1.1520000000000006,0.9333064
1.1530000000000007,0.93335223
1.1540000000000008,0.93339014
1.1550000000000007,0.93338609
1.1560000000000006,0.93338877
1.1570000000000007,0.9333992568833116
1.1580000000000008,0.9333680899999999
1.1590000000000007,0.93329734
1.1600000000000006,0.93323845
1.1610000000000007,0.9331699
1.1620000000000008,0.9330665436886312
1.1630000000000007,0.93300343
1.1640000000000006,0.93296462
1.1650000000000007,0.93290716
1.1660000000000008,0.93285149
1.1670000000000007,0.9327929058584141
1.1680000000000006,0.93270671
1.1690000000000007,0.93267816
1.1700000000000008,0.93266159
1.1710000000000007,0.93267608
1.1720000000000006,0.932736983909609
1.1730000000000007,0.93279821
1.1740000000000008,0.9328672300000002
1.1750000000000007,0.9329615800000001
1.1760000000000006,0.9331015900000001
1.1770000000000007,0.9332156200000001
1.1780000000000008,0.9333438300000001
1.1790000000000007,0.9334569600000001
1.1800000000000006,0.9335622289991001
1.1810000000000007,0.93365222
1.1820000000000008,0.9337334600000001
1.1830000000000007,0.93382341
1.1840000000000006,0.93387544
1.1850000000000007,0.9339005416148385
1.1860000000000008,0.93391669
1.1870000000000007,0.93390787
1.1880000000000006,0.93389946
1.1890000000000007,0.93387455
1.1900000000000008,0.9338549419608039
1.1910000000000007,0.93381524
1.1920000000000006,0.93380469
1.1930000000000007,0.93381423
1.1940000000000008,0.93382132
1.1950000000000007,0.9338343087011298
1.1960000000000006,0.93387127
1.1970000000000007,0.93389595
1.1980000000000008,0.93391323
1.1990000000000007,0.93393803
1.2000000000000006,0.9339776
1.2010000000000007,0.93399286
1.2020000000000008,0.93400502
1.2030000000000007,0.9339966167393261
1.2040000000000006,0.93396401
1.2050000000000007,0.93393975
1.2060000000000008,0.93390626
1.2070000000000007,0.93387228
1.2080000000000006,0.9338642342245775
1.2090000000000007,0.93380648
1.2100000000000009,0.9337418099999999
1.2110000000000007,0.9336326099999999
1.2120000000000006,0.9334927199999999
1.2130000000000007,0.9333048087911208
1.2140000000000009,0.9330575499999998
1.2150000000000007,0.9328057199999997
1.2160000000000006,0.9325154399999998
1.2170000000000007,0.9321675299999997
1.2180000000000009,0.9318424225107487
1.2190000000000007,0.9315024599999998
1.2200000000000006,0.9311682599999997
1.2210000000000008,0.9308382299999997
1.2220000000000009,0.9304946699999996
1.2230000000000008,0.9301511599999996
1.2240000000000006,0.9297808399999998
1.2250000000000008,0.9293881699999997
1.2260000000000009,0.9289978699999997
1.2270000000000008,0.9285657999999999
1.2280000000000006,0.9281788499999998
1.2290000000000008,0.9277947499999998
1.2300000000000009,0.9274429699999996
1.2310000000000008,0.927101222167783
1.2320000000000007,0.9268228999999997
1.2330000000000008,0.9265698799999997
1.2340000000000009,0.9263549999999997
1.2350000000000008,0.9261490699999999
1.2360000000000007,0.9259904412628736
1.2370000000000008,0.9258030699999998
1.2380000000000009,0.9256403999999998
1.2390000000000008,0.9254171299999999
1.2400000000000007,0.9252009399999997
1.2410000000000008,0.9248996101329865
1.2420000000000009,0.9245373599999996
1.2430000000000008,0.9241388999999997
1.2440000000000007,0.9236332199999997
1.2450000000000008,0.9231978699999996
1.2460000000000009,0.9226824515418454
1.2470000000000008,0.9223105299999997
1.2480000000000007,0.9219810999999999
1.2490000000000008,0.9217675299999999
1.2500000000000009,0.92166054
1.2510000000000008,0.9216349700000002
1.2520000000000007,0.9217202100000002
1.2530000000000008,0.9218757200000001
1.254000000000001,0.9220431597630239
1.2550000000000008,0.9222407900000001
1.2560000000000007,0.9224013700000001
1.2570000000000008,0.9225500800000002
1.258000000000001,0.9226878300000001
1.2590000000000008,0.922805263820618
1.2600000000000007,0.9229434700000001
1.2610000000000008,0.9230428900000002
1.262000000000001,0.9232338100000003
1.2630000000000008,0.9234587600000003
1.2640000000000007,0.9237336825077495
1.2650000000000008,0.9240918200000003
1.266000000000001,0.9244399700000003
1.2670000000000008,0.9248675100000002
1.2680000000000007,0.9252179900000003
1.2690000000000008,0.9255634154574545
1.270000000000001,0.9258692900000002
1.2710000000000008,0.9261204600000001
1.2720000000000007,0.9262908700000001
1.2730000000000008,0.92638409
1.274000000000001,0.92641008
1.2750000000000008,0.9263510099999999
1.2760000000000007,0.9262282299999999
1.2770000000000008,0.9260902399999998
1.278000000000001,0.9258860899999999
1.2790000000000008,0.9257253399999998
1.2800000000000007,0.9255149999999999
1.2810000000000008,0.9253956699999999
1.282000000000001,0.9253092361443855
1.2830000000000008,0.92527068
1.2840000000000007,0.92530614
1.2850000000000008,0.92532837
1.286000000000001,0.92539084
1.2870000000000008,0.9254426508939106
1.2880000000000007,0.92555159
1.2890000000000008,0.92556769
1.290000000000001,0.9255416999999999
1.2910000000000008,0.9255008099999998
1.2920000000000007,0.9254198780931907
1.2930000000000008,0.9253031599999999
1.294000000000001,0.9252173299999998
1.2950000000000008,0.9251266099999998
1.2960000000000007,0.9250145599999999
1.2970000000000008,0.924895771878812
1.298000000000001,0.9247802499999999
1.2990000000000008,0.92465407
1.3000000000000007,0.92457342
1.3010000000000008,0.92449272
1.302000000000001,0.92445648
1.3030000000000008,0.9244628
1.3040000000000007,0.9244855
1.3050000000000008,0.9245365365793421
1.306000000000001,0.9246023300000001
1.3070000000000008,0.9247171900000001
1.3080000000000007,0.92481339
1.3090000000000008,0.9248962400000001
1.310000000000001,0.9249987116988302
1.3110000000000008,0.9251157
1.3120000000000007,0.9252290700000001
1.3130000000000008,0.9253439900000001
1.314000000000001,0.9254909800000001
1.3150000000000008,0.9256284062573744
1.3160000000000007,0.9257261800000001
1.3170000000000008,0.9258313200000001
1.318000000000001,0.9259364000000001
1.3190000000000008,0.9260093
1.3200000000000007,0.9260565552744726
1.3210000000000008,0.92609519
1.322000000000001,0.92611814
1.3230000000000008,0.92613488
1.3240000000000007,0.92614955
1.3250000000000008,0.92612851
1.326000000000001,0.9261154499999998
1.3270000000000008,0.9260179399999999
1.3280000000000007,0.9258575235156483
1.3290000000000008,0.9256926799999998
1.330000000000001,0.9254621299999998
1.3310000000000008,0.9252593499999998
1.3320000000000007,0.9250484099999998
1.3330000000000009,0.9248542012498748
1.334000000000001,0.9246666999999998
1.3350000000000009,0.9244893799999999
1.3360000000000007,0.9243364899999998
1.3370000000000009,0.9241679899999999
1.338000000000001,0.9239901477842214
1.3390000000000009,0.9238264599999999
1.3400000000000007,0.9236543799999999
1.3410000000000009,0.9234939199999999
1.342000000000001,0.9233761999999998
1.3430000000000009,0.9232537822417757
1.3440000000000007,0.9231351
1.3450000000000009,0.9230464699999998
1.346000000000001,0.9229496699999999
1.3470000000000009,0.9228412499999998
1.3480000000000008,0.92277026
1.3490000000000009,0.92272288
1.350000000000001,0.92267454
1.3510000000000009,0.92265391
1.3520000000000008,0.92261565
1.3530000000000009,0.92258692
1.354000000000001,0.92252678
1.3550000000000009,0.9224954799999999
1.3560000000000008,0.9223684568403159
1.3570000000000009,0.9222368599999998
1.358000000000001,0.9219737099999997
1.3590000000000009,0.9216948199999996
1.3600000000000008,0.9212013499999996
1.3610000000000009,0.920581922622737
1.362000000000001,0.919808149999999
1.3630000000000009,0.9188710999999992
1.3640000000000008,0.9177635299999992
1.3650000000000009,0.9165332299999988
1.366000000000001,0.9151561477082277
1.3670000000000009,0.9136432399999985
1.3680000000000008,0.9120204399999988
1.3690000000000009,0.9102574599999984
1.370000000000001,0.9084530499999984
1.3710000000000009,0.906665088796119
1.3720000000000008,0.9049529399999988
1.3730000000000009,0.9035338199999992
1.374000000000001,0.9021764399999992
1.3750000000000009,0.9012718799999995
1.3760000000000008,0.9006041899999998
1.377000000000001,0.9002994300000001
1.378000000000001,0.9004058800000002
1.379000000000001,0.9006186698490156
1.3800000000000008,0.9012171600000004
1.381000000000001,0.9017077100000007
1.382000000000001,0.9023985900000006
1.383000000000001,0.9029042100000004
1.3840000000000008,0.9033875263663635
1.385000000000001,0.9037511900000003
1.386000000000001,0.9040079700000002
1.387000000000001,0.9042087200000001
1.3880000000000008,0.90433675
1.389000000000001,0.9043923544395561
1.390000000000001,0.90442669
1.391000000000001,0.9043892599999999
1.3920000000000008,0.9042930599999999
1.393000000000001,0.9041537599999998
1.394000000000001,0.9039235930166981
1.395000000000001,0.9036000999999997
1.3960000000000008,0.9031904299999995
1.397000000000001,0.9026942799999993
1.398000000000001,0.9021274399999994
1.399000000000001,0.9015032599999995
1.4000000000000008,0.9008418899999994
1.4010000000000007,0.9001440399999996
1.402000000000001,0.8994067299999992
1.403000000000001,0.8986225099999994
1.4040000000000008,0.8978168999999995
1.4050000000000007,0.8969714599999995
1.406000000000001,0.896110359999999
1.407000000000001,0.895229848712128
1.4080000000000008,0.8943169699999993
1.4090000000000007,0.8933883299999993
1.410000000000001,0.8924072999999989
1.411000000000001,0.891400279999999
1.4120000000000008,0.8903337196530339
1.4130000000000007,0.8892302499999992
1.414000000000001,0.8880486499999989
1.415000000000001,0.8868306899999988
1.4160000000000008,0.8854911299999988
1.4170000000000007,0.8841031387991193
1.418000000000001,0.8825553699999985
1.419000000000001,0.8808691499999984
1.4200000000000008,0.8790944199999984
1.4210000000000007,0.8772000099999987
1.422000000000001,0.8751491550854893
1.423000000000001,0.8729730199999979
1.4240000000000008,0.8706098199999983
1.4250000000000007,0.8680894399999982
1.426000000000001,0.8653932799999968
1.427000000000001,0.8624855299999965
1.4280000000000008,0.8594197599999978
1.4290000000000007,0.8561534899999976
1.430000000000001,0.8526311405659399
1.431000000000001,0.8489367999999967
1.4320000000000008,0.8451384899999965
1.4330000000000007,0.8412948799999975
1.434000000000001,0.8375515899999969
1.435000000000001,0.8340583578622105
1.4360000000000008,0.8306369799999973
1.4370000000000007,0.8276328999999976
1.438000000000001,0.8249209499999978
1.439000000000001,0.8224298999999983
1.4400000000000008,0.8203966233276656
1.4410000000000007,0.8182414799999984
1.442000000000001,0.8164308699999975
1.443000000000001,0.814175009999998
1.4440000000000008,0.8119736899999975
1.4450000000000007,0.8092264847205256
1.446000000000001,0.8062133199999961
1.447000000000001,0.8026791199999955
1.4480000000000008,0.7986569399999971
1.4490000000000007,0.7943188499999968
1.450000000000001,0.7894436099999944
1.451000000000001,0.7844217399999939
1.4520000000000008,0.7789493799999953
1.4530000000000007,0.7735576461853774
1.454000000000001,0.7680194999999937
1.455000000000001,0.762372909999995
1.4560000000000008,0.756788309999995
1.4570000000000007,0.7512114599999952
1.458000000000001,0.7456605287661169
1.459000000000001,0.740148189999995
1.4600000000000009,0.734542069999995
1.4610000000000007,0.7288711099999948
1.462000000000001,0.7230265099999932
1.463000000000001,0.7169341592350701
1.4640000000000009,0.7107104699999943
1.4650000000000007,0.7043685899999957
1.466000000000001,0.6979708699999927
1.467000000000001,0.6914194799999925
1.4680000000000009,0.6847188600619882
1.4690000000000007,0.6777321099999951
1.470000000000001,0.6703947199999913
1.471000000000001,0.6626288899999915
1.4720000000000009,0.6549437599999923
1.4730000000000008,0.6463499699999956
1.474000000000001,0.639678899999992
1.475000000000001,0.632361049999997
1.4760000000000009,0.6290438199999983
1.4770000000000008,0.6270875900000019
1.478000000000001,0.6292697800000051
1.479000000000001,0.6349614900000072
1.4800000000000009,0.6430261100000112
1.4810000000000008,0.6557006218428243
1.482000000000001,0.6676190500000166
1.483000000000001,0.6825993700000114
1.4840000000000009,0.6953163100000117
1.4850000000000008,0.7084538900000074
1.486000000000001,0.719456867554256
1.487000000000001,0.7291324100000095
1.4880000000000009,0.7377428400000046
1.4890000000000008,0.7445038000000044
1.490000000000001,0.751061380000006
1.491000000000001,0.7564830678312225
1.4920000000000009,0.7619183100000043
1.4930000000000008,0.7668068400000032
1.494000000000001,0.7716166400000051
1.495000000000001,0.7762406500000039
1.4960000000000009,0.7806741366513386
1.4970000000000008,0.7848940500000036
1.498000000000001,0.7889185000000034
1.499000000000001,0.7927107200000031
1.5000000000000009,0.7962529700000028
1.5010000000000008,0.7995250800000027
1.5020000000000011,0.8024799800000035
1.503000000000001,0.8051382300000021
1.504000000000001,0.8075598847755244
1.5050000000000008,0.8097076400000016
1.5060000000000011,0.811645090000002
1.507000000000001,0.8134380600000017
1.508000000000001,0.8150597200000014
1.5090000000000008,0.8165411541745835
1.5100000000000011,0.8178829000000014
1.511000000000001,0.8190826800000012
1.512000000000001,0.820159910000001
1.5130000000000008,0.8210889700000006
1.5140000000000011,0.8218651223847623
1.515000000000001,0.8225024300000006
1.516000000000001,0.8230205200000004
1.5170000000000008,0.8234046700000002
1.5180000000000011,0.8236515500000001
1.519000000000001,0.8237865465003501
1.520000000000001,0.8237925199999999
1.5210000000000008,0.8236933899999997
1.5220000000000011,0.8234608199999995
1.523000000000001,0.8231583199999997
1.524000000000001,0.8227390599999995
1.5250000000000008,0.8222691999999994
1.5260000000000011,0.8216616499999995
1.527000000000001,0.8211308699999993
1.528000000000001,0.8205252899999995
1.5290000000000008,0.8200370699999997
1.5300000000000011,0.8195995699999996
1.531000000000001,0.8192223899999996
1.532000000000001,0.8189283302719725
1.5330000000000008,0.8186310499999999
1.5340000000000011,0.8184077699999996
1.535000000000001,0.8181321599999998
1.536000000000001,0.8178821799999997
1.5370000000000008,0.8175463331136883
1.5380000000000011,0.8171774699999995
1.539000000000001,0.8167510599999995
1.540000000000001,0.8162600999999995
1.5410000000000008,0.8157311099999994
1.5420000000000011,0.8151562174892505
1.543000000000001,0.8145384199999994
1.544000000000001,0.8138650699999993
1.5450000000000008,0.8131573199999993
1.5460000000000012,0.8123910999999991
1.547000000000001,0.8116192971802811
1.548000000000001,0.8108023399999993
1.5490000000000008,0.8099900499999995
1.5500000000000012,0.8091744199999991
1.551000000000001,0.8083470499999991
1.552000000000001,0.8075042399999991
1.5530000000000008,0.8066556999999994
1.5540000000000012,0.805802109999999
1.555000000000001,0.8049264826647327
1.556000000000001,0.8040531299999992
1.5570000000000008,0.8031422499999991
1.5580000000000012,0.802185179999999
1.559000000000001,0.8012391899999991
1.560000000000001,0.8002783821517839
1.5610000000000008,0.7992998999999991
1.5620000000000012,0.7983384099999987
1.563000000000001,0.7973304399999991
1.564000000000001,0.796288189999999
1.5650000000000008,0.795224476371362
1.5660000000000012,0.7940992699999985
1.567000000000001,0.7929583199999987
1.568000000000001,0.7917902499999989
1.5690000000000008,0.7905769299999988
1.5700000000000012,0.7893636213308654
1.571000000000001,0.7881284399999987
1.572000000000001,0.7868930099999987
1.5730000000000008,0.7856795799999993
1.5740000000000012,0.7844813499999986
1.575000000000001,0.7832950399999987
1.576000000000001,0.7821004399999987
1.5770000000000008,0.7808917799999989
1.5780000000000012,0.7796754213338651
1.579000000000001,0.7784887599999987
1.580000000000001,0.777336659999999
1.5810000000000008,0.776191059999999
1.5820000000000012,0.7750381799999985
1.583000000000001,0.7738619401119874
1.584000000000001,0.7726630599999988
1.5850000000000009,0.7714384799999989
1.5860000000000012,0.7701865399999983
1.587000000000001,0.7689022999999986
1.588000000000001,0.7675894612838702
1.5890000000000009,0.7662401799999988
1.5900000000000012,0.7648455499999984
1.591000000000001,0.7634558099999984
1.592000000000001,0.7620703599999984
1.5930000000000009,0.7606719298430145
1.5940000000000012,0.7592881299999984
1.595000000000001,0.7579251499999985
1.596000000000001,0.7565684299999984
1.5970000000000009,0.7552128999999987
1.5980000000000012,0.7538517099999985
1.599000000000001,0.7525107299999985
1.600000000000001,0.7511541799999988
1.6010000000000009,0.7497802999999988
1.6020000000000012,0.7484022399999981
1.603000000000001,0.7470173199999988
1.604000000000001,0.7456555399999988
1.6050000000000009,0.7442805799999987
1.6060000000000012,0.7429336170052979
1.607000000000001,0.7416036699999986
1.608000000000001,0.7403202699999989
1.6090000000000009,0.7390497899999989
1.6100000000000012,0.7378252099999987
1.611000000000001,0.7366535155704416
1.612000000000001,0.7355092199999987
1.6130000000000009,0.7344149399999992
1.6140000000000012,0.7332794099999987
1.615000000000001,0.7321771399999988
1.616000000000001,0.7310339143225666
1.6170000000000009,0.729845819999999
1.6180000000000012,0.7286675599999987
1.619000000000001,0.7274868499999987
1.620000000000001,0.7263059599999989
1.6210000000000009,0.7250977808179172
1.6220000000000012,0.7239333399999984
1.623000000000001,0.722782549999999
1.624000000000001,0.721666219999999
1.6250000000000009,0.720586599999999
1.6260000000000012,0.7194987499999985
1.6270000000000011,0.7184321299999985
1.628000000000001,0.7173670499999991
1.629000000000001,0.7163061638786111
1.6300000000000012,0.7152449499999985
1.6310000000000011,0.7141859499999988
1.632000000000001,0.7131547299999988
1.633000000000001,0.7121340599999991
1.6340000000000012,0.7111089992430745
1.6350000000000011,0.7101014299999989
1.636000000000001,0.7091025699999989
1.637000000000001,0.7080906599999989
1.6380000000000012,0.7071110599999989
1.6390000000000011,0.7061570054054584
1.640000000000001,0.705224809999999
1.641000000000001,0.7042975399999992
1.6420000000000012,0.7034146199999989
1.6430000000000011,0.7025760399999991
1.644000000000001,0.7017433332706721
1.645000000000001,0.7009441299999992
1.6460000000000012,0.7001298699999989
1.6470000000000011,0.6993381999999988
1.648000000000001,0.6985128499999993
1.649000000000001,0.6977005599999992
1.6500000000000012,0.6968076199999987
1.6510000000000011,0.6958991299999989
1.652000000000001,0.6948846599999988
1.653000000000001,0.6938250699999989
1.6540000000000012,0.6926132399999986
1.6550000000000011,0.6913412799999983
1.656000000000001,0.6898397199999983
1.657000000000001,0.6882423535636418
1.6580000000000013,0.6862779899999976
1.6590000000000011,0.6840769599999972
1.660000000000001,0.6815859699999968
1.661000000000001,0.6786547899999974
1.6620000000000013,0.6758364149844978
1.6630000000000011,0.6725862599999972
1.664000000000001,0.6700761299999977
1.665000000000001,0.6674742699999988
1.6660000000000013,0.6660481699999989
1.6670000000000011,0.6652097938376154
1.668000000000001,0.665332020000001
1.669000000000001,0.6664586100000013
1.6700000000000013,0.6679841300000033
1.6710000000000012,0.6704961700000025
1.672000000000001,0.6727849911178906
1.673000000000001,0.6756105400000021
1.6740000000000013,0.6780230400000028
1.6750000000000012,0.6804756500000023
1.676000000000001,0.6826225500000023
1.677000000000001,0.6846022000000019
1.6780000000000013,0.6864234200000018
1.6790000000000012,0.6880374600000017
1.680000000000001,0.6895538180781934
1.681000000000001,0.6909346000000011
1.6820000000000013,0.6921882000000014
1.6830000000000012,0.6932870700000011
1.684000000000001,0.6943044700000007
1.685000000000001,0.6951928334206587
1.6860000000000013,0.696027040000001
1.6870000000000012,0.6967617900000009
1.688000000000001,0.6974295400000006
1.689000000000001,0.6980022200000006
1.6900000000000013,0.6985672734946513
1.6910000000000012,0.6990553100000007
1.692000000000001,0.6995524200000005
1.693000000000001,0.7000353900000005
1.6940000000000013,0.7004922600000005
1.6950000000000012,0.7009146377622243
1.696000000000001,0.7013260100000005
1.697000000000001,0.7017321000000004
1.6980000000000013,0.7020922300000003
1.6990000000000012,0.7024318000000004
1.700000000000001,0.7027757800000004
1.701000000000001,0.7031506300000004
1.7020000000000013,0.7035568400000005
1.7030000000000012,0.7039793538356169
1.704000000000001,0.7044177100000005
1.705000000000001,0.7048746900000005
1.7060000000000013,0.7053687600000007
1.7070000000000012,0.7058554900000007
1.708000000000001,0.7063684988531153
1.709000000000001,0.7068570300000004
1.7100000000000013,0.7073527000000005
1.7110000000000012,0.7078049200000005
1.712000000000001,0.7082132100000005
1.713000000000001,0.7086212791930812
1.7140000000000013,0.7090367100000005
1.7150000000000012,0.7093828900000003
1.716000000000001,0.7097138800000004
1.717000000000001,0.7099860300000003
1.7180000000000013,0.7101752010828919
1.7190000000000012,0.7103447900000001
1.720000000000001,0.7104714500000001
1.721000000000001,0.7105838700000001
1.7220000000000013,0.7106708300000001
1.7230000000000012,0.71071851
1.724000000000001,0.71073514
1.725000000000001,0.71073252
1.7260000000000013,0.71067137
1.7270000000000012,0.7106308899999999
1.728000000000001,0.7105840999999999
1.729000000000001,0.71053815
1.7300000000000013,0.7104951099999999
1.7310000000000012,0.7104409826817318
1.732000000000001,0.7103678000000001
1.733000000000001,0.71032387
1.7340000000000013,0.71027732
1.7350000000000012,0.71025902
1.736000000000001,0.7102627225387461
1.737000000000001,0.7102881100000001
1.7380000000000013,0.71034873
1.7390000000000012,0.7103910400000001
1.740000000000001,0.71046561
1.741000000000001,0.7104962469363064
1.7420000000000013,0.71051067
1.7430000000000012,0.71049058
1.744000000000001,0.7104617399999998
1.745000000000001,0.7103717299999999
1.7460000000000013,0.7102244047325266
1.7470000000000012,0.7100760299999997
1.748000000000001,0.7098758199999999
1.749000000000001,0.7096993899999999
1.7500000000000013,0.7095208199999998
1.7510000000000012,0.7093529699999997
1.7520000000000011,0.7091805299999998
1.753000000000001,0.7090343799999999
1.7540000000000013,0.7089078272342764
1.7550000000000012,0.7087801699999999
1.7560000000000011,0.7086659699999999
1.757000000000001,0.7085710199999999
1.7580000000000013,0.7084649199999999
1.7590000000000012,0.7083774699220077
1.7600000000000011,0.7082766899999999
1.761000000000001,0.7081797699999999
1.7620000000000013,0.7081019299999999
1.7630000000000012,0.70804209
1.7640000000000011,0.7080047137376262
1.765000000000001,0.70797896
1.7660000000000013,0.70795715
1.7670000000000012,0.70793378
1.7680000000000011,0.70792335
1.769000000000001,0.7079268096540346
1.7700000000000014,0.70793986
1.7710000000000012,0.7079656100000001
1.7720000000000011,0.7080248600000001
1.773000000000001,0.7080900700000001
1.7740000000000014,0.7082070100000002
1.7750000000000012,0.7083846300000002
1.7760000000000011,0.7085642200000002
1.777000000000001,0.7087861300000002
1.7780000000000014,0.7089964200000003
1.7790000000000012,0.7092053300000002
1.7800000000000011,0.7094311700000002
1.781000000000001,0.7096718500000002
1.7820000000000014,0.7099074946915311
1.7830000000000013,0.7101544100000002
1.7840000000000011,0.7103917600000003
1.785000000000001,0.7106205200000002
1.7860000000000014,0.7108551900000003
1.7870000000000013,0.7110914841615842
1.7880000000000011,0.7113331000000003
1.789000000000001,0.7115688900000002
1.7900000000000014,0.7118231100000003
1.7910000000000013,0.7120676000000004
1.7920000000000011,0.7123654202179784
1.793000000000001,0.7127040000000003
1.7940000000000014,0.7130356400000004
1.7950000000000013,0.7133948800000004
1.7960000000000012,0.7137537000000004
1.797000000000001,0.7141322721427861
1.7980000000000014,0.7145530000000005
1.7990000000000013,0.7149533000000005
1.8000000000000012,0.7153413300000004
1.801000000000001,0.7157503400000005
1.8020000000000014,0.7161507600000007
1.8030000000000013,0.7165598300000005
1.8040000000000012,0.7169998300000006
1.805000000000001,0.7174534634296574
1.8060000000000014,0.7178877600000005
1.8070000000000013,0.7183245400000006
1.8080000000000012,0.7187706200000005
1.809000000000001,0.7192172400000004
1.8100000000000014,0.7197056924347572
1.8110000000000013,0.7202300400000007
1.8120000000000012,0.7207512900000008
1.813000000000001,0.7213304000000006
1.8140000000000014,0.7219571500000009
1.8150000000000013,0.7226116045545454
1.8160000000000012,0.7233572600000009
1.817000000000001,0.7240510600000007
1.8180000000000014,0.7247413400000009
1.8190000000000013,0.7254157100000009
1.8200000000000012,0.72607862370863
1.821000000000001,0.7267177100000006
1.8220000000000014,0.727340760000001
1.8230000000000013,0.7279666100000006
1.8240000000000012,0.7285608600000006
1.825000000000001,0.7291740200000006
1.8260000000000014,0.729820610000001
1.8270000000000013,0.7304464600000008
1.8280000000000012,0.7310678468993108
1.829000000000001,0.7317368400000007
1.8300000000000014,0.7323186400000008
1.8310000000000013,0.7329002000000009
1.8320000000000012,0.733582790000001
1.833000000000001,0.7343235135866423
1.8340000000000014,0.735059380000001
1.8350000000000013,0.735841450000001
1.8360000000000012,0.736564870000001
1.837000000000001,0.7373007500000007
1.8380000000000014,0.7379677233026708
1.8390000000000013,0.7385934600000008
1.8400000000000012,0.7391539200000007
1.841000000000001,0.7397091400000005
1.8420000000000014,0.7402001000000008
1.8430000000000013,0.7407235576542353
1.8440000000000012,0.7412301300000006
1.845000000000001,0.7417507200000005
1.8460000000000014,0.7422762500000007
1.8470000000000013,0.7428060800000008
1.8480000000000012,0.7433828100000006
1.849000000000001,0.7439729000000007
1.8500000000000014,0.7445246600000007
1.8510000000000013,0.7451286300000006
1.8520000000000012,0.7456270500000004
1.853000000000001,0.7459988000000005
1.8540000000000014,0.7464650900000007
1.8550000000000013,0.7469471700000007
1.8560000000000012,0.7474059377082297
1.857000000000001,0.7478830200000005
1.8580000000000014,0.7483791100000007
1.8590000000000013,0.7488579200000005
1.8600000000000012,0.7492514300000005
1.861000000000001,0.7496797195260478
1.8620000000000014,0.7500749800000007
1.8630000000000013,0.7505785200000006
1.8640000000000012,0.7510963100000007
1.865000000000001,0.7516752500000009
1.8660000000000014,0.7524435931656845
1.8670000000000013,0.753080840000001
1.8680000000000012,0.7538175600000006
1.869000000000001,0.7543468500000005
1.8700000000000014,0.7547563900000005
1.8710000000000013,0.7551061750214983
1.8720000000000012,0.7552116499999999
1.873000000000001,0.7551423299999998
1.8740000000000014,0.7549049299999994
1.8750000000000013,0.7543832099999994
1.8760000000000012,0.7539478499999992
1.8770000000000011,0.7533240899999993
1.8780000000000014,0.7528241299999995
1.8790000000000013,0.752381875104489
1.8800000000000012,0.7519329199999994
1.8810000000000011,0.7514914899999996
1.8820000000000014,0.7510756299999993
1.8830000000000013,0.7506128499999994
1.8840000000000012,0.7501639170232971
1.8850000000000011,0.7496341499999994
1.8860000000000015,0.749089959999999
1.8870000000000013,0.7484455699999989
1.8880000000000012,0.7477264399999991
1.8890000000000011,0.7469557070732918
1.8900000000000015,0.7461166999999985
1.8910000000000013,0.7452168499999987
1.8920000000000012,0.7442576899999986
1.8930000000000011,0.7432395799999988
1.8940000000000015,0.7421799759604023
1.8950000000000014,0.7410467899999984
1.8960000000000012,0.7398803799999984
1.8970000000000011,0.7387249499999983
1.8980000000000015,0.7373930199999982
1.8990000000000014,0.7360225899999979
1.9000000000000012,0.7344435499999977
1.9010000000000011,0.7327635899999979
1.9020000000000015,0.7308541499999968
1.9030000000000014,0.728765609999997
1.9040000000000012,0.7265220299999974
1.9050000000000011,0.7241151899999971
1.9060000000000015,0.7215328799999958
1.9070000000000014,0.7188276766323328
1.9080000000000013,0.7159939999999966
1.9090000000000011,0.7130266399999965
1.9100000000000015,0.709858889999995
1.9110000000000014,0.7066684999999955
1.9120000000000013,0.7032883379102051
1.9130000000000011,0.6999674399999962
1.9140000000000015,0.6965739099999956
1.9150000000000014,0.6931995699999954
1.9160000000000013,0.6898223199999954
1.9170000000000011,0.6864271595160448
1.9180000000000015,0.6830709599999955
1.9190000000000014,0.6796761799999956
1.9200000000000013,0.6764226599999955
1.9210000000000012,0.6731224699999967
1.9220000000000015,0.6701423480121944
1.9230000000000014,0.6672746499999965
1.9240000000000013,0.6646783399999973
1.9250000000000012,0.6622266199999977
1.9260000000000015,0.6601482599999972
1.9270000000000014,0.6582857399999975
1.9280000000000013,0.6567331599999988
1.9290000000000012,0.6556780899999992
1.9300000000000015,0.6549891530916904
1.9310000000000014,0.6547200700000002
1.9320000000000013,0.6548820700000005
1.9330000000000012,0.655327500000001
1.9340000000000015,0.6561993400000015
1.9350000000000014,0.6572787520777944
1.9360000000000013,0.6587995300000021
1.9370000000000012,0.6603415600000025
1.9380000000000015,0.6622552300000023
1.9390000000000014,0.6640263200000024
1.9400000000000013,0.6658719154404583
1.9410000000000012,0.6676842000000023
1.9420000000000015,0.6694058800000028
1.9430000000000014,0.6711767300000019
1.9440000000000013,0.672609510000002
1.9450000000000012,0.6741256983811639
1.9460000000000015,0.6749749800000012
1.9470000000000014,0.6757281999999997
1.9480000000000013,0.6755976099999994
1.9490000000000012,0.6751186299999985
1.9500000000000015,0.6736922899999964
1.9510000000000014,0.6714213499999956
1.9520000000000013,0.6685448899999946
1.9530000000000012,0.6645308668913059
1.9540000000000015,0.6602997799999935
1.9550000000000014,0.656090919999993
1.9560000000000013,0.6508219199999953
1.9570000000000012,0.647242189999995
1.9580000000000015,0.6434583151194853
1.9590000000000014,0.6417095099999991
1.9600000000000013,0.6410176200000008
1.9610000000000012,0.6416741000000036
1.9620000000000015,0.6443797900000041
1.9630000000000014,0.6470005879202119
1.9640000000000013,0.6509395200000054
1.9650000000000012,0.6550403200000039
1.9660000000000015,0.658586200000005
1.9670000000000014,0.661898020000003
1.9680000000000013,0.6638591138906135
1.9690000000000012,0.6650577800000005
1.9700000000000015,0.6654669599999985
1.9710000000000014,0.6644411699999992
1.9720000000000013,0.6639073499999978
1.9730000000000012,0.6622471799999996
1.9740000000000015,0.6618070599999992
1.9750000000000014,0.6613199700000006
1.9760000000000013,0.6618355500000019
1.9770000000000012,0.6632385800000025
1.9780000000000015,0.6650357800000034
1.9790000000000014,0.6676376500000037
1.9800000000000013,0.6704675000000038
1.9810000000000012,0.6733208084391593
1.9820000000000015,0.676105200000003
1.9830000000000014,0.6780499200000023
1.9840000000000013,0.6797975300000011
1.9850000000000012,0.68060094
1.9860000000000015,0.6805767584951498
1.9870000000000014,0.6801617099999979
1.9880000000000013,0.6787921799999986
1.9890000000000012,0.6775928099999979
1.9900000000000015,0.6756621599999978
1.9910000000000014,0.6742165945565421
1.9920000000000013,0.6728152599999981
1.9930000000000012,0.6714394099999991
1.9940000000000015,0.6705899199999988
1.9950000000000014,0.6698827699999993
1.9960000000000013,0.6693569925777416
1.9970000000000012,0.6692119799999995
1.9980000000000016,0.6687735899999996
1.9990000000000014,0.6684810499999992
2.0000000000000013,0.6678921599999988
2.0010000000000012,0.6670697783163358
2.0020000000000016,0.6663529416836622
2.0030000000000014,0.6653404199999992
2.0040000000000013,0.6646999168796235
2.0050000000000012,0.6641687131203753
2.0060000000000016,0.66374183
2.0070000000000014,0.6637244800000001
2.0080000000000013,0.6638135698740256
2.0090000000000012,0.6642123101259753
2.0100000000000016,0.6647174400000007
2.0110000000000015,0.6650949097420525
2.0120000000000013,0.6656923302579493
2.0130000000000012,0.66580039
2.0140000000000016,0.6658255662107571
2.0150000000000015,0.6653876737892415
2.0160000000000013,0.6646674899999985
2.0170000000000012,0.6634963799999981
2.0180000000000016,0.662108994273142
2.0190000000000015,0.6600517257268516
2.0200000000000014,0.6575629699999959
2.0210000000000012,0.6545184574565043
2.0220000000000016,0.6506930225434856
2.0230000000000015,0.6464758499999933
2.0240000000000014,0.6414532156198699
2.0250000000000012,0.6362094143801185
2.0260000000000016,0.6310549999999898
2.0270000000000015,0.6252860999999913
2.0280000000000014,0.6204148671232804
2.0290000000000012,0.6155499199999946
2.0300000000000016,0.6115658299999941
2.0310000000000015,0.6082421535442863
2.0320000000000014,0.6052775964557044
2.0330000000000013,0.6029859199999974
2.0340000000000016,0.6010938270265916
2.0350000000000015,0.5992640929734026
2.0360000000000014,0.5977184199999978
2.0370000000000013,0.5960523776564669
2.0380000000000016,0.594528942343529
2.0390000000000015,0.5931477499999981
2.0400000000000014,0.5917610499999983
2.0410000000000013,0.5905426361477694
2.0420000000000016,0.5896041138522281
2.0430000000000015,0.5885388899999989
2.0440000000000014,0.5877091961717643
2.0450000000000013,0.5865709138282332
2.0460000000000016,0.5852559199999977
2.0470000000000015,0.5839123201609651
2.0480000000000014,0.5822139298390296
2.0490000000000013,0.5807793099999982
2.0500000000000016,0.5793825399999977
2.0510000000000015,0.5780581324407539
2.0520000000000014,0.5771107099999988
2.0530000000000013,0.5762292699999991
2.0540000000000016,0.5755768803899207
2.0550000000000015,0.5747807796100768
2.0560000000000014,0.5737823799999984
2.0570000000000013,0.5725353179864004
2.0580000000000016,0.5706151820135944
2.0590000000000015,0.5684138499999959
2.0600000000000014,0.565361965173961
2.0610000000000013,0.5617137048260293
2.0620000000000016,0.5573146299999908
2.0630000000000015,0.5521030399999923
2.0640000000000014,0.5463674696710582
2.0650000000000013,0.5398641803289245
2.0660000000000016,0.5328908599999866
2.0670000000000015,0.5254036898350207
2.0680000000000014,0.5178020401649557
2.0690000000000013,0.5101426199999903
2.0700000000000016,0.5028811379144061
2.0710000000000015,0.4960602820855726
2.0720000000000014,0.49005865999999365
2.0730000000000013,0.4853008099999951
2.0740000000000016,0.48161267990200685
2.0750000000000015,0.4798116999999996
2.0760000000000014,0.4795122100000017
2.0770000000000013,0.4808147928574324
2.0780000000000016,0.4841433671425765
2.0790000000000015,0.488212790000008
2.0800000000000014,0.49422357179964976
2.0810000000000013,0.500241568200369
2.0820000000000016,0.507268130000013
2.0830000000000015,0.5145859827524613
2.0840000000000014,0.5218135072475614
2.0850000000000013,0.5287169200000081
2.0860000000000016,0.5347718000000096
2.0870000000000015,0.5400656409218222
2.0880000000000014,0.5441748590781905
2.0890000000000013,0.5473388400000025
2.0900000000000016,0.5492653757228572
2.0910000000000015,0.5503226042771462
2.0920000000000014,0.5504693999999987
2.0930000000000013,0.5494630566146752
2.0940000000000016,0.5479292033853207
2.0950000000000015,0.5455557699999959
2.0960000000000014,0.5425136099999951
2.0970000000000013,0.5388866755184427
2.0980000000000016,0.5342418599999929
2.0990000000000015,0.5288923399999914
2.1000000000000014,0.522508215603867
2.1010000000000013,0.5148642543961093
2.1020000000000016,0.5064177499999825
2.1030000000000015,0.49653671472003946
2.1040000000000014,0.4862839152799287
2.1050000000000013,0.47524842999998523
2.1060000000000016,0.46417880482501783
2.1070000000000015,0.45352705517494907
2.1080000000000014,0.44336381999998853
2.1090000000000013,0.4347308299999901
2.1100000000000017,0.4272823520145883
2.1110000000000015,0.4218024979853947
2.1120000000000014,0.4181355199999968
2.1130000000000013,0.41576025475304906
2.1140000000000017,0.41550778524695026
2.1150000000000015,0.41561624000000236
2.1160000000000014,0.417360673603282
2.1170000000000013,0.41899670639672315
2.1180000000000017,0.4212647400000036
2.1190000000000015,0.4239273400000034
2.1200000000000014,0.42651865410018436
2.1210000000000013,0.4292596558998241
2.1220000000000017,0.43199199000000493
2.1230000000000016,0.4347738741921661
2.1240000000000014,0.4376157958078427
2.1250000000000013,0.4405266300000041
2.1260000000000017,0.4435944716126825
2.1270000000000016,0.44671059838732724
2.1280000000000014,0.44991076000000424
2.1290000000000013,0.45309594453409674
2.1300000000000017,0.4561412854659114
2.1310000000000016,0.459196450000005
2.1320000000000014,0.46201682000000505
2.1330000000000013,0.46485436322435797
2.1340000000000017,0.4672866067756485
2.1350000000000016,0.46965542000000304
2.1360000000000015,0.4713777218726278
2.1370000000000013,0.47279644812737665
2.1380000000000017,0.4734984300000003
2.1390000000000016,0.4736486554809031
2.1400000000000015,0.4732034645190955
2.1410000000000013,0.47199764999999766
2.1420000000000017,0.4702547499999957
2.1430000000000016,0.46783780819235665
2.1440000000000015,0.4648197318076339
2.1450000000000014,0.4613279099999948
2.1460000000000017,0.45740657531193074
2.1470000000000016,0.45315969468805606
2.1480000000000015,0.4485365699999935
2.1490000000000014,0.4436063056438652
2.1500000000000017,0.4384627443561211
2.1510000000000016,0.43322666999998977
2.1520000000000015,0.427468779999991
2.1530000000000014,0.4223921576622262
2.1540000000000017,0.4169922799999927
2.1550000000000016,0.41289227999999306
2.1560000000000015,0.40897862430713494
2.1570000000000014,0.40672169569285804
2.1580000000000017,0.40528968000000043
2.1590000000000016,0.40553870856628965
2.1600000000000015,0.4073243714337159
2.1610000000000014,0.4103723800000061
2.1620000000000017,0.41493914253550157
2.1630000000000016,0.42036449746451526
2.1640000000000015,0.4267263400000092
2.1650000000000014,0.4336308800000095
2.1660000000000017,0.44075856769847205
2.1670000000000016,0.44803555230155057
2.1680000000000015,0.4548355900000086
2.1690000000000014,0.4612759950519962
2.1700000000000017,0.46692651494801884
2.1710000000000016,0.47197747000000756
2.1720000000000015,0.47624150424315725
2.1730000000000014,0.47988393575685406
2.1740000000000017,0.4830051700000042
2.1750000000000016,0.48537865000000396
2.1760000000000015,0.487582519613042
2.1770000000000014,0.4892120400000021
2.1780000000000017,0.49079949000000217
2.1790000000000016,0.4920123836702679
2.1800000000000015,0.4932490863297359
2.1810000000000014,0.4942608500000014
2.1820000000000017,0.49534446930214115
2.1830000000000016,0.4963374906978619
2.1840000000000015,0.4974114900000015
2.1850000000000014,0.49853741240352056
2.1860000000000017,0.4996614475964829
2.1870000000000016,0.5009160600000022
2.1880000000000015,0.5021470800000016
2.1890000000000014,0.5033649709438126
2.1900000000000017,0.5044744090561909
2.1910000000000016,0.5053855200000011
2.1920000000000015,0.5060025787472511
2.1930000000000014,0.5062900512527498
2.1940000000000017,0.5061010699999988
2.1950000000000016,0.5053856331563666
2.1960000000000015,0.5041171968436293
2.1970000000000014,0.5020829399999963
2.1980000000000017,0.49934595999999376
2.1990000000000016,0.4958310501199809
2.2000000000000015,0.4914322499999936
2.2010000000000014,0.4865814999999921
2.2020000000000017,0.4807043604578992
2.2030000000000016,0.47500893954208306
2.2040000000000015,0.4685430499999923
2.2050000000000014,0.4627534655748753
2.2060000000000017,0.45670921442510326
2.2070000000000016,0.45164679999999113
2.2080000000000015,0.4466786127944354
2.2090000000000014,0.44310655720555353
2.2100000000000017,0.4401147099999975
2.2110000000000016,0.4387044599999998
2.2120000000000015,0.4385839299870044
2.2130000000000014,0.43968380001299906
2.2140000000000017,0.44237897000000687
2.2150000000000016,0.4462453711887708
2.2160000000000015,0.4515572588112457
2.2170000000000014,0.45762688000000906
2.2180000000000017,0.4643985567366641
2.2190000000000016,0.4714659232633579
2.2200000000000015,0.47822031000000875
2.2210000000000014,0.4848031100000078
2.2220000000000018,0.49067578112889587
2.2230000000000016,0.4960870700000061
2.2240000000000015,0.5006744900000054
2.2250000000000014,0.5047452331223811
2.2260000000000018,0.5081764568776311
2.2270000000000016,0.5110767500000046
2.2280000000000015,0.5137190501479738
2.2290000000000014,0.5158205298520327
2.2300000000000018,0.517850880000003
2.2310000000000016,0.5195322453169392
2.2320000000000015,0.5211854146830659
2.2330000000000014,0.522583540000002
2.2340000000000018,0.5240739000000026
2.2350000000000017,0.525497932736455
2.2360000000000015,0.5269252972635494
2.2370000000000014,0.5283792600000019
2.2380000000000018,0.5297633532853451
2.2390000000000017,0.531096206714659
2.2400000000000015,0.5324103800000017
2.2410000000000014,0.5337137626414736
2.2420000000000018,0.5349401773585307
2.2430000000000017,0.5361391300000015
2.2440000000000015,0.5372515300000014
2.2450000000000014,0.5382812383403336
2.2460000000000018,0.53926464165967
2.2470000000000017,0.5402004700000016
2.2480000000000016,0.5410948613737265
2.2490000000000014,0.5419085986262759
2.2500000000000018,0.5427298500000015
2.2510000000000017,0.5435834734483117
2.2520000000000016,0.544417956551691
2.2530000000000014,0.5453099600000012
2.254000000000002,0.546210201391723
2.2550000000000017,0.5471241186082797
2.2560000000000016,0.5480236400000017
2.2570000000000014,0.5489442900000017
2.258000000000002,0.5498832778394335
2.2590000000000017,0.5507616721605691
2.2600000000000016,0.5516617900000016
2.2610000000000015,0.5525093938882237
2.262000000000002,0.5533482761117793
2.2630000000000017,0.5540980700000013
2.2640000000000016,0.5548363822925423
2.2650000000000015,0.5553593077074592
2.266000000000002,0.5558558100000002
2.2670000000000017,0.55600387
2.2680000000000016,0.5560177163297334
2.2690000000000015,0.5555810136702652
2.270000000000002,0.5548524899999979
2.2710000000000017,0.5536617108108352
2.2720000000000016,0.5519698191891597
2.2730000000000015,0.5501173099999968
2.274000000000002,0.5477110898110342
2.2750000000000017,0.545509200188959
2.2760000000000016,0.5428364899999966
2.2770000000000015,0.5408700099999965
2.278000000000002,0.5388419828027159
2.2790000000000017,0.537697729999999
2.2800000000000016,0.5371438300000001
2.2810000000000015,0.5371973205808852
2.282000000000002,0.538103129419118
2.2830000000000017,0.5392344600000033
2.2840000000000016,0.5411308969076213
2.2850000000000015,0.5428999730923842
2.286000000000002,0.5451138000000035
2.2870000000000017,0.5470601516506731
2.2880000000000016,0.5490766583493332
2.2890000000000015,0.5509086800000023
2.290000000000002,0.5525463200000028
2.2910000000000017,0.5541072194581108
2.2920000000000016,0.5556018005418939
2.2930000000000015,0.5571584700000022
2.294000000000002,0.5588658566916647
2.2950000000000017,0.560732773308341
2.2960000000000016,0.5629499000000042
2.2970000000000015,0.5653090169096224
2.298000000000002,0.5679781130903871
2.2990000000000017,0.5707962500000051
2.3000000000000016,0.5737018000000053
2.3010000000000015,0.5766339967803263
2.302000000000002,0.5795120600000049
2.3030000000000017,0.5822904700000046
2.3040000000000016,0.5848682547950449
2.3050000000000015,0.5873162052049626
2.306000000000002,0.5894257400000036
2.3070000000000017,0.5914540978544321
2.3080000000000016,0.5933326421455737
2.3090000000000015,0.5949942500000022
2.310000000000002,0.5966424743561312
2.3110000000000017,0.5981860356438742
2.3120000000000016,0.5996133700000021
2.3130000000000015,0.6008315700000019
2.314000000000002,0.6022185872955431
2.3150000000000017,0.6035915427044617
2.3160000000000016,0.6049809500000026
2.3170000000000015,0.6064945029274166
2.318000000000002,0.6078237770725881
2.3190000000000017,0.6090365600000022
2.3200000000000016,0.6102659699240172
2.3210000000000015,0.6114652100759866
2.322000000000002,0.6126429400000021
2.3230000000000017,0.613800470000002
2.3240000000000016,0.6149126138206197
2.3250000000000015,0.6159508200000016
2.326000000000002,0.617076160000002
2.3270000000000017,0.6181836710807859
2.3280000000000016,0.619394478919218
2.3290000000000015,0.6206484400000016
2.330000000000002,0.6218655225644898
2.3310000000000017,0.6231911674355155
2.3320000000000016,0.6243493000000021
2.3330000000000015,0.6255642032683479
2.334000000000002,0.6265968867316557
2.3350000000000017,0.6275042300000014
2.3360000000000016,0.6282891600000012
2.3370000000000015,0.629001420498901
2.338000000000002,0.6294064095011005
2.3390000000000017,0.62957156
2.3400000000000016,0.6295619299710052
2.3410000000000015,0.6292616400289938
2.342000000000002,0.6289961899999993
2.3430000000000017,0.6286170085352922
2.3440000000000016,0.6282023614647064
2.3450000000000015,0.6276137799999993
2.346000000000002,0.627116439999999
2.3470000000000018,0.6265655388231169
2.3480000000000016,0.6261537699999997
2.3490000000000015,0.6258699299999996
2.350000000000002,0.6255127487192556
2.3510000000000018,0.6251999412807432
2.3520000000000016,0.6247577099999991
2.3530000000000015,0.6242744349070177
2.354000000000002,0.6237235050929802
2.3550000000000018,0.6230317399999988
2.3560000000000016,0.6224030138282332
2.3570000000000015,0.6216412961717646
2.358000000000002,0.621051849999999
2.3590000000000018,0.6204950199999995
2.3600000000000017,0.6201743302029591
2.3610000000000015,0.6199763597970404
2.362000000000002,0.6199830200000004
2.3630000000000018,0.6201550765716862
2.3640000000000017,0.6205207934283149
2.3650000000000015,0.621085460000001
2.366000000000002,0.6218441590851852
2.3670000000000018,0.6229350109148191
2.3680000000000017,0.6240156300000019
2.3690000000000015,0.6254187800000015
2.370000000000002,0.6265932259858051
2.3710000000000018,0.6277530840141993
2.3720000000000017,0.6288295400000017
2.3730000000000016,0.6297905201449725
2.374000000000002,0.6306919698550307
2.3750000000000018,0.6316015700000012
2.3760000000000017,0.6322787909218164
2.3770000000000016,0.6327880090781851
2.378000000000002,0.6331289400000004
2.379000000000002,0.6333846292081583
2.3800000000000017,0.6332767107918414
2.3810000000000016,0.632933439999999
2.382000000000002,0.6323444199999978
2.383000000000002,0.6313252462557469
2.3840000000000017,0.6301878037442494
2.3850000000000016,0.6288635099999973
2.386000000000002,0.6273493884203124
2.387000000000002,0.6256335915796807
2.3880000000000017,0.623752419999996
2.3890000000000016,0.6215284722895386
2.390000000000002,0.6193513677104536
2.391000000000002,0.6168325499999961
2.3920000000000017,0.6146748699999962
2.3930000000000016,0.6125665920915788
2.394000000000002,0.6107875079084149
2.395000000000002,0.609125789999998
2.3960000000000017,0.6080100348180353
2.3970000000000016,0.6072582151819624
2.398000000000002,0.6069182800000005
2.399000000000002,0.6071443486452717
2.4000000000000017,0.6076308013547297
2.4010000000000016,0.6086266600000018
2.4020000000000015,0.6096558000000027
2.403000000000002,0.6111474308369192
2.4040000000000017,0.6125048400000027
2.4050000000000016,0.6139739200000025
2.406000000000002,0.6153841303999231
2.407000000000002,0.6168881296000829
2.4080000000000017,0.6181705600000021
2.4090000000000016,0.6193629300919833
2.4100000000000015,0.6203638499080198
2.411000000000002,0.621255160000001
2.4120000000000017,0.6217910442351535
2.4130000000000016,0.6221333957648475
2.414000000000002,0.6221775999999997
2.415000000000002,0.6219789399999988
2.4160000000000017,0.6212788997410502
2.4170000000000016,0.6202763102589467
2.4180000000000015,0.6186688499999972
2.419000000000002,0.6164936138352287
2.4200000000000017,0.613831966164763
2.4210000000000016,0.610413009999994
2.422000000000002,0.6070430950559805
2.423000000000002,0.6029936549440034
2.4240000000000017,0.5993870499999936
2.4250000000000016,0.5957566499999941
2.4260000000000015,0.5924246631986751
2.427000000000002,0.5889403199999956
2.4280000000000017,0.5865155499999963
2.4290000000000016,0.5844826279894004
2.430000000000002,0.5834625220105959
2.431000000000002,0.5836117300000006
2.4320000000000017,0.5839336452999419
2.4330000000000016,0.5850866447000618
2.4340000000000015,0.5862073300000022
2.435000000000002,0.5879033258838252
2.4360000000000017,0.5891621641161792
2.4370000000000016,0.5905951300000016
2.438000000000002,0.5915607800000012
2.439000000000002,0.5922339427874432
2.4400000000000017,0.5926618172125583
2.4410000000000016,0.59277123
2.4420000000000015,0.5927804974625069
2.443000000000002,0.5924551225374919
2.4440000000000017,0.5922923099999997
2.4450000000000016,0.5920834209308133
2.446000000000002,0.5917927290691856
2.447000000000002,0.5914190999999991
2.4480000000000017,0.5909128199999991
2.4490000000000016,0.5904075032686724
2.4500000000000015,0.5899401899999994
2.451000000000002,0.5895573499999994
2.4520000000000017,0.5892654261927607
2.4530000000000016,0.5888273538072379
2.454000000000002,0.5883151299999989
2.455000000000002,0.5876845430243933
2.4560000000000017,0.5868147869756032
2.4570000000000016,0.586029709999999
2.4580000000000015,0.5854371762117566
2.459000000000002,0.5847992937882411
2.4600000000000017,0.5843353899999989
2.4610000000000016,0.5837261699999988
2.462000000000002,0.5830626891321719
2.463000000000002,0.5822540108678249
2.4640000000000017,0.5812962699999982
2.4650000000000016,0.5802729616076764
2.4660000000000015,0.5789890383923196
2.467000000000002,0.5777246399999979
2.4680000000000017,0.5765466487952386
2.4690000000000016,0.5751346012047569
2.470000000000002,0.5736004099999968
2.471000000000002,0.5718552499999965
2.4720000000000018,0.5698585605389423
2.4730000000000016,0.5675639499999965
2.4740000000000015,0.5648897899999965
2.475000000000002,0.562283171344725
2.4760000000000018,0.5593966186552634
2.4770000000000016,0.5564707499999947
2.478000000000002,0.5534873513037329
2.479000000000002,0.5504003886962547
2.4800000000000018,0.5469671499999946
2.4810000000000016,0.5439960570065943
2.4820000000000015,0.5412661229933973
2.483000000000002,0.5385854799999961
2.4840000000000018,0.5364183199999949
2.4850000000000017,0.5335621685862777
2.486000000000002,0.5304480314137112
2.487000000000002,0.5276001099999945
2.4880000000000018,0.5245506450599845
2.4890000000000017,0.5224012449400088
2.4900000000000015,0.5194592499999956
2.491000000000002,0.5161330451359661
2.4920000000000018,0.5128844048640209
2.4930000000000017,0.5088406799999957
2.494000000000002,0.5055687399999943
2.495000000000002,0.5023887061437625
2.4960000000000018,0.49815014385622053
2.4970000000000017,0.4937947699999919
2.4980000000000016,0.48921686290141153
2.499000000000002,0.4841458770985705
2.5000000000000018,0.47951812
2.5010000000000017,0.47951812
2.502000000000002,0.47951812
2.503000000000002,0.47951812
2.504000000000002,0.47951812
2.5050000000000017,0.47951812
2.5060000000000016,0.47951812
2.507000000000002,0.47951812
2.508000000000002,0.47951812
2.5090000000000017,0.47951812
2.510000000000002,0.47951812
2.511000000000002,0.47951812
2.512000000000002,0.47951812
2.5130000000000017,0.47951812
2.5140000000000016,0.47951812
2.515000000000002,0.47951812
2.516000000000002,0.47951812
2.5170000000000017,0.47951812
2.518000000000002,0.47951812
2.519000000000002,0.47951812
2.520000000000002,0.47951812
2.5210000000000017,0.47951812
2.5220000000000016,0.47951812
2.523000000000002,0.47951812
2.524000000000002,0.47951812
2.5250000000000017,0.47951812
2.526000000000002,0.47951812
2.527000000000002,0.47951812
2.528000000000002,0.47951812
2.5290000000000017,0.47951812
2.5300000000000016,0.47951812
2.531000000000002,0.47951812
2.532000000000002,0.47951812
2.5330000000000017,0.47951812
2.534000000000002,0.47951812
2.535000000000002,0.47951812
2.536000000000002,0.47951812
2.5370000000000017,0.47951812
2.5380000000000016,0.47951812
2.539000000000002,0.47951812
2.540000000000002,0.47951812
2.5410000000000017,0.47951812
2.542000000000002,0.47951812
2.543000000000002,0.47951812
2.544000000000002,0.47951812
2.5450000000000017,0.47951812
2.5460000000000016,0.47951812
2.547000000000002,0.47951812
2.548000000000002,0.47951812
2.5490000000000017,0.47951812
2.550000000000002,0.47951812
2.551000000000002,0.47951812
2.552000000000002,0.47951812
2.5530000000000017,0.47951812
2.5540000000000016,0.47951812
2.555000000000002,0.47951812
2.556000000000002,0.47951812
2.5570000000000017,0.47951812
2.558000000000002,0.47951812
2.559000000000002,0.47951812
2.560000000000002,0.47951812
2.5610000000000017,0.47951812
2.5620000000000016,0.47951812
2.563000000000002,0.47951812
2.564000000000002,0.47951812
2.5650000000000017,0.47951812
2.566000000000002,0.47951812
2.567000000000002,0.47951812
2.568000000000002,0.47951812
2.5690000000000017,0.47951812
2.5700000000000016,0.47951812
2.571000000000002,0.47951812
2.572000000000002,0.47951812
2.5730000000000017,0.47951812
2.574000000000002,0.47951812
2.575000000000002,0.47951812
2.576000000000002,0.47951812
2.5770000000000017,0.47951812
2.5780000000000016,0.47951812
2.579000000000002,0.47951812
2.580000000000002,0.47951812
2.5810000000000017,0.47951812
2.582000000000002,0.47951812
2.583000000000002,0.47951812
2.584000000000002,0.47951812
2.5850000000000017,0.47951812
2.5860000000000016,0.47951812
2.587000000000002,0.47951812
2.588000000000002,0.47951812
2.5890000000000017,0.47951812
2.590000000000002,0.47951812
2.591000000000002,0.47951812
2.592000000000002,0.47951812
2.5930000000000017,0.47951812
2.5940000000000016,0.47951812
2.595000000000002,0.47951812
2.596000000000002,0.47951812
2.5970000000000018,0.47951812
2.598000000000002,0.47951812
2.599000000000002,0.47951812
