wave,r
0.4,0.8925700000000001
0.401,0.8925700000000001
0.402,0.8925700000000001
0.403,0.8925700000000001
0.404,0.8925700000000001
0.405,0.8925700000000001
0.406,0.8925700000000001
0.40700000000000003,0.8925700000000001
0.40800000000000003,0.8925700000000001
0.40900000000000003,0.8925700000000001
0.41000000000000003,0.8925700000000001
0.41100000000000003,0.8925700000000001
0.41200000000000003,0.8925700000000001
0.41300000000000003,0.8925700000000001
0.41400000000000003,0.8925700000000001
0.41500000000000004,0.8925700000000001
0.41600000000000004,0.8925700000000001
0.41700000000000004,0.8925700000000001
0.41800000000000004,0.8925700000000001
0.41900000000000004,0.8925700000000001
0.42000000000000004,0.8925700000000001
0.42100000000000004,0.8925700000000001
0.42200000000000004,0.8925700000000001
0.42300000000000004,0.8925700000000001
0.42400000000000004,0.8925700000000001
0.42500000000000004,0.8925700000000001
0.42600000000000005,0.8925700000000001
0.42700000000000005,0.8925700000000001
0.42800000000000005,0.8925700000000001
0.42900000000000005,0.8925700000000001
0.43000000000000005,0.8925700000000001
0.43100000000000005,0.8925700000000001
0.43200000000000005,0.8925700000000001
0.43300000000000005,0.8925700000000001
0.43400000000000005,0.8925700000000001
0.43500000000000005,0.8925700000000001
0.43600000000000005,0.8925700000000001
0.43700000000000006,0.8899533076923076
0.43800000000000006,0.8869456153846154
0.43900000000000006,0.883937923076923
0.44000000000000006,0.8809302307692307
0.44100000000000006,0.8779225384615383
0.44200000000000006,0.8749148461538461
0.44300000000000006,0.8733820430107527
0.44400000000000006,0.8743605376344087
0.44500000000000006,0.8753390322580645
0.44600000000000006,0.8763175268817205
0.44700000000000006,0.8772960215053764
0.44800000000000006,0.8782745161290323
0.44900000000000007,0.8792530107526882
0.45000000000000007,0.8792947384615385
0.45100000000000007,0.8791839692307692
0.45200000000000007,0.8790732
0.45300000000000007,0.8789624307692308
0.45400000000000007,0.8788516615384616
0.45500000000000007,0.8787408923076924
0.45600000000000007,0.878368064516129
0.4570000000000001,0.8775293548387096
0.4580000000000001,0.8766906451612904
0.4590000000000001,0.875851935483871
0.4600000000000001,0.8750132258064516
0.4610000000000001,0.8741745161290322
0.4620000000000001,0.8733358064516129
0.4630000000000001,0.8724044615384615
0.4640000000000001,0.8714567692307692
0.4650000000000001,0.8705090769230769
0.4660000000000001,0.8695613846153846
0.4670000000000001,0.8686136923076923
0.4680000000000001,0.8676659999999999
0.4690000000000001,0.867002688172043
0.4700000000000001,0.8668675115207374
0.4710000000000001,0.8667323348694317
0.4720000000000001,0.866597158218126
0.4730000000000001,0.8664619815668203
0.4740000000000001,0.8663268049155146
0.4750000000000001,0.866191628264209
0.4760000000000001,0.8655596774193549
0.4770000000000001,0.8648331029185868
0.4780000000000001,0.8641065284178188
0.4790000000000001,0.8633799539170507
0.4800000000000001,0.8626533794162826
0.4810000000000001,0.8619268049155145
0.4820000000000001,0.8613607999999999
0.4830000000000001,0.8611207999999999
0.4840000000000001,0.8608808
0.4850000000000001,0.8606408
0.4860000000000001,0.8604008
0.4870000000000001,0.8601608
0.4880000000000001,0.8599207999999999
0.4890000000000001,0.8590550998463901
0.4900000000000001,0.8580612442396313
0.4910000000000001,0.8570673886328724
0.4920000000000001,0.8560735330261136
0.4930000000000001,0.8550796774193548
0.4940000000000001,0.854085821812596
0.4950000000000001,0.8532664669738863
0.4960000000000001,0.852817926267281
0.4970000000000001,0.8523693855606758
0.4980000000000001,0.8519208448540706
0.4990000000000001,0.8514723041474653
0.5000000000000001,0.8510237634408601
0.5010000000000001,0.8505752227342549
0.5020000000000001,0.849869124423963
0.5030000000000001,0.8491026113671274
0.5040000000000001,0.8483360983102918
0.5050000000000001,0.8475695852534562
0.5060000000000001,0.8468030721966205
0.5070000000000001,0.8460365591397849
0.5080000000000001,0.8452843317972351
0.5090000000000001,0.8445654377880184
0.5100000000000001,0.8438465437788019
0.5110000000000001,0.8431276497695853
0.5120000000000001,0.8424087557603687
0.5130000000000001,0.8416898617511521
0.5140000000000001,0.8409709677419356
0.5150000000000001,0.8401889708141321
0.5160000000000001,0.8393901996927804
0.5170000000000001,0.8385914285714285
0.5180000000000001,0.8377926574500768
0.5190000000000001,0.836993886328725
0.5200000000000001,0.8361951152073732
0.5210000000000001,0.8356187096774194
0.5220000000000001,0.8356141013824885
0.5230000000000001,0.8356094930875576
0.5240000000000001,0.8356048847926267
0.5250000000000001,0.8356002764976959
0.5260000000000001,0.835595668202765
0.5270000000000001,0.835591059907834
0.5280000000000001,0.8346768817204299
0.5290000000000001,0.8334910138248846
0.5300000000000001,0.8323051459293394
0.5310000000000001,0.831119278033794
0.5320000000000001,0.8299334101382487
0.5330000000000001,0.8287475422427034
0.5340000000000001,0.8276427496159754
0.5350000000000001,0.8267687096774193
0.5360000000000001,0.8258946697388632
0.5370000000000001,0.8250206298003071
0.5380000000000001,0.824146589861751
0.5390000000000001,0.8232725499231949
0.5400000000000001,0.8223985099846388
0.5410000000000001,0.8214392165898615
0.5420000000000001,0.8204515053763439
0.5430000000000001,0.8194637941628262
0.5440000000000002,0.8184760829493086
0.5450000000000002,0.8174883717357909
0.5460000000000002,0.8165006605222732
0.5470000000000002,0.8154816129032256
0.5480000000000002,0.8143633333333331
0.5490000000000002,0.8132450537634407
0.5500000000000002,0.8121267741935482
0.5510000000000002,0.8110084946236557
0.5520000000000002,0.8098902150537632
0.5530000000000002,0.8087719354838707
0.5540000000000002,0.8076379569892471
0.5550000000000002,0.8064981720430106
0.5560000000000002,0.805358387096774
0.5570000000000002,0.8042186021505375
0.5580000000000002,0.803078817204301
0.5590000000000002,0.8019390322580644
0.5600000000000002,0.8009590937019969
0.5610000000000002,0.8005458832565284
0.5620000000000002,0.8001326728110599
0.5630000000000002,0.7997194623655914
0.5640000000000002,0.7993062519201228
0.5650000000000002,0.7988930414746543
0.5660000000000002,0.7984798310291858
0.5670000000000002,0.7979048159509202
0.5680000000000002,0.7972637116564416
0.5690000000000002,0.7966226073619631
0.5700000000000002,0.7959815030674846
0.5710000000000002,0.7953403987730061
0.5720000000000002,0.7946992944785275
0.5730000000000002,0.7940831029185867
0.5740000000000002,0.7935731182795698
0.5750000000000002,0.7930631336405529
0.5760000000000002,0.7925531490015361
0.5770000000000002,0.7920431643625191
0.5780000000000002,0.7915331797235022
0.5790000000000002,0.7910231950844853
0.5800000000000002,0.7902949001536097
0.5810000000000002,0.7894638709677417
0.5820000000000002,0.7886328417818739
0.5830000000000002,0.787801812596006
0.5840000000000002,0.7869707834101382
0.5850000000000002,0.7861397542242702
0.5860000000000002,0.7854799846625767
0.5870000000000002,0.7856563650306748
0.5880000000000002,0.785832745398773
0.5890000000000002,0.7860091257668712
0.5900000000000002,0.7861855061349693
0.5910000000000002,0.7863618865030675
0.5920000000000002,0.7865382668711657
0.5930000000000002,0.786229569892473
0.5940000000000002,0.7856596774193547
0.5950000000000002,0.7850897849462365
0.5960000000000002,0.7845198924731182
0.5970000000000002,0.7839499999999999
0.5980000000000002,0.7833801075268816
0.5990000000000002,0.7828715337423312
0.6000000000000002,0.7827396319018405
0.6010000000000002,0.7826077300613496
0.6020000000000002,0.7824758282208588
0.6030000000000002,0.7823439263803681
0.6040000000000002,0.7822120245398773
0.6050000000000002,0.7820801226993864
0.6060000000000002,0.7816299999999999
0.6070000000000002,0.7809848387096773
0.6080000000000002,0.7803396774193547
0.6090000000000002,0.7796945161290321
0.6100000000000002,0.7790493548387095
0.6110000000000002,0.778404193548387
0.6120000000000002,0.7778198773006135
0.6130000000000002,0.7777278527607362
0.6140000000000002,0.7776358282208589
0.6150000000000002,0.7775438036809815
0.6160000000000002,0.7774517791411043
0.6170000000000002,0.777359754601227
0.6180000000000002,0.7772677300613496
0.6190000000000002,0.7770623348694315
0.6200000000000002,0.7767781566820275
0.6210000000000002,0.7764939784946236
0.6220000000000002,0.7762098003072196
0.6230000000000002,0.7759256221198156
0.6240000000000002,0.7756414439324116
0.6250000000000002,0.7753934969325155
0.6260000000000002,0.7755622085889572
0.6270000000000002,0.7757309202453989
0.6280000000000002,0.7758996319018406
0.6290000000000002,0.7760683435582824
0.6300000000000002,0.776237055214724
0.6310000000000002,0.7764057668711657
0.6320000000000002,0.776460245398773
0.6330000000000002,0.7764249693251534
0.6340000000000002,0.7763896932515338
0.6350000000000002,0.7763544171779142
0.6360000000000002,0.7763191411042946
0.6370000000000002,0.7762838650306749
0.6380000000000002,0.7762485889570553
0.6390000000000002,0.7762133128834356
0.6400000000000002,0.776178036809816
0.6410000000000002,0.7761427607361964
0.6420000000000002,0.7761074846625767
0.6430000000000002,0.7760722085889571
0.6440000000000002,0.7760369325153375
0.6450000000000002,0.7760016564417178
0.6460000000000002,0.7759663803680982
0.6470000000000002,0.7759311042944785
0.6480000000000002,0.7758958282208589
0.6490000000000002,0.7758605521472393
0.6500000000000002,0.7758252760736196
0.6510000000000002,0.77579
0.6520000000000002,0.7757547239263803
0.6530000000000002,0.7757194478527608
0.6540000000000002,0.7756841717791412
0.6550000000000002,0.7756488957055215
0.6560000000000002,0.7756136196319019
0.6570000000000003,0.7755783435582823
0.6580000000000003,0.7755430674846626
0.6590000000000003,0.775507791411043
0.6600000000000003,0.7754725153374233
0.6610000000000003,0.7754372392638037
0.6620000000000003,0.7754019631901841
0.6630000000000003,0.7753666871165644
0.6640000000000003,0.7753314110429448
0.6650000000000003,0.7752961349693251
0.6660000000000003,0.7752608588957055
0.6670000000000003,0.7752255828220859
0.6680000000000003,0.7751903067484662
0.6690000000000003,0.7751550306748466
0.6700000000000003,0.775119754601227
0.6710000000000003,0.7750844785276073
0.6720000000000003,0.7750492024539878
0.6730000000000003,0.7750139263803681
0.6740000000000003,0.7749786503067485
0.6750000000000003,0.7749433742331289
0.6760000000000003,0.7749080981595092
0.6770000000000003,0.7748728220858896
0.6780000000000003,0.77483754601227
0.6790000000000003,0.7748022699386503
0.6800000000000003,0.7747669938650307
0.6810000000000003,0.774731717791411
0.6820000000000003,0.7746964417177914
0.6830000000000003,0.7746611656441718
0.6840000000000003,0.7746258895705521
0.6850000000000003,0.7745906134969325
0.6860000000000003,0.7745553374233128
0.6870000000000003,0.7745200613496932
0.6880000000000003,0.7744847852760736
0.6890000000000003,0.7744495092024539
0.6900000000000003,0.7744142331288343
0.6910000000000003,0.7743789570552146
0.6920000000000003,0.7743436809815951
0.6930000000000003,0.7743084049079755
0.6940000000000003,0.7742731288343558
0.6950000000000003,0.7742378527607362
0.6960000000000003,0.7742025766871166
0.6970000000000003,0.7741673006134969
0.6980000000000003,0.7741320245398773
0.6990000000000003,0.7740967484662576
0.7000000000000003,0.774061472392638
0.7010000000000003,0.7740261963190184
0.7020000000000003,0.7739909202453987
0.7030000000000003,0.7739556441717791
0.7040000000000003,0.7739203680981595
0.7050000000000003,0.7738850920245398
0.7060000000000003,0.7738498159509202
0.7070000000000003,0.7738145398773005
0.7080000000000003,0.7737792638036809
0.7090000000000003,0.7737439877300613
0.7100000000000003,0.7737798773006135
0.7110000000000003,0.7739669938650307
0.7120000000000003,0.7741541104294479
0.7130000000000003,0.7743412269938651
0.7140000000000003,0.7745283435582823
0.7150000000000003,0.7747154601226994
0.7160000000000003,0.7749025766871166
0.7170000000000003,0.7748307975460121
0.7180000000000003,0.7746942944785276
0.7190000000000003,0.7745577914110429
0.7200000000000003,0.7744212883435583
0.7210000000000003,0.7742847852760736
0.7220000000000003,0.7741482822085889
0.7230000000000003,0.7744539203675349
0.7240000000000003,0.7758964931087294
0.7250000000000003,0.7773390658499238
0.7260000000000003,0.7787816385911184
0.7270000000000003,0.7802242113323129
0.7280000000000003,0.7816667840735074
0.7290000000000003,0.7831093568147018
0.7300000000000003,0.7832698466257668
0.7310000000000003,0.7830029754601227
0.7320000000000003,0.7827361042944785
0.7330000000000003,0.7824692331288343
0.7340000000000003,0.7822023619631902
0.7350000000000003,0.781935490797546
0.7360000000000003,0.7817120367534457
0.7370000000000003,0.7816339356814701
0.7380000000000003,0.7815558346094946
0.7390000000000003,0.7814777335375191
0.7400000000000003,0.7813996324655437
0.7410000000000003,0.7813215313935682
0.7420000000000003,0.7812434303215926
0.7430000000000003,0.7812167791411043
0.7440000000000003,0.7812121779141105
0.7450000000000003,0.7812075766871166
0.7460000000000003,0.7812029754601226
0.7470000000000003,0.7811983742331288
0.7480000000000003,0.7811937730061349
0.7490000000000003,0.7811894486983154
0.7500000000000003,0.7811863859111792
0.7510000000000003,0.7811833231240428
0.7520000000000003,0.7811802603369066
0.7530000000000003,0.7811771975497703
0.7540000000000003,0.781174134762634
0.7550000000000003,0.7811710719754977
0.7560000000000003,0.781290628834356
0.7570000000000003,0.7814762116564418
0.7580000000000003,0.7816617944785277
0.7590000000000003,0.7818473773006136
0.7600000000000003,0.7820329601226994
0.7610000000000003,0.7822185429447853
0.7620000000000003,0.7823819908116386
0.7630000000000003,0.78239730474732
0.7640000000000003,0.7824126186830015
0.7650000000000003,0.782427932618683
0.7660000000000003,0.7824432465543645
0.7670000000000003,0.782458560490046
0.7680000000000003,0.7824738744257275
0.7690000000000003,0.782321717791411
0.7700000000000004,0.7820579141104294
0.7710000000000004,0.7817941104294478
0.7720000000000004,0.7815303067484662
0.7730000000000004,0.7812665030674846
0.7740000000000004,0.781002699386503
0.7750000000000004,0.7807506891271057
0.7760000000000004,0.7806343032159264
0.7770000000000004,0.7805179173047473
0.7780000000000004,0.7804015313935682
0.7790000000000004,0.7802851454823889
0.7800000000000004,0.7801687595712098
0.7810000000000004,0.7800523736600307
0.7820000000000004,0.7798332312404287
0.7830000000000004,0.7795300153139356
0.7840000000000004,0.7792267993874424
0.7850000000000004,0.7789235834609494
0.7860000000000004,0.7786203675344562
0.7870000000000004,0.7783171516079631
0.7880000000000004,0.7780203675344562
0.7890000000000004,0.778038744257274
0.7900000000000004,0.7780571209800918
0.7910000000000004,0.7780754977029096
0.7920000000000004,0.7780938744257273
0.7930000000000004,0.7781122511485451
0.7940000000000004,0.7781306278713629
0.7950000000000004,0.7781182388973966
0.7960000000000004,0.7780738284839204
0.7970000000000004,0.7780294180704441
0.7980000000000004,0.7779850076569679
0.7990000000000004,0.7779405972434915
0.8000000000000004,0.7778961868300153
0.8010000000000004,0.777851776416539
0.8020000000000004,0.7777896319018405
0.8030000000000004,0.7777267484662577
0.8040000000000004,0.7776638650306748
0.8050000000000004,0.777600981595092
0.8060000000000004,0.7775380981595091
0.8070000000000004,0.7774752147239263
0.8080000000000004,0.777477733537519
0.8090000000000004,0.7775634915773353
0.8100000000000004,0.7776492496171515
0.8110000000000004,0.7777350076569678
0.8120000000000004,0.777820765696784
0.8130000000000004,0.7779065237366003
0.8140000000000004,0.7779922817764165
0.8150000000000004,0.7777839969372128
0.8160000000000004,0.77754663093415
0.8170000000000004,0.7773092649310872
0.8180000000000004,0.7770718989280244
0.8190000000000004,0.7768345329249616
0.8200000000000004,0.7765971669218988
0.8210000000000004,0.7764377794793261
0.8220000000000004,0.7764056202143951
0.8230000000000004,0.7763734609494639
0.8240000000000004,0.7763413016845329
0.8250000000000004,0.7763091424196018
0.8260000000000004,0.7762769831546706
0.8270000000000004,0.7762448238897396
0.8280000000000004,0.7763102909647779
0.8290000000000004,0.7763929862174579
0.8300000000000004,0.7764756814701378
0.8310000000000004,0.7765583767228178
0.8320000000000004,0.7766410719754977
0.8330000000000004,0.7767237672281777
0.8340000000000004,0.7766963302752292
0.8350000000000004,0.776434862385321
0.8360000000000004,0.7761733944954128
0.8370000000000004,0.7759119266055046
0.8380000000000004,0.7756504587155962
0.8390000000000004,0.775388990825688
0.8400000000000004,0.7751275229357798
0.8410000000000004,0.7750998621745789
0.8420000000000004,0.7751381470137826
0.8430000000000004,0.7751764318529862
0.8440000000000004,0.7752147166921899
0.8450000000000004,0.7752530015313936
0.8460000000000004,0.7752912863705973
0.8470000000000004,0.7753540735068913
0.8480000000000004,0.7754903675344564
0.8490000000000004,0.7756266615620215
0.8500000000000004,0.7757629555895866
0.8510000000000004,0.7758992496171517
0.8520000000000004,0.7760355436447168
0.8530000000000004,0.7761718376722819
0.8540000000000004,0.7763533384379787
0.8550000000000004,0.7765524196018379
0.8560000000000004,0.7767515007656969
0.8570000000000004,0.776950581929556
0.8580000000000004,0.7771496630934152
0.8590000000000004,0.7773487442572742
0.8600000000000004,0.7775434609494641
0.8610000000000004,0.7777195712098011
0.8620000000000004,0.7778956814701379
0.8630000000000004,0.7780717917304748
0.8640000000000004,0.7782479019908117
0.8650000000000004,0.7784240122511487
0.8660000000000004,0.7786001225114856
0.8670000000000004,0.7787689908256882
0.8680000000000004,0.778934128440367
0.8690000000000004,0.779099266055046
0.8700000000000004,0.7792644036697248
0.8710000000000004,0.7794295412844038
0.8720000000000004,0.7795946788990826
0.8730000000000004,0.7797528637059725
0.8740000000000004,0.7798600612557428
0.8750000000000004,0.779967258805513
0.8760000000000004,0.7800744563552833
0.8770000000000004,0.7801816539050536
0.8780000000000004,0.7802888514548239
0.8790000000000004,0.7803960490045941
0.8800000000000004,0.780430978593272
0.8810000000000004,0.7804156880733945
0.8820000000000005,0.7804003975535168
0.8830000000000005,0.7803851070336391
0.8840000000000005,0.7803698165137614
0.8850000000000005,0.7803545259938837
0.8860000000000005,0.7803669525267996
0.8870000000000005,0.7809060030627873
0.8880000000000005,0.781445053598775
0.8890000000000005,0.7819841041347628
0.8900000000000005,0.7825231546707506
0.8910000000000005,0.7830622052067384
0.8920000000000005,0.7836012557427261
0.8930000000000005,0.7840174311926607
0.8940000000000005,0.7843201834862387
0.8950000000000005,0.7846229357798167
0.8960000000000005,0.7849256880733946
0.8970000000000005,0.7852284403669726
0.8980000000000005,0.7855311926605506
0.8990000000000005,0.7858339449541285
0.9000000000000005,0.7858369984686064
0.9010000000000005,0.7858339356814701
0.9020000000000005,0.7858308728943338
0.9030000000000005,0.7858278101071975
0.9040000000000005,0.7858247473200612
0.9050000000000005,0.7858216845329249
0.9060000000000005,0.7859638073394497
0.9070000000000005,0.7862833792048931
0.9080000000000005,0.7866029510703365
0.9090000000000005,0.7869225229357799
0.9100000000000005,0.7872420948012234
0.9110000000000005,0.7875616666666668
0.9120000000000005,0.7878812385321102
0.9130000000000005,0.7878570444104135
0.9140000000000005,0.7877988514548239
0.9150000000000005,0.7877406584992344
0.9160000000000005,0.7876824655436447
0.9170000000000005,0.7876242725880551
0.9180000000000005,0.7875660796324656
0.9190000000000005,0.7876793272171256
0.9200000000000005,0.7880722935779819
0.9210000000000005,0.7884652599388381
0.9220000000000005,0.7888582262996944
0.9230000000000005,0.7892511926605507
0.9240000000000005,0.7896441590214069
0.9250000000000005,0.7900371253822632
0.9260000000000005,0.7902245871559634
0.9270000000000005,0.7903729051987768
0.9280000000000005,0.7905212232415902
0.9290000000000005,0.7906695412844037
0.9300000000000005,0.7908178593272172
0.9310000000000005,0.7909661773700306
0.9320000000000005,0.7910888073394495
0.9330000000000005,0.791151498470948
0.9340000000000005,0.7912141896024465
0.9350000000000005,0.791276880733945
0.9360000000000005,0.7913395718654435
0.9370000000000005,0.7914022629969419
0.9380000000000005,0.7914649541284404
0.9390000000000005,0.791682511485452
0.9400000000000005,0.7919489739663096
0.9410000000000005,0.7922154364471671
0.9420000000000005,0.7924818989280247
0.9430000000000005,0.7927483614088823
0.9440000000000005,0.7930148238897398
0.9450000000000005,0.7932259785932723
0.9460000000000005,0.7932519724770642
0.9470000000000005,0.7932779663608562
0.9480000000000005,0.7933039602446483
0.9490000000000005,0.7933299541284403
0.9500000000000005,0.7933559480122324
0.9510000000000005,0.7933819418960244
0.9520000000000005,0.7934860091743119
0.9530000000000005,0.7936251529051987
0.9540000000000005,0.7937642966360856
0.9550000000000005,0.7939034403669725
0.9560000000000005,0.7940425840978594
0.9570000000000005,0.7941817278287463
0.9580000000000005,0.79426123853211
0.9590000000000005,0.7940028287461772
0.9600000000000005,0.7937444189602445
0.9610000000000005,0.7934860091743118
0.9620000000000005,0.7932275993883791
0.9630000000000005,0.7929691896024463
0.9640000000000005,0.7927107798165136
0.9650000000000005,0.7927816207951072
0.9660000000000005,0.7930629663608565
0.9670000000000005,0.7933443119266057
0.9680000000000005,0.7936256574923549
0.9690000000000005,0.7939070030581041
0.9700000000000005,0.7941883486238533
0.9710000000000005,0.7944370489296635
0.9720000000000005,0.7942520336391437
0.9730000000000005,0.7940670183486237
0.9740000000000005,0.7938820030581039
0.9750000000000005,0.793696987767584
0.9760000000000005,0.7935119724770641
0.9770000000000005,0.7933269571865442
0.9780000000000005,0.7932991590214067
0.9790000000000005,0.7934107798165138
0.9800000000000005,0.7935224006116208
0.9810000000000005,0.7936340214067278
0.9820000000000005,0.7937456422018349
0.9830000000000005,0.7938572629969419
0.9840000000000005,0.7939688837920489
0.9850000000000005,0.794094128440367
0.9860000000000005,0.7942195107033639
0.9870000000000005,0.7943448929663609
0.9880000000000005,0.7944702752293579
0.9890000000000005,0.7945956574923548
0.9900000000000005,0.7947210397553517
0.9910000000000005,0.7947838167938931
0.9920000000000005,0.7947700763358778
0.9930000000000005,0.7947563358778625
0.9940000000000005,0.7947425954198473
0.9950000000000006,0.794728854961832
0.9960000000000006,0.7947151145038167
0.9970000000000006,0.7947013740458014
0.9980000000000006,0.794541743119266
0.9990000000000006,0.7943659021406726
1.0000000000000004,0.7941900611620794
1.0010000000000006,0.7940142201834861
1.0020000000000007,0.7938383792048928
1.0030000000000006,0.7936625382262995
1.0040000000000004,0.7934189908256878
1.0050000000000006,0.7930550764525991
1.0060000000000007,0.7926911620795104
1.0070000000000006,0.7923272477064217
1.0080000000000005,0.791963333333333
1.0090000000000006,0.7915994189602443
1.0100000000000007,0.7912355045871556
1.0110000000000006,0.7906884548892485
1.0120000000000005,0.7901012047541865
1.0130000000000006,0.7895139546191243
1.0140000000000007,0.7889267044840621
1.0150000000000006,0.7883394543490001
1.0160000000000005,0.787752204213938
1.0170000000000006,0.7871649540788759
1.0180000000000007,0.7865777039438137
1.0190000000000006,0.7859904538087515
1.0200000000000005,0.7854032036736895
1.0210000000000006,0.7848159535386273
1.0220000000000007,0.7842287034035651
1.0230000000000006,0.7836414532685031
1.0240000000000005,0.783054203133441
1.0250000000000006,0.7824669529983789
1.0260000000000007,0.7818797028633167
1.0270000000000006,0.7812924527282545
1.0280000000000005,0.7807052025931925
1.0290000000000006,0.7801179524581303
1.0300000000000007,0.7795307023230681
1.0310000000000006,0.7789434521880061
1.0320000000000005,0.778356202052944
1.0330000000000006,0.7777689519178819
1.0340000000000007,0.7771817017828196
1.0350000000000006,0.7765944516477575
1.0360000000000005,0.7760072015126955
1.0370000000000006,0.7754199513776333
1.0380000000000007,0.7748327012425711
1.0390000000000006,0.7742454511075091
1.0400000000000005,0.773658200972447
1.0410000000000006,0.7730709508373849
1.0420000000000007,0.7724837007023226
1.0430000000000006,0.7718964505672605
1.0440000000000005,0.7713092004321985
1.0450000000000006,0.7707219502971363
1.0460000000000007,0.7701347001620742
1.0470000000000006,0.7695474500270121
1.0480000000000005,0.7688376335877859
1.0490000000000006,0.7680971755725187
1.0500000000000007,0.7673567175572514
1.0510000000000006,0.7666162595419843
1.0520000000000005,0.7658758015267172
1.0530000000000006,0.76513534351145
1.0540000000000007,0.7644284732824423
1.0550000000000006,0.7638223664122133
1.0560000000000005,0.7632162595419845
1.0570000000000006,0.7626101526717554
1.0580000000000007,0.7620040458015263
1.0590000000000006,0.7613979389312974
1.0600000000000005,0.7607918320610684
1.0610000000000006,0.7599506106870224
1.0620000000000007,0.7590086259541978
1.0630000000000006,0.7580666412213735
1.0640000000000005,0.7571246564885492
1.0650000000000006,0.7561826717557246
1.0660000000000007,0.7552406870229001
1.0670000000000006,0.754370945121951
1.0680000000000005,0.7539105792682925
1.0690000000000006,0.7534502134146339
1.0700000000000007,0.7529898475609753
1.0710000000000006,0.7525294817073168
1.0720000000000005,0.7520691158536583
1.0730000000000006,0.7516087499999997
1.0740000000000007,0.7511668854961828
1.0750000000000006,0.7507378778625952
1.0760000000000005,0.7503088702290074
1.0770000000000006,0.7498798625954196
1.0780000000000007,0.7494508549618317
1.0790000000000006,0.7490218473282441
1.0800000000000005,0.7486004122137403
1.0810000000000006,0.7483607175572518
1.0820000000000007,0.7481210229007632
1.0830000000000006,0.7478813282442747
1.0840000000000005,0.7476416335877861
1.0850000000000006,0.7474019389312975
1.0860000000000007,0.7471622442748089
1.0870000000000006,0.7468808993902437
1.0880000000000005,0.7465562042682925
1.0890000000000006,0.7462315091463413
1.0900000000000007,0.74590681402439
1.0910000000000006,0.7455821189024389
1.0920000000000005,0.7452574237804876
1.0930000000000006,0.7449327286585364
1.0940000000000007,0.7445933740458013
1.0950000000000006,0.7442529160305342
1.0960000000000005,0.7439124580152671
1.0970000000000006,0.7435719999999998
1.0980000000000008,0.7432315419847326
1.0990000000000006,0.7428910839694655
1.1000000000000005,0.7426556335877862
1.1010000000000006,0.7425915114503816
1.1020000000000008,0.742527389312977
1.1030000000000006,0.7424632671755725
1.1040000000000005,0.742399145038168
1.1050000000000006,0.7423350229007634
1.1060000000000008,0.7422709007633588
1.1070000000000007,0.741388246951219
1.1080000000000005,0.7403379420731703
1.1090000000000007,0.7392876371951214
1.1100000000000008,0.7382373323170724
1.1110000000000007,0.7371870274390238
1.1120000000000005,0.7361367225609751
1.1130000000000007,0.735485007633588
1.1140000000000008,0.7359109618320614
1.1150000000000007,0.7363369160305346
1.1160000000000005,0.7367628702290079
1.1170000000000007,0.7371888244274812
1.1180000000000008,0.7376147786259546
1.1190000000000007,0.7380407328244278
1.1200000000000006,0.7379470731707315
1.1210000000000007,0.7376513414634144
1.1220000000000008,0.7373556097560973
1.1230000000000007,0.7370598780487803
1.1240000000000006,0.7367641463414633
1.1250000000000007,0.7364684146341461
1.1260000000000008,0.736215603053435
1.1270000000000007,0.7361881221374046
1.1280000000000006,0.736160641221374
1.1290000000000007,0.7361331603053435
1.1300000000000008,0.7361056793893129
1.1310000000000007,0.7360781984732824
1.1320000000000006,0.7360507175572518
1.1330000000000007,0.7361450762195122
1.1340000000000008,0.7363173323170732
1.1350000000000007,0.7364895884146342
1.1360000000000006,0.7366618445121952
1.1370000000000007,0.7368341006097562
1.1380000000000008,0.7370063567073172
1.1390000000000007,0.737165350609756
1.1400000000000006,0.737072362804878
1.1410000000000007,0.7369793749999999
1.1420000000000008,0.7368863871951219
1.1430000000000007,0.7367933993902438
1.1440000000000006,0.7367004115853658
1.1450000000000007,0.7366074237804877
1.1460000000000008,0.7364679847328243
1.1470000000000007,0.7362801984732823
1.1480000000000006,0.7360924122137403
1.1490000000000007,0.7359046259541984
1.1500000000000008,0.7357168396946564
1.1510000000000007,0.7355290534351144
1.1520000000000006,0.7353412671755725
1.1530000000000007,0.7352583536585365
1.1540000000000008,0.7351821341463415
1.1550000000000007,0.7351059146341463
1.1560000000000006,0.7350296951219512
1.1570000000000007,0.734953475609756
1.1580000000000008,0.7348772560975609
1.1590000000000007,0.7347651219512193
1.1600000000000006,0.7345943902439024
1.1610000000000007,0.7344236585365853
1.1620000000000008,0.7342529268292681
1.1630000000000007,0.7340821951219512
1.1640000000000006,0.7339114634146341
1.1650000000000007,0.733740731707317
1.1660000000000008,0.7337237709923665
1.1670000000000007,0.7337405648854962
1.1680000000000006,0.733757358778626
1.1690000000000007,0.7337741526717558
1.1700000000000008,0.7337909465648855
1.1710000000000007,0.7338077404580153
1.1720000000000006,0.7337895426829267
1.1730000000000007,0.733676737804878
1.1740000000000008,0.7335639329268292
1.1750000000000007,0.7334511280487804
1.1760000000000006,0.7333383231707317
1.1770000000000007,0.7332255182926829
1.1780000000000008,0.7331127134146341
1.1790000000000007,0.7331698323170733
1.1800000000000006,0.7332963567073172
1.1810000000000007,0.7334228810975612
1.1820000000000008,0.733549405487805
1.1830000000000007,0.733675929878049
1.1840000000000006,0.7338024542682928
1.1850000000000007,0.733940411585366
1.1860000000000008,0.7341431554878051
1.1870000000000007,0.7343458993902441
1.1880000000000006,0.7345486432926831
1.1890000000000007,0.7347513871951221
1.1900000000000008,0.7349541310975611
1.1910000000000007,0.7351568750000002
1.1920000000000006,0.7349836737804876
1.1930000000000007,0.7345492225609753
1.1940000000000008,0.7341147713414631
1.1950000000000007,0.733680320121951
1.1960000000000006,0.7332458689024387
1.1970000000000007,0.7328114176829265
1.1980000000000008,0.7323897256097561
1.1990000000000007,0.7323805792682927
1.2000000000000006,0.7323714329268293
1.2010000000000007,0.7323622865853658
1.2020000000000008,0.7323531402439024
1.2030000000000007,0.7323439939024391
1.2040000000000006,0.7323348475609757
1.2050000000000007,0.7323944817073172
1.2060000000000008,0.7325316768292685
1.2070000000000007,0.7326688719512197
1.2080000000000006,0.7328060670731709
1.2090000000000007,0.7329432621951221
1.2100000000000009,0.7330804573170734
1.2110000000000007,0.7332176524390246
1.2120000000000006,0.7331523170731707
1.2130000000000007,0.7330669512195122
1.2140000000000009,0.7329815853658536
1.2150000000000007,0.7328962195121951
1.2160000000000006,0.7328108536585365
1.2170000000000007,0.7327254878048779
1.2180000000000009,0.7327100152439024
1.2190000000000007,0.7328243445121951
1.2200000000000006,0.7329386737804878
1.2210000000000008,0.7330530030487805
1.2220000000000009,0.7331673323170732
1.2230000000000008,0.7332816615853659
1.2240000000000006,0.7333959908536586
1.2250000000000008,0.7337234756097564
1.2260000000000009,0.7341076219512198
1.2270000000000008,0.7344917682926831
1.2280000000000006,0.7348759146341465
1.2290000000000008,0.7352600609756099
1.2300000000000009,0.7356442073170734
1.2310000000000008,0.7359701524390244
1.2320000000000007,0.73610125
1.2330000000000008,0.7362323475609757
1.2340000000000009,0.7363634451219513
1.2350000000000008,0.7364945426829269
1.2360000000000007,0.7366256402439025
1.2370000000000008,0.7367567378048782
1.2380000000000009,0.7369726067073173
1.2390000000000008,0.7372302286585368
1.2400000000000007,0.7374878506097563
1.2410000000000008,0.7377454725609758
1.2420000000000009,0.7380030945121954
1.2430000000000008,0.7382607164634148
1.2440000000000007,0.7384725609756096
1.2450000000000008,0.7383140243902437
1.2460000000000009,0.7381554878048779
1.2470000000000008,0.737996951219512
1.2480000000000007,0.7378384146341462
1.2490000000000008,0.7376798780487804
1.2500000000000009,0.7375213414634145
1.2510000000000008,0.7375673780487807
1.2520000000000007,0.737780792682927
1.2530000000000008,0.7379942073170733
1.254000000000001,0.7382076219512197
1.2550000000000008,0.7384210365853661
1.2560000000000007,0.7386344512195123
1.2570000000000008,0.7388478658536587
1.258000000000001,0.7391201371951222
1.2590000000000008,0.7393930030487808
1.2600000000000007,0.7396658689024392
1.2610000000000008,0.7399387347560977
1.262000000000001,0.7402116006097563
1.2630000000000008,0.7404844664634148
1.2640000000000007,0.7405594977168949
1.2650000000000008,0.7403722831050227
1.266000000000001,0.7401850684931505
1.2670000000000008,0.7399978538812784
1.2680000000000007,0.7398106392694063
1.2690000000000008,0.7396234246575341
1.270000000000001,0.739436210045662
1.2710000000000008,0.7391032317073168
1.2720000000000007,0.7387465243902437
1.2730000000000008,0.7383898170731704
1.274000000000001,0.7380331097560973
1.2750000000000008,0.7376764024390241
1.2760000000000007,0.737319695121951
1.2770000000000008,0.7369012499999995
1.278000000000001,0.7363387499999995
1.2790000000000008,0.7357762499999996
1.2800000000000007,0.7352137499999997
1.2810000000000008,0.7346512499999995
1.282000000000001,0.7340887499999995
1.2830000000000008,0.7335262499999996
1.2840000000000007,0.7332808828006088
1.2850000000000008,0.7331469406392693
1.286000000000001,0.7330129984779299
1.2870000000000008,0.7328790563165904
1.2880000000000007,0.7327451141552511
1.2890000000000008,0.7326111719939117
1.290000000000001,0.732466570121951
1.2910000000000008,0.7322699237804877
1.2920000000000007,0.7320732774390243
1.2930000000000008,0.7318766310975608
1.294000000000001,0.7316799847560974
1.2950000000000008,0.731483338414634
1.2960000000000007,0.7312866920731707
1.2970000000000008,0.7310928353658536
1.298000000000001,0.7309007621951218
1.2990000000000008,0.7307086890243901
1.3000000000000007,0.7305166158536585
1.3010000000000008,0.7303245426829267
1.302000000000001,0.7301324695121949
1.3030000000000008,0.7299316590563163
1.3040000000000007,0.7295648401826481
1.3050000000000008,0.7291980213089799
1.306000000000001,0.7288312024353116
1.3070000000000008,0.7284643835616436
1.3080000000000007,0.7280975646879754
1.3090000000000008,0.7277307458143071
1.310000000000001,0.7275151219512195
1.3110000000000008,0.7274632926829268
1.3120000000000007,0.727411463414634
1.3130000000000008,0.7273596341463414
1.314000000000001,0.7273078048780487
1.3150000000000008,0.727255975609756
1.3160000000000007,0.7272041463414634
1.3170000000000008,0.7271635920852358
1.318000000000001,0.7271240182648401
1.3190000000000008,0.7270844444444443
1.3200000000000007,0.7270448706240487
1.3210000000000008,0.7270052968036529
1.322000000000001,0.7269657229832571
1.3230000000000008,0.7268423628048778
1.3240000000000007,0.7265633993902436
1.3250000000000008,0.7262844359756095
1.326000000000001,0.7260054725609754
1.3270000000000008,0.7257265091463412
1.3280000000000007,0.7254475457317071
1.3290000000000008,0.7251685823170729
1.330000000000001,0.7248178082191777
1.3310000000000008,0.7244479452054792
1.3320000000000007,0.7240780821917806
1.3330000000000009,0.7237082191780819
1.334000000000001,0.7233383561643832
1.3350000000000009,0.7229684931506846
1.3360000000000007,0.7226545121951219
1.3370000000000009,0.7225386585365853
1.338000000000001,0.7224228048780487
1.3390000000000009,0.722306951219512
1.3400000000000007,0.7221910975609755
1.3410000000000009,0.7220752439024389
1.342000000000001,0.7219593902439023
1.3430000000000009,0.721728127853881
1.3440000000000007,0.7214374124809739
1.3450000000000009,0.7211466971080667
1.346000000000001,0.7208559817351595
1.3470000000000009,0.7205652663622525
1.3480000000000008,0.7202745509893453
1.3490000000000009,0.7199852054794519
1.350000000000001,0.7197097108066969
1.3510000000000009,0.719434216133942
1.3520000000000008,0.719158721461187
1.3530000000000009,0.718883226788432
1.354000000000001,0.7186077321156771
1.3550000000000009,0.7183322374429221
1.3560000000000008,0.7180029223744289
1.3570000000000009,0.7176239269406389
1.358000000000001,0.717244931506849
1.3590000000000009,0.716865936073059
1.3600000000000008,0.7164869406392691
1.3610000000000009,0.7161079452054792
1.362000000000001,0.7157289497716892
1.3630000000000009,0.7155333231707316
1.3640000000000008,0.7153473475609755
1.3650000000000009,0.7151613719512194
1.366000000000001,0.7149753963414632
1.3670000000000009,0.7147894207317071
1.3680000000000008,0.7146034451219511
1.3690000000000009,0.7143309132420088
1.370000000000001,0.7139229984779296
1.3710000000000009,0.7135150837138505
1.3720000000000008,0.7131071689497713
1.3730000000000009,0.7126992541856921
1.374000000000001,0.7122913394216129
1.3750000000000009,0.7118834246575338
1.3760000000000008,0.7116664687975646
1.377000000000001,0.7114914307458142
1.378000000000001,0.7113163926940638
1.379000000000001,0.7111413546423134
1.3800000000000008,0.7109663165905631
1.381000000000001,0.7107912785388127
1.382000000000001,0.7106497260273973
1.383000000000001,0.7106086301369863
1.3840000000000008,0.7105675342465754
1.385000000000001,0.7105264383561644
1.386000000000001,0.7104853424657533
1.387000000000001,0.7104442465753424
1.3880000000000008,0.7104031506849314
1.389000000000001,0.7102999543378994
1.390000000000001,0.7101675342465752
1.391000000000001,0.710035114155251
1.3920000000000008,0.7099026940639268
1.393000000000001,0.7097702739726025
1.394000000000001,0.7096378538812783
1.395000000000001,0.7095174847560974
1.3960000000000008,0.7094946189024389
1.397000000000001,0.7094717530487804
1.398000000000001,0.7094488871951219
1.399000000000001,0.7094260213414634
1.4000000000000008,0.7094031554878047
1.4010000000000007,0.7093802896341462
1.402000000000001,0.709365814307458
1.403000000000001,0.709358203957382
1.4040000000000008,0.7093505936073059
1.4050000000000007,0.7093429832572298
1.406000000000001,0.7093353729071536
1.407000000000001,0.7093277625570775
1.4080000000000008,0.7093201522070015
1.4090000000000007,0.7091782952815828
1.410000000000001,0.7090336986301368
1.411000000000001,0.7088891019786908
1.4120000000000008,0.7087445053272449
1.4130000000000007,0.7085999086757989
1.414000000000001,0.708455312024353
1.415000000000001,0.7083737442922374
1.4160000000000008,0.7083828767123287
1.4170000000000007,0.7083920091324201
1.418000000000001,0.7084011415525114
1.419000000000001,0.7084102739726027
1.4200000000000008,0.7084194063926941
1.4210000000000007,0.7084285388127854
1.422000000000001,0.7069929223744273
1.423000000000001,0.7052821156773195
1.4240000000000008,0.7035713089802116
1.4250000000000007,0.7018605022831037
1.426000000000001,0.700149695585995
1.427000000000001,0.6984388888888872
1.4280000000000008,0.6966967781154999
1.4290000000000007,0.6948700303951354
1.430000000000001,0.69304328267477
1.431000000000001,0.6912165349544055
1.4320000000000008,0.689389787234041
1.4330000000000007,0.6875630395136764
1.434000000000001,0.6857362917933111
1.435000000000001,0.6839580365296786
1.4360000000000008,0.6822015677321142
1.4370000000000007,0.6804450989345496
1.438000000000001,0.6786886301369843
1.439000000000001,0.6769321613394199
1.4400000000000008,0.6751756925418554
1.4410000000000007,0.6737114611872153
1.442000000000001,0.6743903044140038
1.443000000000001,0.6750691476407922
1.4440000000000008,0.6757479908675805
1.4450000000000007,0.6764268340943689
1.446000000000001,0.6771056773211576
1.447000000000001,0.6777845205479459
1.4480000000000008,0.6789313242009146
1.4490000000000007,0.6804610045662112
1.450000000000001,0.6819906849315085
1.451000000000001,0.683520365296805
1.4520000000000008,0.6850500456621017
1.4530000000000007,0.6865797260273983
1.454000000000001,0.6881094063926956
1.455000000000001,0.6892945205479463
1.4560000000000008,0.6904726027397269
1.4570000000000007,0.6916506849315076
1.458000000000001,0.6928287671232889
1.459000000000001,0.6940068493150696
1.4600000000000009,0.6951849315068503
1.4610000000000007,0.6963187062404879
1.462000000000001,0.6973887214611884
1.463000000000001,0.6984587366818884
1.4640000000000009,0.6995287519025885
1.4650000000000007,0.7005987671232885
1.466000000000001,0.701668782343989
1.467000000000001,0.702738797564689
1.4680000000000009,0.703424468085107
1.4690000000000007,0.7040369300911858
1.470000000000001,0.7046493920972651
1.471000000000001,0.7052618541033441
1.4720000000000009,0.705874316109423
1.4730000000000008,0.706486778115502
1.474000000000001,0.7068545205479448
1.475000000000001,0.7065257534246573
1.4760000000000009,0.7061969863013696
1.4770000000000008,0.705868219178082
1.478000000000001,0.7055394520547942
1.479000000000001,0.7052106849315066
1.4800000000000009,0.704881917808219
1.4810000000000008,0.7046812785388127
1.482000000000001,0.7045382039573819
1.483000000000001,0.7043951293759512
1.4840000000000009,0.7042520547945204
1.4850000000000008,0.7041089802130897
1.486000000000001,0.7039659056316588
1.487000000000001,0.7038274164133737
1.4880000000000009,0.7037225531914892
1.4890000000000008,0.7036176899696047
1.490000000000001,0.7035128267477202
1.491000000000001,0.7034079635258358
1.4920000000000009,0.7033031003039513
1.4930000000000008,0.7031982370820669
1.494000000000001,0.7035650684931516
1.495000000000001,0.704333713850838
1.4960000000000009,0.7051023592085244
1.4970000000000008,0.7058710045662107
1.498000000000001,0.7066396499238974
1.499000000000001,0.7074082952815838
1.5000000000000009,0.7081769406392702
1.5010000000000008,0.7088736930091192
1.5020000000000011,0.7095682218844993
1.503000000000001,0.7102627507598792
1.504000000000001,0.710957279635259
1.5050000000000008,0.7116518085106389
1.5060000000000011,0.712346337386019
1.507000000000001,0.7129302739726031
1.508000000000001,0.7133412328767127
1.5090000000000008,0.7137521917808223
1.5100000000000011,0.714163150684932
1.511000000000001,0.7145741095890414
1.512000000000001,0.714985068493151
1.5130000000000008,0.7153960273972606
1.5140000000000011,0.7155011550151975
1.515000000000001,0.7155391489361702
1.516000000000001,0.7155771428571429
1.5170000000000008,0.7156151367781155
1.5180000000000011,0.7156531306990882
1.519000000000001,0.7156911246200608
1.520000000000001,0.7154920547945197
1.5210000000000008,0.7145422831050221
1.5220000000000011,0.713592511415524
1.523000000000001,0.7126427397260264
1.524000000000001,0.7116929680365288
1.5250000000000008,0.7107431963470312
1.5260000000000011,0.7097934246575331
1.527000000000001,0.7093262462006077
1.528000000000001,0.7090967629179329
1.5290000000000008,0.7088672796352582
1.5300000000000011,0.7086377963525833
1.531000000000001,0.7084083130699086
1.532000000000001,0.7081788297872338
1.5330000000000008,0.7079523287671231
1.5340000000000011,0.7077559817351595
1.535000000000001,0.7075596347031962
1.536000000000001,0.7073632876712327
1.5370000000000008,0.7071669406392692
1.5380000000000011,0.7069705936073056
1.539000000000001,0.7067742465753423
1.540000000000001,0.7071944680851073
1.5410000000000008,0.7081838297872348
1.5420000000000011,0.7091731914893629
1.543000000000001,0.7101625531914904
1.544000000000001,0.711151914893618
1.5450000000000008,0.7121412765957454
1.5460000000000012,0.7131306382978735
1.547000000000001,0.7137685714285721
1.548000000000001,0.7143840729483288
1.5490000000000008,0.7149995744680856
1.5500000000000012,0.7156150759878427
1.551000000000001,0.7162305775075994
1.552000000000001,0.7168460790273562
1.5530000000000008,0.7173068493150686
1.5540000000000012,0.7174925418569256
1.555000000000001,0.7176782343987825
1.556000000000001,0.7178639269406394
1.5570000000000008,0.7180496194824963
1.5580000000000012,0.7182353120243533
1.559000000000001,0.7184210045662103
1.560000000000001,0.7180710030395132
1.5610000000000008,0.7175786018237078
1.5620000000000012,0.7170862006079022
1.563000000000001,0.7165937993920968
1.564000000000001,0.7161013981762913
1.5650000000000008,0.7156089969604859
1.5660000000000012,0.7152484042553193
1.567000000000001,0.7153836626139819
1.568000000000001,0.7155189209726445
1.5690000000000008,0.7156541793313071
1.5700000000000012,0.7157894376899697
1.571000000000001,0.7159246960486324
1.572000000000001,0.716059954407295
1.5730000000000008,0.7164862765957452
1.5740000000000012,0.7170835410334353
1.575000000000001,0.7176808054711252
1.576000000000001,0.7182780699088152
1.5770000000000008,0.7188753343465051
1.5780000000000012,0.7194725987841952
1.579000000000001,0.7200506544901067
1.580000000000001,0.7202637442922376
1.5810000000000008,0.7204768340943685
1.5820000000000012,0.7206899238964994
1.583000000000001,0.7209030136986303
1.584000000000001,0.7211161035007612
1.5850000000000009,0.721329193302892
1.5860000000000012,0.7214049848024315
1.587000000000001,0.721332036474164
1.588000000000001,0.7212590881458966
1.5890000000000009,0.7211861398176291
1.5900000000000012,0.7211131914893616
1.591000000000001,0.7210402431610942
1.592000000000001,0.7209672948328267
1.5930000000000009,0.7207726139817627
1.5940000000000012,0.7205644072948326
1.595000000000001,0.7203562006079025
1.596000000000001,0.7201479939209724
1.5970000000000009,0.7199397872340423
1.5980000000000012,0.7197315805471122
1.599000000000001,0.7195204559270514
1.600000000000001,0.7193031306990879
1.6010000000000009,0.7190858054711244
1.6020000000000012,0.7188684802431609
1.603000000000001,0.7186511550151974
1.604000000000001,0.7184338297872338
1.6050000000000009,0.7182165045592703
1.6060000000000012,0.718522127659575
1.607000000000001,0.7190114893617027
1.608000000000001,0.7195008510638302
1.6090000000000009,0.7199902127659579
1.6100000000000012,0.7204795744680857
1.611000000000001,0.7209689361702133
1.612000000000001,0.7214354407294836
1.6130000000000009,0.7217819452887542
1.6140000000000012,0.7221284498480248
1.615000000000001,0.7224749544072953
1.616000000000001,0.7228214589665658
1.6170000000000009,0.7231679635258362
1.6180000000000012,0.7235144680851069
1.619000000000001,0.7237463829787236
1.620000000000001,0.7238953191489363
1.6210000000000009,0.7240442553191491
1.6220000000000012,0.7241931914893619
1.623000000000001,0.7243421276595746
1.624000000000001,0.7244910638297873
1.6250000000000009,0.7246400000000001
1.6260000000000012,0.7247099088145897
1.6270000000000011,0.7247798176291793
1.628000000000001,0.724849726443769
1.629000000000001,0.7249196352583587
1.6300000000000012,0.7249895440729484
1.6310000000000011,0.725059452887538
1.632000000000001,0.7251651063829788
1.633000000000001,0.7253201215805473
1.6340000000000012,0.7254751367781157
1.6350000000000011,0.725630151975684
1.636000000000001,0.7257851671732524
1.637000000000001,0.7259401823708208
1.6380000000000012,0.7260951975683893
1.6390000000000011,0.72579829787234
1.640000000000001,0.7254153191489358
1.641000000000001,0.7250323404255316
1.6420000000000012,0.7246493617021272
1.6430000000000011,0.724266382978723
1.644000000000001,0.7238834042553188
1.645000000000001,0.7235694872768704
1.6460000000000012,0.7234521306494491
1.6470000000000011,0.723334774022028
1.648000000000001,0.7232174173946068
1.649000000000001,0.7231000607671857
1.6500000000000012,0.7229827041397644
1.6510000000000011,0.7228653475123432
1.652000000000001,0.722747990884922
1.653000000000001,0.7226306342575008
1.6540000000000012,0.7225132776300797
1.6550000000000011,0.7223959210026585
1.656000000000001,0.7222785643752373
1.657000000000001,0.7221612077478161
1.6580000000000013,0.7220438511203948
1.6590000000000011,0.7219264944929736
1.660000000000001,0.7218091378655525
1.661000000000001,0.7216917812381313
1.6620000000000013,0.7215744246107101
1.6630000000000011,0.7214570679832889
1.664000000000001,0.7213397113558677
1.665000000000001,0.7212223547284465
1.6660000000000013,0.7211049981010254
1.6670000000000011,0.7209876414736042
1.668000000000001,0.720870284846183
1.669000000000001,0.7207529282187618
1.6700000000000013,0.7206355715913405
1.6710000000000012,0.7205182149639193
1.672000000000001,0.7208021244309563
1.673000000000001,0.7211162367223068
1.6740000000000013,0.7214303490136574
1.6750000000000012,0.7217444613050079
1.676000000000001,0.7220585735963585
1.677000000000001,0.722372685887709
1.6780000000000013,0.7225123100303948
1.6790000000000012,0.7223132218844982
1.680000000000001,0.7221141337386016
1.681000000000001,0.721915045592705
1.6820000000000013,0.7217159574468083
1.6830000000000012,0.7215168693009116
1.684000000000001,0.721317781155015
1.685000000000001,0.7215229483282677
1.6860000000000013,0.7218557750759882
1.6870000000000012,0.7221886018237086
1.688000000000001,0.7225214285714289
1.689000000000001,0.7228542553191493
1.6900000000000013,0.7231870820668697
1.6910000000000012,0.7234228528072835
1.692000000000001,0.7232164795144156
1.693000000000001,0.7230101062215476
1.6940000000000013,0.7228037329286795
1.6950000000000012,0.7225973596358115
1.696000000000001,0.7223909863429436
1.697000000000001,0.7221846130500756
1.6980000000000013,0.7220408206686928
1.6990000000000012,0.7219405167173251
1.700000000000001,0.7218402127659573
1.701000000000001,0.7217399088145895
1.7020000000000013,0.7216396048632218
1.7030000000000012,0.7215393009118539
1.704000000000001,0.7214339757207885
1.705000000000001,0.7208315477996959
1.7060000000000013,0.7202291198786032
1.7070000000000012,0.7196266919575106
1.708000000000001,0.7190242640364182
1.709000000000001,0.7184218361153256
1.7100000000000013,0.7178194081942328
1.7110000000000012,0.7172868085106378
1.712000000000001,0.7168506382978718
1.713000000000001,0.7164144680851059
1.7140000000000013,0.7159782978723398
1.7150000000000012,0.7155421276595739
1.716000000000001,0.7151059574468079
1.717000000000001,0.7146697872340421
1.7180000000000013,0.7136503793626691
1.7190000000000012,0.7125198786039438
1.720000000000001,0.7113893778452186
1.721000000000001,0.7102588770864934
1.7220000000000013,0.7091283763277677
1.7230000000000012,0.7079978755690425
1.724000000000001,0.7069493920972634
1.725000000000001,0.7061469604863213
1.7260000000000013,0.7053445288753788
1.7270000000000012,0.7045420972644366
1.728000000000001,0.7037396656534944
1.729000000000001,0.7029372340425524
1.7300000000000013,0.7021348024316099
1.7310000000000012,0.7013342033383905
1.732000000000001,0.7005345068285271
1.733000000000001,0.6997348103186638
1.7340000000000013,0.6989351138088001
1.7350000000000012,0.6981354172989368
1.736000000000001,0.6973357207890735
1.737000000000001,0.6965425796661602
1.7380000000000013,0.6958248254931705
1.7390000000000012,0.6951070713201812
1.740000000000001,0.6943893171471919
1.741000000000001,0.6936715629742026
1.7420000000000013,0.6929538088012129
1.7430000000000012,0.6922360546282236
1.744000000000001,0.6917828723404253
1.745000000000001,0.6916050607902734
1.7460000000000013,0.6914272492401213
1.7470000000000012,0.6912494376899694
1.748000000000001,0.6910716261398174
1.749000000000001,0.6908938145896655
1.7500000000000013,0.6907160030395134
1.7510000000000012,0.6903161153262514
1.7520000000000011,0.6898942640364184
1.753000000000001,0.6894724127465853
1.7540000000000013,0.6890505614567521
1.7550000000000012,0.6886287101669191
1.7560000000000011,0.688206858877086
1.757000000000001,0.6880277996965102
1.7580000000000013,0.6883646737481036
1.7590000000000012,0.6887015477996968
1.7600000000000011,0.6890384218512902
1.761000000000001,0.6893752959028835
1.7620000000000013,0.6897121699544769
1.7630000000000012,0.6900490440060701
1.7640000000000011,0.6901533130699088
1.765000000000001,0.6901715501519757
1.7660000000000013,0.6901897872340426
1.7670000000000012,0.6902080243161094
1.7680000000000011,0.6902262613981763
1.769000000000001,0.6902444984802432
1.7700000000000014,0.6903353414264043
1.7710000000000012,0.6908376176024286
1.7720000000000011,0.6913398937784527
1.773000000000001,0.691842169954477
1.7740000000000014,0.6923444461305014
1.7750000000000012,0.6928467223065256
1.7760000000000011,0.6933489984825498
1.777000000000001,0.6937968892261005
1.7780000000000014,0.6942020485584224
1.7790000000000012,0.694607207890744
1.7800000000000011,0.6950123672230657
1.781000000000001,0.6954175265553874
1.7820000000000014,0.6958226858877092
1.7830000000000013,0.6962278452200309
1.7840000000000011,0.696666858877087
1.785000000000001,0.6971069195751143
1.7860000000000014,0.6975469802731418
1.7870000000000013,0.697987040971169
1.7880000000000011,0.6984271016691963
1.789000000000001,0.6988671623672235
1.7900000000000014,0.6992178452200306
1.7910000000000013,0.6994227010622157
1.7920000000000011,0.6996275569044008
1.793000000000001,0.6998324127465859
1.7940000000000014,0.7000372685887711
1.7950000000000013,0.7002421244309562
1.7960000000000012,0.7004469802731413
1.797000000000001,0.7006997875569047
1.7980000000000014,0.700965341426404
1.7990000000000013,0.7012308952959032
1.8000000000000012,0.7014964491654024
1.801000000000001,0.7017620030349017
1.8020000000000014,0.702027556904401
1.8030000000000013,0.7021786949924124
1.8040000000000012,0.7018721699544761
1.805000000000001,0.7015656449165398
1.8060000000000014,0.7012591198786035
1.8070000000000013,0.7009525948406673
1.8080000000000012,0.700646069802731
1.809000000000001,0.7003395447647948
1.8100000000000014,0.700320895295903
1.8110000000000013,0.700486297420334
1.8120000000000012,0.7006516995447649
1.813000000000001,0.7008171016691959
1.8140000000000014,0.7009825037936269
1.8150000000000013,0.7011479059180579
1.8160000000000012,0.701315341426404
1.817000000000001,0.7015824127465861
1.8180000000000014,0.7018494840667682
1.8190000000000013,0.7021165553869503
1.8200000000000012,0.7023836267071323
1.821000000000001,0.7026506980273144
1.8220000000000014,0.7029177693474965
1.8230000000000013,0.7030282397572077
1.8240000000000012,0.7029311229135051
1.825000000000001,0.7028340060698026
1.8260000000000014,0.7027368892261
1.8270000000000013,0.7026397723823974
1.8280000000000012,0.7025426555386949
1.829000000000001,0.7024455386949923
1.8300000000000014,0.7022464491654018
1.8310000000000013,0.702027936267071
1.8320000000000012,0.7018094233687402
1.833000000000001,0.7015909104704094
1.8340000000000014,0.7013723975720786
1.8350000000000013,0.7011538846737478
1.8360000000000012,0.7010544916540216
1.837000000000001,0.7013124582701065
1.8380000000000014,0.7015704248861915
1.8390000000000013,0.7018283915022765
1.8400000000000012,0.7020863581183614
1.841000000000001,0.7023443247344463
1.8420000000000014,0.7026022913505314
1.8430000000000013,0.7024456297420328
1.8440000000000012,0.7020753717754168
1.845000000000001,0.7017051138088009
1.8460000000000014,0.7013348558421846
1.8470000000000013,0.7009645978755685
1.8480000000000012,0.7005943399089525
1.849000000000001,0.7002331107738996
1.8500000000000014,0.6999918361153259
1.8510000000000013,0.6997505614567524
1.8520000000000012,0.6995092867981788
1.853000000000001,0.6992680121396052
1.8540000000000014,0.6990267374810316
1.8550000000000013,0.698785462822458
1.8560000000000012,0.6982047272727262
1.857000000000001,0.6972562424242414
1.8580000000000014,0.6963077575757562
1.8590000000000013,0.6953592727272715
1.8600000000000012,0.6944107878787867
1.861000000000001,0.693462303030302
1.8620000000000014,0.6925138181818168
1.8630000000000013,0.6914131714719257
1.8640000000000012,0.6902917754172976
1.865000000000001,0.6891703793626694
1.8660000000000014,0.6880489833080408
1.8670000000000013,0.6869275872534126
1.8680000000000012,0.6858061911987846
1.869000000000001,0.684663672230651
1.8700000000000014,0.6834694385432455
1.8710000000000013,0.6822752048558405
1.8720000000000012,0.6810809711684355
1.873000000000001,0.6798867374810305
1.8740000000000014,0.6786925037936249
1.8750000000000013,0.6774982701062199
1.8760000000000012,0.6760899999999981
1.8770000000000011,0.6745899999999982
1.8780000000000014,0.6730899999999977
1.8790000000000013,0.6715899999999978
1.8800000000000012,0.670089999999998
1.8810000000000011,0.6685899999999981
1.8820000000000014,0.6670922003034878
1.8830000000000013,0.6656142033383894
1.8840000000000012,0.664136206373291
1.8850000000000011,0.6626582094081926
1.8860000000000015,0.6611802124430936
1.8870000000000013,0.6597022154779951
1.8880000000000012,0.6582242185128968
1.8890000000000011,0.6562764643399067
1.8900000000000015,0.6538773748103155
1.8910000000000013,0.6514782852807254
1.8920000000000012,0.6490791957511352
1.8930000000000011,0.646680106221545
1.8940000000000015,0.6442810166919538
1.8950000000000014,0.6418819271623637
1.8960000000000012,0.6399573333333308
1.8970000000000011,0.6380739999999977
1.8980000000000015,0.6361906666666638
1.8990000000000014,0.6343073333333308
1.9000000000000012,0.6324239999999977
1.9010000000000011,0.6305406666666646
1.9020000000000015,0.6282975720789031
1.9030000000000014,0.6252899848254893
1.9040000000000012,0.6222823975720754
1.9050000000000011,0.6192748103186615
1.9060000000000015,0.6162672230652463
1.9070000000000014,0.6132596358118324
1.9080000000000013,0.6102520485584184
1.9090000000000011,0.6072699090909061
1.9100000000000015,0.6042971818181778
1.9110000000000014,0.6013244545454508
1.9120000000000013,0.5983517272727238
1.9130000000000011,0.5953789999999969
1.9140000000000015,0.5924062727272685
1.9150000000000014,0.5893076934749569
1.9160000000000013,0.5853668740515886
1.9170000000000011,0.5814260546282202
1.9180000000000015,0.5774852352048501
1.9190000000000014,0.5735444157814816
1.9200000000000013,0.5696035963581133
1.9210000000000012,0.5656627769347449
1.9220000000000015,0.5614273636363567
1.9230000000000014,0.5569409999999935
1.9240000000000013,0.5524546363636303
1.9250000000000012,0.5479682727272671
1.9260000000000015,0.5434819090909019
1.9270000000000014,0.5389955454545388
1.9280000000000013,0.5345091818181755
1.9290000000000012,0.5308679817905873
1.9300000000000015,0.5272807283763221
1.9310000000000014,0.5236934749620585
1.9320000000000013,0.520106221547795
1.9330000000000012,0.5165189681335314
1.9340000000000015,0.5129317147192662
1.9350000000000014,0.5093145454545404
1.9360000000000013,0.5056418181818134
1.9370000000000012,0.5019690909090865
1.9380000000000015,0.498296363636358
1.9390000000000014,0.49462363636363105
1.9400000000000013,0.49095090909090416
1.9410000000000012,0.4872781818181773
1.9420000000000015,0.48463499999999643
1.9430000000000014,0.48233499999999674
1.9440000000000013,0.48003499999999705
1.9450000000000012,0.47773499999999736
1.9460000000000015,0.47543499999999667
1.9470000000000014,0.473134999999997
1.9480000000000013,0.47146702579666394
1.9490000000000012,0.4733805311077411
1.9500000000000015,0.47529403641881907
1.9510000000000014,0.4772075417298962
1.9520000000000013,0.47912104704097336
1.9530000000000012,0.4810345523520505
1.9540000000000015,0.4829480576631285
1.9550000000000014,0.4840920606060612
1.9560000000000013,0.4846314545454551
1.9570000000000012,0.485170848484849
1.9580000000000015,0.48571024242424315
1.9590000000000014,0.48624963636363705
1.9600000000000013,0.48678903030303095
1.9610000000000012,0.48732842424242484
1.9620000000000015,0.4904030909090954
1.9630000000000014,0.4935833939393981
1.9640000000000013,0.49676369696970085
1.9650000000000012,0.49994400000000355
1.9660000000000015,0.5031243030303076
1.9670000000000014,0.5063046060606103
1.9680000000000013,0.5095258181818223
1.9690000000000012,0.5128197575757613
1.9700000000000015,0.5161136969697017
1.9710000000000014,0.5194076363636406
1.9720000000000013,0.5227015757575796
1.9730000000000012,0.5259955151515184
1.9740000000000015,0.5292894545454588
1.9750000000000014,0.5320329696969728
1.9760000000000013,0.5346026666666696
1.9770000000000012,0.5371723636363662
1.9780000000000015,0.5397420606060641
1.9790000000000014,0.5423117575757608
1.9800000000000013,0.5448814545454574
1.9810000000000012,0.5471618816388475
1.9820000000000015,0.5479236418816399
1.9830000000000014,0.548685402124432
1.9840000000000013,0.549447162367224
1.9850000000000012,0.550208922610016
1.9860000000000015,0.5509706828528084
1.9870000000000014,0.5517324430956004
1.9880000000000013,0.5515789545454535
1.9890000000000012,0.5507350151515141
1.9900000000000015,0.5498910757575745
1.9910000000000014,0.5490471363636351
1.9920000000000013,0.5482031969696958
1.9930000000000012,0.5473592575757564
1.9940000000000015,0.5465153181818168
1.9950000000000014,0.5458036515151504
1.9960000000000013,0.5450960757575748
1.9970000000000012,0.544388499999999
1.9980000000000016,0.5436809242424231
1.9990000000000014,0.5429733484848475
2.0000000000000013,0.5422657727272718
2.0010000000000012,0.5427220151515179
2.0020000000000016,0.5451598939393976
2.0030000000000014,0.5475977727272762
2.0040000000000013,0.5500356515151548
2.0050000000000012,0.5524735303030335
2.0060000000000016,0.5549114090909132
2.0070000000000014,0.5573492878787918
2.0080000000000013,0.5610308333333394
2.0090000000000012,0.5650838636363691
2.0100000000000016,0.5691368939394007
2.0110000000000015,0.5731899242424304
2.0120000000000013,0.5772429545454602
2.0130000000000012,0.58129598484849
2.0140000000000016,0.5855494090909173
2.0150000000000015,0.5907812272727352
2.0160000000000013,0.596013045454553
2.0170000000000012,0.6012448636363709
2.0180000000000016,0.6064766818181909
2.0190000000000015,0.6117085000000088
2.0200000000000014,0.6169403181818266
2.0210000000000012,0.6217135454545522
2.0220000000000016,0.6261408181818262
2.0230000000000015,0.6305680909090984
2.0240000000000014,0.6349953636363704
2.0250000000000012,0.6394226363636426
2.0260000000000016,0.6438499090909168
2.0270000000000015,0.6482771818181888
2.0280000000000014,0.6504058484848515
2.0290000000000012,0.652463424242427
2.0300000000000016,0.6545210000000034
2.0310000000000015,0.6565785757575788
2.0320000000000014,0.6586361515151543
2.0330000000000013,0.6606937272727298
2.0340000000000016,0.6619273071104385
2.0350000000000015,0.661757866868381
2.0360000000000014,0.6615884266263236
2.0370000000000013,0.661418986384266
2.0380000000000016,0.6612495461422085
2.0390000000000015,0.661080105900151
2.0400000000000014,0.6609106656580935
2.0410000000000013,0.66029309090909
2.0420000000000016,0.659533999999999
2.0430000000000015,0.6587749090909081
2.0440000000000014,0.6580158181818172
2.0450000000000013,0.6572567272727263
2.0460000000000016,0.6564976363636351
2.0470000000000015,0.6557293333333322
2.0480000000000014,0.6549126666666656
2.0490000000000013,0.654095999999999
2.0500000000000016,0.6532793333333321
2.0510000000000015,0.6524626666666655
2.0520000000000014,0.651645999999999
2.0530000000000013,0.6508293333333324
2.0540000000000016,0.650565878787879
2.0550000000000015,0.6507370909090912
2.0560000000000014,0.6509083030303032
2.0570000000000013,0.6510795151515153
2.0580000000000016,0.6512507272727275
2.0590000000000015,0.6514219393939396
2.0600000000000014,0.6515931515151516
2.0610000000000013,0.6525512727272736
2.0620000000000016,0.6535421818181831
2.0630000000000015,0.6545330909090922
2.0640000000000014,0.6555240000000012
2.0650000000000013,0.6565149090909103
2.0660000000000016,0.6575058181818196
2.0670000000000015,0.6584978214826035
2.0680000000000014,0.6594917700453872
2.0690000000000013,0.6604857186081707
2.0700000000000016,0.6614796671709547
2.0710000000000015,0.6624736157337384
2.0720000000000014,0.663467564296522
2.0730000000000013,0.6644615128593055
2.0740000000000016,0.6654509090909109
2.0750000000000015,0.6664387878787895
2.0760000000000014,0.6674266666666682
2.0770000000000013,0.6684145454545468
2.0780000000000016,0.6694024242424259
2.0790000000000015,0.6703903030303046
2.0800000000000014,0.6713822727272741
2.0810000000000013,0.6723974242424255
2.0820000000000016,0.6734125757575774
2.0830000000000015,0.6744277272727288
2.0840000000000014,0.6754428787878801
2.0850000000000013,0.6764580303030315
2.0860000000000016,0.6774731818181834
2.0870000000000015,0.6782902874432687
2.0880000000000014,0.6789453555219374
2.0890000000000013,0.679600423600606
2.0900000000000016,0.6802554916792749
2.0910000000000015,0.6809105597579436
2.0920000000000014,0.6815656278366122
2.0930000000000013,0.6822206959152809
2.0940000000000016,0.682369666666667
2.0950000000000015,0.6824863333333336
2.0960000000000014,0.6826030000000003
2.0970000000000013,0.682719666666667
2.0980000000000016,0.6828363333333336
2.0990000000000015,0.6829530000000003
2.1000000000000014,0.68311795763994
2.1010000000000013,0.6833766565809384
2.1020000000000016,0.683635355521937
2.1030000000000015,0.6838940544629354
2.1040000000000014,0.6841527534039339
2.1050000000000013,0.6844114523449323
2.1060000000000016,0.6846701512859309
2.1070000000000015,0.6846758484848483
2.1080000000000014,0.6845879696969696
2.1090000000000013,0.6845000909090908
2.1100000000000017,0.684412212121212
2.1110000000000015,0.6843243333333332
2.1120000000000014,0.6842364545454545
2.1130000000000013,0.684162950075643
2.1140000000000017,0.6841856429652042
2.1150000000000015,0.6842083358547656
2.1160000000000014,0.6842310287443268
2.1170000000000013,0.6842537216338881
2.1180000000000017,0.6842764145234494
2.1190000000000015,0.6842991074130107
2.1200000000000014,0.684210727272727
2.1210000000000013,0.684019818181818
2.1220000000000017,0.6838289090909088
2.1230000000000016,0.6836379999999997
2.1240000000000014,0.6834470909090907
2.1250000000000013,0.6832561818181816
2.1260000000000017,0.6830652727272725
2.1270000000000016,0.6823749621785163
2.1280000000000014,0.6816412254160353
2.1290000000000013,0.6809074886535543
2.1300000000000017,0.680173751891073
2.1310000000000016,0.679440015128592
2.1320000000000014,0.6787062783661111
2.1330000000000013,0.6781324659606655
2.1340000000000017,0.6779146142208772
2.1350000000000016,0.677696762481089
2.1360000000000015,0.6774789107413008
2.1370000000000013,0.6772610590015126
2.1380000000000017,0.6770432072617243
2.1390000000000016,0.6768253555219361
2.1400000000000015,0.6762169696969685
2.1410000000000013,0.6754412121212111
2.1420000000000017,0.6746654545454533
2.1430000000000016,0.6738896969696958
2.1440000000000015,0.6731139393939384
2.1450000000000014,0.6723381818181808
2.1460000000000017,0.6716017246596061
2.1470000000000016,0.6712189712556726
2.1480000000000015,0.6708362178517393
2.1490000000000014,0.6704534644478058
2.1500000000000017,0.6700707110438723
2.1510000000000016,0.6696879576399388
2.1520000000000015,0.6693052042360055
2.1530000000000014,0.6687334190620261
2.1540000000000017,0.6679648865355509
2.1550000000000016,0.667196354009076
2.1560000000000015,0.666427821482601
2.1570000000000014,0.6656592889561261
2.1580000000000017,0.6648907564296508
2.1590000000000016,0.6641222239031759
2.1600000000000015,0.6635379999999992
2.1610000000000014,0.6629789090909084
2.1620000000000017,0.6624198181818172
2.1630000000000016,0.6618607272727264
2.1640000000000015,0.6613016363636355
2.1650000000000014,0.6607425454545446
2.1660000000000017,0.6603145839636911
2.1670000000000016,0.660223812405446
2.1680000000000015,0.660133040847201
2.1690000000000014,0.6600422692889559
2.1700000000000017,0.6599514977307108
2.1710000000000016,0.6598607261724658
2.1720000000000015,0.6597699546142207
2.1730000000000014,0.6596062027231465
2.1740000000000017,0.6594065052950072
2.1750000000000016,0.6592068078668681
2.1760000000000015,0.659007110438729
2.1770000000000014,0.6588074130105898
2.1780000000000017,0.6586077155824506
2.1790000000000016,0.6584108320726171
2.1800000000000015,0.6582580332829046
2.1810000000000014,0.658105234493192
2.1820000000000017,0.6579524357034794
2.1830000000000016,0.6577996369137669
2.1840000000000015,0.6576468381240543
2.1850000000000014,0.6574940393343418
2.1860000000000017,0.6572112102874426
2.1870000000000016,0.6567694553706499
2.1880000000000015,0.6563277004538571
2.1890000000000014,0.6558859455370645
2.1900000000000017,0.6554441906202716
2.1910000000000016,0.6550024357034788
2.1920000000000015,0.6545606807866862
2.1930000000000014,0.6540579273827527
2.1940000000000017,0.6535435552193637
2.1950000000000016,0.6530291830559749
2.1960000000000015,0.6525148108925862
2.1970000000000014,0.6520004387291974
2.1980000000000017,0.6514860665658085
2.1990000000000016,0.650880877458395
2.2000000000000015,0.6499716490166401
2.2010000000000014,0.6490624205748853
2.2020000000000017,0.64815319213313
2.2030000000000016,0.6472439636913752
2.2040000000000015,0.6463347352496204
2.2050000000000014,0.6454255068078655
2.2060000000000017,0.6449965204236003
2.2070000000000016,0.6448618759455368
2.2080000000000015,0.6447272314674732
2.2090000000000014,0.6445925869894098
2.2100000000000017,0.6444579425113461
2.2110000000000016,0.6443232980332826
2.2120000000000015,0.6441911951588504
2.2130000000000014,0.644310711043873
2.2140000000000017,0.6444302269288957
2.2150000000000016,0.6445497428139184
2.2160000000000015,0.6446692586989412
2.2170000000000014,0.6447887745839639
2.2180000000000017,0.6449082904689866
2.2190000000000016,0.6452952798789726
2.2200000000000015,0.6460834795764007
2.2210000000000014,0.6468716792738287
2.2220000000000018,0.6476598789712572
2.2230000000000016,0.6484480786686853
2.2240000000000015,0.6492362783661133
2.2250000000000014,0.6500244780635414
2.2260000000000018,0.6508545083207279
2.2270000000000016,0.6516956580937988
2.2280000000000015,0.6525368078668699
2.2290000000000014,0.6533779576399409
2.2300000000000018,0.6542191074130123
2.2310000000000016,0.6550602571860832
2.2320000000000015,0.6558967776096837
2.2330000000000014,0.6567122087745852
2.2340000000000018,0.657527639939487
2.2350000000000017,0.6583430711043886
2.2360000000000015,0.6591585022692902
2.2370000000000014,0.6599739334341916
2.2380000000000018,0.6607893645990935
2.2390000000000017,0.6613754160363092
2.2400000000000015,0.6617884266263243
2.2410000000000014,0.6622014372163394
2.2420000000000018,0.6626144478063547
2.2430000000000017,0.6630274583963698
2.2440000000000015,0.6634404689863849
2.2450000000000014,0.6638534795764
2.2460000000000018,0.663621649016641
2.2470000000000017,0.6633629500756425
2.2480000000000016,0.6631042511346441
2.2490000000000014,0.6628455521936457
2.2500000000000018,0.6625868532526471
2.2510000000000017,0.6623281543116487
2.2520000000000016,0.6621954229607253
2.2530000000000014,0.6622966314199398
2.254000000000002,0.6623978398791543
2.2550000000000017,0.6624990483383688
2.2560000000000016,0.6626002567975833
2.2570000000000014,0.6627014652567977
2.258000000000002,0.6628026737160123
2.2590000000000017,0.6629227685325267
2.2600000000000016,0.6630498487140698
2.2610000000000015,0.6631769288956129
2.262000000000002,0.663304009077156
2.2630000000000017,0.6634310892586992
2.2640000000000016,0.6635581694402423
2.2650000000000015,0.6637898184568851
2.266000000000002,0.6647883055975814
2.2670000000000017,0.6657867927382771
2.2680000000000016,0.666785279878973
2.2690000000000015,0.6677837670196687
2.270000000000002,0.668782254160365
2.2710000000000017,0.6697807413010607
2.2720000000000016,0.6708270650529519
2.2730000000000015,0.6719193494705009
2.274000000000002,0.6730116338880504
2.2750000000000017,0.6741039183055996
2.2760000000000016,0.6751962027231486
2.2770000000000015,0.6762884871406977
2.278000000000002,0.6773807715582472
2.2790000000000017,0.6779182477341398
2.2800000000000016,0.6783940785498497
2.2810000000000015,0.6788699093655596
2.282000000000002,0.6793457401812697
2.2830000000000017,0.6798215709969796
2.2840000000000016,0.6802974018126895
2.2850000000000015,0.6809754916792754
2.286000000000002,0.682173676248111
2.2870000000000017,0.683371860816946
2.2880000000000016,0.684570045385781
2.2890000000000015,0.6857682299546161
2.290000000000002,0.6869664145234516
2.2910000000000017,0.6881645990922867
2.2920000000000016,0.6891105740181284
2.2930000000000015,0.6899323262839893
2.294000000000002,0.6907540785498505
2.2950000000000017,0.6915758308157114
2.2960000000000016,0.6923975830815722
2.2970000000000015,0.6932193353474331
2.298000000000002,0.6940346444780646
2.2990000000000017,0.6947275340393354
2.3000000000000016,0.6954204236006062
2.3010000000000015,0.6961133131618769
2.302000000000002,0.696806202723148
2.3030000000000017,0.6974990922844188
2.3040000000000016,0.6981919818456894
2.3050000000000015,0.6990572205438084
2.306000000000002,0.7001418126888238
2.3070000000000017,0.7012264048338388
2.3080000000000016,0.7023109969788539
2.3090000000000015,0.7033955891238689
2.310000000000002,0.7044801812688843
2.3110000000000017,0.7055647734138994
2.3120000000000016,0.7051794251134632
2.3130000000000015,0.7044714069591517
2.314000000000002,0.7037633888048398
2.3150000000000017,0.7030553706505283
2.3160000000000016,0.7023473524962167
2.3170000000000015,0.7016393343419052
2.318000000000002,0.7012173564954695
2.3190000000000017,0.7018714350453183
2.3200000000000016,0.7025255135951672
2.3210000000000015,0.7031795921450161
2.322000000000002,0.7038336706948654
2.3230000000000017,0.7044877492447141
2.3240000000000016,0.705141827794563
2.3250000000000015,0.7054349924357035
2.326000000000002,0.7054773524962179
2.3270000000000017,0.7055197125567323
2.3280000000000016,0.7055620726172466
2.3290000000000015,0.705604432677761
2.330000000000002,0.7056467927382754
2.3310000000000017,0.7056891527987897
2.3320000000000016,0.7052592145015099
2.3330000000000015,0.704819637462235
2.334000000000002,0.7043800604229599
2.3350000000000017,0.7039404833836851
2.3360000000000016,0.7035009063444102
2.3370000000000015,0.7030613293051353
2.338000000000002,0.7028360120845926
2.3390000000000017,0.7029916012084596
2.3400000000000016,0.7031471903323266
2.3410000000000015,0.7033027794561937
2.342000000000002,0.7034583685800608
2.3430000000000017,0.7036139577039279
2.3440000000000016,0.7037695468277949
2.3450000000000015,0.7034293645990914
2.346000000000002,0.7029149924357025
2.3470000000000018,0.7024006202723138
2.3480000000000016,0.7018862481089251
2.3490000000000015,0.7013718759455363
2.350000000000002,0.7008575037821474
2.3510000000000018,0.7003316465256788
2.3520000000000016,0.6997289274924462
2.3530000000000015,0.6991262084592137
2.354000000000002,0.6985234894259809
2.3550000000000018,0.6979207703927482
2.3560000000000016,0.6973180513595157
2.3570000000000015,0.6967153323262831
2.358000000000002,0.6960155438066452
2.3590000000000018,0.6952224924471285
2.3600000000000017,0.694429441087612
2.3610000000000015,0.6936363897280954
2.362000000000002,0.6928433383685785
2.3630000000000018,0.6920502870090618
2.3640000000000017,0.6912572356495452
2.3650000000000015,0.6899029954614195
2.366000000000002,0.6884793948562753
2.3670000000000018,0.6870557942511318
2.3680000000000017,0.6856321936459884
2.3690000000000015,0.6842085930408448
2.370000000000002,0.6827849924357007
2.3710000000000018,0.6814389728096656
2.3720000000000017,0.6802924471299074
2.3730000000000016,0.6791459214501493
2.374000000000002,0.6779993957703907
2.3750000000000018,0.6768528700906326
2.3760000000000017,0.6757063444108744
2.3770000000000016,0.6745598187311163
2.378000000000002,0.6724940785498446
2.379000000000002,0.6699548036253733
2.3800000000000017,0.667415528700902
2.3810000000000016,0.6648762537764308
2.382000000000002,0.6623369788519585
2.383000000000002,0.6597977039274873
2.3840000000000017,0.6572652567975783
2.3850000000000016,0.6548966767371557
2.386000000000002,0.6525280966767321
2.387000000000002,0.6501595166163094
2.3880000000000017,0.6477909365558868
2.3890000000000016,0.6454223564954643
2.390000000000002,0.6430537764350406
2.391000000000002,0.6404155589123812
2.3920000000000017,0.6374049848942548
2.3930000000000016,0.6343944108761284
2.394000000000002,0.6313838368580006
2.395000000000002,0.6283732628398742
2.3960000000000017,0.6253626888217477
2.3970000000000016,0.6223521148036213
2.398000000000002,0.6197040785498446
2.399000000000002,0.617146676737156
2.4000000000000017,0.6145892749244674
2.4010000000000016,0.6120318731117788
2.4020000000000015,0.6094744712990902
2.403000000000002,0.6069170694864005
2.4040000000000017,0.6043689123867029
2.4050000000000016,0.6018628700906308
2.406000000000002,0.5993568277945576
2.407000000000002,0.5968507854984855
2.4080000000000017,0.5943447432024134
2.4090000000000016,0.5918387009063412
2.4100000000000015,0.5893326586102691
2.411000000000002,0.5875464954682762
2.4120000000000017,0.5863259516616296
2.4130000000000016,0.5851054078549831
2.414000000000002,0.5838848640483361
2.415000000000002,0.5826643202416896
2.4160000000000017,0.5814437764350431
2.4170000000000016,0.5802232326283966
2.4180000000000015,0.5790538066465237
2.419000000000002,0.5778876435045295
2.4200000000000017,0.5767214803625357
2.4210000000000016,0.5755553172205419
2.422000000000002,0.5743891540785476
2.423000000000002,0.5732229909365538
2.4240000000000017,0.5722593655589115
2.4250000000000016,0.5717261329305128
2.4260000000000015,0.571192900302114
2.427000000000002,0.570659667673715
2.4280000000000017,0.5701264350453162
2.4290000000000016,0.5695932024169175
2.430000000000002,0.5690599697885185
2.431000000000002,0.5685595166163132
2.4320000000000017,0.5680731117824764
2.4330000000000016,0.5675867069486398
2.4340000000000015,0.567100302114803
2.435000000000002,0.566613897280966
2.4360000000000017,0.5661274924471292
2.4370000000000016,0.5656659818731116
2.438000000000002,0.5654907552870088
2.439000000000002,0.5653155287009061
2.4400000000000017,0.5651403021148034
2.4410000000000016,0.5649650755287007
2.4420000000000015,0.564789848942598
2.443000000000002,0.5646146223564952
2.4440000000000017,0.5641710105580681
2.4450000000000016,0.563412337858219
2.446000000000002,0.5626536651583696
2.447000000000002,0.5618949924585205
2.4480000000000017,0.5611363197586713
2.4490000000000016,0.5603776470588222
2.4500000000000015,0.5596189743589731
2.451000000000002,0.55870764350453
2.4520000000000017,0.5577650453172189
2.4530000000000016,0.5568224471299079
2.454000000000002,0.5558798489425965
2.455000000000002,0.5549372507552854
2.4560000000000017,0.5539946525679744
2.4570000000000016,0.5530853625377633
2.4580000000000015,0.5523013746223554
2.459000000000002,0.5515173867069473
2.4600000000000017,0.5507333987915394
2.4610000000000016,0.5499494108761316
2.462000000000002,0.5491654229607233
2.463000000000002,0.5483814350453156
2.4640000000000017,0.5476794410876119
2.4650000000000016,0.5470344259818719
2.4660000000000015,0.5463894108761318
2.467000000000002,0.5457443957703915
2.4680000000000017,0.5450993806646514
2.4690000000000016,0.5444543655589112
2.470000000000002,0.5438093504531709
2.471000000000002,0.5435471342383102
2.4720000000000018,0.5432967571644037
2.4730000000000016,0.5430463800904973
2.4740000000000015,0.5427960030165908
2.475000000000002,0.5425456259426843
2.4760000000000018,0.5422952488687778
2.4770000000000016,0.5420735045317218
2.478000000000002,0.5419073413897277
2.479000000000002,0.5417411782477338
2.4800000000000018,0.5415750151057399
2.4810000000000016,0.5414088519637459
2.4820000000000015,0.541242688821752
2.483000000000002,0.541076525679758
2.4840000000000018,0.5412834138972817
2.4850000000000017,0.5416353776435052
2.486000000000002,0.5419873413897289
2.487000000000002,0.5423393051359524
2.4880000000000018,0.5426912688821759
2.4890000000000017,0.5430432326283995
2.4900000000000015,0.5434524585218717
2.491000000000002,0.5443770437405749
2.4920000000000018,0.5453016289592777
2.4930000000000017,0.5462262141779805
2.494000000000002,0.5471507993966837
2.495000000000002,0.5480753846153864
2.4960000000000018,0.5489999698340892
2.4970000000000017,0.5499985128983326
2.4980000000000016,0.5510804552352065
2.499000000000002,0.552162397572081
2.5000000000000018,0.5532443399089548
2.5010000000000017,0.5543262822458288
2.502000000000002,0.5554082245827032
2.503000000000002,0.5564901669195772
2.504000000000002,0.5570053333333341
2.5050000000000017,0.5574432121212128
2.5060000000000016,0.5578810909090915
2.507000000000002,0.5583189696969705
2.508000000000002,0.5587568484848493
2.5090000000000017,0.559194727272728
2.510000000000002,0.5597615757575775
2.511000000000002,0.5606600606060622
2.512000000000002,0.561558545454547
2.5130000000000017,0.5624570303030317
2.5140000000000016,0.5633555151515166
2.515000000000002,0.5642540000000017
2.516000000000002,0.5651524848484865
2.5170000000000017,0.5654832727272728
2.518000000000002,0.5655469090909092
2.519000000000002,0.5656105454545456
2.520000000000002,0.565674181818182
2.5210000000000017,0.5657378181818183
2.5220000000000016,0.5658014545454546
2.523000000000002,0.5659032169954487
2.524000000000002,0.5664434294385442
2.5250000000000017,0.5669836418816399
2.526000000000002,0.5675238543247356
2.527000000000002,0.5680640667678312
2.528000000000002,0.5686042792109268
2.5290000000000017,0.5691444916540224
2.5300000000000016,0.5694452424242425
2.531000000000002,0.5694967575757577
2.532000000000002,0.5695482727272728
2.5330000000000017,0.5695997878787881
2.534000000000002,0.5696513030303032
2.535000000000002,0.5697028181818183
2.536000000000002,0.5697543333333335
2.5370000000000017,0.5690695757575743
2.5380000000000016,0.5682938181818169
2.539000000000002,0.567518060606059
2.540000000000002,0.5667423030303016
2.5410000000000017,0.5659665454545441
2.542000000000002,0.5651907878787863
2.543000000000002,0.5646738333333334
2.544000000000002,0.5647905000000002
2.5450000000000017,0.5649071666666668
2.5460000000000016,0.5650238333333335
2.547000000000002,0.5651405000000003
2.548000000000002,0.5652571666666669
2.5490000000000017,0.5653738333333337
2.550000000000002,0.5649238636363622
2.551000000000002,0.5642193181818167
2.552000000000002,0.5635147727272714
2.5530000000000017,0.562810227272726
2.5540000000000016,0.5621056818181807
2.555000000000002,0.561401136363635
2.556000000000002,0.5607148636363627
2.5570000000000017,0.5602133484848476
2.558000000000002,0.5597118333333323
2.559000000000002,0.5592103181818172
2.560000000000002,0.5587088030303021
2.5610000000000017,0.558207287878787
2.5620000000000016,0.557705772727272
2.563000000000002,0.5574863787878789
2.564000000000002,0.5575606212121214
2.5650000000000017,0.5576348636363637
2.566000000000002,0.5577091060606062
2.567000000000002,0.5577833484848487
2.568000000000002,0.557857590909091
2.5690000000000017,0.5579318333333335
2.5700000000000016,0.5576204090909085
2.571000000000002,0.5572613181818175
2.572000000000002,0.5569022272727265
2.5730000000000017,0.5565431363636357
2.574000000000002,0.5561840454545447
2.575000000000002,0.5558249545454538
2.576000000000002,0.5556745757575765
2.5770000000000017,0.5560351818181825
2.5780000000000016,0.5563957878787885
2.579000000000002,0.5567563939393947
2.580000000000002,0.5571170000000008
2.5810000000000017,0.5574776060606067
2.582000000000002,0.557838212121213
2.583000000000002,0.5578548636363633
2.584000000000002,0.5577169848484845
2.5850000000000017,0.5575791060606058
2.5860000000000016,0.5574412272727269
2.587000000000002,0.5573033484848482
2.588000000000002,0.5571654696969693
2.5890000000000017,0.5570406818181818
2.590000000000002,0.5570482575757576
2.591000000000002,0.5570558333333333
2.592000000000002,0.5570634090909091
2.5930000000000017,0.5570709848484848
2.5940000000000016,0.5570785606060606
2.595000000000002,0.5570861363636364
2.596000000000002,0.5573976399394868
2.5970000000000018,0.5580254765506818
2.598000000000002,0.5586533131618772
2.599000000000002,0.5592811497730722
