wave,r
0.4,0.7182014003653927
0.401,0.7183368796948061
0.402,0.7183063603051939
0.403,0.71783936
0.404,0.7173696246973531
0.405,0.71732533
0.406,0.717556539155417
0.40700000000000003,0.717472080844583
0.40800000000000003,0.7170036986649266
0.40900000000000003,0.7168701913350732
0.41000000000000003,0.71683735
0.41100000000000003,0.7168503998695013
0.41200000000000003,0.71682775
0.41300000000000003,0.7166410089653104
0.41400000000000003,0.71653754
0.41500000000000004,0.7166146000935981
0.41600000000000004,0.7166239599064018
0.41700000000000004,0.71648598
0.41800000000000004,0.7162795720640793
0.41900000000000004,0.71628952
0.42000000000000004,0.7161791289611104
0.42100000000000004,0.71607524
0.42200000000000004,0.7160751789599208
0.42300000000000004,0.7159711710400792
0.42400000000000004,0.7159308802306954
0.42500000000000004,0.7159539497693046
0.42600000000000005,0.7158429000000001
0.42700000000000005,0.7156817285886141
0.42800000000000005,0.71554059
0.42900000000000005,0.7155255683799324
0.43000000000000005,0.7153635616200676
0.43100000000000005,0.7151782481976361
0.43200000000000005,0.7149980118023639
0.43300000000000005,0.71504843
0.43400000000000005,0.7150468794827052
0.43500000000000005,0.71499515
0.43600000000000005,0.7148663989969201
0.43700000000000006,0.71476609100308
0.43800000000000006,0.7146818592687146
0.43900000000000006,0.7146087307312854
0.44000000000000006,0.71457517
0.44100000000000006,0.714504660705093
0.44200000000000006,0.7144024999999999
0.44300000000000006,0.7143292392764145
0.44400000000000006,0.7142568807235855
0.44500000000000006,0.7141824991995159
0.44600000000000006,0.7141024508004841
0.44700000000000006,0.71397787
0.44800000000000006,0.7138741010376896
0.44900000000000007,0.71380365
0.45000000000000007,0.7137917299255014
0.45100000000000007,0.7137842800744986
0.45200000000000007,0.7137709895172096
0.45300000000000007,0.7137227104827903
0.45400000000000007,0.71367264
0.45500000000000007,0.7136420003063969
0.45600000000000007,0.71364224
0.4570000000000001,0.713577149803902
0.4580000000000001,0.71355754
0.4590000000000001,0.7135714299762005
0.4600000000000001,0.7135690500237996
0.4610000000000001,0.71348268
0.4620000000000001,0.713412340703393
0.4630000000000001,0.7134378
0.4640000000000001,0.7134712903230968
0.4650000000000001,0.7135036
0.4660000000000001,0.7135280994886102
0.4670000000000001,0.7134769605113899
0.4680000000000001,0.7134761200577989
0.4690000000000001,0.7134818999422011
0.4700000000000001,0.71343529
0.4710000000000001,0.7134229500238998
0.4720000000000001,0.71342534
0.4730000000000001,0.7134387502151958
0.4740000000000001,0.7134602697848043
0.4750000000000001,0.7134872701990961
0.4760000000000001,0.7135071798009041
0.4770000000000001,0.71348292
0.4780000000000001,0.7135114104129958
0.4790000000000001,0.71355271
0.4800000000000001,0.7135884202591948
0.4810000000000001,0.7136143397408052
0.4820000000000001,0.7136383703211936
0.4830000000000001,0.7136704896788064
0.4840000000000001,0.71376842
0.4850000000000001,0.7137916697675023
0.4860000000000001,0.71378928
0.4870000000000001,0.7138038905464891
0.4880000000000001,0.713858539453511
0.4890000000000001,0.7139143304923902
0.4900000000000001,0.7139635695076099
0.4910000000000001,0.7140131
0.4920000000000001,0.7140772293587064
0.4930000000000001,0.71414083
0.4940000000000001,0.7141764806448936
0.4950000000000001,0.71424097
0.4960000000000001,0.7143047505184896
0.4970000000000001,0.7143565994815104
0.4980000000000001,0.71444303
0.4990000000000001,0.714512349306807
0.5000000000000001,0.71456701
0.5010000000000001,0.714623270643213
0.5020000000000001,0.7146875928447578
0.5030000000000001,0.7147824181034949
0.5040000000000001,0.7149336284878849
0.5050000000000001,0.71498907
0.5060000000000001,0.7150233405423729
0.5070000000000001,0.7150504591864407
0.5080000000000001,0.7151192386243863
0.5090000000000001,0.71521109
0.5100000000000001,0.7153024706300063
0.5110000000000001,0.7153654715473381
0.5120000000000001,0.7154428384526619
0.5130000000000001,0.715503329395094
0.5140000000000001,0.71554184
0.5150000000000001,0.7156456708822176
0.5160000000000001,0.715733892338683
0.5170000000000001,0.715811848440878
0.5180000000000001,0.7158901692167922
0.5190000000000001,0.7159646707475075
0.5200000000000001,0.7160394215353232
0.5210000000000001,0.7161161876970152
0.5220000000000001,0.716195759204284
0.5230000000000001,0.71626246
0.5240000000000001,0.7163177105204052
0.5250000000000001,0.7163697511049558
0.5260000000000001,0.7164249988950442
0.5270000000000001,0.7164654095958959
0.5280000000000001,0.71646744
0.5290000000000001,0.7165215009882099
0.5300000000000001,0.7165709110658467
0.5310000000000001,0.7166064392894355
0.5320000000000001,0.7166193098712987
0.5330000000000001,0.7166740306366063
0.5340000000000001,0.7167376903241838
0.5350000000000001,0.7167538995137244
0.5360000000000001,0.7167980095588912
0.5370000000000001,0.71684629
0.5380000000000001,0.7168915303361068
0.5390000000000001,0.7169251404757762
0.5400000000000001,0.7169409996828158
0.5410000000000001,0.7169470199397994
0.5420000000000001,0.71697062
0.5430000000000001,0.7169961902979851
0.5440000000000002,0.7170110895530223
0.5450000000000002,0.7170038201454014
0.5460000000000002,0.7170288
0.5470000000000002,0.717058660304003
0.5480000000000002,0.7170890604243829
0.5490000000000002,0.717110279575617
0.5500000000000002,0.7171413896888968
0.5510000000000002,0.71717411
0.5520000000000002,0.7171973601621032
0.5530000000000002,0.7172135703845808
0.5540000000000002,0.7172263897436129
0.5550000000000002,0.7172380098837988
0.5560000000000002,0.7173220505227053
0.5570000000000002,0.7173743205507724
0.5580000000000002,0.7174018591738412
0.5590000000000002,0.7174129497781978
0.5600000000000002,0.71743083
0.5610000000000002,0.7174576503886039
0.5620000000000002,0.7174965111337547
0.5630000000000002,0.7175531988662452
0.5640000000000002,0.7176161993699937
0.5650000000000002,0.71768361
0.5660000000000002,0.7177506713042131
0.5670000000000002,0.7178158819292035
0.5680000000000002,0.7178801887138644
0.5690000000000002,0.7179443793580936
0.5700000000000002,0.7180200210580105
0.5710000000000002,0.7181258227046649
0.5720000000000002,0.7182610559430029
0.5730000000000002,0.7183486191243825
0.5740000000000002,0.71844411
0.5750000000000002,0.7185266602647027
0.5760000000000002,0.718553130449382
0.5770000000000002,0.718575599550618
0.5780000000000002,0.7185726800292003
0.5790000000000002,0.71853364
0.5800000000000002,0.7185022804816049
0.5810000000000002,0.7185263618113095
0.5820000000000002,0.7185867387924604
0.5830000000000002,0.71861649
0.5840000000000002,0.7187053009000092
0.5850000000000002,0.7187953010383481
0.5860000000000002,0.7188472184424779
0.5870000000000002,0.7187265212070242
0.5880000000000002,0.71870291
0.5890000000000002,0.7187767595803917
0.5900000000000002,0.7187347975773213
0.5910000000000002,0.7186540416151193
0.5920000000000002,0.7185604009364094
0.5930000000000002,0.7184825500817009
0.5940000000000002,0.7184907220228989
0.5950000000000002,0.7185918669656518
0.5960000000000002,0.7187943459503596
0.5970000000000002,0.7191546000000001
0.5980000000000002,0.7194240716153162
0.5990000000000002,0.7195855992132314
0.6000000000000002,0.7195462607867685
0.6010000000000002,0.7195245602170022
0.6020000000000002,0.71953702
0.6030000000000002,0.7195984088740774
0.6040000000000002,0.7194858117123144
0.6050000000000002,0.7192095555251237
0.6060000000000002,0.7188257638379383
0.6070000000000002,0.7185974092268923
0.6080000000000002,0.7185200997128144
0.6090000000000002,0.7185057404307784
0.6100000000000002,0.7185027000304005
0.6110000000000002,0.71852821
0.6120000000000002,0.7185982511569116
0.6130000000000002,0.7187139421671134
0.6140000000000002,0.7188222978328869
0.6150000000000002,0.7189702385205852
0.6160000000000002,0.7191546
0.6170000000000002,0.7193906938148382
0.6180000000000002,0.7195814342141893
0.6190000000000002,0.7197219071905405
0.6200000000000002,0.71980369
0.6210000000000002,0.7198338498265983
0.6220000000000002,0.7198165088508575
0.6230000000000002,0.7197590517237138
0.6240000000000002,0.7196682709078182
0.6250000000000002,0.71958697
0.6260000000000002,0.7194980988924778
0.6270000000000002,0.7193873449632517
0.6280000000000002,0.7192194533578321
0.6290000000000002,0.7190511816827168
0.6300000000000002,0.71888864
0.6310000000000002,0.7187495177531124
0.6320000000000002,0.7186371733703315
0.6330000000000002,0.7185456818298183
0.6340000000000002,0.71848053
0.6350000000000002,0.7184300400769008
0.6360000000000002,0.7184377315545378
0.6370000000000002,0.7185154584454622
0.6380000000000002,0.7186321588329884
0.6390000000000002,0.71874899
0.6400000000000002,0.7188599708112162
0.6410000000000002,0.7189410894957251
0.6420000000000002,0.7189242803361832
0.6430000000000002,0.7188758304845049
0.6440000000000002,0.7188174692382924
0.6450000000000002,0.7187412984086796
0.6460000000000002,0.7186617323869806
0.6470000000000002,0.7185985406319126
0.6480000000000002,0.71864939
0.6490000000000002,0.7187534014049142
0.6500000000000002,0.718893893527259
0.6510000000000002,0.7190702564727411
0.6520000000000002,0.719260278099781
0.6530000000000002,0.71946645
0.6540000000000002,0.7196877644178442
0.6550000000000002,0.7199086548315585
0.6560000000000002,0.7200697067789611
0.6570000000000003,0.7201929687673877
0.6580000000000003,0.7202966809173093
0.6590000000000003,0.7203884118275086
0.6600000000000003,0.7204797872587371
0.6610000000000003,0.720575029047581
0.6620000000000003,0.72062784
0.6630000000000003,0.7206804204941099
0.6640000000000003,0.720729831079946
0.6650000000000003,0.7207658292800361
0.6660000000000003,0.7207691099671997
0.6670000000000003,0.72076422
0.6680000000000003,0.7207634999024048
0.6690000000000003,0.7207586201463927
0.6700000000000003,0.7207890193919939
0.6710000000000003,0.72085112
0.6720000000000003,0.7209067307254073
0.6730000000000003,0.7209792727440902
0.6740000000000003,0.7211164772559098
0.6750000000000003,0.7213993071716718
0.6760000000000003,0.72151244
0.6770000000000003,0.7214357873165462
0.6780000000000003,0.7211674445231738
0.6790000000000003,0.7209848836512175
0.6800000000000003,0.7208931409174092
0.6810000000000003,0.7208697202706028
0.6820000000000003,0.7208967810143493
0.6830000000000003,0.7209474984784762
0.6840000000000003,0.7209833292833929
0.6850000000000003,0.72098631
0.6860000000000003,0.7209969802831029
0.6870000000000003,0.7210252910083598
0.6880000000000003,0.7210757089916404
0.6890000000000003,0.7211749590074902
0.6900000000000003,0.7217499000000003
0.6910000000000003,0.7227195191278918
0.6920000000000003,0.7241758710226489
0.6930000000000003,0.7242099593182342
0.6940000000000003,0.7234802272974727
0.6950000000000003,0.722176663914339
0.6960000000000003,0.7215681040266986
0.6970000000000003,0.7212694389599519
0.6980000000000003,0.7211669710246205
0.6990000000000003,0.72118294
0.7000000000000003,0.7212197202777028
0.7010000000000003,0.7212474901895924
0.7020000000000003,0.7212569698104075
0.7030000000000003,0.7213059095105951
0.7040000000000003,0.72134441
0.7050000000000003,0.7213744504698048
0.7060000000000003,0.7213979402948852
0.7070000000000003,0.7214077698034098
0.7080000000000003,0.72141767
0.7090000000000003,0.7214357301126012
0.7100000000000003,0.7214469902335884
0.7110000000000003,0.7214586696496175
0.7120000000000003,0.7214670799158983
0.7130000000000003,0.72144085
0.7140000000000003,0.7213845792287846
0.7150000000000003,0.721307457060447
0.7160000000000003,0.721209471959702
0.7170000000000003,0.7211343607511075
0.7180000000000003,0.7210743995660956
0.7190000000000003,0.7210310101645918
0.7200000000000003,0.7210392397531123
0.7210000000000003,0.7210400099845998
0.7220000000000003,0.72102857
0.7230000000000003,0.7209877392101921
0.7240000000000003,0.7209087580212792
0.7250000000000003,0.7208098219787209
0.7260000000000003,0.7206940711575115
0.7270000000000003,0.7205568
0.7280000000000003,0.7204028982970659
0.7290000000000003,0.7202326042477876
0.7300000000000003,0.7200408638348083
0.7310000000000003,0.7197632827758277
0.7320000000000003,0.719412735609556
0.7330000000000003,0.7189736901978899
0.7340000000000003,0.7184835847031646
0.7350000000000003,0.7179858749770994
0.7360000000000003,0.7174701099999998
0.7370000000000003,0.7167683107934077
0.7380000000000003,0.7158476487660491
0.7390000000000003,0.7147859512339503
0.7400000000000003,0.713632531534215
0.7410000000000003,0.7127389899999997
0.7420000000000003,0.7120678912941127
0.7430000000000003,0.7116325956043196
0.7440000000000003,0.71115273959712
0.7450000000000003,0.7108015999999999
0.7460000000000003,0.7106515837616377
0.7470000000000003,0.711027754185291
0.7480000000000003,0.7117370187220642
0.7490000000000003,0.7124527028431571
0.7500000000000003,0.71300554
0.7510000000000003,0.7130836782839656
0.7520000000000003,0.712912067896805
0.7530000000000003,0.7125086280687964
0.7540000000000003,0.7117908671776716
0.7550000000000003,0.7109414899999996
0.7560000000000003,0.7100427023446825
0.7570000000000003,0.7091599364829756
0.7580000000000003,0.7085216727651275
0.7590000000000003,0.70817977
0.7600000000000003,0.7081712555766561
0.7610000000000003,0.7087289266921326
0.7620000000000003,0.709563533307868
0.7630000000000003,0.7106354692805932
0.7640000000000003,0.7119742000000003
0.7650000000000003,0.7134446647571957
0.7660000000000003,0.7149203830850464
0.7670000000000003,0.7163565512766367
0.7680000000000003,0.7175274382911834
0.7690000000000003,0.7185202282398827
0.7700000000000004,0.719344212641568
0.7710000000000004,0.7199762910376484
0.7720000000000004,0.7204388353746077
0.7730000000000004,0.7208119600000001
0.7740000000000004,0.7211221521106213
0.7750000000000004,0.7213332135212591
0.7760000000000004,0.721509276478741
0.7770000000000004,0.7216623984687847
0.7780000000000004,0.72184473
0.7790000000000004,0.7219806923390234
0.7800000000000004,0.7220976438263087
0.7810000000000004,0.7222251874491276
0.7820000000000004,0.7223340889109892
0.7830000000000004,0.7224225406545065
0.7840000000000004,0.722487990898755
0.7850000000000004,0.7225329286518674
0.7860000000000004,0.722573279596492
0.7870000000000004,0.72260731
0.7880000000000004,0.7226272801812036
0.7890000000000004,0.7226454004970753
0.7900000000000004,0.7226619696686165
0.7910000000000004,0.7226773498461985
0.7920000000000004,0.72266728
0.7930000000000004,0.722655419680416
0.7940000000000004,0.722639440479376
0.7950000000000004,0.7225878810312103
0.7960000000000004,0.7224876299999999
0.7970000000000004,0.7223613885819857
0.7980000000000004,0.722219587097316
0.7990000000000004,0.7220744529026839
0.8000000000000004,0.7219093416511164
0.8010000000000004,0.7217207599999999
0.8020000000000004,0.7215064774226483
0.8030000000000004,0.7212487413832307
0.8040000000000004,0.7209615157445126
0.8050000000000004,0.7206568730464303
0.8060000000000004,0.7203769076968769
0.8070000000000004,0.7201465967217638
0.8080000000000004,0.7199826849173541
0.8090000000000004,0.7199271911098112
0.8100000000000004,0.71988779
0.8110000000000004,0.7198573896209962
0.8120000000000004,0.7198194899416024
0.8130000000000004,0.7198165700583976
0.8140000000000004,0.719806610099601
0.8150000000000004,0.71975648
0.8160000000000004,0.7197428299237992
0.8170000000000004,0.7197390200089996
0.8180000000000004,0.7197393199940003
0.8190000000000004,0.7197176802164021
0.8200000000000004,0.7196428787827878
0.8210000000000004,0.7195211563297834
0.8220000000000004,0.7193376455053246
0.8230000000000004,0.7191579317971358
0.8240000000000004,0.71899474
0.8250000000000004,0.7188546692596925
0.8260000000000004,0.7187806399416024
0.8270000000000004,0.7187777200583976
0.8280000000000004,0.7188385093920939
0.8290000000000004,0.7189753100000001
0.8300000000000004,0.7191780850652508
0.8310000000000004,0.7194313492245389
0.8320000000000004,0.7197388338503076
0.8330000000000004,0.7199788100000001
0.8340000000000004,0.7201862917959181
0.8350000000000004,0.7203658831946403
0.8360000000000004,0.7205256152080396
0.8370000000000004,0.7206643186129723
0.8380000000000004,0.72077638
0.8390000000000004,0.7208454603660074
0.8400000000000004,0.7208820614393281
0.8410000000000004,0.7209300390404481
0.8420000000000004,0.7210009092912929
0.8430000000000004,0.7211472419586197
0.8440000000000004,0.7213431045905705
0.8450000000000004,0.7215726331141443
0.8460000000000004,0.7218199350539507
0.8470000000000004,0.7219932700000001
0.8480000000000004,0.7221424613703138
0.8490000000000004,0.7222794914935403
0.8500000000000004,0.7223541685064598
0.8510000000000004,0.7223972695689956
0.8520000000000004,0.72240078
0.8530000000000004,0.7223152491601831
0.8540000000000004,0.7222312685678716
0.8550000000000004,0.7221835309547523
0.8560000000000004,0.7222059397758979
0.8570000000000004,0.7222980306365064
0.8580000000000004,0.7223616805317734
0.8590000000000004,0.7223882692023399
0.8600000000000004,0.7223646002367048
0.8610000000000004,0.7222312699999999
0.8620000000000004,0.72201519701977
0.8630000000000004,0.7217171720609173
0.8640000000000004,0.7213202179390823
0.8650000000000004,0.7208715744864447
0.8660000000000004,0.7203861499999998
0.8670000000000004,0.7201428367705676
0.8680000000000004,0.7199813658392079
0.8690000000000004,0.7198426727738613
0.8700000000000004,0.7195825599999998
0.8710000000000004,0.7190767443524433
0.8720000000000004,0.7185119889843505
0.8730000000000004,0.7179612065234736
0.8740000000000004,0.7175478941330825
0.8750000000000004,0.7170977599999998
0.8760000000000004,0.7165507605453104
0.8770000000000004,0.7156052807076639
0.8780000000000004,0.7142955361948897
0.8790000000000004,0.7127866850885503
0.8800000000000004,0.7111536299999994
0.8810000000000004,0.7099528149219535
0.8820000000000005,0.7091989126170689
0.8830000000000005,0.7089099957780577
0.8840000000000005,0.7091200400000001
0.8850000000000005,0.7092693993181932
0.8860000000000005,0.7092012068003277
0.8870000000000005,0.7085412231996717
0.8880000000000005,0.7074760906514059
0.8890000000000005,0.7063288699999994
0.8900000000000005,0.7051958303981075
0.8910000000000005,0.7042356396409174
0.8920000000000005,0.7032236702393876
0.8930000000000005,0.7021271109656091
0.8940000000000005,0.700805113289632
0.8950000000000005,0.6991340683848799
0.8960000000000005,0.6970533124226778
0.8970000000000005,0.694406716466128
0.8980000000000005,0.6908451899999982
0.8990000000000005,0.68690492820838
0.9000000000000005,0.6827257777774873
0.9010000000000005,0.6791146522225094
0.9020000000000005,0.6762709284370829
0.9030000000000005,0.6737964699999989
0.9040000000000005,0.6713954128547271
0.9050000000000005,0.6680381326752642
0.9060000000000005,0.6641273082164874
0.9070000000000005,0.659724284030338
0.9080000000000005,0.65519525720217
0.9090000000000005,0.6509154815845191
0.9100000000000005,0.6469947076232169
0.9110000000000005,0.6439238507083127
0.9120000000000005,0.6424114099999999
0.9130000000000005,0.6420760292596857
0.9140000000000005,0.6430020280311994
0.9150000000000005,0.6449364013125353
0.9160000000000005,0.6467922714413153
0.9170000000000005,0.6483760500000002
0.9180000000000005,0.6488808314900253
0.9190000000000005,0.6484553327649615
0.9200000000000005,0.6473905612958124
0.9210000000000005,0.6457160699999989
0.9220000000000005,0.6436493779650786
0.9230000000000005,0.6414458839418414
0.9240000000000005,0.6391429760581566
0.9250000000000005,0.6368960924688236
0.9260000000000005,0.634817839999999
0.9270000000000005,0.6329623359806189
0.9280000000000005,0.6315604213634315
0.9290000000000005,0.6309392024243785
0.9300000000000005,0.6309357900340004
0.9310000000000005,0.6316048089544906
0.9320000000000005,0.6335002729715528
0.9330000000000005,0.6361488505426742
0.9340000000000005,0.6395284424077257
0.9350000000000005,0.6438540200000022
0.9360000000000005,0.648797443035533
0.9370000000000005,0.6541010013335498
0.9380000000000005,0.6596676786664558
0.9390000000000005,0.6652233644431472
0.9400000000000005,0.6706373100000029
0.9410000000000005,0.6758677148819514
0.9420000000000005,0.6806117987253658
0.9430000000000005,0.6849026441830928
0.9440000000000005,0.6888231807947098
0.9450000000000005,0.6922837202240038
0.9460000000000005,0.6953061144186805
0.9470000000000005,0.6980270483719828
0.9480000000000005,0.7004289959806208
0.9490000000000005,0.7023351800000007
0.9500000000000005,0.7040430452959537
0.9510000000000005,0.7055726360067605
0.9520000000000005,0.706872973993241
0.9530000000000005,0.7079672690570911
0.9540000000000005,0.7089626200000004
0.9550000000000005,0.7098753049071496
0.9560000000000005,0.7106206610238491
0.9570000000000005,0.7113214559841012
0.9580000000000005,0.7119819500000003
0.9590000000000005,0.7125861057531578
0.9600000000000005,0.7131614207724617
0.9610000000000005,0.7137000438413081
0.9620000000000005,0.7141792752077044
0.9630000000000005,0.7145980000000002
0.9640000000000005,0.7150040939667796
0.9650000000000005,0.7154007714183293
0.9660000000000005,0.7157813823877808
0.9670000000000005,0.7161449163646638
0.9680000000000005,0.7165086938880391
0.9690000000000005,0.7168974964560774
0.9700000000000005,0.7172203003158844
0.9710000000000005,0.7175400236055363
0.9720000000000005,0.7178720800000001
0.9730000000000005,0.7181190816708168
0.9740000000000005,0.7182861618845247
0.9750000000000005,0.7183803881154754
0.9760000000000005,0.718400779796098
0.9770000000000005,0.7183398
0.9780000000000005,0.7182449088907777
0.9790000000000005,0.7181339875521223
0.9800000000000005,0.7180523916319184
0.9810000000000005,0.7179092814311142
0.9820000000000005,0.7176928467932678
0.9830000000000005,0.7173721721503923
0.9840000000000005,0.7169796917744111
0.9850000000000005,0.7165089847070939
0.9860000000000005,0.7159213999999997
0.9870000000000005,0.7153386436603363
0.9880000000000005,0.7147046760029595
0.9890000000000005,0.7140048239970398
0.9900000000000005,0.7131955080931806
0.9910000000000005,0.7123172899999994
0.9920000000000005,0.7113977520016196
0.9930000000000005,0.7104978301412924
0.9940000000000005,0.7095025399058041
0.9950000000000006,0.7084179499999993
0.9960000000000006,0.7072334173475727
0.9970000000000006,0.7059681758864049
0.9980000000000006,0.7047624961703909
0.9990000000000006,0.7035069025559505
1.0000000000000004,0.7022520899999994
1.0010000000000006,0.7010325199999992
1.0020000000000007,0.6997190099999989
1.0030000000000006,0.6980907899999989
1.0040000000000004,0.6964068782881702
1.0050000000000006,0.6943897599999986
1.0060000000000007,0.6924603599999991
1.0070000000000006,0.6911176399999993
1.0080000000000005,0.6897286199999991
1.0090000000000006,0.6877624943435646
1.0100000000000007,0.6859059299999988
1.0110000000000006,0.6840473999999986
1.0120000000000005,0.6820360399999992
1.0130000000000006,0.6802514199999993
1.0140000000000007,0.6790310220397953
1.0150000000000006,0.6782219399999995
1.0160000000000005,0.6774651399999996
1.0170000000000006,0.6765562899999997
1.0180000000000007,0.6759880799999998
1.0190000000000006,0.6757180969983
1.0200000000000005,0.6758460999999999
1.0210000000000006,0.67593139
1.0220000000000007,0.6759676900000001
1.0230000000000006,0.6760643700000001
1.0240000000000005,0.6763005900000001
1.0250000000000006,0.6764980599999998
1.0260000000000007,0.6762441999999996
1.0270000000000006,0.6757882799999998
1.0280000000000005,0.6753938799999999
1.0290000000000006,0.67506921
1.0300000000000007,0.6749650199999999
1.0310000000000006,0.6748668599999997
1.0320000000000005,0.6745719616008398
1.0330000000000006,0.6742879699999998
1.0340000000000007,0.67404944
1.0350000000000006,0.6740756
1.0360000000000005,0.67417079
1.0370000000000006,0.6741615574442557
1.0380000000000007,0.6742360000000002
1.0390000000000006,0.6745047000000001
1.0400000000000005,0.6748562500000003
1.0410000000000006,0.6754131300000005
1.0420000000000007,0.6761561456984306
1.0430000000000006,0.6771108500000007
1.0440000000000005,0.6781227600000004
1.0450000000000006,0.6789645600000006
1.0460000000000007,0.6797529500000007
1.0470000000000006,0.6807806672282778
1.0480000000000005,0.6818418500000004
1.0490000000000006,0.6829218300000004
1.0500000000000007,0.6839656200000007
1.0510000000000006,0.6849647200000006
1.0520000000000005,0.6859763300000004
1.0530000000000006,0.6868079300000004
1.0540000000000007,0.6875110900000005
1.0550000000000006,0.6883689049415064
1.0560000000000005,0.6894183200000005
1.0570000000000006,0.6903204900000004
1.0580000000000007,0.6910017100000005
1.0590000000000006,0.6918523900000004
1.0600000000000005,0.6929759814128592
1.0610000000000006,0.6939901100000005
1.0620000000000007,0.6947764200000005
1.0630000000000006,0.6956324600000007
1.0640000000000005,0.6965730200000003
1.0650000000000006,0.6974057367283276
1.0660000000000007,0.6980829200000005
1.0670000000000006,0.6986406400000004
1.0680000000000005,0.6991764300000002
1.0690000000000006,0.6996105300000002
1.0700000000000007,0.6999633547175285
1.0710000000000006,0.7002509200000002
1.0720000000000005,0.7005215900000001
1.0730000000000006,0.7008091800000003
1.0740000000000007,0.7012118700000003
1.0750000000000006,0.7017465200000005
1.0760000000000005,0.7023631300000003
1.0770000000000006,0.7029448700000004
1.0780000000000007,0.703507194324568
1.0790000000000006,0.7041504400000006
1.0800000000000005,0.7049575400000003
1.0810000000000006,0.7056836500000002
1.0820000000000007,0.7060964700000002
1.0830000000000006,0.7064956979422061
1.0840000000000005,0.7070751200000003
1.0850000000000006,0.7077220700000004
1.0860000000000007,0.7083388000000005
1.0870000000000006,0.7088415600000002
1.0880000000000005,0.7092572084351567
1.0890000000000006,0.7097612600000003
1.0900000000000007,0.7103026500000004
1.0910000000000006,0.7107288800000003
1.0920000000000005,0.7111920700000002
1.0930000000000006,0.7116791712898712
1.0940000000000007,0.7120831000000002
1.0950000000000006,0.7123794600000002
1.0960000000000005,0.7126609700000001
1.0970000000000006,0.7128741700000001
1.0980000000000008,0.71302664
1.0990000000000006,0.71308291
1.1000000000000005,0.71316206
1.1010000000000006,0.7131637899999999
1.1020000000000008,0.7130700299999999
1.1030000000000006,0.7128203499999998
1.1040000000000005,0.7125473599999999
1.1050000000000006,0.7123845799999999
1.1060000000000008,0.7122555733356662
1.1070000000000007,0.7119889299999997
1.1080000000000005,0.7116313599999998
1.1090000000000007,0.7112244399999996
1.1100000000000008,0.7107472399999998
1.1110000000000007,0.7103992500169982
1.1120000000000005,0.7101994199999999
1.1130000000000007,0.7100025999999999
1.1140000000000008,0.70991576
1.1150000000000007,0.7098340999999999
1.1160000000000005,0.7097684165683431
1.1170000000000007,0.7096906299999999
1.1180000000000008,0.7095752399999999
1.1190000000000007,0.7094653199999998
1.1200000000000006,0.7093214399999999
1.1210000000000007,0.7091807240715928
1.1220000000000008,0.7088122999999997
1.1230000000000007,0.7083014799999995
1.1240000000000006,0.7075284099999997
1.1250000000000007,0.7066782099999992
1.1260000000000008,0.7055797599999989
1.1270000000000007,0.704381349999999
1.1280000000000006,0.7029125699999987
1.1290000000000007,0.7011601652724713
1.1300000000000008,0.6991128899999975
1.1310000000000007,0.6964123199999981
1.1320000000000006,0.6935828299999985
1.1330000000000007,0.6904551399999977
1.1340000000000008,0.6871124917228245
1.1350000000000007,0.6827297199999971
1.1360000000000006,0.6783835899999968
1.1370000000000007,0.6736137299999968
1.1380000000000008,0.6688146599999943
1.1390000000000007,0.6624643550304931
1.1400000000000006,0.6560774999999957
1.1410000000000007,0.6495817899999958
1.1420000000000008,0.6432036199999952
1.1430000000000007,0.6360576199999951
1.1440000000000006,0.6287477209898966
1.1450000000000007,0.6222253399999959
1.1460000000000008,0.6161063899999948
1.1470000000000007,0.6102484499999963
1.1480000000000006,0.6046127699999969
1.1490000000000007,0.5999603899999976
1.1500000000000008,0.596316519999997
1.1510000000000007,0.5930039299999981
1.1520000000000006,0.5901700899999989
1.1530000000000007,0.5876768799999988
1.1540000000000008,0.5859593199999987
1.1550000000000007,0.5841817299999986
1.1560000000000006,0.5821191099999987
1.1570000000000007,0.5800408715038479
1.1580000000000008,0.5776559099999979
1.1590000000000007,0.5752636199999978
1.1600000000000006,0.5718684799999978
1.1610000000000007,0.5684786399999977
1.1620000000000008,0.5649501788561118
1.1630000000000007,0.5614387399999973
1.1640000000000006,0.5572938299999981
1.1650000000000007,0.5530276899999974
1.1660000000000008,0.5491643499999966
1.1670000000000007,0.5454638100539924
1.1680000000000006,0.5417548399999975
1.1690000000000007,0.5380504099999978
1.1700000000000008,0.5346420399999973
1.1710000000000007,0.5314940199999979
1.1720000000000006,0.5282807013318649
1.1730000000000007,0.5249788799999978
1.1740000000000008,0.5217136699999979
1.1750000000000007,0.5185059899999976
1.1760000000000006,0.5150864099999973
1.1770000000000007,0.5110284099999972
1.1780000000000008,0.5068857699999959
1.1790000000000007,0.5022572299999969
1.1800000000000006,0.49752507461353557
1.1810000000000007,0.4913712099999959
1.1820000000000008,0.4852282699999949
1.1830000000000007,0.47947647999999615
1.1840000000000006,0.4737428699999974
1.1850000000000007,0.46790869649834593
1.1860000000000008,0.4620736799999962
1.1870000000000007,0.4578376699999974
1.1880000000000006,0.45400443999999807
1.1890000000000007,0.45112716999999836
1.1900000000000008,0.4486436083561623
1.1910000000000007,0.44747408999999966
1.1920000000000006,0.4470927700000001
1.1930000000000007,0.4472861900000004
1.1940000000000008,0.4479701800000006
1.1950000000000007,0.4486460924087597
1.1960000000000006,0.44929263000000036
1.1970000000000007,0.44975206000000006
1.1980000000000008,0.44982227999999985
1.1990000000000007,0.4496058499999993
1.2000000000000006,0.44862082999999925
1.2010000000000007,0.4474402999999982
1.2020000000000008,0.44540172999999816
1.2030000000000007,0.44331201272472576
1.2040000000000006,0.44083925999999835
1.2050000000000007,0.43834793999999827
1.2060000000000008,0.4357234499999977
1.2070000000000007,0.43310784999999896
1.2080000000000006,0.43148362818418046
1.2090000000000007,0.4299654699999997
1.2100000000000009,0.4294808799999998
1.2110000000000007,0.42921731000000085
1.2120000000000006,0.43014070000000093
1.2130000000000007,0.4314596781021909
1.2140000000000009,0.43418169000000306
1.2150000000000007,0.4376100000000028
1.2160000000000006,0.441713600000003
1.2170000000000007,0.44628403000000383
1.2180000000000009,0.4520021881841863
1.2190000000000007,0.4588455600000046
1.2200000000000006,0.4657422900000046
1.2210000000000008,0.4726632200000066
1.2220000000000009,0.4801084400000075
1.2230000000000008,0.4885424700000073
1.2240000000000006,0.4967284800000049
1.2250000000000008,0.504123810000005
1.2260000000000009,0.511610510000007
1.2270000000000008,0.5195205200000051
1.2280000000000006,0.5272431400000043
1.2290000000000008,0.5336298900000043
1.2300000000000009,0.5399760600000058
1.2310000000000008,0.5464613911028944
1.2320000000000007,0.5528724200000034
1.2330000000000008,0.5578946500000044
1.2340000000000009,0.5627386600000042
1.2350000000000008,0.5674448000000032
1.2360000000000007,0.5720730534636563
1.2370000000000008,0.5758076900000023
1.2380000000000009,0.5792977200000031
1.2390000000000008,0.5828017000000023
1.2400000000000007,0.586278500000002
1.2410000000000008,0.5893319146585366
1.2420000000000009,0.5921499700000026
1.2430000000000008,0.5949814900000026
1.2440000000000007,0.5978217100000017
1.2450000000000008,0.6004642200000017
1.2460000000000009,0.6028954968723148
1.2470000000000008,0.6053390500000017
1.2480000000000007,0.6077741400000015
1.2490000000000008,0.6100932400000014
1.2500000000000009,0.6121884600000019
1.2510000000000008,0.6143175400000022
1.2520000000000007,0.6166688800000015
1.2530000000000008,0.6189652100000019
1.254000000000001,0.6210286860503968
1.2550000000000008,0.6230891900000018
1.2560000000000007,0.6252656000000014
1.2570000000000008,0.6274150000000013
1.258000000000001,0.6294291600000018
1.2590000000000008,0.631438357356266
1.2600000000000007,0.6336119200000014
1.2610000000000008,0.6357578000000016
1.262000000000001,0.6375471400000016
1.2630000000000008,0.6392861600000016
1.2640000000000007,0.6410937292430768
1.2650000000000008,0.6428783500000014
1.266000000000001,0.6444193100000012
1.2670000000000008,0.645852090000001
1.2680000000000007,0.6473093600000009
1.2690000000000008,0.6487644044955516
1.270000000000001,0.650067810000001
1.2710000000000008,0.651224910000001
1.2720000000000007,0.6523051300000007
1.2730000000000008,0.6533307400000009
1.274000000000001,0.6542929400000008
1.2750000000000008,0.6551912400000007
1.2760000000000007,0.6560404300000005
1.2770000000000008,0.6567695700000005
1.278000000000001,0.6574736800000005
1.2790000000000008,0.6580462500000004
1.2800000000000007,0.6585886500000004
1.2810000000000008,0.6591771200000005
1.282000000000001,0.6597588041625843
1.2830000000000008,0.6603004300000004
1.2840000000000007,0.6608480200000003
1.2850000000000008,0.6613997800000004
1.286000000000001,0.6619224000000004
1.2870000000000008,0.6623439024577545
1.2880000000000007,0.6627684800000003
1.2890000000000008,0.6633169100000004
1.290000000000001,0.6638740900000004
1.2910000000000008,0.6643169500000005
1.2920000000000007,0.6647554161533848
1.2930000000000008,0.6652113200000004
1.294000000000001,0.6656395800000003
1.2950000000000008,0.6660475700000004
1.2960000000000007,0.6664713600000003
1.2970000000000008,0.6669626308729132
1.298000000000001,0.6674857100000005
1.2990000000000008,0.6679475900000003
1.3000000000000007,0.6683476600000003
1.3010000000000008,0.6688329000000006
1.302000000000001,0.6694188100000007
1.3030000000000008,0.6700416200000004
1.3040000000000007,0.6706875000000004
1.3050000000000008,0.6713358231506853
1.306000000000001,0.6719673300000005
1.3070000000000008,0.6725851300000005
1.3080000000000007,0.6732167600000004
1.3090000000000008,0.6738668700000005
1.310000000000001,0.6745396329897017
1.3110000000000008,0.6751695300000006
1.3120000000000007,0.6757784500000006
1.3130000000000008,0.6764187800000004
1.314000000000001,0.6770461200000005
1.3150000000000008,0.6776234522667738
1.3160000000000007,0.6780982600000004
1.3170000000000008,0.6785708100000004
1.318000000000001,0.6790236200000004
1.3190000000000008,0.6794458600000003
1.3200000000000007,0.6797772868573145
1.3210000000000008,0.6800937700000004
1.322000000000001,0.6804457300000004
1.3230000000000008,0.6807995400000001
1.3240000000000007,0.6809836
1.3250000000000008,0.6811012000000001
1.326000000000001,0.6812500400000002
1.3270000000000008,0.6814233100000001
1.3280000000000007,0.6815250579982002
1.3290000000000008,0.6816050400000001
1.330000000000001,0.6816933800000001
1.3310000000000008,0.68175977
1.3320000000000007,0.68179536
1.3330000000000009,0.6818041649815016
1.334000000000001,0.6816539799999998
1.3350000000000009,0.6813564299999998
1.3360000000000007,0.6810461299999997
1.3370000000000009,0.6806713299999996
1.338000000000001,0.6801927578572138
1.3390000000000009,0.6795101799999993
1.3400000000000007,0.6787553399999994
1.3410000000000009,0.677795529999999
1.342000000000001,0.6766762099999982
1.3430000000000009,0.6750646611548833
1.3440000000000007,0.6732966899999986
1.3450000000000009,0.6710556099999977
1.346000000000001,0.6684710999999959
1.3470000000000009,0.6647567699999964
1.3480000000000008,0.6607254699999969
1.3490000000000009,0.6559842199999953
1.350000000000001,0.650708439999994
1.3510000000000009,0.6437996599999936
1.3520000000000008,0.6365365399999933
1.3530000000000009,0.6289590599999948
1.354000000000001,0.6211078199999921
1.3550000000000009,0.612206579999992
1.3560000000000008,0.6031760180281913
1.3570000000000009,0.5950562999999931
1.358000000000001,0.5873035799999934
1.3590000000000009,0.5797962499999936
1.3600000000000008,0.5725412999999964
1.3610000000000009,0.5669603730786874
1.362000000000001,0.561991159999995
1.3630000000000009,0.5574767599999971
1.3640000000000008,0.5530981999999975
1.3650000000000009,0.549510959999997
1.366000000000001,0.5461399371022861
1.3670000000000009,0.5424583599999966
1.3680000000000008,0.5385853599999975
1.3690000000000009,0.5347350199999965
1.370000000000001,0.5308493399999961
1.3710000000000009,0.5264132836056358
1.3720000000000008,0.5215858799999958
1.3730000000000009,0.5169804699999971
1.374000000000001,0.512594579999996
1.3750000000000009,0.508098479999996
1.3760000000000008,0.5035577399999962
1.377000000000001,0.49933194999999586
1.378000000000001,0.4955858899999966
1.379000000000001,0.49180290026896945
1.3800000000000008,0.48790558999999667
1.381000000000001,0.484170939999997
1.382000000000001,0.48077588999999604
1.383000000000001,0.47720428999999637
1.3840000000000008,0.47311661614138295
1.385000000000001,0.46907802999999665
1.386000000000001,0.4653021399999957
1.387000000000001,0.46145891999999566
1.3880000000000008,0.45758336999999766
1.389000000000001,0.4540447238646106
1.390000000000001,0.4515302799999976
1.391000000000001,0.44939001999999906
1.3920000000000008,0.44829666999999956
1.393000000000001,0.44776762000000064
1.394000000000001,0.44852410435156564
1.395000000000001,0.4497808500000022
1.3960000000000008,0.45222241000000246
1.397000000000001,0.45496967000000327
1.398000000000001,0.45792329000000265
1.399000000000001,0.4609138100000027
1.4000000000000008,0.4640038900000026
1.4010000000000007,0.46692294000000134
1.402000000000001,0.4689379300000018
1.403000000000001,0.47053671000000075
1.4040000000000008,0.47136524000000035
1.4050000000000007,0.4718541199999997
1.406000000000001,0.47147380999999927
1.407000000000001,0.4708091727377252
1.4080000000000008,0.4697365499999992
1.4090000000000007,0.46858924999999935
1.410000000000001,0.46763002999999914
1.411000000000001,0.46686186999999973
1.4120000000000008,0.4665529095560444
1.4130000000000007,0.4665484700000004
1.414000000000001,0.46715578000000085
1.415000000000001,0.46809894000000135
1.4160000000000008,0.4696046400000017
1.4170000000000007,0.47146638382561856
1.418000000000001,0.4733530300000016
1.419000000000001,0.47519284000000167
1.4200000000000008,0.47707206000000163
1.4210000000000007,0.478864970000001
1.422000000000001,0.4803346430326983
1.423000000000001,0.4814151800000007
1.4240000000000008,0.4822584400000004
1.4250000000000007,0.4828441100000003
1.426000000000001,0.48330677000000033
1.427000000000001,0.4836018100000003
1.4280000000000008,0.4838358800000002
1.4290000000000007,0.4841306500000003
1.430000000000001,0.4845144816398366
1.431000000000001,0.48513088000000065
1.4320000000000008,0.48590788000000107
1.4330000000000007,0.4871177700000009
1.434000000000001,0.4884379500000014
1.435000000000001,0.48997768046395523
1.4360000000000008,0.49168232000000195
1.4370000000000007,0.49386972000000195
1.438000000000001,0.4960798600000019
1.439000000000001,0.498244970000002
1.4400000000000008,0.5005064138556163
1.4410000000000007,0.5030313700000022
1.442000000000001,0.5055022800000024
1.443000000000001,0.507738410000002
1.4440000000000008,0.5100163800000024
1.4450000000000007,0.5125951021277895
1.446000000000001,0.5151790400000027
1.447000000000001,0.5176038100000027
1.4480000000000008,0.5200319900000018
1.4490000000000007,0.5226628800000018
1.450000000000001,0.5252933500000027
1.451000000000001,0.5277006000000026
1.4520000000000008,0.5300588000000022
1.4530000000000007,0.5324755253494668
1.454000000000001,0.5348290200000022
1.455000000000001,0.5368192200000017
1.4560000000000008,0.5387073800000015
1.4570000000000007,0.5405117900000016
1.458000000000001,0.5422396922317785
1.459000000000001,0.5436620100000013
1.4600000000000009,0.5450387600000014
1.4610000000000007,0.5466160200000014
1.462000000000001,0.5482413200000018
1.463000000000001,0.5498311110208995
1.4640000000000009,0.5514830900000018
1.4650000000000007,0.5535610300000015
1.466000000000001,0.5557679500000026
1.467000000000001,0.5580353100000025
1.4680000000000009,0.5603093026007417
1.4690000000000007,0.5629571700000019
1.470000000000001,0.5657120900000028
1.471000000000001,0.5682430300000026
1.4720000000000009,0.5706907500000024
1.4730000000000008,0.5732930900000017
1.474000000000001,0.5759018700000026
1.475000000000001,0.5781703600000019
1.4760000000000009,0.580281850000002
1.4770000000000008,0.582484130000002
1.478000000000001,0.5847275300000017
1.479000000000001,0.5866554400000016
1.4800000000000009,0.5884419100000017
1.4810000000000008,0.5902835748695143
1.482000000000001,0.5921322700000018
1.483000000000001,0.5937096500000012
1.4840000000000009,0.5950924800000011
1.4850000000000008,0.5963591900000008
1.486000000000001,0.5975661590940916
1.487000000000001,0.5984571000000006
1.4880000000000009,0.5990992200000004
1.4890000000000008,0.5995943500000003
1.490000000000001,0.5999834500000002
1.491000000000001,0.6001431140335968
1.4920000000000009,0.60017085
1.4930000000000008,0.600182
1.494000000000001,0.60017312
1.495000000000001,0.60015202
1.4960000000000009,0.6001613690650935
1.4970000000000008,0.6002782600000002
1.498000000000001,0.6005231100000002
1.499000000000001,0.6008150600000003
1.5000000000000009,0.6011523600000005
1.5010000000000008,0.6015924800000005
1.5020000000000011,0.6021651000000009
1.503000000000001,0.6028562200000008
1.504000000000001,0.6036704522407768
1.5050000000000008,0.604592860000001
1.5060000000000011,0.6056678900000012
1.507000000000001,0.6067489400000012
1.508000000000001,0.607817650000001
1.5090000000000008,0.608952227999201
1.5100000000000011,0.6101322200000012
1.511000000000001,0.611210640000001
1.512000000000001,0.612147030000001
1.5130000000000008,0.6130279300000006
1.5140000000000011,0.6137876340295978
1.515000000000001,0.6144207100000004
1.516000000000001,0.6147964000000002
1.5170000000000008,0.6150463200000001
1.5180000000000011,0.61512882
1.519000000000001,0.6151252403579642
1.520000000000001,0.6149657399999998
1.5210000000000008,0.6147243399999996
1.5220000000000011,0.6143138399999994
1.523000000000001,0.6138676399999996
1.524000000000001,0.6133794199999996
1.5250000000000008,0.6128307599999995
1.5260000000000011,0.6121799899999993
1.527000000000001,0.6115506899999993
1.528000000000001,0.6109719899999995
1.5290000000000008,0.6103765999999995
1.5300000000000011,0.6097403799999993
1.531000000000001,0.6091080299999994
1.532000000000001,0.6085261146625331
1.5330000000000008,0.6079727399999998
1.5340000000000011,0.6075806599999997
1.535000000000001,0.6072626099999999
1.536000000000001,0.6071561
1.5370000000000008,0.6072088992460758
1.5380000000000011,0.6077013600000007
1.539000000000001,0.6083897400000011
1.540000000000001,0.6095772400000014
1.5410000000000008,0.611057280000002
1.5420000000000011,0.6132753681911832
1.543000000000001,0.6155865200000022
1.544000000000001,0.6181061300000025
1.5450000000000008,0.6208229100000028
1.5460000000000012,0.6238941000000033
1.547000000000001,0.6268515042595771
1.548000000000001,0.6294851900000024
1.5490000000000008,0.6321080900000017
1.5500000000000012,0.6346663800000026
1.551000000000001,0.637042110000002
1.552000000000001,0.638882990000002
1.5530000000000008,0.6406791800000011
1.5540000000000012,0.6423454900000016
1.555000000000001,0.6438660569333078
1.556000000000001,0.645035390000001
1.5570000000000008,0.6462045300000011
1.5580000000000012,0.6473987700000012
1.559000000000001,0.6485157000000008
1.560000000000001,0.6494576690120998
1.5610000000000008,0.650447790000001
1.5620000000000012,0.6515730600000015
1.563000000000001,0.6526678800000009
1.564000000000001,0.6536612500000009
1.5650000000000008,0.6546638797370271
1.5660000000000012,0.6556938900000013
1.567000000000001,0.656680350000001
1.568000000000001,0.6575430000000008
1.5690000000000008,0.6584062600000008
1.5700000000000012,0.6592405765683442
1.571000000000001,0.6600161200000007
1.572000000000001,0.6606397000000006
1.5730000000000008,0.6612134600000004
1.5740000000000012,0.6617256400000006
1.575000000000001,0.6621864400000004
1.576000000000001,0.6625257700000003
1.5770000000000008,0.6628644500000004
1.5780000000000012,0.6631924770102994
1.579000000000001,0.6634625800000002
1.580000000000001,0.6636185100000002
1.5810000000000008,0.6637867100000002
1.5820000000000012,0.6639916900000002
1.583000000000001,0.664164969321068
1.584000000000001,0.6642581800000001
1.5850000000000009,0.6643534300000001
1.5860000000000012,0.66442633
1.587000000000001,0.66444492
1.588000000000001,0.6644096435276472
1.5890000000000009,0.6643310199999999
1.5900000000000012,0.6641650799999999
1.591000000000001,0.6640155299999999
1.592000000000001,0.6638767699999999
1.5930000000000009,0.6637395137256273
1.5940000000000012,0.6636300099999998
1.595000000000001,0.6634606099999997
1.596000000000001,0.6632087799999998
1.5970000000000009,0.6629958699999999
1.5980000000000012,0.6628188499999997
1.599000000000001,0.6626324099999997
1.600000000000001,0.6624175899999998
1.6010000000000009,0.6621674899999997
1.6020000000000012,0.6618791199999996
1.603000000000001,0.6615782999999997
1.604000000000001,0.6612563699999996
1.6050000000000009,0.6608142899999995
1.6060000000000012,0.6602268079692022
1.607000000000001,0.659506499999999
1.608000000000001,0.6586252999999989
1.6090000000000009,0.6572599399999983
1.6100000000000012,0.6554043899999975
1.611000000000001,0.6531967374562514
1.612000000000001,0.6506712999999964
1.6130000000000009,0.6473723599999973
1.6140000000000012,0.6434255799999955
1.615000000000001,0.6393277599999954
1.616000000000001,0.6351426885071448
1.6170000000000009,0.6304892299999957
1.6180000000000012,0.6255630299999951
1.619000000000001,0.6211934699999956
1.620000000000001,0.6172026399999967
1.6210000000000009,0.6135006701969773
1.6220000000000012,0.6099995999999966
1.623000000000001,0.6074703899999983
1.624000000000001,0.6054744699999988
1.6250000000000009,0.604050759999999
1.6260000000000012,0.6029072399999992
1.6270000000000011,0.6023607899999995
1.628000000000001,0.60205519
1.629000000000001,0.6020345791960805
1.6300000000000012,0.6021265400000001
1.6310000000000011,0.6022171400000002
1.632000000000001,0.60228777
1.633000000000001,0.60230386
1.6340000000000012,0.6023006335456454
1.6350000000000011,0.6022360899999999
1.636000000000001,0.6021441199999997
1.637000000000001,0.6019678699999997
1.6380000000000012,0.6017788099999997
1.6390000000000011,0.6015007778032194
1.640000000000001,0.6012076699999995
1.641000000000001,0.6008216699999996
1.6420000000000012,0.6004158299999994
1.6430000000000011,0.6000180799999996
1.644000000000001,0.599618829925007
1.645000000000001,0.5989953899999995
1.6460000000000012,0.5983404499999991
1.6470000000000011,0.597634849999999
1.648000000000001,0.5969229899999992
1.649000000000001,0.595891359999999
1.6500000000000012,0.5948252099999984
1.6510000000000011,0.5936621999999986
1.652000000000001,0.5924774999999984
1.653000000000001,0.5910417999999987
1.6540000000000012,0.5895941899999984
1.6550000000000011,0.5881287499999983
1.656000000000001,0.5866390499999982
1.657000000000001,0.5849741862583726
1.6580000000000013,0.5833367699999984
1.6590000000000011,0.5819024999999983
1.660000000000001,0.5804412999999983
1.661000000000001,0.5788516999999986
1.6620000000000013,0.5773162096700315
1.6630000000000011,0.5760129099999985
1.664000000000001,0.5746687099999986
1.665000000000001,0.5731999899999988
1.6660000000000013,0.5717823499999983
1.6670000000000011,0.5704922190130973
1.668000000000001,0.5690609799999985
1.669000000000001,0.5673199899999984
1.6700000000000013,0.5655428199999976
1.6710000000000012,0.5636880999999976
1.672000000000001,0.5615889099190058
1.673000000000001,0.5591009899999977
1.6740000000000013,0.5564727799999969
1.6750000000000012,0.5536405399999961
1.676000000000001,0.5501817499999954
1.677000000000001,0.5459656699999946
1.6780000000000013,0.5412146999999942
1.6790000000000012,0.535922169999992
1.680000000000001,0.5287475708239093
1.681000000000001,0.519955809999991
1.6820000000000013,0.5098369099999852
1.6830000000000012,0.4987686899999843
1.684000000000001,0.48460599999998577
1.685000000000001,0.4685624860213827
1.6860000000000013,0.45252269999997863
1.6870000000000012,0.43647872999997694
1.688000000000001,0.4191769399999842
1.689000000000001,0.401341469999987
1.6900000000000013,0.3867084133056508
1.6910000000000012,0.3730971799999844
1.692000000000001,0.3613892199999875
1.693000000000001,0.3501340399999937
1.6940000000000013,0.3430981599999916
1.6950000000000012,0.33681952786320574
1.696000000000001,0.33202155999999483
1.697000000000001,0.32738092999999613
1.6980000000000013,0.3238955999999961
1.6990000000000012,0.3204616299999958
1.700000000000001,0.3166694599999958
1.701000000000001,0.3128631999999964
1.7020000000000013,0.30963313999999564
1.7030000000000012,0.3064035203669598
1.704000000000001,0.30340718999999683
1.705000000000001,0.3005494799999984
1.7060000000000013,0.2987709899999978
1.7070000000000012,0.29710795999999856
1.708000000000001,0.2960178189501038
1.709000000000001,0.29500731999999935
1.7100000000000013,0.29427527999999875
1.7110000000000012,0.2933743599999982
1.712000000000001,0.29202407999999824
1.713000000000001,0.29043418898909945
1.7140000000000013,0.28836187999999663
1.7150000000000012,0.2858052299999963
1.716000000000001,0.28245463999999615
1.717000000000001,0.278989639999996
1.7180000000000013,0.2753867502889665
1.7190000000000012,0.27143489999999526
1.720000000000001,0.2671132099999956
1.721000000000001,0.263169589999996
1.7220000000000013,0.2595502099999954
1.7230000000000012,0.25610836999999625
1.724000000000001,0.25277891999999735
1.725000000000001,0.2503896999999983
1.7260000000000013,0.24850396999999852
1.7270000000000012,0.24740421999999898
1.728000000000001,0.24662761000000039
1.729000000000001,0.24707149000000073
1.7300000000000013,0.24789919000000282
1.7310000000000012,0.25003264343665915
1.732000000000001,0.2524670100000037
1.733000000000001,0.2558350900000031
1.7340000000000013,0.25935459000000666
1.7350000000000012,0.26437533000000574
1.736000000000001,0.2695347803229738
1.737000000000001,0.27473801000000586
1.7380000000000013,0.280041430000007
1.7390000000000012,0.28633919000000696
1.740000000000001,0.29260540000000634
1.741000000000001,0.29830139040096587
1.7420000000000013,0.3041502800000085
1.7430000000000012,0.3105449400000068
1.744000000000001,0.31670138000000586
1.745000000000001,0.32200825000000466
1.7460000000000013,0.32722781804320233
1.7470000000000012,0.33221442000000573
1.748000000000001,0.33650243000000274
1.749000000000001,0.33956912000000206
1.7500000000000013,0.3418603200000017
1.7510000000000012,0.3431411400000002
1.7520000000000011,0.34328269999999866
1.753000000000001,0.3422810099999979
1.7540000000000013,0.33992936025197007
1.7550000000000012,0.33653187999999473
1.7560000000000011,0.33257120999999523
1.757000000000001,0.3282667399999948
1.7580000000000013,0.32355191999999344
1.7590000000000012,0.31863357649334645
1.7600000000000011,0.3149985099999964
1.761000000000001,0.3117281499999979
1.7620000000000013,0.30988063999999754
1.7630000000000012,0.3082920600000008
1.7640000000000011,0.3090331658894118
1.765000000000001,0.3100246200000039
1.7660000000000013,0.31355730000000487
1.7670000000000012,0.3172324600000064
1.7680000000000011,0.32201743000000554
1.769000000000001,0.327009800762929
1.7700000000000014,0.3333504200000083
1.7710000000000012,0.3395929600000076
1.7720000000000011,0.3453044000000077
1.773000000000001,0.35108310000000525
1.7740000000000014,0.3569941800000072
1.7750000000000012,0.3624174900000059
1.7760000000000011,0.3668538600000048
1.777000000000001,0.37119204000000466
1.7780000000000014,0.37538588000000483
1.7790000000000012,0.3790075200000033
1.7800000000000011,0.3820231000000033
1.781000000000001,0.38495886000000323
1.7820000000000014,0.3878376515918442
1.7830000000000013,0.3902535700000024
1.7840000000000011,0.39241648000000223
1.785000000000001,0.39442614000000215
1.7860000000000014,0.39637968000000207
1.7870000000000013,0.3979103231346882
1.7880000000000011,0.39934167000000126
1.789000000000001,0.400485660000001
1.7900000000000014,0.4015939800000008
1.7910000000000013,0.4021720900000007
1.7920000000000011,0.40271151605739486
1.793000000000001,0.40279496000000004
1.7940000000000014,0.4028318199999996
1.7950000000000013,0.4025444399999997
1.7960000000000012,0.40231847999999953
1.797000000000001,0.40190501134686485
1.7980000000000014,0.401138539999999
1.7990000000000013,0.40037136999999906
1.8000000000000012,0.3995123799999987
1.801000000000001,0.3983761699999987
1.8020000000000014,0.3972308299999986
1.8030000000000013,0.3963373899999991
1.8040000000000012,0.39553108999999914
1.805000000000001,0.3947757791580836
1.8060000000000014,0.3941673599999993
1.8070000000000013,0.3936441499999995
1.8080000000000012,0.3932640599999995
1.809000000000001,0.3928045599999994
1.8100000000000014,0.3921290187591231
1.8110000000000013,0.39141660999999894
1.8120000000000012,0.39062904999999887
1.813000000000001,0.3898027199999991
1.8140000000000014,0.3887755299999983
1.8150000000000013,0.38752309524347406
1.8160000000000012,0.38626402999999826
1.817000000000001,0.38498019999999855
1.8180000000000014,0.383666129999998
1.8190000000000013,0.38217201999999806
1.8200000000000012,0.38070582661933616
1.821000000000001,0.37952067999999883
1.8220000000000014,0.37845634999999855
1.8230000000000013,0.377511529999999
1.8240000000000012,0.37660034999999925
1.825000000000001,0.37593772999999975
1.8260000000000014,0.37569626999999994
1.8270000000000013,0.37567332000000064
1.8280000000000012,0.37618041689031173
1.829000000000001,0.37684932000000143
1.8300000000000014,0.378145250000002
1.8310000000000013,0.3796457900000028
1.8320000000000012,0.3817587800000032
1.833000000000001,0.3841223940266001
1.8340000000000014,0.3864626600000032
1.8350000000000013,0.3888542100000032
1.8360000000000012,0.3912622900000034
1.837000000000001,0.3938138800000025
1.8380000000000014,0.3960720741805853
1.8390000000000013,0.39754960000000167
1.8400000000000012,0.39884517000000075
1.841000000000001,0.39950445000000057
1.8420000000000014,0.39999047000000026
1.8430000000000013,0.40018083096390383
1.8440000000000012,0.40019771000000026
1.845000000000001,0.40043640000000047
1.8460000000000014,0.400826660000001
1.8470000000000013,0.4014615700000016
1.8480000000000012,0.40267870000000167
1.849000000000001,0.40415928000000295
1.8500000000000014,0.4067972000000038
1.8510000000000013,0.40961030000000453
1.8520000000000012,0.41304433000000496
1.853000000000001,0.4167443500000037
1.8540000000000014,0.4209507400000062
1.8550000000000013,0.4256137900000057
1.8560000000000012,0.4298903310498995
1.857000000000001,0.4337008300000041
1.8580000000000014,0.4373903900000045
1.8590000000000013,0.44075713000000416
1.8600000000000012,0.44386351000000207
1.861000000000001,0.4457026213218697
1.8620000000000014,0.4473158400000017
1.8630000000000013,0.44840324000000087
1.8640000000000012,0.4492209600000005
1.865000000000001,0.4496503499999999
1.8660000000000014,0.44961354368063183
1.8670000000000013,0.4495009499999994
1.8680000000000012,0.44905974999999954
1.869000000000001,0.44868447999999966
1.8700000000000014,0.4483818099999996
1.8710000000000013,0.4480701111698826
1.8720000000000012,0.4477076199999995
1.873000000000001,0.4473414399999997
1.8740000000000014,0.4470574299999997
1.8750000000000013,0.4468483299999999
1.8760000000000012,0.44675526000000004
1.8770000000000011,0.44677806000000003
1.8780000000000014,0.4468000200000002
1.8790000000000013,0.4469083305169485
1.8800000000000012,0.4470135000000002
1.8810000000000011,0.4471556500000001
1.8820000000000014,0.44726428
1.8830000000000013,0.44727354999999996
1.8840000000000012,0.44724030243075674
1.8850000000000011,0.4470646099999997
1.8860000000000015,0.44680043999999935
1.8870000000000013,0.446379149999999
1.8880000000000012,0.44574820999999915
1.8890000000000011,0.44499869495150407
1.8900000000000015,0.44387545999999833
1.8910000000000013,0.44280167999999853
1.8920000000000012,0.4417335999999985
1.8930000000000011,0.44064110999999867
1.8940000000000015,0.4394467194390543
1.8950000000000014,0.4382390999999985
1.8960000000000012,0.4371408199999986
1.8970000000000011,0.4361152399999987
1.8980000000000015,0.43510028999999867
1.8990000000000014,0.43409507999999875
1.9000000000000012,0.43315329999999896
1.9010000000000011,0.4323867299999991
1.9020000000000015,0.4316106699999988
1.9030000000000014,0.4308724999999991
1.9040000000000012,0.43018379999999945
1.9050000000000011,0.4297398599999996
1.9060000000000015,0.4293929599999999
1.9070000000000014,0.42930982932106804
1.9080000000000013,0.42940304000000035
1.9090000000000011,0.42972523000000074
1.9100000000000015,0.4303579000000012
1.9110000000000014,0.4310707400000014
1.9120000000000013,0.4320978847055305
1.9130000000000011,0.4330449400000009
1.9140000000000015,0.433861880000001
1.9150000000000014,0.43461582000000054
1.9160000000000013,0.4350143700000003
1.9170000000000011,0.43526831460553966
1.9180000000000015,0.4349994999999992
1.9190000000000014,0.4344074699999988
1.9200000000000013,0.43349781999999826
1.9210000000000012,0.43219434999999856
1.9220000000000015,0.430900139421056
1.9230000000000014,0.42951949999999817
1.9240000000000013,0.4281339299999983
1.9250000000000012,0.4266077899999984
1.9260000000000015,0.42517542999999836
1.9270000000000014,0.4241065999999985
1.9280000000000013,0.4231329899999992
1.9290000000000012,0.4224226499999994
1.9300000000000015,0.4218541643325663
1.9310000000000014,0.42149748999999975
1.9320000000000013,0.42134430999999994
1.9330000000000012,0.42131662000000025
1.9340000000000015,0.4215417500000004
1.9350000000000014,0.4218245972002808
1.9360000000000013,0.42239660000000073
1.9370000000000012,0.4229860300000012
1.9380000000000015,0.42386267000000116
1.9390000000000014,0.42473897000000116
1.9400000000000013,0.42561331256574453
1.9410000000000012,0.42649889000000135
1.9420000000000015,0.4274888900000016
1.9430000000000014,0.42854214000000124
1.9440000000000013,0.429459120000001
1.9450000000000012,0.4302073551764833
1.9460000000000015,0.43091813000000095
1.9470000000000014,0.43152055000000084
1.9480000000000013,0.4320558000000002
1.9490000000000012,0.43225840000000015
1.9500000000000015,0.43241831999999975
1.9510000000000014,0.43222370999999954
1.9520000000000013,0.4319342099999993
1.9530000000000012,0.43143125658434084
1.9540000000000015,0.43079709999999866
1.9550000000000014,0.4299729499999987
1.9560000000000013,0.42895408999999873
1.9570000000000012,0.4280160099999989
1.9580000000000015,0.42718217957404125
1.9590000000000014,0.4263779199999991
1.9600000000000013,0.42566009999999915
1.9610000000000012,0.42501967999999973
1.9620000000000015,0.4247981299999997
1.9630000000000014,0.42461670814218555
1.9640000000000013,0.42465311000000017
1.9650000000000012,0.4247691300000002
1.9660000000000015,0.42499262000000043
1.9670000000000014,0.4252891500000006
1.9680000000000013,0.4256656123537651
1.9690000000000012,0.4261430200000005
1.9700000000000015,0.42657346000000057
1.9710000000000014,0.4269278600000006
1.9720000000000013,0.4273266200000007
1.9730000000000012,0.42787421000000053
1.9740000000000015,0.4283853200000006
1.9750000000000014,0.4287887200000005
1.9760000000000013,0.42916134000000045
1.9770000000000012,0.4294824300000004
1.9780000000000015,0.4297580400000001
1.9790000000000014,0.42982616999999984
1.9800000000000013,0.4297207599999996
1.9810000000000012,0.42943278332766655
1.9820000000000015,0.428866059999999
1.9830000000000014,0.4282097199999988
1.9840000000000013,0.4273087399999987
1.9850000000000012,0.4262944799999982
1.9860000000000015,0.4246948076112364
1.9870000000000014,0.4231709199999979
1.9880000000000013,0.4217976599999985
1.9890000000000012,0.4204648999999986
1.9900000000000015,0.41915434999999807
1.9910000000000014,0.41791067436756135
1.9920000000000013,0.4169891799999991
1.9930000000000012,0.41632222999999946
1.9940000000000015,0.41580959999999956
1.9950000000000014,0.4155725799999999
1.9960000000000013,0.41547459979802004
1.9970000000000012,0.4157420700000003
1.9980000000000016,0.4159610000000003
1.9990000000000014,0.4162061200000003
2.0000000000000013,0.4163962600000001
2.0010000000000012,0.41642742339132166
2.0020000000000016,0.41636133660867813
2.0030000000000014,0.4158639899999991
2.0040000000000013,0.41516914431813523
2.0050000000000012,0.4142123256818626
2.0060000000000016,0.41305002999999757
2.0070000000000014,0.41168304999999705
2.0080000000000013,0.41003445083883044
2.0090000000000012,0.4085428391611662
2.0100000000000016,0.407343829999998
2.0110000000000015,0.40621275555388786
2.0120000000000013,0.4053682944461095
2.0130000000000012,0.40462144999999977
2.0140000000000016,0.40444024151469693
2.0150000000000015,0.4043553884853028
2.0160000000000013,0.40470922000000065
2.0170000000000012,0.40522107000000096
2.0180000000000016,0.40592360340232087
2.0190000000000015,0.4067576265976817
2.0200000000000014,0.4077888700000017
2.0210000000000012,0.40904875093681414
2.0220000000000016,0.4103581190631893
2.0230000000000015,0.411755740000002
2.0240000000000014,0.41327168038692486
2.0250000000000012,0.4151755496130794
2.0260000000000016,0.4169701900000028
2.0270000000000015,0.41852272000000273
2.0280000000000014,0.42004808746325595
2.0290000000000012,0.4214828900000018
2.0300000000000016,0.4227999400000015
2.0310000000000015,0.4236355669386132
2.0320000000000014,0.42420495306138856
2.0330000000000013,0.4244518299999999
2.0340000000000016,0.42442299120175936
2.0350000000000015,0.42423500879824005
2.0360000000000014,0.42379524999999935
2.0370000000000013,0.4233047309738044
2.0380000000000016,0.4226144690261937
2.0390000000000015,0.42192804999999906
2.0400000000000014,0.4212106499999991
2.0410000000000013,0.4205080279904012
2.0420000000000016,0.4198879320095972
2.0430000000000015,0.4193046099999994
2.0440000000000014,0.41882546277544436
2.0450000000000013,0.4183532172245546
2.0460000000000016,0.4177756599999989
2.0470000000000015,0.4171508010207949
2.0480000000000014,0.4165610089792033
2.0490000000000013,0.4159954499999993
2.0500000000000016,0.4154886299999993
2.0510000000000015,0.4150976291000894
2.0520000000000014,0.4148411500000001
2.0530000000000013,0.41491228000000024
2.0540000000000016,0.41509841177064705
2.0550000000000015,0.41581611822935516
2.0560000000000014,0.41654712000000127
2.0570000000000013,0.4175250378004412
2.0580000000000016,0.4186030421995617
2.0590000000000015,0.42012835000000215
2.0600000000000014,0.42176134586182956
2.0610000000000013,0.42341996413817484
2.0620000000000016,0.42507190000000294
2.0630000000000015,0.42671746000000216
2.0640000000000014,0.4283536976524713
2.0650000000000013,0.4298302223475327
2.0660000000000016,0.4310683900000022
2.0670000000000015,0.43227274618576456
2.0680000000000014,0.4333346038142388
2.0690000000000013,0.4343074000000009
2.0700000000000016,0.4349255255039001
2.0710000000000015,0.4354805644961016
2.0720000000000014,0.43567121000000014
2.0730000000000013,0.43580370999999973
2.0740000000000016,0.4355961387521243
2.0750000000000015,0.4352836599999993
2.0760000000000014,0.4347341099999991
2.0770000000000013,0.4340846137302532
2.0780000000000016,0.4334219162697451
2.0790000000000015,0.43274089999999915
2.0800000000000014,0.43205832295840724
2.0810000000000013,0.4313879070415907
2.0820000000000016,0.43076666999999913
2.0830000000000015,0.43026350336232677
2.0840000000000014,0.4297971266376718
2.0850000000000013,0.4294854099999997
2.0860000000000016,0.42924368000000007
2.0870000000000015,0.4292815972375526
2.0880000000000014,0.42935397276244763
2.0890000000000013,0.42968649000000053
2.0900000000000016,0.4300827972985412
2.0910000000000015,0.4306557827014606
2.0920000000000014,0.43132129000000125
2.0930000000000013,0.43222956918016525
2.0940000000000016,0.4333213708198376
2.0950000000000015,0.43451858000000165
2.0960000000000014,0.4357878900000018
2.0970000000000013,0.43713229611239046
2.0980000000000016,0.43859342000000173
2.0990000000000015,0.4398706900000012
2.1000000000000014,0.44074841216056926
2.1010000000000013,0.44157001783943334
2.1020000000000016,0.44209623000000076
2.1030000000000015,0.4425328388522295
2.1040000000000014,0.4425213611477704
2.1050000000000013,0.44252053
2.1060000000000016,0.4425189592161569
2.1070000000000015,0.4426111207838434
2.1080000000000014,0.44294268000000064
2.1090000000000013,0.4434450300000014
2.1100000000000017,0.44447793863027624
2.1110000000000015,0.44586424136972813
2.1120000000000014,0.44752541000000257
2.1130000000000013,0.4494558310477929
2.1140000000000017,0.4515663089522127
2.1150000000000015,0.4539406000000027
2.1160000000000014,0.45599684073385566
2.1170000000000013,0.45750417926614906
2.1180000000000017,0.45897430000000145
2.1190000000000015,0.4601143900000013
2.1200000000000014,0.46113373227754517
2.1210000000000013,0.46155650772245616
2.1220000000000017,0.4619751600000005
2.1230000000000016,0.46226135188162415
2.1240000000000014,0.46258016811837677
2.1250000000000013,0.4629882600000006
2.1260000000000017,0.46346055974705136
2.1270000000000016,0.4639580302529501
2.1280000000000014,0.4644444000000005
2.1290000000000013,0.4647964667996403
2.1300000000000017,0.46496446320036017
2.1310000000000016,0.4648574899999992
2.1320000000000014,0.46443056999999893
2.1330000000000013,0.46382930629573976
2.1340000000000017,0.46289226370425773
2.1350000000000016,0.4618779399999976
2.1360000000000015,0.4605374801829613
2.1370000000000013,0.4592393098170347
2.1380000000000017,0.45799135999999785
2.1390000000000016,0.4567880436122758
2.1400000000000015,0.45572416638772084
2.1410000000000013,0.45478659999999943
2.1420000000000017,0.4543695999999994
2.1430000000000016,0.4540217580013994
2.1440000000000015,0.45380177199859995
2.1450000000000014,0.45363100999999995
2.1460000000000017,0.4535929601129774
2.1470000000000016,0.4535940898870226
2.1480000000000015,0.4534931199999998
2.1490000000000014,0.4533098666696658
2.1500000000000017,0.45307656333033364
2.1510000000000016,0.4527777999999994
2.1520000000000015,0.4524416599999993
2.1530000000000014,0.4520421999460048
2.1540000000000017,0.4517368399999997
2.1550000000000016,0.45159294999999977
2.1560000000000015,0.4514751986412717
2.1570000000000014,0.45146161135872825
2.1580000000000017,0.4514700500000003
2.1590000000000016,0.45161618385222974
2.1600000000000015,0.45175470614777063
2.1610000000000014,0.45180967000000005
2.1620000000000017,0.4518620754379125
2.1630000000000016,0.4519164545620877
2.1640000000000015,0.45187714999999945
2.1650000000000014,0.4514545499999992
2.1660000000000017,0.45082413644570934
2.1670000000000016,0.4498885935542878
2.1680000000000015,0.4487138699999979
2.1690000000000014,0.447137607128572
2.1700000000000017,0.4452088928714229
2.1710000000000016,0.443155439999996
2.1720000000000015,0.44090570463606865
2.1730000000000014,0.4383520653639234
2.1740000000000017,0.4353342999999949
2.1750000000000016,0.43245809999999535
2.1760000000000015,0.4298296528447116
2.1770000000000014,0.42714926999999636
2.1780000000000017,0.42439197999999545
2.1790000000000016,0.4218219989931983
2.1800000000000015,0.41991193100679575
2.1810000000000014,0.4180439399999981
2.1820000000000017,0.4166073384313116
2.1830000000000016,0.4152916515686843
2.1840000000000015,0.4145664299999992
2.1850000000000014,0.4139653724175162
2.1860000000000017,0.41368954758248294
2.1870000000000016,0.41356352000000046
2.1880000000000015,0.41380316000000056
2.1890000000000014,0.4142099615626882
2.1900000000000017,0.4148255884373137
2.1910000000000016,0.4156053700000015
2.1920000000000015,0.416461022702461
2.1930000000000014,0.4173880472975419
2.1940000000000017,0.4182778000000015
2.1950000000000016,0.41910122233053504
2.1960000000000015,0.4198245276694672
2.1970000000000014,0.42034039000000056
2.1980000000000017,0.4207732400000004
2.1990000000000016,0.42099700648535177
2.2000000000000015,0.42116185999999994
2.2010000000000014,0.4211287799999998
2.2020000000000017,0.42099959907718376
2.2030000000000016,0.42049037092281466
2.2040000000000015,0.41995745999999906
2.2050000000000014,0.4192437069186151
2.2060000000000017,0.4185128930813823
2.2070000000000016,0.4177137899999986
2.2080000000000015,0.4169293182273534
2.2090000000000014,0.4162115917726444
2.2100000000000017,0.41550161999999874
2.2110000000000016,0.4147802299999987
2.2120000000000015,0.41404333267146465
2.2130000000000014,0.41337004732853333
2.2140000000000017,0.4127032199999987
2.2150000000000016,0.41199611782343415
2.2160000000000015,0.4112743521765636
2.2170000000000014,0.41055133999999904
2.2180000000000017,0.40982285505398786
2.2190000000000016,0.4089733949460095
2.2200000000000015,0.40796231999999866
2.2210000000000014,0.4069738699999987
2.2220000000000018,0.40597716682231594
2.2230000000000016,0.4048453899999982
2.2240000000000015,0.40346544999999834
2.2250000000000014,0.40220732816536525
2.2260000000000018,0.40118898183463114
2.2270000000000016,0.40010737999999785
2.2280000000000015,0.3989041720215938
2.2290000000000014,0.39772438797840254
2.2300000000000018,0.39663746999999794
2.2310000000000016,0.395472946843629
2.2320000000000015,0.3940413831563666
2.2330000000000014,0.3925346999999977
2.2340000000000018,0.3907816999999967
2.2350000000000017,0.38891867314836653
2.2360000000000015,0.38655015685162614
2.2370000000000014,0.38406878999999666
2.2380000000000018,0.38157717137971986
2.2390000000000017,0.3789909686202721
2.2400000000000015,0.37587606999999557
2.2410000000000014,0.3725580753409268
2.2420000000000018,0.3694114846590621
2.2430000000000017,0.3662996599999954
2.2440000000000015,0.3628393099999951
2.2450000000000014,0.35913446188361753
2.2460000000000018,0.35555329811636976
2.2470000000000017,0.35201554999999296
2.2480000000000016,0.3480478496870553
2.2490000000000014,0.34354472031293065
2.2500000000000018,0.33892771999999133
2.2510000000000017,0.3340451216276655
2.2520000000000016,0.32846139837231714
2.2530000000000014,0.3215732899999909
2.254000000000002,0.31473814363526176
2.2550000000000017,0.3077744963647166
2.2560000000000016,0.3002352699999837
2.2570000000000014,0.2910449499999842
2.258000000000002,0.2821275816706523
2.2590000000000017,0.2737442883293216
2.2600000000000016,0.2650695999999828
2.2610000000000015,0.2553871114966855
2.262000000000002,0.24600207850328115
2.2630000000000017,0.23782351999998527
2.2640000000000016,0.22951996638270938
2.2650000000000015,0.22078379361726347
2.266000000000002,0.2123075999999876
2.2670000000000017,0.2053155799999879
2.2680000000000016,0.19850965682462424
2.2690000000000015,0.19177790317535484
2.270000000000002,0.18529876999999087
2.2710000000000017,0.18015277479803288
2.2720000000000016,0.17550075520195266
2.2730000000000015,0.171347709999995
2.274000000000002,0.16759798803838794
2.2750000000000017,0.1648783719616036
2.2760000000000016,0.16280409999999743
2.2770000000000015,0.16135403999999837
2.278000000000002,0.16042781262273592
2.2790000000000017,0.15997164999999997
2.2800000000000016,0.1599513600000003
2.2810000000000015,0.1601214222965414
2.282000000000002,0.1605443877034601
2.2830000000000017,0.16110134000000131
2.2840000000000016,0.16183397327234672
2.2850000000000015,0.16256669672765556
2.286000000000002,0.16333765000000136
2.2870000000000017,0.1641108165676877
2.2880000000000016,0.16487649343231467
2.2890000000000015,0.16545153000000032
2.290000000000002,0.16567208000000008
2.2910000000000017,0.165722940781843
2.2920000000000016,0.16533075921815577
2.2930000000000015,0.1646867499999981
2.294000000000002,0.1632735848720231
2.2950000000000017,0.1617223051279721
2.2960000000000016,0.15954936999999575
2.2970000000000015,0.1571594692881369
2.298000000000002,0.153752350711851
2.2990000000000017,0.15036738999999358
2.3000000000000016,0.14676033999999316
2.3010000000000015,0.142910315002494
2.302000000000002,0.13792348999999118
2.3030000000000017,0.132956879999991
2.3040000000000016,0.12788745692560646
2.3050000000000015,0.1226567130743773
2.306000000000002,0.11660234999998957
2.3070000000000017,0.11073630703758469
2.3080000000000016,0.10590668296240029
2.3090000000000015,0.10140741999999545
2.310000000000002,0.0979951539382079
2.3110000000000017,0.09523453606178228
2.3120000000000016,0.09488342000000108
2.3130000000000015,0.09548945700000415
2.314000000000002,0.09860387829934655
2.3150000000000017,0.10258687170066759
2.3160000000000016,0.10761267000000985
2.3170000000000015,0.11315602579985044
2.318000000000002,0.1196140242001725
2.3190000000000017,0.12628895000001017
2.3200000000000016,0.13200457055289783
2.3210000000000015,0.13721009944711837
2.322000000000002,0.14191271000000746
2.3230000000000017,0.14610904000000516
2.3240000000000016,0.14901877160184307
2.3250000000000015,0.15103479000000206
2.326000000000002,0.1525671300000019
2.3270000000000017,0.15365180999400246
2.3280000000000016,0.154451750006
2.3290000000000015,0.1549740000000007
2.330000000000002,0.1554940397660478
2.3310000000000017,0.1559917002339542
2.3320000000000016,0.1565782000000012
2.3330000000000015,0.15724066106778745
2.334000000000002,0.15785133893221476
2.3350000000000017,0.15841889000000106
2.3360000000000016,0.15900677000000102
2.3370000000000015,0.1595802941581689
2.338000000000002,0.1599218758418323
2.3390000000000017,0.15992569999999928
2.3400000000000016,0.15951569386822462
2.3410000000000015,0.15845437613177207
2.342000000000002,0.15696125999999594
2.3430000000000017,0.1546817562997361
2.3440000000000016,0.1522447537002563
2.3450000000000015,0.14938891999999582
2.346000000000002,0.14623562999999334
2.3470000000000018,0.1424899033966549
2.3480000000000016,0.1391238699999963
2.3490000000000015,0.13634240999999658
2.350000000000002,0.1337847969136133
2.3510000000000018,0.13185393308637897
2.3520000000000016,0.1303151499999991
2.3530000000000015,0.12981999723855223
2.354000000000002,0.12979238276144767
2.3550000000000018,0.13114612000000292
2.3560000000000016,0.13279200855729303
2.3570000000000015,0.13557758144271562
2.358000000000002,0.13856837000000696
2.3590000000000018,0.14248565000000657
2.3600000000000017,0.1461915600050045
2.3610000000000015,0.1495916099950061
2.362000000000002,0.15280701000000455
2.3630000000000018,0.15537327522495864
2.3640000000000017,0.15762552477504838
2.3650000000000015,0.15858701000000103
2.366000000000002,0.15936263297440437
2.3670000000000018,0.15899237702559418
2.3680000000000017,0.1586002999999986
2.3690000000000015,0.15755457999999872
2.370000000000002,0.15659089867326328
2.3710000000000018,0.1555776313267327
2.3720000000000017,0.15458134999999834
2.3730000000000016,0.1536363172245536
2.374000000000002,0.15270856277544312
2.3750000000000018,0.15193783999999866
2.3760000000000017,0.1511831443631265
2.3770000000000016,0.1506267756368718
2.378000000000002,0.14992780999999802
2.379000000000002,0.14881258185562699
2.3800000000000017,0.14763113814436937
2.3810000000000016,0.14610428999999725
2.382000000000002,0.14455407999999614
2.383000000000002,0.14281307634272866
2.3840000000000017,0.14107650365726596
2.3850000000000016,0.13936081999999708
2.386000000000002,0.13771800244450846
2.387000000000002,0.13644244755548643
2.3880000000000017,0.1352489599999987
2.3890000000000016,0.13451838572185443
2.390000000000002,0.13377560427814295
2.391000000000002,0.13329025999999927
2.3920000000000017,0.13288616999999994
2.3930000000000016,0.1328518048380323
2.394000000000002,0.1328001851619675
2.395000000000002,0.13283814
2.3960000000000017,0.13283804508798217
2.3970000000000016,0.13268892491201736
2.398000000000002,0.13254320999999963
2.399000000000002,0.1323404206738651
2.4000000000000017,0.13224715932613465
2.4010000000000016,0.13250963000000107
2.4020000000000015,0.13312675000000365
2.403000000000002,0.13518557411759224
2.4040000000000017,0.13716896000000378
2.4050000000000016,0.1392912000000038
2.406000000000002,0.1414274514547136
2.407000000000002,0.14364199854529522
2.4080000000000017,0.14557058000000148
2.4090000000000016,0.14639188509098286
2.4100000000000015,0.14704279490901917
2.411000000000002,0.14674691999999914
2.4120000000000017,0.14626511561287495
2.4130000000000016,0.14472124438712025
2.414000000000002,0.143111569999996
2.415000000000002,0.14085553999999634
2.4160000000000017,0.13878718190761608
2.4170000000000016,0.1373062580923793
2.4180000000000015,0.13587317999999857
2.419000000000002,0.13479969673665165
2.4200000000000017,0.1341670632633464
2.4210000000000016,0.13500784000000182
2.422000000000002,0.1360346311817682
2.423000000000002,0.13824644881824064
2.4240000000000017,0.14043897000000433
2.4250000000000016,0.1428723200000042
2.4260000000000015,0.14522731450055348
2.427000000000002,0.1475813400000032
2.4280000000000017,0.14937681000000055
2.4290000000000016,0.1496845704909015
2.430000000000002,0.1494894795090978
2.431000000000002,0.14739612999999605
2.4320000000000017,0.14517810271145276
2.4330000000000016,0.1421052172885377
2.4340000000000015,0.13901645999999543
2.435000000000002,0.1355696834743002
2.4360000000000017,0.13250442652568892
2.4370000000000016,0.1302154499999963
2.438000000000002,0.12811420999999748
2.439000000000002,0.12669335807938278
2.4400000000000017,0.1258741519206143
2.4410000000000016,0.1264495600000014
2.4420000000000015,0.12725402206158998
2.443000000000002,0.12867463793841505
2.4440000000000017,0.13002653000000278
2.4450000000000016,0.13158140951010103
2.446000000000002,0.1334765104899057
2.447000000000002,0.13572997000000322
2.4480000000000017,0.13754688000000245
2.4490000000000016,0.13892149132686976
2.4500000000000015,0.14043476000000216
2.451000000000002,0.14205818000000264
2.4520000000000017,0.14354291468006583
2.4530000000000016,0.1446897153199377
2.454000000000002,0.14567681000000135
2.455000000000002,0.14644608944811097
2.4560000000000017,0.1467405705518902
2.4570000000000016,0.1466099799999998
2.4580000000000015,0.14650504549090157
2.459000000000002,0.1463599545090979
2.4600000000000017,0.14643957000000052
2.4610000000000016,0.14673491000000133
2.462000000000002,0.1474815922205584
2.463000000000002,0.14870379777944648
2.4640000000000017,0.1505486800000045
2.4650000000000016,0.15308384831934177
2.4660000000000015,0.15656704168066907
2.467000000000002,0.16045068000000712
2.4680000000000017,0.16445218507599182
2.4690000000000016,0.1688029449240217
2.470000000000002,0.17311822000000748
2.471000000000002,0.17733711000000563
2.4720000000000018,0.1805013807109331
2.4730000000000016,0.18310849000000315
2.4740000000000015,0.18546185000000293
2.475000000000002,0.1876413242151585
2.4760000000000018,0.1883834757848445
2.4770000000000016,0.1888599500000012
2.478000000000002,0.18953716805539012
2.479000000000002,0.19011772194461218
2.4800000000000018,0.18944936999999845
2.4810000000000016,0.1885694152579472
2.4820000000000015,0.18782199474205047
2.483000000000002,0.18702849999999915
2.4840000000000018,0.18654047999999862
2.4850000000000017,0.18575164072285238
2.486000000000002,0.1838588692771409
2.487000000000002,0.18214715999999812
2.4880000000000018,0.1810808875844826
2.4890000000000017,0.1807567324155164
2.4900000000000015,0.18265541000000288
2.491000000000002,0.1848236549650143
2.4920000000000018,0.18837330503499988
2.4930000000000017,0.19294290000000913
2.494000000000002,0.19980885000001028
2.495000000000002,0.20559558452310334
2.4960000000000018,0.2094408154769121
2.4970000000000017,0.21407840000000725
2.4980000000000016,0.21815078410018407
2.499000000000002,0.22069178589982497
2.5000000000000018,0.22095439
2.5010000000000017,0.22095439
2.502000000000002,0.22095439
2.503000000000002,0.22095439
2.504000000000002,0.22095439
2.5050000000000017,0.22095439
2.5060000000000016,0.22095439
2.507000000000002,0.22095439
2.508000000000002,0.22095439
2.5090000000000017,0.22095439
2.510000000000002,0.22095439
2.511000000000002,0.22095439
2.512000000000002,0.22095439
2.5130000000000017,0.22095439
2.5140000000000016,0.22095439
2.515000000000002,0.22095439
2.516000000000002,0.22095439
2.5170000000000017,0.22095439
2.518000000000002,0.22095439
2.519000000000002,0.22095439
2.520000000000002,0.22095439
2.5210000000000017,0.22095439
2.5220000000000016,0.22095439
2.523000000000002,0.22095439
2.524000000000002,0.22095439
2.5250000000000017,0.22095439
2.526000000000002,0.22095439
2.527000000000002,0.22095439
2.528000000000002,0.22095439
2.5290000000000017,0.22095439
2.5300000000000016,0.22095439
2.531000000000002,0.22095439
2.532000000000002,0.22095439
2.5330000000000017,0.22095439
2.534000000000002,0.22095439
2.535000000000002,0.22095439
2.536000000000002,0.22095439
2.5370000000000017,0.22095439
2.5380000000000016,0.22095439
2.539000000000002,0.22095439
2.540000000000002,0.22095439
2.5410000000000017,0.22095439
2.542000000000002,0.22095439
2.543000000000002,0.22095439
2.544000000000002,0.22095439
2.5450000000000017,0.22095439
2.5460000000000016,0.22095439
2.547000000000002,0.22095439
2.548000000000002,0.22095439
2.5490000000000017,0.22095439
2.550000000000002,0.22095439
2.551000000000002,0.22095439
2.552000000000002,0.22095439
2.5530000000000017,0.22095439
2.5540000000000016,0.22095439
2.555000000000002,0.22095439
2.556000000000002,0.22095439
2.5570000000000017,0.22095439
2.558000000000002,0.22095439
2.559000000000002,0.22095439
2.560000000000002,0.22095439
2.5610000000000017,0.22095439
2.5620000000000016,0.22095439
2.563000000000002,0.22095439
2.564000000000002,0.22095439
2.5650000000000017,0.22095439
2.566000000000002,0.22095439
2.567000000000002,0.22095439
2.568000000000002,0.22095439
2.5690000000000017,0.22095439
2.5700000000000016,0.22095439
2.571000000000002,0.22095439
2.572000000000002,0.22095439
2.5730000000000017,0.22095439
2.574000000000002,0.22095439
2.575000000000002,0.22095439
2.576000000000002,0.22095439
2.5770000000000017,0.22095439
2.5780000000000016,0.22095439
2.579000000000002,0.22095439
2.580000000000002,0.22095439
2.5810000000000017,0.22095439
2.582000000000002,0.22095439
2.583000000000002,0.22095439
2.584000000000002,0.22095439
2.5850000000000017,0.22095439
2.5860000000000016,0.22095439
2.587000000000002,0.22095439
2.588000000000002,0.22095439
2.5890000000000017,0.22095439
2.590000000000002,0.22095439
2.591000000000002,0.22095439
2.592000000000002,0.22095439
2.5930000000000017,0.22095439
2.5940000000000016,0.22095439
2.595000000000002,0.22095439
2.596000000000002,0.22095439
2.5970000000000018,0.22095439
2.598000000000002,0.22095439
2.599000000000002,0.22095439
