wave,r
0.4,0.7723132320089598
0.401,0.7743876198849025
0.402,0.7763761101150978
0.403,0.7777075200000001
0.404,0.778937147703723
0.405,0.78082258
0.406,0.7819365305715885
0.40700000000000003,0.7819936894284114
0.40800000000000003,0.7822565619066619
0.40900000000000003,0.7844472280933382
0.41000000000000003,0.7854408
0.41100000000000003,0.7861841825661743
0.41200000000000003,0.78728807
0.41300000000000003,0.7878852022187779
0.41400000000000003,0.7891070800000001
0.41500000000000004,0.7902025624538509
0.41600000000000004,0.7904479475461491
0.41700000000000004,0.79132271
0.41800000000000004,0.7922296409306907
0.41900000000000004,0.79301107
0.42000000000000004,0.7939103299605004
0.42100000000000004,0.79490638
0.42200000000000004,0.795690243799724
0.42300000000000004,0.7960702162002761
0.42400000000000004,0.7964316106141878
0.42500000000000004,0.7974930293858123
0.42600000000000005,0.7986303000000001
0.42700000000000005,0.7991787872460275
0.42800000000000005,0.79990339
0.42900000000000005,0.8006868465420692
0.43000000000000005,0.8013410534579309
0.43100000000000005,0.8017796978616428
0.43200000000000005,0.8025658621383573
0.43300000000000005,0.80349702
0.43400000000000005,0.8042819552010481
0.43500000000000005,0.80480206
0.43600000000000005,0.8054084272191556
0.43700000000000006,0.8061303427808444
0.43800000000000006,0.8068241549822004
0.43900000000000006,0.8073223750177997
0.44000000000000006,0.807836
0.44100000000000006,0.8083990743692564
0.44200000000000006,0.80897558
0.44300000000000006,0.8096880355299895
0.44400000000000006,0.8102410344700106
0.44500000000000006,0.8105882444935101
0.44600000000000006,0.8110375955064899
0.44700000000000006,0.81141996
0.44800000000000006,0.8119515746838532
0.44900000000000007,0.81265163
0.45000000000000007,0.8129957329080418
0.45100000000000007,0.8132865370919582
0.45200000000000007,0.8136656942211156
0.45300000000000007,0.8140878057788844
0.45400000000000007,0.81435943
0.45500000000000007,0.8145705478888211
0.45600000000000007,0.8148644
0.4570000000000001,0.8153440453571466
0.4580000000000001,0.81587976
0.4590000000000001,0.8162862113821724
0.4600000000000001,0.8164244286178276
0.4610000000000001,0.81645536
0.4620000000000001,0.8166203483501165
0.4630000000000001,0.8169024
0.4640000000000001,0.8170746010465896
0.4650000000000001,0.81717926
0.4660000000000001,0.8174218536436272
0.4670000000000001,0.8177862163563729
0.4680000000000001,0.8179281910293795
0.4690000000000001,0.8180311289706207
0.4700000000000001,0.81817633
0.4710000000000001,0.8183783913267868
0.4720000000000001,0.81851107
0.4730000000000001,0.8186054213649727
0.4740000000000001,0.8187419186350273
0.4750000000000001,0.8189886819478611
0.4760000000000001,0.819183468052139
0.4770000000000001,0.81927925
0.4780000000000001,0.8192847402401976
0.4790000000000001,0.81930876
0.4800000000000001,0.8194481720408593
0.4810000000000001,0.8196522579591409
0.4820000000000001,0.8197789799750006
0.4830000000000001,0.8197764800249995
0.4840000000000001,0.81978673
0.4850000000000001,0.8198748191191089
0.4860000000000001,0.82003313
0.4870000000000001,0.8203076709613808
0.4880000000000001,0.8204038090386192
0.4890000000000001,0.8203354526118477
0.4900000000000001,0.8205966373881523
0.4910000000000001,0.82070577
0.4920000000000001,0.8206875301823983
0.4930000000000001,0.82076067
0.4940000000000001,0.820893530705093
0.4950000000000001,0.82096404
0.4960000000000001,0.8209845410221795
0.4970000000000001,0.8210867589778205
0.4980000000000001,0.82112628
0.4990000000000001,0.8212636686261138
0.5000000000000001,0.82148832
0.5010000000000001,0.8214627507218145
0.5020000000000001,0.8215349350190491
0.5030000000000001,0.8217022366539674
0.5040000000000001,0.8217737092852928
0.5050000000000001,0.82178164
0.5060000000000001,0.8217811616045197
0.5070000000000001,0.8218613875932204
0.5080000000000001,0.8220543261411615
0.5090000000000001,0.82218581
0.5100000000000001,0.8222736110509106
0.5110000000000001,0.8223787023053079
0.5120000000000001,0.8224939676946923
0.5130000000000001,0.8226327286123862
0.5140000000000001,0.82280207
0.5150000000000001,0.8229446397853957
0.5160000000000001,0.8229231805777711
0.5170000000000001,0.8229424396148193
0.5180000000000001,0.8231285781385814
0.5190000000000001,0.8233144904810048
0.5200000000000001,0.8233625910465476
0.5210000000000001,0.8234149184301786
0.5220000000000001,0.8236159079900598
0.5230000000000001,0.82369441
0.5240000000000001,0.8237487709590097
0.5250000000000001,0.823844672623695
0.5260000000000001,0.823975857376305
0.5270000000000001,0.8240445293132932
0.5280000000000001,0.8240968000000001
0.5290000000000001,0.8242083237240373
0.5300000000000001,0.8243945250103495
0.5310000000000001,0.8245615366597671
0.5320000000000001,0.8246480791345914
0.5330000000000001,0.8246527303189032
0.5340000000000001,0.8246846219001049
0.5350000000000001,0.8247796271498425
0.5360000000000001,0.8249095087011741
0.5370000000000001,0.82498366
0.5380000000000001,0.8250333708303166
0.5390000000000001,0.825116404362682
0.5400000000000001,0.8252618270915454
0.5410000000000001,0.8253866387518874
0.5420000000000001,0.82552391
0.5430000000000001,0.8256667325520725
0.5440000000000002,0.8257943361718914
0.5450000000000002,0.8259428070305703
0.5460000000000002,0.82610559
0.5470000000000002,0.8262326103869039
0.5480000000000002,0.8262713020597175
0.5490000000000002,0.8263742879402823
0.5500000000000002,0.8265712880299803
0.5510000000000002,0.8267538000000001
0.5520000000000002,0.8267286997782956
0.5530000000000002,0.8267065323065848
0.5540000000000002,0.826783418462277
0.5550000000000002,0.8268490393437935
0.5560000000000002,0.8268457098896989
0.5570000000000002,0.8268346806257688
0.5580000000000002,0.8268659690613469
0.5590000000000002,0.8268607301048011
0.5600000000000002,0.82687378
0.5610000000000002,0.8269263514240143
0.5620000000000002,0.8270687570365186
0.5630000000000002,0.8274205829634815
0.5640000000000002,0.8277742864629647
0.5650000000000002,0.8280377400000001
0.5660000000000002,0.8283187712112121
0.5670000000000002,0.8283793288093595
0.5680000000000002,0.8283396407937603
0.5690000000000002,0.8283880895154951
0.5700000000000002,0.8284246302539026
0.5710000000000002,0.8284500204769761
0.5720000000000002,0.8284738692845357
0.5730000000000002,0.8285403793348867
0.5740000000000002,0.8287471500000001
0.5750000000000002,0.8292152369111692
0.5760000000000002,0.8299063517297309
0.5770000000000002,0.8304928382702693
0.5780000000000002,0.8309522254061541
0.5790000000000002,0.8312676
0.5800000000000002,0.8314489104506045
0.5810000000000002,0.8314714344034797
0.5820000000000002,0.8312848837310134
0.5830000000000002,0.83095944
0.5840000000000002,0.8307139286743868
0.5850000000000002,0.8305813702145892
0.5860000000000002,0.8305920996781162
0.5870000000000002,0.8306997989229785
0.5880000000000002,0.83078092
0.5890000000000002,0.8308734915634313
0.5900000000000002,0.8310298375974201
0.5910000000000002,0.8312830849350533
0.5920000000000002,0.8315566772640728
0.5930000000000002,0.8318787233438335
0.5940000000000002,0.8322131042817859
0.5950000000000002,0.8324271935773211
0.5960000000000002,0.8326089363651636
0.5970000000000002,0.83274668
0.5980000000000002,0.8328334711814118
0.5990000000000002,0.8329516101405944
0.6000000000000002,0.8329586398594055
0.6010000000000002,0.8328713808726088
0.6020000000000002,0.8328895000000001
0.6030000000000002,0.8329495811194224
0.6040000000000002,0.8330615251102446
0.6050000000000002,0.8332318665931704
0.6060000000000002,0.8334174181444814
0.6070000000000002,0.833478329695997
0.6080000000000002,0.8334479309727513
0.6090000000000002,0.833496568540873
0.6100000000000002,0.8336343186224725
0.6110000000000002,0.83377266
0.6120000000000002,0.8338306502093021
0.6130000000000002,0.8338515819691213
0.6140000000000002,0.8339500380308787
0.6150000000000002,0.8340934485658857
0.6160000000000002,0.83418792
0.6170000000000002,0.8342371012636126
0.6180000000000002,0.834300282260087
0.6190000000000002,0.8343756184932754
0.6200000000000002,0.83443689
0.6210000000000002,0.8346208312857128
0.6220000000000002,0.8347493997234139
0.6230000000000002,0.8347355704148792
0.6240000000000002,0.8347920194354886
0.6250000000000002,0.83479267
0.6260000000000002,0.8348390520599412
0.6270000000000002,0.8350450430844458
0.6280000000000002,0.8351478579437028
0.6290000000000002,0.8352103193753937
0.6300000000000002,0.83525735
0.6310000000000002,0.8352616411337433
0.6320000000000002,0.835318328299385
0.6330000000000002,0.8354105381557816
0.6340000000000002,0.83545995
0.6350000000000002,0.8354135804547046
0.6360000000000002,0.8354590518537258
0.6370000000000002,0.8355517381462741
0.6380000000000002,0.8355373701437013
0.6390000000000002,0.83565784
0.6400000000000002,0.8358326609781196
0.6410000000000002,0.8359304688609569
0.6420000000000002,0.835892500759362
0.6430000000000002,0.8358733701913018
0.6440000000000002,0.8358977405454054
0.6450000000000002,0.8359522822982851
0.6460000000000002,0.8360671965525723
0.6470000000000002,0.8361767489044781
0.6480000000000002,0.83624059
0.6490000000000002,0.8362963212320124
0.6500000000000002,0.8364195211385544
0.6510000000000002,0.8364764488614456
0.6520000000000002,0.8364042007225071
0.6530000000000002,0.83639908
0.6540000000000002,0.836451412794228
0.6550000000000002,0.8365911260009
0.6560000000000002,0.8367911559994
0.6570000000000003,0.8368803891076911
0.6580000000000003,0.8369104303242032
0.6590000000000003,0.8369428512731364
0.6600000000000003,0.8370065080902955
0.6610000000000003,0.837116178903278
0.6620000000000003,0.83718789
0.6630000000000003,0.8372021911319226
0.6640000000000003,0.8373153806257688
0.6650000000000003,0.8373362395828208
0.6660000000000003,0.8373135902265023
0.6670000000000003,0.83742374
0.6680000000000003,0.8374990800083996
0.6690000000000003,0.8374994999874007
0.6700000000000003,0.8374958600728007
0.6710000000000003,0.83764899
0.6720000000000003,0.8377502604464044
0.6730000000000003,0.8377949003457862
0.6740000000000003,0.8378121896542138
0.6750000000000003,0.8377604505174051
0.6760000000000003,0.8377918
0.6770000000000003,0.837888480099502
0.6780000000000003,0.8378984307259637
0.6790000000000003,0.8379226295160243
0.6800000000000003,0.8379694795314954
0.6810000000000003,0.8380333804464045
0.6820000000000003,0.8380780199858007
0.6830000000000003,0.8380773100212989
0.6840000000000003,0.8380494705568056
0.6850000000000003,0.83806992
0.6860000000000003,0.8381974108333083
0.6870000000000003,0.8382807393764249
0.6880000000000003,0.838249560623575
0.6890000000000003,0.8381813806818068
0.6900000000000003,0.83814991
0.6910000000000003,0.8380659767229671
0.6920000000000003,0.8379021288861557
0.6930000000000003,0.8378650007425629
0.6940000000000003,0.8379937987119872
0.6950000000000003,0.8382163017095172
0.6960000000000003,0.8383872523948803
0.6970000000000003,0.8385069964076797
0.6980000000000003,0.8386775882940659
0.6990000000000003,0.83883989
0.7000000000000003,0.8388121105532056
0.7010000000000003,0.8388674307771689
0.7020000000000003,0.8389062892228312
0.7030000000000003,0.8388510905520056
0.7040000000000003,0.83885258
0.7050000000000003,0.8389139219240193
0.7060000000000003,0.8390101219937003
0.7070000000000003,0.8390765786708665
0.7080000000000003,0.83907527
0.7090000000000003,0.8390518997448975
0.7100000000000003,0.8390263887864606
0.7110000000000003,0.838965711820309
0.7120000000000003,0.8388723709334187
0.7130000000000003,0.83876187
0.7140000000000003,0.8386853902313046
0.7150000000000003,0.8387085219829008
0.7160000000000003,0.8387746186780661
0.7170000000000003,0.8388561591845918
0.7180000000000003,0.8389345403696037
0.7190000000000003,0.8389714999058047
0.7200000000000003,0.8389667901412929
0.7210000000000003,0.8389380605746057
0.7220000000000003,0.83893126
0.7230000000000003,0.8389857402319023
0.7240000000000003,0.8390089281630735
0.7250000000000003,0.8389170818369265
0.7260000000000003,0.8388037111337113
0.7270000000000003,0.83881015
0.7280000000000003,0.8389200008756177
0.7290000000000003,0.8390075604664766
0.7300000000000003,0.8390231096890155
0.7310000000000003,0.8389195210359104
0.7320000000000003,0.8387818899004991
0.7330000000000003,0.8387719391500424
0.7340000000000003,0.8387294412749363
0.7350000000000003,0.8386439108553171
0.7360000000000003,0.83856243
0.7370000000000003,0.8385558095589956
0.7380000000000003,0.8385117079794808
0.7390000000000003,0.8384106820205192
0.7400000000000003,0.8383035710711106
0.7410000000000003,0.83824533
0.7420000000000003,0.8381703480163801
0.7430000000000003,0.8380711667295635
0.7440000000000003,0.8379621521802909
0.7450000000000003,0.8377212899999998
0.7460000000000003,0.8375368095630956
0.7470000000000003,0.8374931180128993
0.7480000000000003,0.8373937629806509
0.7490000000000003,0.8373134108035161
0.7500000000000003,0.8371887199999999
0.7510000000000003,0.8369709779460589
0.7520000000000003,0.8367655830478474
0.7530000000000003,0.8365338446347682
0.7540000000000003,0.8362790325481254
0.7550000000000003,0.8360466399999998
0.7560000000000003,0.8358558371213439
0.7570000000000003,0.8357119043179841
0.7580000000000003,0.83556157300663
0.7590000000000003,0.8353084299999999
0.7600000000000003,0.8350182770423703
0.7610000000000003,0.834722514925403
0.7620000000000003,0.834468785074597
0.7630000000000003,0.8342763219246191
0.7640000000000003,0.8340011199999999
0.7650000000000003,0.8336683474304485
0.7660000000000003,0.8334113938026098
0.7670000000000003,0.8332048141315934
0.7680000000000003,0.8329422526256262
0.7690000000000003,0.8325983270352703
0.7700000000000004,0.8323018565453726
0.7710000000000004,0.8321291251819409
0.7720000000000004,0.8319302819884397
0.7730000000000004,0.8315590599999999
0.7740000000000004,0.8310936061321612
0.7750000000000004,0.8307068238408463
0.7760000000000004,0.8303988661591535
0.7770000000000004,0.8301004229844297
0.7780000000000004,0.8298278499999999
0.7790000000000004,0.8295407834935349
0.7800000000000004,0.8292154593646316
0.7810000000000004,0.8288609470902454
0.7820000000000004,0.8285502831066309
0.7830000000000004,0.8283148386898869
0.7840000000000004,0.8281838289020549
0.7850000000000004,0.8281289316469176
0.7860000000000004,0.8279869014203284
0.7870000000000004,0.82783103
0.7880000000000004,0.8277839405782116
0.7890000000000004,0.8278417606971651
0.7900000000000004,0.8278649995352232
0.7910000000000004,0.8278941497084971
0.7920000000000004,0.82798511
0.7930000000000004,0.828006151619919
0.7940000000000004,0.8280871475701215
0.7950000000000004,0.8282245972509724
0.7960000000000004,0.8283331400000001
0.7970000000000004,0.8284766116778168
0.7980000000000004,0.8286443929550819
0.7990000000000004,0.8287921470449182
0.8000000000000004,0.8288748291731917
0.8010000000000004,0.8289918900000001
0.8020000000000004,0.8291249910544211
0.8030000000000004,0.8292304320524974
0.8040000000000004,0.8292988486316685
0.8050000000000004,0.8294010789776898
0.8060000000000004,0.8295871025284253
0.8070000000000004,0.8298399443569823
0.8080000000000004,0.830057793464527
0.8090000000000004,0.830322734701147
0.8100000000000004,0.8306064000000002
0.8110000000000004,0.830795530807608
0.8120000000000004,0.8308762918929243
0.8130000000000004,0.8309709381070758
0.8140000000000004,0.8311291284180843
0.8150000000000004,0.8312903000000001
0.8160000000000004,0.8314736544084441
0.8170000000000004,0.8316940783089846
0.8180000000000004,0.8319710444606772
0.8190000000000004,0.832292436786068
0.8200000000000004,0.832600533582936
0.8210000000000004,0.8329588286147694
0.8220000000000004,0.8333895670778463
0.8230000000000004,0.83374076648803
0.8240000000000004,0.8340085100000001
0.8250000000000004,0.8342748336418366
0.8260000000000004,0.8346390175206992
0.8270000000000004,0.8350150524793011
0.8280000000000004,0.8352825573249734
0.8290000000000004,0.8355304000000001
0.8300000000000004,0.8359017448636487
0.8310000000000004,0.8361449265873707
0.8320000000000004,0.8363645056084197
0.8330000000000004,0.8366609800000002
0.8340000000000004,0.8370380429260295
0.8350000000000004,0.8373306452043399
0.8360000000000004,0.8375908621934904
0.8370000000000004,0.837831137597252
0.8380000000000004,0.8379899300000001
0.8390000000000004,0.8381623616135323
0.8400000000000004,0.8383237127805611
0.8410000000000004,0.8384163981462928
0.8420000000000004,0.8384088900751007
0.8430000000000004,0.8383334883339832
0.8440000000000004,0.8381668842604868
0.8450000000000004,0.8378799086092695
0.8460000000000004,0.8375061274756747
0.8470000000000004,0.8371393699999999
0.8480000000000004,0.8368983902533025
0.8490000000000004,0.8369237278186875
0.8500000000000004,0.837314662181313
0.8510000000000004,0.838007023076331
0.8520000000000004,0.8389861600000006
0.8530000000000004,0.8402187321882442
0.8540000000000004,0.8414375522045903
0.8550000000000004,0.842511038530274
0.8560000000000004,0.8433700114103145
0.8570000000000004,0.8440759270560708
0.8580000000000004,0.8447815311812411
0.8590000000000004,0.8453405932281388
0.8600000000000004,0.8457261861441231
0.8610000000000004,0.8461372900000003
0.8620000000000004,0.8465914741592417
0.8630000000000004,0.8470073969199233
0.8640000000000004,0.8473533930800768
0.8650000000000004,0.8477160263736638
0.8660000000000004,0.8480202600000001
0.8670000000000004,0.8483334877032772
0.8680000000000004,0.8487186526470678
0.8690000000000004,0.8491402215686218
0.8700000000000004,0.8495402300000001
0.8710000000000004,0.8498656729976302
0.8720000000000004,0.8501654384979753
0.8730000000000004,0.8505903372530376
0.8740000000000004,0.8509750361530233
0.8750000000000004,0.8513023300000001
0.8760000000000004,0.8516346236854739
0.8770000000000004,0.8520031693979302
0.8780000000000004,0.8523164337347133
0.8790000000000004,0.8526095170691708
0.8800000000000004,0.8529130800000001
0.8810000000000004,0.8531116250531474
0.8820000000000005,0.8533642824202791
0.8830000000000005,0.8536742238011381
0.8840000000000005,0.8539309500000001
0.8850000000000005,0.8541209723687238
0.8860000000000005,0.8543578452949884
0.8870000000000005,0.8546225947050119
0.8880000000000005,0.8547905683202833
0.8890000000000005,0.8548882000000001
0.8900000000000005,0.8550241621529432
0.8910000000000005,0.8552394552479377
0.8920000000000005,0.855414386501375
0.8930000000000005,0.855384350300403
0.8940000000000005,0.8554019915104151
0.8950000000000005,0.855553031501925
0.8960000000000005,0.8556281277471127
0.8970000000000005,0.8554109921714433
0.8980000000000005,0.8550687399999998
0.8990000000000005,0.8546765352846527
0.9000000000000005,0.8542050022195111
0.9010000000000005,0.8538159777804886
0.9020000000000005,0.8534499436603363
0.9030000000000005,0.85312563
0.9040000000000005,0.8530231756350565
0.9050000000000005,0.8533049352323386
0.9060000000000005,0.853812679845108
0.9070000000000005,0.8544868732580329
0.9080000000000005,0.8553397766334667
0.9090000000000005,0.8560031201798912
0.9100000000000005,0.8565121147301638
0.9110000000000005,0.8569419357018143
0.9120000000000005,0.8573151200000001
0.9130000000000005,0.8575570608821177
0.9140000000000005,0.8576452708852558
0.9150000000000005,0.8576747794098295
0.9160000000000005,0.8577393893538936
0.9170000000000005,0.85760236
0.9180000000000005,0.8575186080010999
0.9190000000000005,0.85741866299835
0.9200000000000005,0.8570169280348802
0.9210000000000005,0.8568114599999999
0.9220000000000005,0.8565752469934698
0.9230000000000005,0.8562745960627572
0.9240000000000005,0.8560777339372424
0.9250000000000005,0.855787042906929
0.9260000000000005,0.8555379499999999
0.9270000000000005,0.8553952591183823
0.9280000000000005,0.8553070986803659
0.9290000000000005,0.855263110879756
0.9300000000000005,0.8552858197728977
0.9310000000000005,0.8554170126560268
0.9320000000000005,0.8556826170306486
0.9330000000000005,0.8560341494540274
0.9340000000000005,0.8564603814753149
0.9350000000000005,0.8569264400000002
0.9360000000000005,0.8574505472134725
0.9370000000000005,0.8581718949948006
0.9380000000000005,0.8589216350052001
0.9390000000000005,0.859515184064541
0.9400000000000005,0.8599899400000003
0.9410000000000005,0.860675639068491
0.9420000000000005,0.8611290565549723
0.9430000000000005,0.8613475556300186
0.9440000000000005,0.8616648868266684
0.9450000000000005,0.8621255251266515
0.9460000000000005,0.8626381878304087
0.9470000000000005,0.8630297082543875
0.9480000000000005,0.8633510467866359
0.9490000000000005,0.8639698600000002
0.9500000000000005,0.8643947831996321
0.9510000000000005,0.8647147498844049
0.9520000000000005,0.8652089701155957
0.9530000000000005,0.8657684244054443
0.9540000000000005,0.8662785900000002
0.9550000000000005,0.8666608966030662
0.9560000000000005,0.8669910543188843
0.9570000000000005,0.8674683504540777
0.9580000000000005,0.8679425700000002
0.9590000000000005,0.868406064279043
0.9600000000000005,0.8688339649397532
0.9610000000000005,0.8690809525903707
0.9620000000000005,0.8690698701109022
0.9630000000000005,0.8691186900000001
0.9640000000000005,0.8693582418066361
0.9650000000000005,0.8695389046329686
0.9660000000000005,0.8696933369113545
0.9670000000000005,0.869612630807108
0.9680000000000005,0.8694883619127192
0.9690000000000005,0.8696796302693865
0.9700000000000005,0.8696930995959202
0.9710000000000005,0.8696951299593996
0.9720000000000005,0.86965841
0.9730000000000005,0.8695696017416175
0.9740000000000005,0.8697437612791489
0.9750000000000005,0.8698077187208512
0.9760000000000005,0.869677311304113
0.9770000000000005,0.8694795999999999
0.9780000000000005,0.8692966683983678
0.9790000000000005,0.8691365025294734
0.9800000000000005,0.8688874849803508
0.9810000000000005,0.8685945929289292
0.9820000000000005,0.8685548292757928
0.9830000000000005,0.8684824037335132
0.9840000000000005,0.8681690793997299
0.9850000000000005,0.8678131135596711
0.9860000000000005,0.8678415999999997
0.9870000000000005,0.8674860521845215
0.9880000000000005,0.8667044998152068
0.9890000000000005,0.865695260184792
0.9900000000000005,0.8649135878166777
0.9910000000000005,0.8645179899999995
0.9920000000000005,0.8637972880783802
0.9930000000000005,0.8627012069425523
0.9940000000000005,0.8615992920382974
0.9950000000000006,0.8603305799999992
0.9960000000000006,0.8589160867646668
0.9970000000000006,0.8575925597044143
0.9980000000000006,0.8565777804433773
0.9990000000000006,0.855284282935058
1.0000000000000004,0.8543013299999985
1.0010000000000006,0.8510397099999989
1.0020000000000007,0.8493888999999991
1.0030000000000006,0.8478604599999991
1.0040000000000004,0.8465954850024989
1.0050000000000006,0.845045509999999
1.0060000000000007,0.843380269999999
1.0070000000000006,0.8419590599999993
1.0080000000000005,0.8403544399999995
1.0090000000000006,0.8391844402099786
1.0100000000000007,0.8383865399999995
1.0110000000000006,0.8375778199999994
1.0120000000000005,0.8366359499999999
1.0130000000000006,0.83628094
1.0140000000000007,0.8362172263713628
1.0150000000000006,0.8363780400000004
1.0160000000000005,0.8369258000000003
1.0170000000000006,0.8377098400000005
1.0180000000000007,0.8388324400000008
1.0190000000000006,0.8400632069233084
1.0200000000000005,0.8418082000000011
1.0210000000000006,0.8442409000000014
1.0220000000000007,0.8463463800000015
1.0230000000000006,0.8487530900000014
1.0240000000000005,0.8508639900000009
1.0250000000000006,0.8528868600000012
1.0260000000000007,0.8547762600000013
1.0270000000000006,0.8567398200000007
1.0280000000000005,0.8582906100000005
1.0290000000000006,0.8596203900000005
1.0300000000000007,0.8607284400000005
1.0310000000000006,0.8613947600000005
1.0320000000000005,0.8619957191710832
1.0330000000000006,0.8627874300000006
1.0340000000000007,0.8636297600000005
1.0350000000000006,0.8642140600000003
1.0360000000000005,0.8647773900000002
1.0370000000000006,0.8653297691380863
1.0380000000000007,0.8656211500000003
1.0390000000000006,0.8660516700000003
1.0400000000000005,0.8666630400000003
1.0410000000000006,0.8671674700000003
1.0420000000000007,0.8675135653904612
1.0430000000000006,0.8679649200000006
1.0440000000000005,0.8687385900000001
1.0450000000000006,0.86907709
1.0460000000000007,0.8691126700000001
1.0470000000000006,0.8693107201949806
1.0480000000000005,0.8692921399999998
1.0490000000000006,0.86885768
1.0500000000000007,0.8688334200000001
1.0510000000000006,0.86899734
1.0520000000000005,0.8689903
1.0530000000000006,0.86907649
1.0540000000000007,0.8690248099999999
1.0550000000000006,0.8688180230626936
1.0560000000000005,0.86864865
1.0570000000000006,0.8685671099999998
1.0580000000000007,0.8682690899999996
1.0590000000000006,0.8677132699999999
1.0600000000000005,0.8673493647055294
1.0610000000000006,0.8670964199999999
1.0620000000000007,0.86684906
1.0630000000000006,0.86678785
1.0640000000000005,0.86671621
1.0650000000000006,0.8666978518358164
1.0660000000000007,0.8665481200000001
1.0670000000000006,0.8666660800000002
1.0680000000000005,0.8670333600000001
1.0690000000000006,0.8673206600000002
1.0700000000000007,0.8677153805279475
1.0710000000000006,0.8680049200000002
1.0720000000000005,0.8682805300000002
1.0730000000000006,0.8684850300000001
1.0740000000000007,0.8686324400000001
1.0750000000000006,0.86881554
1.0760000000000005,0.86878723
1.0770000000000006,0.86870986
1.0780000000000007,0.8686833194020597
1.0790000000000006,0.8684773399999998
1.0800000000000005,0.8682118699999999
1.0810000000000006,0.8679235599999998
1.0820000000000007,0.8675516799999996
1.0830000000000006,0.8668777551824814
1.0840000000000005,0.8665295799999999
1.0850000000000006,0.8662964699999999
1.0860000000000007,0.86608815
1.0870000000000006,0.8661008499999999
1.0880000000000005,0.8659905310318967
1.0890000000000006,0.8657779699999999
1.0900000000000007,0.86567342
1.0910000000000006,0.8657023299999999
1.0920000000000005,0.8654610499999998
1.0930000000000006,0.8652163944655532
1.0940000000000007,0.8647620099999995
1.0950000000000006,0.8640348299999996
1.0960000000000005,0.8632959099999994
1.0970000000000006,0.8622779299999992
1.0980000000000008,0.8611890099999987
1.0990000000000006,0.8597091999999987
1.1000000000000005,0.858119849999999
1.1010000000000006,0.8559085699999981
1.1020000000000008,0.8531411299999981
1.1030000000000006,0.8503220699999978
1.1040000000000005,0.8470213399999985
1.1050000000000006,0.8436689399999979
1.1060000000000008,0.840531440470951
1.1070000000000007,0.8378361499999983
1.1080000000000005,0.8353870499999988
1.1090000000000007,0.8336154799999993
1.1100000000000008,0.8326924999999996
1.1110000000000007,0.8321476916168385
1.1120000000000005,0.8324638600000004
1.1130000000000007,0.8333385600000007
1.1140000000000008,0.834499600000001
1.1150000000000007,0.8362325400000012
1.1160000000000005,0.8381011431396872
1.1170000000000007,0.8403329800000016
1.1180000000000008,0.8426409400000023
1.1190000000000007,0.8452193100000016
1.1200000000000006,0.8477722400000012
1.1210000000000007,0.8504057866453371
1.1220000000000008,0.8528333300000013
1.1230000000000007,0.8549075700000012
1.1240000000000006,0.8567544800000007
1.1250000000000007,0.8583489700000009
1.1260000000000008,0.8597492600000011
1.1270000000000007,0.8610038200000006
1.1280000000000006,0.8620844500000006
1.1290000000000007,0.8628548235186485
1.1300000000000008,0.8632900100000004
1.1310000000000007,0.8637037300000001
1.1320000000000006,0.86393642
1.1330000000000007,0.86405098
1.1340000000000008,0.8640356728787122
1.1350000000000007,0.8640644599999999
1.1360000000000006,0.8639697399999999
1.1370000000000007,0.86385614
1.1380000000000008,0.86382741
1.1390000000000007,0.8637686458764123
1.1400000000000006,0.86370093
1.1410000000000007,0.86362022
1.1420000000000008,0.86360377
1.1430000000000007,0.86357969
1.1440000000000006,0.863552092759724
1.1450000000000007,0.86348277
1.1460000000000008,0.86342853
1.1470000000000007,0.8634200099999999
1.1480000000000006,0.8633219599999999
1.1490000000000007,0.8632153299999998
1.1500000000000008,0.8630663199999999
1.1510000000000007,0.8628991799999998
1.1520000000000006,0.8625526999999998
1.1530000000000007,0.8622602199999997
1.1540000000000008,0.8617997799999996
1.1550000000000007,0.8611718399999997
1.1560000000000006,0.8606458299999995
1.1570000000000007,0.8599970113538641
1.1580000000000008,0.8592105499999994
1.1590000000000007,0.8584582799999995
1.1600000000000006,0.8575479399999993
1.1610000000000007,0.8565261999999992
1.1620000000000008,0.8555091654094583
1.1630000000000007,0.8543632599999992
1.1640000000000006,0.8531849999999996
1.1650000000000007,0.8521197399999993
1.1660000000000008,0.8510730899999991
1.1670000000000007,0.8500792193870607
1.1680000000000006,0.8491938099999995
1.1690000000000007,0.8482900899999993
1.1700000000000008,0.8472803799999992
1.1710000000000007,0.8463026899999994
1.1720000000000006,0.8452671635526441
1.1730000000000007,0.8441028599999992
1.1740000000000008,0.8428914499999991
1.1750000000000007,0.8415748499999991
1.1760000000000006,0.8402211099999992
1.1770000000000007,0.8390187599999994
1.1780000000000008,0.8381078799999994
1.1790000000000007,0.8373816599999996
1.1800000000000006,0.8366947870342963
1.1810000000000007,0.8361651299999997
1.1820000000000008,0.8357097499999996
1.1830000000000007,0.8352551499999996
1.1840000000000006,0.8346967099999998
1.1850000000000007,0.8341919121887806
1.1860000000000008,0.8335137999999992
1.1870000000000007,0.8325561299999992
1.1880000000000006,0.8313951499999991
1.1890000000000007,0.8301029799999992
1.1900000000000008,0.8287580744905498
1.1910000000000007,0.8273761299999985
1.1920000000000006,0.8257964799999988
1.1930000000000007,0.8240165099999986
1.1940000000000008,0.8220135599999981
1.1950000000000007,0.8199025710988884
1.1960000000000006,0.8176321399999983
1.1970000000000007,0.8151492499999984
1.1980000000000008,0.8126591399999976
1.1990000000000007,0.8100828499999984
1.2000000000000006,0.8075057299999984
1.2010000000000007,0.8050821999999979
1.2020000000000008,0.8026815699999978
1.2030000000000007,0.8003344579702013
1.2040000000000006,0.7980141599999986
1.2050000000000007,0.7957699899999986
1.2060000000000008,0.7936355499999983
1.2070000000000007,0.7917694399999989
1.2080000000000006,0.7901131250614928
1.2090000000000007,0.7886637399999992
1.2100000000000009,0.7874472099999988
1.2110000000000007,0.7862594099999991
1.2120000000000006,0.7852296199999993
1.2130000000000007,0.7842939235696422
1.2140000000000009,0.7833370599999993
1.2150000000000007,0.7824253399999994
1.2160000000000006,0.7815674499999997
1.2170000000000007,0.78101742
1.2180000000000009,0.781005921149885
1.2190000000000007,0.7818187500000011
1.2200000000000006,0.7834983500000016
1.2210000000000008,0.7858616700000027
1.2220000000000009,0.7890487300000034
1.2230000000000008,0.7928851800000037
1.2240000000000006,0.7971632500000029
1.2250000000000008,0.8015201700000028
1.2260000000000009,0.8057473300000033
1.2270000000000008,0.8095018900000021
1.2280000000000006,0.8126347700000017
1.2290000000000008,0.8152439000000014
1.2300000000000009,0.8172548400000014
1.2310000000000008,0.8187591894530555
1.2320000000000007,0.8198537200000006
1.2330000000000008,0.8206695900000005
1.2340000000000009,0.8212975900000005
1.2350000000000008,0.8218081600000002
1.2360000000000007,0.8220789444045596
1.2370000000000008,0.8221229899999999
1.2380000000000009,0.8219433399999995
1.2390000000000008,0.8213348999999994
1.2400000000000007,0.8205137299999993
1.2410000000000008,0.8193262787451245
1.2420000000000009,0.8181569599999987
1.2430000000000008,0.8166841299999987
1.2440000000000007,0.8153693699999992
1.2450000000000008,0.8142019499999992
1.2460000000000009,0.8131114190530938
1.2470000000000008,0.8123010399999996
1.2480000000000007,0.8116376999999996
1.2490000000000008,0.8111779099999997
1.2500000000000009,0.8109149299999999
1.2510000000000008,0.81075978
1.2520000000000007,0.8107757600000002
1.2530000000000008,0.8110473800000004
1.254000000000001,0.8115541156414363
1.2550000000000008,0.8120105300000002
1.2560000000000007,0.81229657
1.2570000000000008,0.8122746299999997
1.258000000000001,0.8118484599999995
1.2590000000000008,0.811410518784121
1.2600000000000007,0.8104983599999998
1.2610000000000008,0.8101205799999994
1.262000000000001,0.8094951500000004
1.2630000000000008,0.8098418700000006
1.2640000000000007,0.8106420999770028
1.2650000000000008,0.812149520000002
1.266000000000001,0.8144550900000025
1.2670000000000008,0.817167160000002
1.2680000000000007,0.8201972200000018
1.2690000000000008,0.8230728024417582
1.270000000000001,0.8255395900000018
1.2710000000000008,0.8275636400000012
1.2720000000000007,0.8288408500000005
1.2730000000000008,0.8296022400000003
1.274000000000001,0.82990074
1.2750000000000008,0.8298919799999998
1.2760000000000007,0.8296045699999998
1.2770000000000008,0.82930148
1.278000000000001,0.8292204699999999
1.2790000000000008,0.8291516300000001
1.2800000000000007,0.8293756800000004
1.2810000000000008,0.8300190600000005
1.282000000000001,0.8305591994690538
1.2830000000000008,0.8312538900000005
1.2840000000000007,0.8319000000000004
1.2850000000000008,0.8325976700000004
1.286000000000001,0.8331560500000006
1.2870000000000008,0.8337536408849119
1.2880000000000007,0.8342624900000002
1.2890000000000008,0.8346403200000002
1.290000000000001,0.8349548600000001
1.2910000000000008,0.8350911100000001
1.2920000000000007,0.8351611429967004
1.2930000000000008,0.83521932
1.294000000000001,0.83524173
1.2950000000000008,0.8352386999999999
1.2960000000000007,0.83519268
1.2970000000000008,0.8351135379142085
1.298000000000001,0.8349973599999999
1.2990000000000008,0.8348578199999999
1.3000000000000007,0.8347155499999999
1.3010000000000008,0.8344697999999998
1.302000000000001,0.8341613999999995
1.3030000000000008,0.8337446999999997
1.3040000000000007,0.8332382399999997
1.3050000000000008,0.832688025675432
1.306000000000001,0.8320447799999995
1.3070000000000008,0.8313911599999995
1.3080000000000007,0.8307119599999995
1.3090000000000008,0.8299035399999994
1.310000000000001,0.8290995868243168
1.3110000000000008,0.8283678299999994
1.3120000000000007,0.8275737799999993
1.3130000000000008,0.8267080799999994
1.314000000000001,0.8259512199999993
1.3150000000000008,0.8251500301189875
1.3160000000000007,0.8243559599999994
1.3170000000000008,0.8236902399999994
1.318000000000001,0.8229496499999993
1.3190000000000008,0.8222019699999993
1.3200000000000007,0.8214522749695022
1.3210000000000008,0.8206816899999994
1.322000000000001,0.8199775199999991
1.3230000000000008,0.8192202999999998
1.3240000000000007,0.8186560299999998
1.3250000000000008,0.8182411199999997
1.326000000000001,0.8178201299999996
1.3270000000000008,0.8175218099999997
1.3280000000000007,0.8171890671612836
1.3290000000000008,0.8168606799999998
1.330000000000001,0.8165553199999998
1.3310000000000008,0.8163055199999997
1.3320000000000007,0.8159922999999998
1.3330000000000009,0.8156656105809414
1.334000000000001,0.8151714199999994
1.3350000000000009,0.8145372299999994
1.3360000000000007,0.8139260999999994
1.3370000000000009,0.8132692599999993
1.338000000000001,0.8125720097250267
1.3390000000000009,0.8118672399999993
1.3400000000000007,0.8111202699999995
1.3410000000000009,0.8103795599999993
1.342000000000001,0.8096055399999992
1.3430000000000009,0.8088589446595335
1.3440000000000007,0.8080654099999993
1.3450000000000009,0.807129029999999
1.346000000000001,0.8060229999999979
1.3470000000000009,0.8042381399999982
1.3480000000000008,0.8021671199999981
1.3490000000000009,0.7993243299999967
1.350000000000001,0.7955895099999967
1.3510000000000009,0.7918776299999958
1.3520000000000008,0.7870901799999968
1.3530000000000009,0.7834647299999973
1.354000000000001,0.779357429999998
1.3550000000000009,0.7770686699999988
1.3560000000000008,0.7756952481941805
1.3570000000000009,0.7755771900000011
1.358000000000001,0.7767901400000017
1.3590000000000009,0.7787182900000023
1.3600000000000008,0.7811985000000016
1.3610000000000009,0.7836074406449375
1.362000000000001,0.7856138900000019
1.3630000000000009,0.7872809800000007
1.3640000000000008,0.7882305400000004
1.3650000000000009,0.7887965400000002
1.366000000000001,0.7890353561183884
1.3670000000000009,0.7890545700000001
1.3680000000000008,0.7891259800000001
1.3690000000000009,0.7892625300000004
1.370000000000001,0.7895903000000005
1.3710000000000009,0.7900730517248279
1.3720000000000008,0.7904999900000006
1.3730000000000009,0.7910658700000002
1.374000000000001,0.7914266600000003
1.3750000000000009,0.7918181400000001
1.3760000000000008,0.79188907
1.377000000000001,0.7919436699999995
1.378000000000001,0.7914961599999993
1.379000000000001,0.7907197678532137
1.3800000000000008,0.7896982999999987
1.381000000000001,0.7882789999999986
1.382000000000001,0.7867221199999979
1.383000000000001,0.7848645999999984
1.3840000000000008,0.7829967407669218
1.385000000000001,0.7809044099999982
1.386000000000001,0.7788795799999979
1.387000000000001,0.776949879999998
1.3880000000000008,0.775154169999999
1.389000000000001,0.7736613492820705
1.390000000000001,0.7724530699999991
1.391000000000001,0.7716979999999997
1.3920000000000008,0.77134484
1.393000000000001,0.7713482400000002
1.394000000000001,0.7715625585681434
1.395000000000001,0.7718846200000004
1.3960000000000008,0.7722117300000001
1.397000000000001,0.7723825
1.398000000000001,0.7723553199999996
1.399000000000001,0.7719683099999994
1.4000000000000008,0.7713335799999994
1.4010000000000007,0.7707231599999993
1.402000000000001,0.7697420699999994
1.403000000000001,0.7692310799999996
1.4040000000000008,0.7688168899999999
1.4050000000000007,0.7686715100000001
1.406000000000001,0.7688930000000002
1.407000000000001,0.7690125015588446
1.4080000000000008,0.76952809
1.4090000000000007,0.76947218
1.410000000000001,0.7694356399999992
1.411000000000001,0.768778199999999
1.4120000000000008,0.7676223837506239
1.4130000000000007,0.7661598899999986
1.414000000000001,0.764233649999998
1.415000000000001,0.7620346499999979
1.4160000000000008,0.7596574999999979
1.4170000000000007,0.7573338123687616
1.418000000000001,0.7551266599999981
1.419000000000001,0.7530592699999983
1.4200000000000008,0.7512234999999983
1.4210000000000007,0.7493992999999988
1.422000000000001,0.7475313067993181
1.423000000000001,0.7455397799999979
1.4240000000000008,0.7432247999999984
1.4250000000000007,0.7407694499999984
1.426000000000001,0.7382251599999973
1.427000000000001,0.7357070999999976
1.4280000000000008,0.7335611599999988
1.4290000000000007,0.7317573999999991
1.430000000000001,0.7303958259304062
1.431000000000001,0.7295551299999997
1.4320000000000008,0.7291406400000002
1.4330000000000007,0.7293830500000001
1.434000000000001,0.7295212100000007
1.435000000000001,0.7303216584271575
1.4360000000000008,0.7304059300000001
1.4370000000000007,0.7305692999999994
1.438000000000001,0.7299150799999993
1.439000000000001,0.7289918099999984
1.4400000000000008,0.7271043787431242
1.4410000000000007,0.724655149999997
1.442000000000001,0.7212282399999951
1.443000000000001,0.7168694699999955
1.4440000000000008,0.7117953899999945
1.4450000000000007,0.7055309764413507
1.446000000000001,0.6991752399999916
1.447000000000001,0.6917156599999923
1.4480000000000008,0.6848359099999952
1.4490000000000007,0.6777248999999955
1.450000000000001,0.6710245599999933
1.451000000000001,0.6650456799999943
1.4520000000000008,0.6599311799999965
1.4530000000000007,0.6560081012128764
1.454000000000001,0.6528202299999973
1.455000000000001,0.6504623899999982
1.4560000000000008,0.6485080099999984
1.4570000000000007,0.6466739799999982
1.458000000000001,0.6446649911878783
1.459000000000001,0.6421768699999973
1.4600000000000009,0.6391469799999967
1.4610000000000007,0.6353543999999961
1.462000000000001,0.6309985499999946
1.463000000000001,0.6261279070642884
1.4640000000000009,0.6206186999999946
1.4650000000000007,0.6146512599999956
1.466000000000001,0.6080104099999912
1.467000000000001,0.6001091599999898
1.4680000000000009,0.590900030912901
1.4690000000000007,0.579380269999991
1.470000000000001,0.5658663499999833
1.471000000000001,0.5508307199999795
1.4720000000000009,0.5323407099999853
1.4730000000000008,0.5157481999999868
1.474000000000001,0.4959728999999851
1.475000000000001,0.4825156299999879
1.4760000000000009,0.4689593599999957
1.4770000000000008,0.46412519000000046
1.478000000000001,0.4646418400000058
1.479000000000001,0.4712024600000137
1.4800000000000009,0.4866138100000143
1.4810000000000008,0.5027229260724098
1.482000000000001,0.5260836500000224
1.483000000000001,0.5462570200000203
1.4840000000000009,0.5691400800000168
1.4850000000000008,0.5880093600000116
1.486000000000001,0.6054121231127061
1.487000000000001,0.6202432500000135
1.4880000000000009,0.6323714300000068
1.4890000000000008,0.6426615700000057
1.490000000000001,0.6512320600000084
1.491000000000001,0.6588436488411239
1.4920000000000009,0.6656925100000054
1.4930000000000008,0.6718398900000038
1.494000000000001,0.6774668700000056
1.495000000000001,0.6824846900000039
1.4960000000000009,0.6869023182371798
1.4970000000000008,0.6906870000000028
1.498000000000001,0.6939365900000023
1.499000000000001,0.696581660000002
1.5000000000000009,0.6987763000000018
1.5010000000000008,0.7005965700000012
1.5020000000000011,0.7020268400000016
1.503000000000001,0.7031857400000009
1.504000000000001,0.70414454190481
1.5050000000000008,0.7047635900000002
1.5060000000000011,0.7049694699999998
1.507000000000001,0.7047997099999992
1.508000000000001,0.704058889999999
1.5090000000000008,0.7029224430126977
1.5100000000000011,0.7015525699999984
1.511000000000001,0.7000111899999986
1.512000000000001,0.698694349999999
1.5130000000000008,0.6977550399999998
1.5140000000000011,0.6974147940245972
1.515000000000001,0.6976926900000009
1.516000000000001,0.6985017100000015
1.5170000000000008,0.7001606200000015
1.5180000000000011,0.7017438400000025
1.519000000000001,0.7039104333406682
1.520000000000001,0.7056831700000017
1.5210000000000008,0.7075647100000013
1.5220000000000011,0.7091265300000018
1.523000000000001,0.7104954700000011
1.524000000000001,0.7117411500000009
1.5250000000000008,0.7127605700000009
1.5260000000000011,0.713738620000001
1.527000000000001,0.7146067000000008
1.528000000000001,0.7154160100000008
1.5290000000000008,0.7162495300000004
1.5300000000000011,0.7167866200000006
1.531000000000001,0.7172609600000001
1.532000000000001,0.7173480268403158
1.5330000000000008,0.7172164299999997
1.5340000000000011,0.7166429199999989
1.535000000000001,0.7156507399999986
1.536000000000001,0.7144162699999984
1.5370000000000008,0.7126525066213366
1.5380000000000011,0.7109187199999979
1.539000000000001,0.7090036299999982
1.540000000000001,0.7070233799999982
1.5410000000000008,0.7049727399999981
1.5420000000000011,0.7028836889051073
1.543000000000001,0.7006422899999979
1.544000000000001,0.6982340199999977
1.5450000000000008,0.6956561799999974
1.5460000000000012,0.6928161399999966
1.547000000000001,0.6897164099729995
1.548000000000001,0.6863744299999968
1.5490000000000008,0.6827470099999976
1.5500000000000012,0.6790425799999958
1.551000000000001,0.6753466099999961
1.552000000000001,0.6718455599999965
1.5530000000000008,0.6686980099999982
1.5540000000000012,0.6659648399999976
1.555000000000001,0.6638063302329751
1.556000000000001,0.662108659999999
1.5570000000000008,0.6609582899999992
1.5580000000000012,0.6601224499999991
1.559000000000001,0.6593415699999992
1.560000000000001,0.6583707063013684
1.5610000000000008,0.6569337199999984
1.5620000000000012,0.6550114199999968
1.563000000000001,0.6525543299999976
1.564000000000001,0.6499330399999975
1.5650000000000008,0.6471467386301346
1.5660000000000012,0.6446123699999976
1.567000000000001,0.6427581299999989
1.568000000000001,0.6417944400000003
1.5690000000000008,0.6421472400000015
1.5700000000000012,0.6438290018238197
1.571000000000001,0.6470168800000047
1.572000000000001,0.6511787200000058
1.5730000000000008,0.6563826200000038
1.5740000000000012,0.6621069300000062
1.575000000000001,0.667753820000006
1.576000000000001,0.673157690000005
1.5770000000000008,0.6777033200000031
1.5780000000000012,0.6812583685731454
1.579000000000001,0.6835441000000013
1.580000000000001,0.68469453
1.5810000000000008,0.6846328399999991
1.5820000000000012,0.6836783299999979
1.583000000000001,0.6821196119008078
1.584000000000001,0.6803386199999986
1.5850000000000009,0.6786591999999988
1.5860000000000012,0.6772605199999989
1.587000000000001,0.6763907099999995
1.588000000000001,0.6759813809329063
1.5890000000000009,0.6761962800000005
1.5900000000000012,0.6768353600000011
1.591000000000001,0.6777991100000013
1.592000000000001,0.6789346300000013
1.5930000000000009,0.6801148019828026
1.5940000000000012,0.681182270000001
1.595000000000001,0.6820999400000008
1.596000000000001,0.6828712800000005
1.5970000000000009,0.6833671300000004
1.5980000000000012,0.6838018300000004
1.599000000000001,0.6840981200000003
1.600000000000001,0.6842575100000001
1.6010000000000009,0.6843373199999999
1.6020000000000012,0.6841895599999996
1.603000000000001,0.6839060799999995
1.604000000000001,0.6834576099999995
1.6050000000000009,0.6827795499999993
1.6060000000000012,0.6819774743445645
1.607000000000001,0.6810209199999989
1.608000000000001,0.6800438199999991
1.6090000000000009,0.6790890099999991
1.6100000000000012,0.6780632699999989
1.611000000000001,0.6770204363393648
1.612000000000001,0.6758838299999986
1.6130000000000009,0.6746658699999992
1.6140000000000012,0.6734718699999986
1.615000000000001,0.6723102899999985
1.616000000000001,0.6709722438046182
1.6170000000000009,0.6695221699999985
1.6180000000000012,0.6677891599999974
1.619000000000001,0.665509759999997
1.620000000000001,0.6628109799999969
1.6210000000000009,0.6593167094270544
1.6220000000000012,0.654988769999993
1.623000000000001,0.6497200699999944
1.624000000000001,0.6434721399999935
1.6250000000000009,0.6361802199999927
1.6260000000000012,0.6279988899999884
1.6270000000000011,0.6193301699999882
1.628000000000001,0.6105327599999926
1.629000000000001,0.602154874598533
1.6300000000000012,0.5946008599999916
1.6310000000000011,0.5882303699999943
1.632000000000001,0.5831072299999958
1.633000000000001,0.5793242499999977
1.6340000000000012,0.5767109039166066
1.6350000000000011,0.575150069999999
1.636000000000001,0.5742090899999995
1.637000000000001,0.57375973
1.6380000000000012,0.5737575300000002
1.6390000000000011,0.5739669590570945
1.640000000000001,0.5745869900000014
1.641000000000001,0.5757976200000017
1.6420000000000012,0.5776944800000036
1.6430000000000011,0.5803732900000038
1.644000000000001,0.5837628410448992
1.645000000000001,0.5877699900000037
1.6460000000000012,0.5920221800000055
1.6470000000000011,0.5962218000000052
1.648000000000001,0.6001774100000031
1.649000000000001,0.6036231500000027
1.6500000000000012,0.6065822200000031
1.6510000000000011,0.6089407200000021
1.652000000000001,0.6108033700000016
1.653000000000001,0.612331150000001
1.6540000000000012,0.613510430000001
1.6550000000000011,0.6143658200000007
1.656000000000001,0.6150919200000006
1.657000000000001,0.6156407311338868
1.6580000000000013,0.6159520700000003
1.6590000000000011,0.6162021200000001
1.660000000000001,0.61633974
1.661000000000001,0.6163066599999999
1.6620000000000013,0.6161725778112185
1.6630000000000011,0.6158506899999996
1.664000000000001,0.6154324399999995
1.665000000000001,0.6148943299999994
1.6660000000000013,0.6140873999999988
1.6670000000000011,0.6132650022397752
1.668000000000001,0.6124382599999991
1.669000000000001,0.6114813699999991
1.6700000000000013,0.6105176799999986
1.6710000000000012,0.6095064299999987
1.672000000000001,0.6083383568073181
1.673000000000001,0.607147159999999
1.6740000000000013,0.6060597299999989
1.6750000000000012,0.605059209999999
1.676000000000001,0.6041508899999991
1.677000000000001,0.6033502199999992
1.6780000000000013,0.6025751799999992
1.6790000000000012,0.6018509299999993
1.680000000000001,0.6012252559494045
1.681000000000001,0.6005847499999994
1.6820000000000013,0.5999295699999991
1.6830000000000012,0.5992705799999991
1.684000000000001,0.5984930999999992
1.685000000000001,0.5976628417878204
1.6860000000000013,0.5967807199999985
1.6870000000000012,0.5956469199999983
1.688000000000001,0.5943830599999989
1.689000000000001,0.5930809399999987
1.6900000000000013,0.5916250055934388
1.6910000000000012,0.5902430399999983
1.692000000000001,0.5889128399999984
1.693000000000001,0.5874776799999989
1.6940000000000013,0.5861811599999983
1.6950000000000012,0.5849701810978887
1.696000000000001,0.583884599999999
1.697000000000001,0.582951189999999
1.6980000000000013,0.5820199799999991
1.6990000000000012,0.5811831399999992
1.700000000000001,0.5803398499999992
1.701000000000001,0.5796081999999992
1.7020000000000013,0.5790576899999992
1.7030000000000012,0.5784805425767416
1.704000000000001,0.5779063099999994
1.705000000000001,0.5772684799999993
1.7060000000000013,0.5764832499999989
1.7070000000000012,0.5756859799999989
1.708000000000001,0.5748746103519637
1.709000000000001,0.5739781299999992
1.7100000000000013,0.5730466199999987
1.7110000000000012,0.5720987299999986
1.712000000000001,0.5710544599999987
1.713000000000001,0.5698256528807106
1.7140000000000013,0.568511069999998
1.7150000000000012,0.5670165399999982
1.716000000000001,0.5653774099999983
1.717000000000001,0.5638339499999983
1.7180000000000013,0.5622365897360244
1.7190000000000012,0.5606732999999985
1.720000000000001,0.5592567299999985
1.721000000000001,0.5579326199999987
1.7220000000000013,0.5567535799999984
1.7230000000000012,0.5555620199999985
1.724000000000001,0.5542910099999984
1.725000000000001,0.5527813999999983
1.7260000000000013,0.550936399999997
1.7270000000000012,0.5485786799999961
1.728000000000001,0.5456542399999973
1.729000000000001,0.5426245299999966
1.7300000000000013,0.538727759999996
1.7310000000000012,0.5357537532266735
1.732000000000001,0.532486019999998
1.733000000000001,0.5306752299999992
1.7340000000000013,0.5296309000000005
1.7350000000000012,0.529950680000002
1.736000000000001,0.5317904835726454
1.737000000000001,0.5340262100000042
1.7380000000000013,0.5378119300000034
1.7390000000000012,0.540838000000004
1.740000000000001,0.5444287100000028
1.741000000000001,0.5469141514558571
1.7420000000000013,0.5490987300000014
1.7430000000000012,0.5502127400000002
1.744000000000001,0.5504564599999996
1.745000000000001,0.5500413799999988
1.7460000000000013,0.548724841653833
1.7470000000000012,0.5469558799999967
1.748000000000001,0.5445557799999975
1.749000000000001,0.5416629299999969
1.7500000000000013,0.5381865499999949
1.7510000000000012,0.5343309599999947
1.7520000000000011,0.5303671399999945
1.753000000000001,0.5262568599999967
1.7540000000000013,0.5224652031666788
1.7550000000000012,0.5191968699999965
1.7560000000000011,0.5165093499999982
1.757000000000001,0.5148761899999992
1.7580000000000013,0.5141986000000003
1.7590000000000012,0.5144434884141597
1.7600000000000011,0.5153276300000015
1.761000000000001,0.5166664100000017
1.7620000000000013,0.5181694600000021
1.7630000000000012,0.5195267800000012
1.7640000000000011,0.5206033123467665
1.765000000000001,0.5211604799999999
1.7660000000000013,0.521036859999999
1.7670000000000012,0.5202596799999982
1.7680000000000011,0.5189066499999976
1.769000000000001,0.5166876119038073
1.7700000000000014,0.5143576299999959
1.7710000000000012,0.5112696299999963
1.7720000000000011,0.5084586699999957
1.773000000000001,0.5052493799999977
1.7740000000000014,0.5027314999999964
1.7750000000000012,0.5001018599999981
1.7760000000000011,0.49869650999999926
1.777000000000001,0.4980637700000003
1.7780000000000014,0.49830046000000183
1.7790000000000012,0.499684420000002
1.7800000000000011,0.5014749800000032
1.781000000000001,0.5043703300000028
1.7820000000000014,0.5069155179402102
1.7830000000000013,0.5099949200000029
1.7840000000000011,0.5126353500000027
1.785000000000001,0.5150787200000027
1.7860000000000014,0.5174348400000028
1.7870000000000013,0.5195735673042724
1.7880000000000011,0.5219466100000024
1.789000000000001,0.5241757600000023
1.7900000000000014,0.526826680000004
1.7910000000000013,0.529785990000004
1.7920000000000011,0.5327989986991334
1.793000000000001,0.5360978800000027
1.7940000000000014,0.539153100000004
1.7950000000000013,0.5422397900000034
1.7960000000000012,0.5448625700000024
1.797000000000001,0.5469691993370684
1.7980000000000014,0.5487555300000014
1.7990000000000013,0.5498362200000005
1.8000000000000012,0.5503033999999999
1.801000000000001,0.5501311399999987
1.8020000000000014,0.5490551599999978
1.8030000000000013,0.5476345399999976
1.8040000000000012,0.5454029399999976
1.805000000000001,0.5431754758744098
1.8060000000000014,0.5403342199999968
1.8070000000000013,0.5378972299999962
1.8080000000000012,0.535100819999998
1.809000000000001,0.5332937199999986
1.8100000000000014,0.5318020671712822
1.8110000000000013,0.5312737800000006
1.8120000000000012,0.5316533400000014
1.813000000000001,0.5327092400000019
1.8140000000000014,0.5348363500000028
1.8150000000000013,0.5370097926557372
1.8160000000000012,0.5401676900000032
1.817000000000001,0.5426191700000028
1.8180000000000014,0.5451334700000028
1.8190000000000013,0.5471902500000023
1.8200000000000012,0.5489509739276095
1.821000000000001,0.5503134100000011
1.8220000000000014,0.5513206100000012
1.8230000000000013,0.5520734800000003
1.8240000000000012,0.5524014200000003
1.825000000000001,0.5525678999999998
1.8260000000000014,0.5523928999999999
1.8270000000000013,0.5523035500000001
1.8280000000000012,0.5524151337346273
1.829000000000001,0.5530524800000003
1.8300000000000014,0.5533352500000006
1.8310000000000013,0.5538752100000002
1.8320000000000012,0.5540199900000002
1.833000000000001,0.5541593438566144
1.8340000000000014,0.5541979100000006
1.8350000000000013,0.5546942900000008
1.8360000000000012,0.5552737700000007
1.837000000000001,0.5557738500000008
1.8380000000000014,0.5564707403109699
1.8390000000000013,0.5569002000000003
1.8400000000000012,0.5571087000000002
1.841000000000001,0.5574488600000006
1.8420000000000014,0.5579357700000007
1.8430000000000013,0.5583893846385367
1.8440000000000012,0.5589008900000005
1.845000000000001,0.5594185000000004
1.8460000000000014,0.5597311300000003
1.8470000000000013,0.5599139300000003
1.8480000000000012,0.5601781000000003
1.849000000000001,0.56043035
1.8500000000000014,0.56046903
1.8510000000000013,0.56043667
1.8520000000000012,0.5604543099999998
1.853000000000001,0.5603008899999998
1.8540000000000014,0.5600886299999998
1.8550000000000013,0.55990773
1.8560000000000012,0.5599470454214576
1.857000000000001,0.5597012599999993
1.8580000000000014,0.5591403799999995
1.8590000000000013,0.5588242399999995
1.8600000000000012,0.5584739399999994
1.861000000000001,0.5579583614978495
1.8620000000000014,0.5573733399999992
1.8630000000000013,0.5568305899999995
1.8640000000000012,0.5563805099999992
1.865000000000001,0.555673659999999
1.8660000000000014,0.5547765197140272
1.8670000000000013,0.5538404599999984
1.8680000000000012,0.5526482499999983
1.869000000000001,0.5511285699999987
1.8700000000000014,0.5499354599999989
1.8710000000000013,0.5491399395520438
1.8720000000000012,0.5486735699999996
1.873000000000001,0.5483671400000002
1.8740000000000014,0.5485577600000014
1.8750000000000013,0.5496463800000014
1.8760000000000012,0.5507373200000015
1.8770000000000011,0.5518720700000022
1.8780000000000014,0.5534638800000021
1.8790000000000013,0.5550313355964417
1.8800000000000012,0.5559873000000016
1.8810000000000011,0.5571261600000014
1.8820000000000014,0.5583146800000011
1.8830000000000013,0.5590195700000004
1.8840000000000012,0.5592629504479555
1.8850000000000011,0.5594674299999995
1.8860000000000015,0.5590758899999995
1.8870000000000013,0.5587432399999996
1.8880000000000012,0.5585571499999998
1.8890000000000011,0.558488256889311
1.8900000000000015,0.5582643700000002
1.8910000000000013,0.5584012900000005
1.8920000000000012,0.5587722700000002
1.8930000000000011,0.5589127500000001
1.8940000000000015,0.5590075205229479
1.8950000000000014,0.5590481200000001
1.8960000000000012,0.5590954400000002
1.8970000000000011,0.5592224000000001
1.8980000000000015,0.55930012
1.8990000000000014,0.5593099000000001
1.9000000000000012,0.5593923900000002
1.9010000000000011,0.5595263799999999
1.9020000000000015,0.5593934099999999
1.9030000000000014,0.5593449500000003
1.9040000000000012,0.55962968
1.9050000000000011,0.5596507199999997
1.9060000000000015,0.5593553199999995
1.9070000000000014,0.5590413509988997
1.9080000000000013,0.5587513399999995
1.9090000000000011,0.5582114499999993
1.9100000000000015,0.5574899299999987
1.9110000000000014,0.5566628599999989
1.9120000000000013,0.5558142666243361
1.9130000000000011,0.5545805099999982
1.9140000000000015,0.5529375699999979
1.9150000000000014,0.5513446299999973
1.9160000000000013,0.5493498999999962
1.9170000000000011,0.5464868463053664
1.9180000000000015,0.5436215399999957
1.9190000000000014,0.5404369199999959
1.9200000000000013,0.5373597099999958
1.9210000000000012,0.5341604899999968
1.9220000000000015,0.5312231737316224
1.9230000000000014,0.5285423999999967
1.9240000000000013,0.5260922299999977
1.9250000000000012,0.5240018999999981
1.9260000000000015,0.5222755699999982
1.9270000000000014,0.5211627499999991
1.9280000000000013,0.5206008599999995
1.9290000000000012,0.5201379700000002
1.9300000000000015,0.5203477173782622
1.9310000000000014,0.5204214999999999
1.9320000000000013,0.5203238699999998
1.9330000000000012,0.5201768899999998
1.9340000000000015,0.5199781699999996
1.9350000000000014,0.5196174539776016
1.9360000000000013,0.5191572299999995
1.9370000000000012,0.5187204499999991
1.9380000000000015,0.5180471499999988
1.9390000000000014,0.5171083199999993
1.9400000000000013,0.5165915416778316
1.9410000000000012,0.5159871
1.9420000000000015,0.5159462100000008
1.9430000000000014,0.5165365300000013
1.9440000000000013,0.5175351500000024
1.9450000000000012,0.5193132721877834
1.9460000000000015,0.5212708700000036
1.9470000000000014,0.5235745300000041
1.9480000000000013,0.5262043500000029
1.9490000000000012,0.5288401200000026
1.9500000000000015,0.5311382400000028
1.9510000000000014,0.532944440000002
1.9520000000000013,0.5342578300000016
1.9530000000000012,0.5354112394910516
1.9540000000000015,0.5360061500000008
1.9550000000000014,0.5365632800000012
1.9560000000000013,0.5375123000000007
1.9570000000000012,0.5380353300000004
1.9580000000000015,0.5382638592130787
1.9590000000000014,0.5382559899999995
1.9600000000000013,0.537844959999999
1.9610000000000012,0.5370783799999984
1.9620000000000015,0.5359285499999978
1.9630000000000014,0.5345970531496831
1.9640000000000013,0.5336032499999982
1.9650000000000012,0.5322383599999991
1.9660000000000015,0.5314599299999998
1.9670000000000014,0.5312999500000005
1.9680000000000013,0.5316347765173487
1.9690000000000012,0.5325768600000015
1.9700000000000015,0.5338628300000033
1.9710000000000014,0.5359922600000034
1.9720000000000013,0.5382229700000033
1.9730000000000012,0.540726840000003
1.9740000000000015,0.5434683600000039
1.9750000000000014,0.5459379000000023
1.9760000000000013,0.5476976000000019
1.9770000000000012,0.5491410500000012
1.9780000000000015,0.550029100000001
1.9790000000000014,0.5507929900000009
1.9800000000000013,0.5515004400000006
1.9810000000000012,0.5520055166363369
1.9820000000000015,0.5524718800000002
1.9830000000000014,0.5525892999999996
1.9840000000000013,0.5523555299999995
1.9850000000000012,0.5519036099999994
1.9860000000000015,0.551365644196579
1.9870000000000014,0.5505076099999975
1.9880000000000013,0.5488659699999973
1.9890000000000012,0.5463834399999968
1.9900000000000015,0.5434382599999936
1.9910000000000014,0.5393494288831056
1.9920000000000013,0.5350945599999934
1.9930000000000012,0.5302036999999951
1.9940000000000015,0.5258088099999917
1.9950000000000014,0.5204658499999946
1.9960000000000013,0.5164137952054743
1.9970000000000012,0.5136915399999976
1.9980000000000016,0.5119166399999998
1.9990000000000014,0.5117762100000008
2.0000000000000013,0.5124782300000026
2.0010000000000012,0.5143605417006633
2.0020000000000016,0.5172775482993445
2.0030000000000014,0.519803700000005
2.0040000000000013,0.5235440334353159
2.0050000000000012,0.5260783865646897
2.0060000000000016,0.5274251700000012
2.0070000000000014,0.528117419999999
2.0080000000000013,0.5275328382393509
2.0090000000000012,0.5265152317606469
2.0100000000000016,0.5244588299999965
2.0110000000000015,0.5224500892871387
2.0120000000000013,0.5200429607128538
2.0130000000000012,0.5176145399999976
2.0140000000000016,0.515856477623472
2.0150000000000015,0.5138327123765216
2.0160000000000013,0.5117018799999972
2.0170000000000012,0.509556059999996
2.0180000000000016,0.5065852801179712
2.0190000000000015,0.5033864598820188
2.0200000000000014,0.49914824999999297
2.0210000000000012,0.4938467011287671
2.0220000000000016,0.4877579888712167
2.0230000000000015,0.48077898999998936
2.0240000000000014,0.4727753231043692
2.0250000000000012,0.464306366895612
2.0260000000000016,0.45448487999998
2.0270000000000015,0.44322934999997804
2.0280000000000014,0.43085656727825367
2.0290000000000012,0.41678332999997975
2.0300000000000016,0.40158572999997133
2.0310000000000015,0.3854548062737179
2.0320000000000014,0.3685175437262294
2.0330000000000013,0.3544419399999801
2.0340000000000016,0.33947317248348724
2.0350000000000015,0.3294980075164818
2.0360000000000014,0.32329961999999784
2.0370000000000013,0.32169472948710875
2.0380000000000016,0.3269896005129053
2.0390000000000015,0.3349327700000197
2.0400000000000014,0.34974074000002003
2.0410000000000013,0.3647769467216774
2.0420000000000016,0.3833441632783721
2.0430000000000015,0.40054360000002265
2.0440000000000014,0.4175663106048962
2.0450000000000013,0.4322723593951365
2.0460000000000016,0.44342080000001616
2.0470000000000015,0.452538049931024
2.0480000000000014,0.4588373600689956
2.0490000000000013,0.4615931800000008
2.0500000000000016,0.4622099399999965
2.0510000000000015,0.4602322477692201
2.0520000000000014,0.4565234799999913
2.0530000000000013,0.45002394999999
2.0540000000000016,0.4425158469425961
2.0550000000000015,0.4329852730573742
2.0560000000000014,0.4231666599999848
2.0570000000000013,0.41178205518295086
2.0580000000000016,0.4010338848170205
2.0590000000000015,0.3898853699999868
2.0600000000000014,0.3799784477114476
2.0610000000000013,0.3713555622885294
2.0620000000000016,0.363838079999991
2.0630000000000015,0.35878771999999554
2.0640000000000014,0.35544460474105066
2.0650000000000013,0.3544920152589468
2.0660000000000016,0.3566041000000063
2.0670000000000015,0.3601754979734156
2.0680000000000014,0.3665552320266042
2.0690000000000013,0.3735919600000119
2.0700000000000016,0.38252774582884835
2.0710000000000015,0.39128603417117885
2.0720000000000014,0.4009857200000119
2.0730000000000013,0.4099281700000106
2.0740000000000016,0.41789393052195956
2.0750000000000015,0.4251991500000089
2.0760000000000014,0.43187502000000744
2.0770000000000013,0.4374510807958459
2.0780000000000016,0.4417590392041656
2.0790000000000015,0.4453595600000035
2.0800000000000014,0.44798696499700214
2.0810000000000013,0.44893693500300086
2.0820000000000016,0.44941932000000007
2.0830000000000015,0.449442761304738
2.0840000000000014,0.44875580869525994
2.0850000000000013,0.44725489999999746
2.0860000000000016,0.4453422099999956
2.0870000000000015,0.4428299637832385
2.0880000000000014,0.43986779621675226
2.0890000000000013,0.436544719999995
2.0900000000000016,0.43278786719855367
2.0910000000000015,0.42865985280143354
2.0920000000000014,0.4239821399999938
2.0930000000000013,0.4193013785072921
2.0940000000000016,0.4137864514926933
2.0950000000000015,0.40735938999999044
2.0960000000000014,0.4002026899999894
2.0970000000000013,0.39225529883810567
2.0980000000000016,0.38324367999998726
2.0990000000000015,0.37368431999998614
2.1000000000000014,0.3632635016186592
2.1010000000000013,0.3526796883813079
2.1020000000000016,0.34150322999998006
2.1030000000000015,0.33028209995399016
2.1040000000000014,0.3184816400459732
2.1050000000000013,0.3073234899999849
2.1060000000000016,0.2960097215966639
2.1070000000000015,0.28562568840330377
2.1080000000000014,0.27595075999998886
2.1090000000000013,0.26758756999998984
2.1100000000000017,0.25996055973104415
2.1110000000000015,0.25395787026893724
2.1120000000000014,0.25002660999999665
2.1130000000000013,0.2475382515076971
2.1140000000000017,0.24635332849229977
2.1150000000000015,0.24757916000000163
2.1160000000000014,0.24880102709758495
2.1170000000000013,0.25157200290242365
2.1180000000000017,0.25327864000000166
2.1190000000000015,0.2545379100000004
2.1200000000000014,0.2548834820705832
2.1210000000000013,0.2532041879294116
2.1220000000000017,0.2516085199999935
2.1230000000000016,0.24794346804138848
2.1240000000000014,0.24592388195860526
2.1250000000000013,0.24344625000000022
2.1260000000000017,0.24362271558888665
2.1270000000000016,0.2463786044111219
2.1280000000000014,0.25166056000001247
2.1290000000000013,0.26101532550491197
2.1300000000000017,0.2720703744951175
2.1310000000000016,0.287340100000028
2.1320000000000014,0.3031204300000296
2.1330000000000013,0.31976817482705533
2.1340000000000017,0.33751644517299195
2.1350000000000016,0.3533270700000276
2.1360000000000015,0.3688534058638486
2.1370000000000013,0.3821120441361926
2.1380000000000017,0.3934457900000164
2.1390000000000016,0.40265745314038215
2.1400000000000015,0.40898885685963754
2.1410000000000013,0.41389573000000335
2.1420000000000017,0.4163787400000027
2.1430000000000016,0.41789021832233547
2.1440000000000015,0.41787344167766444
2.1450000000000014,0.4172429399999976
2.1460000000000017,0.4154497572085552
2.1470000000000016,0.41352184279143883
2.1480000000000015,0.4106966899999968
2.1490000000000014,0.40833675849329887
2.1500000000000017,0.4062216915066955
2.1510000000000016,0.40452220999999905
2.1520000000000015,0.40397938999999944
2.1530000000000014,0.40365839209978954
2.1540000000000017,0.40401191000000075
2.1550000000000016,0.40446103000000055
2.1560000000000015,0.4047873495041
2.1570000000000014,0.4052823904959016
2.1580000000000017,0.40575847000000065
2.1590000000000016,0.4061401592451516
2.1600000000000015,0.4065326107548496
2.1610000000000014,0.4072904300000005
2.1620000000000017,0.40768539507798435
2.1630000000000016,0.40763617492201554
2.1640000000000015,0.4075557299999997
2.1650000000000014,0.40736528999999927
2.1660000000000017,0.40682891586882536
2.1670000000000016,0.40628760413117293
2.1680000000000015,0.4055103099999973
2.1690000000000014,0.4035018629074167
2.1700000000000017,0.4019309370925791
2.1710000000000016,0.400681469999998
2.1720000000000015,0.39957164682563373
2.1730000000000014,0.398839903174364
2.1740000000000017,0.3984956400000001
2.1750000000000016,0.39855129000000034
2.1760000000000015,0.3987468904399563
2.1770000000000014,0.39970633000000133
2.1780000000000017,0.40070704000000135
2.1790000000000016,0.4014550368996218
2.1800000000000015,0.4025240331003815
2.1810000000000014,0.4029277900000002
2.1820000000000017,0.40306613541891534
2.1830000000000016,0.402520324581083
2.1840000000000015,0.4007506999999977
2.1850000000000014,0.3989912958238319
2.1860000000000017,0.3961495341761593
2.1870000000000016,0.3941169099999959
2.1880000000000015,0.3918167099999989
2.1890000000000014,0.39096883639772123
2.1900000000000017,0.39163281360228086
2.1910000000000016,0.393351790000007
2.1920000000000015,0.3972969912277616
2.1930000000000014,0.40170926877225216
2.1940000000000017,0.4079131500000103
2.1950000000000016,0.41371264749751013
2.1960000000000015,0.41968762250250846
2.1970000000000014,0.42518169000000583
2.1980000000000017,0.42957300000000703
2.1990000000000016,0.43352844032097293
2.2000000000000015,0.4366316500000038
2.2010000000000014,0.4394929400000029
2.2020000000000017,0.44166841774345467
2.2030000000000016,0.4437458522565518
2.2040000000000015,0.44594508000000277
2.2050000000000014,0.44800966541891957
2.2060000000000017,0.4500638545810878
2.2070000000000016,0.4524861000000034
2.2080000000000015,0.4543807760707882
2.2090000000000014,0.45584148392921636
2.2100000000000017,0.45706806000000116
2.2110000000000016,0.45772836000000067
2.2120000000000015,0.4581124362947418
2.2130000000000014,0.45857538370525963
2.2140000000000017,0.4585350199999983
2.2150000000000016,0.45756969439811895
2.2160000000000015,0.45671367560187837
2.2170000000000014,0.45541429999999855
2.2180000000000017,0.45434008598280223
2.2190000000000016,0.4535999140171954
2.2200000000000015,0.4530511799999997
2.2210000000000014,0.4528450399999998
2.2220000000000018,0.452718092436757
2.2230000000000016,0.45314246000000036
2.2240000000000015,0.4533790600000001
2.2250000000000014,0.4534809549910017
2.2260000000000018,0.4534308650089981
2.2270000000000016,0.45333909999999905
2.2280000000000015,0.4528310908398306
2.2290000000000014,0.4519394891601667
2.2300000000000018,0.4507862599999965
2.2310000000000016,0.44881335026594343
2.2320000000000015,0.44671600973405
2.2330000000000014,0.4445409499999969
2.2340000000000018,0.442207459999996
2.2350000000000017,0.4399579671335694
2.2360000000000015,0.4375293028664231
2.2370000000000014,0.43545600999999745
2.2380000000000018,0.4335300850109953
2.2390000000000017,0.43198019498899987
2.2400000000000015,0.43063774999999915
2.2410000000000014,0.43001546405018987
2.2420000000000018,0.42995596594980995
2.2430000000000017,0.43046895000000207
2.2440000000000015,0.4320062100000025
2.2450000000000014,0.4338969818396358
2.2460000000000018,0.4362153781603724
2.2470000000000017,0.4388184500000069
2.2480000000000016,0.44270692553789753
2.2490000000000014,0.4458623044621123
2.2500000000000018,0.44832855000000427
2.2510000000000017,0.4507326159058217
2.2520000000000016,0.4524916740941838
2.2530000000000014,0.4538378100000018
2.254000000000002,0.45517431957608656
2.2550000000000017,0.45627008042391687
2.2560000000000016,0.4564369600000001
2.2570000000000014,0.45651245000000046
2.258000000000002,0.45675639277444535
2.2590000000000017,0.45688413722555504
2.2600000000000016,0.45657166999999965
2.2610000000000015,0.456386615090982
2.262000000000002,0.4565375249090185
2.2630000000000017,0.4565982799999997
2.2640000000000016,0.45642197294741055
2.2650000000000015,0.4564514470525895
2.266000000000002,0.4567894600000003
2.2670000000000017,0.4569664600000008
2.2680000000000016,0.4574194972895427
2.2690000000000015,0.45779239271045846
2.270000000000002,0.4579776199999996
2.2710000000000017,0.4577624385082977
2.2720000000000016,0.457347521491701
2.2730000000000015,0.4568265699999992
2.274000000000002,0.4562564850639863
2.2750000000000017,0.45570712493601195
2.2760000000000016,0.45465003999999765
2.2770000000000015,0.4533349899999973
2.278000000000002,0.45179442405659137
2.2790000000000017,0.44957488999999573
2.2800000000000016,0.44716485999999606
2.2810000000000015,0.44493332181563255
2.282000000000002,0.44225147818435795
2.2830000000000017,0.4389502099999938
2.2840000000000016,0.435438031738646
2.2850000000000015,0.4315554182613419
2.286000000000002,0.4274777499999922
2.2870000000000017,0.4231023871515625
2.2880000000000016,0.4186739028484237
2.2890000000000015,0.41392483999999397
2.290000000000002,0.4093798699999925
2.2910000000000017,0.40516945699959295
2.2920000000000016,0.4007394530003933
2.2930000000000015,0.39723324999999393
2.294000000000002,0.39267091582082786
2.2950000000000017,0.3877291241791568
2.2960000000000016,0.381530109999985
2.2970000000000015,0.37310333286141356
2.298000000000002,0.36433194713855527
2.2990000000000017,0.3530792599999818
2.3000000000000016,0.34283166999998055
2.3010000000000015,0.33190908225875776
2.302000000000002,0.323077919999987
2.3030000000000017,0.3157260099999918
2.3040000000000016,0.31109026156868436
2.3050000000000015,0.309905948431312
2.306000000000002,0.31101412000001016
2.3070000000000017,0.3167471055169074
2.3080000000000016,0.32340227448311337
2.3090000000000015,0.3330409800000127
2.310000000000002,0.34257009661569227
2.3110000000000017,0.3521362533843417
2.3120000000000016,0.36125445000001466
2.3130000000000015,0.3695076400000101
2.314000000000002,0.3770345858768354
2.3150000000000017,0.3836933541231883
2.3160000000000016,0.38961124000000874
2.3170000000000015,0.39451091947911077
2.318000000000002,0.39860571052090377
2.3190000000000017,0.40251029000000493
2.3200000000000016,0.40529230234853175
2.3210000000000015,0.40621578765147104
2.322000000000002,0.4067342899999988
2.3230000000000017,0.40604313999999786
2.3240000000000016,0.40482329483551394
2.3250000000000015,0.40327164999999776
2.326000000000002,0.40161728999999713
2.3270000000000017,0.4000056294181138
2.3280000000000016,0.39839981058188123
2.3290000000000015,0.3967438299999983
2.330000000000002,0.3954558402089576
2.3310000000000017,0.3951579297910412
2.3320000000000016,0.3950334800000004
2.3330000000000015,0.39526148652869547
2.334000000000002,0.3960267734713072
2.3350000000000017,0.3964245299999999
2.3360000000000016,0.39635028999999905
2.3370000000000015,0.3958099514137163
2.338000000000002,0.3952240885862816
2.3390000000000017,0.394094349999996
2.3400000000000016,0.3918589686072748
2.3410000000000015,0.389545041392718
2.342000000000002,0.38661473999999607
2.3430000000000017,0.38440975478003975
2.3440000000000016,0.3817575552199521
2.3450000000000015,0.3806999900000011
2.346000000000002,0.381526890000003
2.3470000000000018,0.3832094057394313
2.3480000000000016,0.38646680000000533
2.3490000000000015,0.3905217100000068
2.350000000000002,0.3956051257438624
2.3510000000000018,0.4010625642561594
2.3520000000000016,0.4080039000000114
2.3530000000000015,0.4144011390741946
2.354000000000002,0.42029188092582626
2.3550000000000018,0.4260691700000086
2.3560000000000016,0.43092197915417735
2.3570000000000015,0.43601352084583844
2.358000000000002,0.4418689300000092
2.3590000000000018,0.44705942000000876
2.3600000000000017,0.4519862683003473
2.3610000000000015,0.45656927169966693
2.362000000000002,0.4604197100000059
2.3630000000000018,0.46375894664867556
2.3640000000000017,0.4670254333513346
2.3650000000000015,0.4694528300000016
2.366000000000002,0.47066205713657444
2.3670000000000018,0.471533422863429
2.3680000000000017,0.47153646000000005
2.3690000000000015,0.4715759200000001
2.370000000000002,0.47167918233453254
2.3710000000000018,0.4714025276654663
2.3720000000000017,0.47095325999999904
2.3730000000000016,0.4704366172775428
2.374000000000002,0.4694093927224535
2.3750000000000018,0.46844461999999926
2.3760000000000017,0.468045103102378
2.3770000000000016,0.467076126897619
2.378000000000002,0.4657363599999972
2.379000000000002,0.4641407463017344
2.3800000000000017,0.46090376369825553
2.3810000000000016,0.45867299999999844
2.382000000000002,0.4578206199999971
2.383000000000002,0.4565317480163965
2.3840000000000017,0.45641191198360315
2.3850000000000016,0.4556792099999946
2.386000000000002,0.4526336377724409
2.387000000000002,0.4504113622275502
2.3880000000000017,0.4490703599999974
2.3890000000000016,0.44761574716356595
2.390000000000002,0.44678738283643105
2.391000000000002,0.4459770299999987
2.3920000000000017,0.4452600199999976
2.3930000000000016,0.44391358171365436
2.394000000000002,0.44213071828633926
2.395000000000002,0.44046884999999525
2.3960000000000017,0.4377677569186122
2.3970000000000016,0.43523694308137995
2.398000000000002,0.4336397099999968
2.399000000000002,0.43182469064086765
2.4000000000000017,0.4292310993591243
2.4010000000000016,0.4274555099999975
2.4020000000000015,0.4260410099999986
2.403000000000002,0.4252469994010583
2.4040000000000017,0.4260790900000006
2.4050000000000016,0.42641592000000084
2.406000000000002,0.42688227341031865
2.407000000000002,0.4272163765896827
2.4080000000000017,0.4266292499999991
2.4090000000000016,0.42613910286342704
2.4100000000000015,0.42596773713657243
2.411000000000002,0.4253749799999987
2.4120000000000017,0.42461926138272205
2.4130000000000016,0.4237330886172752
2.414000000000002,0.42263575999999714
2.415000000000002,0.4210079299999962
2.4160000000000017,0.418887400359924
2.4170000000000016,0.4163909996400682
2.4180000000000015,0.41321554999999494
2.419000000000002,0.40942803136672135
2.4200000000000017,0.40614169863326843
2.4210000000000016,0.4028911299999954
2.422000000000002,0.4002964914737024
2.423000000000002,0.39891122852629207
2.4240000000000017,0.39807801999999987
2.4250000000000016,0.3980293599999999
2.4260000000000015,0.39797527540845906
2.427000000000002,0.39911205000000344
2.4280000000000017,0.4010440400000035
2.4290000000000016,0.40301546207958977
2.430000000000002,0.40653625792042275
2.431000000000002,0.41085830000000795
2.4320000000000017,0.415356539853037
2.4330000000000016,0.4200550701469776
2.4340000000000015,0.4241510000000038
2.435000000000002,0.42698378896721007
2.4360000000000017,0.4291734610327977
2.4370000000000016,0.4322257000000064
2.438000000000002,0.4357856800000053
2.439000000000002,0.4387477103309377
2.4400000000000017,0.44115101966907083
2.4410000000000016,0.44240510000000216
2.4420000000000015,0.4436493344141198
2.443000000000002,0.445293475585886
2.4440000000000017,0.4470640100000039
2.4450000000000016,0.4492559230413924
2.446000000000002,0.4496863369586091
2.447000000000002,0.4490965599999993
2.4480000000000017,0.44872253999999817
2.4490000000000016,0.4476845560093958
2.4500000000000015,0.44564464999999776
2.451000000000002,0.443995739999994
2.4520000000000017,0.4405786812537392
2.4530000000000016,0.43439121874624154
2.454000000000002,0.4273133899999861
2.455000000000002,0.4194716601949404
2.4560000000000017,0.4094736098050196
2.4570000000000016,0.39577245999997684
2.4580000000000015,0.38274963347128
2.459000000000002,0.36678434652866326
2.4600000000000017,0.3515214299999761
2.4610000000000016,0.33803963999997966
2.462000000000002,0.3266102076464505
2.463000000000002,0.31678667235351027
2.4640000000000017,0.3095393499999956
2.4650000000000016,0.30706725180363753
2.4660000000000015,0.3059852881963591
2.467000000000002,0.3067463600000055
2.4680000000000017,0.309855667530505
2.4690000000000016,0.3167309724695164
2.470000000000002,0.32312050000001397
2.471000000000002,0.3310045000000151
2.4720000000000018,0.33948813705530584
2.4730000000000016,0.3465586900000102
2.4740000000000015,0.354215000000016
2.475000000000002,0.366204085547907
2.4760000000000018,0.3742595644521252
2.4770000000000016,0.3785100000000032
2.478000000000002,0.38030414570085586
2.479000000000002,0.3783611542991364
2.4800000000000018,0.3773940199999973
2.4810000000000016,0.37585448394820303
2.4820000000000015,0.37129396605178283
2.483000000000002,0.37031527999999764
2.4840000000000018,0.36895808999999724
2.4850000000000017,0.36738984536693364
2.486000000000002,0.3717435146330818
2.487000000000002,0.37369505000000686
2.4880000000000018,0.3775823024745184
2.4890000000000017,0.3858070475255072
2.4900000000000015,0.38942888000000325
2.491000000000002,0.391876248435324
2.4920000000000018,0.3972606015646975
2.4930000000000017,0.40374574000000346
2.494000000000002,0.40634459000001255
2.495000000000002,0.41339702554492014
2.4960000000000018,0.42755247445513644
2.4970000000000017,0.43244144000000967
2.4980000000000016,0.43787383097380705
2.499000000000002,0.4389835690261969
2.5000000000000018,0.43898341
2.5010000000000017,0.43898341
2.502000000000002,0.43898341
2.503000000000002,0.43898341
2.504000000000002,0.43898341
2.5050000000000017,0.43898341
2.5060000000000016,0.43898341
2.507000000000002,0.43898341
2.508000000000002,0.43898341
2.5090000000000017,0.43898341
2.510000000000002,0.43898341
2.511000000000002,0.43898341
2.512000000000002,0.43898341
2.5130000000000017,0.43898341
2.5140000000000016,0.43898341
2.515000000000002,0.43898341
2.516000000000002,0.43898341
2.5170000000000017,0.43898341
2.518000000000002,0.43898341
2.519000000000002,0.43898341
2.520000000000002,0.43898341
2.5210000000000017,0.43898341
2.5220000000000016,0.43898341
2.523000000000002,0.43898341
2.524000000000002,0.43898341
2.5250000000000017,0.43898341
2.526000000000002,0.43898341
2.527000000000002,0.43898341
2.528000000000002,0.43898341
2.5290000000000017,0.43898341
2.5300000000000016,0.43898341
2.531000000000002,0.43898341
2.532000000000002,0.43898341
2.5330000000000017,0.43898341
2.534000000000002,0.43898341
2.535000000000002,0.43898341
2.536000000000002,0.43898341
2.5370000000000017,0.43898341
2.5380000000000016,0.43898341
2.539000000000002,0.43898341
2.540000000000002,0.43898341
2.5410000000000017,0.43898341
2.542000000000002,0.43898341
2.543000000000002,0.43898341
2.544000000000002,0.43898341
2.5450000000000017,0.43898341
2.5460000000000016,0.43898341
2.547000000000002,0.43898341
2.548000000000002,0.43898341
2.5490000000000017,0.43898341
2.550000000000002,0.43898341
2.551000000000002,0.43898341
2.552000000000002,0.43898341
2.5530000000000017,0.43898341
2.5540000000000016,0.43898341
2.555000000000002,0.43898341
2.556000000000002,0.43898341
2.5570000000000017,0.43898341
2.558000000000002,0.43898341
2.559000000000002,0.43898341
2.560000000000002,0.43898341
2.5610000000000017,0.43898341
2.5620000000000016,0.43898341
2.563000000000002,0.43898341
2.564000000000002,0.43898341
2.5650000000000017,0.43898341
2.566000000000002,0.43898341
2.567000000000002,0.43898341
2.568000000000002,0.43898341
2.5690000000000017,0.43898341
2.5700000000000016,0.43898341
2.571000000000002,0.43898341
2.572000000000002,0.43898341
2.5730000000000017,0.43898341
2.574000000000002,0.43898341
2.575000000000002,0.43898341
2.576000000000002,0.43898341
2.5770000000000017,0.43898341
2.5780000000000016,0.43898341
2.579000000000002,0.43898341
2.580000000000002,0.43898341
2.5810000000000017,0.43898341
2.582000000000002,0.43898341
2.583000000000002,0.43898341
2.584000000000002,0.43898341
2.5850000000000017,0.43898341
2.5860000000000016,0.43898341
2.587000000000002,0.43898341
2.588000000000002,0.43898341
2.5890000000000017,0.43898341
2.590000000000002,0.43898341
2.591000000000002,0.43898341
2.592000000000002,0.43898341
2.5930000000000017,0.43898341
2.5940000000000016,0.43898341
2.595000000000002,0.43898341
2.596000000000002,0.43898341
2.5970000000000018,0.43898341
2.598000000000002,0.43898341
2.599000000000002,0.43898341
