wave,r
0.4,0.770245141102578
0.401,0.765681439295214
0.402,0.764610960704786
0.403,0.7671548100000004
0.404,0.7750323812242879
0.405,0.78453922
0.406,0.7819057641602165
0.40700000000000003,0.7753217858397832
0.40800000000000003,0.7740429049350016
0.40900000000000003,0.7805364050649988
0.41000000000000003,0.7820610400000002
0.41100000000000003,0.7861034495759043
0.41200000000000003,0.79251444
0.41300000000000003,0.7876867974625255
0.41400000000000003,0.7904330500000002
0.41500000000000004,0.7952531348586027
0.41600000000000004,0.792738995141397
0.41700000000000004,0.79362172
0.41800000000000004,0.7966175400417997
0.41900000000000004,0.7977679999999999
0.42000000000000004,0.794838834830552
0.42100000000000004,0.79932189
0.42200000000000004,0.8044954059516811
0.42300000000000004,0.8060905740483192
0.42400000000000004,0.8074703653005939
0.42500000000000004,0.8060004246994059
0.42600000000000005,0.8056130400000002
0.42700000000000005,0.8089963377739223
0.42800000000000005,0.8107737300000001
0.42900000000000005,0.8133055292653149
0.43000000000000005,0.8162320607346855
0.43100000000000005,0.8168955205561887
0.43200000000000005,0.814951139443811
0.43300000000000005,0.8151087200000001
0.43400000000000005,0.817839443896361
0.43500000000000005,0.8182290800000003
0.43600000000000005,0.8214499624054521
0.43700000000000006,0.8236905075945483
0.43800000000000006,0.8219276726630468
0.43900000000000006,0.8221939773369533
0.44000000000000006,0.8251438100000003
0.44100000000000006,0.8288665627724724
0.44200000000000006,0.8302711200000001
0.44300000000000006,0.8314877745633087
0.44400000000000006,0.8319441054366913
0.44500000000000006,0.8319722504967901
0.44600000000000006,0.83302192950321
0.44700000000000006,0.8349206400000001
0.44800000000000006,0.8371168780376197
0.44900000000000007,0.83875543
0.45000000000000007,0.8396331797910043
0.45100000000000007,0.8406122802089959
0.45200000000000007,0.8417793052399952
0.45300000000000007,0.8433033047600048
0.45400000000000007,0.8466613300000002
0.45500000000000007,0.8487485391279088
0.45600000000000007,0.84873217
0.4570000000000001,0.8496453281830183
0.4580000000000001,0.8504636300000001
0.4590000000000001,0.8518529722744547
0.4600000000000001,0.8540804177255457
0.4610000000000001,0.85577047
0.4620000000000001,0.8566856308483916
0.4630000000000001,0.8574456000000001
0.4640000000000001,0.8589255307233928
0.4650000000000001,0.85999787
0.4660000000000001,0.8608798499436012
0.4670000000000001,0.861874210056399
0.4680000000000001,0.8630595890466192
0.4690000000000001,0.863964250953381
0.4700000000000001,0.8647422200000001
0.4710000000000001,0.8660965219681805
0.4720000000000001,0.86829334
0.4730000000000001,0.8685542275890482
0.4740000000000001,0.8683131324109518
0.4750000000000001,0.8711016930841384
0.4760000000000001,0.8724101069158617
0.4770000000000001,0.8718884599999999
0.4780000000000001,0.8706604854883452
0.4790000000000001,0.8712093200000002
0.4800000000000001,0.8728590816724668
0.4810000000000001,0.8750263283275337
0.4820000000000001,0.8765974607522851
0.4830000000000001,0.8766726892477151
0.4840000000000001,0.8766292300000001
0.4850000000000001,0.8773812024802753
0.4860000000000001,0.8789166200000003
0.4870000000000001,0.8804519306951862
0.4880000000000001,0.881521449304814
0.4890000000000001,0.8822705818915623
0.4900000000000001,0.8834597381084379
0.4910000000000001,0.8841217800000001
0.4920000000000001,0.8846843143746563
0.4930000000000001,0.8853257899999999
0.4940000000000001,0.8842762623307766
0.4950000000000001,0.8835093400000001
0.4960000000000001,0.8841121927497452
0.4970000000000001,0.8853871672502552
0.4980000000000001,0.88593119
0.4990000000000001,0.8861460678512215
0.5000000000000001,0.8861478
0.5010000000000001,0.8854003159964202
0.5020000000000001,0.8869999734882259
0.5030000000000001,0.8891162476745166
0.5040000000000001,0.8883874472885729
0.5050000000000001,0.88831198
0.5060000000000001,0.8887946685503725
0.5070000000000001,0.8892221871744412
0.5080000000000001,0.8889229359854598
0.5090000000000001,0.8894628900000001
0.5100000000000001,0.8902195702074021
0.5110000000000001,0.8902403061329547
0.5120000000000001,0.8900469538670452
0.5130000000000001,0.8906887135822359
0.5140000000000001,0.89160037
0.5150000000000001,0.8915202057710155
0.5160000000000001,0.892097293841008
0.5170000000000001,0.8922253274393281
0.5180000000000001,0.8917969542838428
0.5190000000000001,0.8922960807724077
0.5200000000000001,0.8923733248457577
0.5210000000000001,0.8926156127313636
0.5220000000000001,0.8935474706812138
0.5230000000000001,0.8937381500000001
0.5240000000000001,0.8944420297138972
0.5250000000000001,0.895413394349626
0.5260000000000001,0.895130875650374
0.5270000000000001,0.8947023242855429
0.5280000000000001,0.8950812800000001
0.5290000000000001,0.895899282706027
0.5300000000000001,0.895034620340183
0.5310000000000001,0.8953792931065447
0.5320000000000001,0.8962187716051162
0.5330000000000001,0.8956461008410083
0.5340000000000001,0.8957302119322034
0.5350000000000001,0.896326822101695
0.5360000000000001,0.8971088421797437
0.5370000000000001,0.8973526999999999
0.5380000000000001,0.8964595135124701
0.5390000000000001,0.8958108119310036
0.5400000000000001,0.8968751787126646
0.5410000000000001,0.898427294478745
0.5420000000000001,0.8985484799999999
0.5430000000000001,0.8979414871211441
0.5440000000000002,0.8987975443182843
0.5450000000000002,0.8989399071531715
0.5460000000000002,0.89906973
0.5470000000000002,0.8994081567151672
0.5480000000000002,0.899079669150034
0.5490000000000002,0.8985371708499659
0.5500000000000002,0.8983587617840179
0.5510000000000002,0.89869273
0.5520000000000002,0.8984150335757716
0.5530000000000002,0.8987726194144294
0.5540000000000002,0.8994197670570472
0.5550000000000002,0.8987107370905708
0.5560000000000002,0.8987263431460315
0.5570000000000002,0.8990409409511525
0.5580000000000002,0.8990884985732714
0.5590000000000002,0.8993294151815519
0.5600000000000002,0.8998726600000001
0.5610000000000002,0.9006118860415605
0.5620000000000002,0.901216038951042
0.5630000000000002,0.9016635910489581
0.5640000000000002,0.9023995926399265
0.5650000000000002,0.9033437400000001
0.5660000000000002,0.9036278103554036
0.5670000000000002,0.9036455730694465
0.5680000000000002,0.903414554620369
0.5690000000000002,0.9029349747958478
0.5700000000000002,0.9023014806634065
0.5710000000000002,0.9013678162117892
0.5720000000000002,0.9001784056823157
0.5730000000000002,0.8989849219348385
0.5740000000000002,0.8979204299999999
0.5750000000000002,0.8973004181128811
0.5760000000000002,0.8971117052557898
0.5770000000000002,0.8968744947442101
0.5780000000000002,0.8972017167276674
0.5790000000000002,0.8982268600000002
0.5800000000000002,0.8994191369750698
0.5810000000000002,0.8997678879226039
0.5820000000000002,0.9000319747182641
0.5830000000000002,0.9006426900000001
0.5840000000000002,0.9010425177933779
0.5850000000000002,0.9008218573287335
0.5860000000000002,0.9006882940068995
0.5870000000000002,0.9013028038546772
0.5880000000000002,0.90178913
0.5890000000000002,0.9019075566150323
0.5900000000000002,0.90156905259877
0.5910000000000002,0.9009890116008198
0.5920000000000002,0.9006062738273383
0.5930000000000002,0.9007113651409514
0.5940000000000002,0.9012254566228689
0.5950000000000002,0.9015566000656967
0.5960000000000002,0.9017230266715668
0.5970000000000002,0.9015455799999998
0.5980000000000002,0.9012448264391645
0.5990000000000002,0.9018887468329269
0.6000000000000002,0.9027303931670735
0.6010000000000002,0.9029395579084791
0.6020000000000002,0.90229523
0.6030000000000002,0.9021716742379848
0.6040000000000002,0.9025954772671367
0.6050000000000002,0.9031710484885758
0.6060000000000002,0.9034818968915689
0.6070000000000002,0.9032515263276633
0.6080000000000002,0.902884304023199
0.6090000000000002,0.9030854639652017
0.6100000000000002,0.9032845480091601
0.6110000000000002,0.9030861899999999
0.6120000000000002,0.9027283838332384
0.6130000000000002,0.9031117006447743
0.6140000000000002,0.9031439393552257
0.6150000000000002,0.9029982114573146
0.6160000000000002,0.90302712
0.6170000000000002,0.9027825629350293
0.6180000000000002,0.902929320640468
0.6190000000000002,0.9032840029063548
0.6200000000000002,0.9031518100000001
0.6210000000000002,0.9035564698526984
0.6220000000000002,0.9035417251425427
0.6230000000000002,0.9027988522861856
0.6240000000000002,0.9028860891273826
0.6250000000000002,0.90309739
0.6260000000000002,0.9031629558943177
0.6270000000000002,0.9027523672338379
0.6280000000000002,0.9016601618441076
0.6290000000000002,0.9018670279310793
0.6300000000000002,0.90330267
0.6310000000000002,0.903111264217389
0.6320000000000002,0.9023221336739161
0.6330000000000002,0.9019253379356792
0.6340000000000002,0.90246618
0.6350000000000002,0.902592779899799
0.6360000000000002,0.9025827566993321
0.6370000000000002,0.9024177233006679
0.6380000000000002,0.9019695544817447
0.6390000000000002,0.9014947399999999
0.6400000000000002,0.9012151999403988
0.6410000000000002,0.9012092412263387
0.6420000000000002,0.9012501191824409
0.6430000000000002,0.9011668008332082
0.6440000000000002,0.9008923769171692
0.6450000000000002,0.9005841002443877
0.6460000000000002,0.9005963196334184
0.6470000000000002,0.9006707692554851
0.6480000000000002,0.9006449000000001
0.6490000000000002,0.9005056571306712
0.6500000000000002,0.9002187309975601
0.6510000000000002,0.90026860900244
0.6520000000000002,0.900649366192362
0.6530000000000002,0.9004770500000001
0.6540000000000002,0.900809829592896
0.6550000000000002,0.9012894543677815
0.6560000000000002,0.9011017137548122
0.6570000000000003,0.9010908001091011
0.6580000000000003,0.900901615316153
0.6590000000000003,0.9004332325105744
0.6600000000000003,0.9000587612341382
0.6610000000000003,0.8999776808107162
0.6620000000000003,0.8997079099999999
0.6630000000000003,0.8990554794098882
0.6640000000000003,0.8989964690148493
0.6650000000000003,0.8989636306567672
0.6660000000000003,0.8987495921404214
0.6670000000000003,0.89844531
0.6680000000000003,0.8982245947621619
0.6690000000000003,0.8984627028567572
0.6700000000000003,0.8989188608767089
0.6710000000000003,0.89869696
0.6720000000000003,0.8986579835780358
0.6730000000000003,0.8990157883456663
0.6740000000000003,0.899433071654334
0.6750000000000003,0.8991190831400313
0.6760000000000003,0.89880913
0.6770000000000003,0.8988590228122563
0.6780000000000003,0.8991402509464528
0.6790000000000003,0.899505132702365
0.6800000000000003,0.8994977500739008
0.6810000000000003,0.8992695251260514
0.6820000000000003,0.8997821269328535
0.6830000000000003,0.9001287696007201
0.6840000000000003,0.9003034765059651
0.6850000000000003,0.9004020099999999
0.6860000000000003,0.8999046681563815
0.6870000000000003,0.8997203108653654
0.6880000000000003,0.8997635791346347
0.6890000000000003,0.8991987756481563
0.6900000000000003,0.8992972400000001
0.6910000000000003,0.8995696294301943
0.6920000000000003,0.8995411428072596
0.6930000000000003,0.8996347181284936
0.6940000000000003,0.9001440349067492
0.6950000000000003,0.90053551700427
0.6960000000000003,0.9002359497450128
0.6970000000000003,0.9002232003824808
0.6980000000000003,0.899877433457769
0.6990000000000003,0.8994940500000002
0.7000000000000003,0.9000484313626137
0.7010000000000003,0.9001846878030878
0.7020000000000003,0.9000748421969121
0.7030000000000003,0.9000077806706067
0.7040000000000003,0.8999329800000001
0.7050000000000003,0.9002403648102482
0.7060000000000003,0.9004808597900104
0.7070000000000003,0.9001405268066596
0.7080000000000003,0.90018284
0.7090000000000003,0.9001402882695826
0.7100000000000003,0.8999672528180591
0.7110000000000003,0.9001081557729115
0.7120000000000003,0.9001209098724975
0.7130000000000003,0.8999689199999998
0.7140000000000003,0.899600264154983
0.7150000000000003,0.8990157743374831
0.7160000000000003,0.8988270237750112
0.7170000000000003,0.8991558567115673
0.7180000000000003,0.8995366678398784
0.7190000000000003,0.8993206581546922
0.7200000000000003,0.8992283927679615
0.7210000000000003,0.8993251280651807
0.7220000000000003,0.89891797
0.7230000000000003,0.8988344701627017
0.7240000000000003,0.8988507336224549
0.7250000000000003,0.8985318563775448
0.7260000000000003,0.8978355569630695
0.7270000000000003,0.89745444
0.7280000000000003,0.8973830279317585
0.7290000000000003,0.8971761990676466
0.7300000000000003,0.8968117872882354
0.7310000000000003,0.8965067930499304
0.7320000000000003,0.8962410067735677
0.7330000000000003,0.8959183778686066
0.7340000000000003,0.8963118081970902
0.7350000000000003,0.896707586042221
0.7360000000000003,0.8964956399999999
0.7370000000000003,0.8961241138476382
0.7380000000000003,0.8955088846416143
0.7390000000000003,0.8952409653583856
0.7400000000000003,0.8956126562829629
0.7410000000000003,0.8953247699999999
0.7420000000000003,0.894960042202322
0.7430000000000003,0.8945701475278234
0.7440000000000003,0.8938210749814506
0.7450000000000003,0.8934603899999999
0.7460000000000003,0.8932435434500342
0.7470000000000003,0.8925885314758257
0.7480000000000003,0.8911623227862603
0.7490000000000003,0.8901221304018078
0.7500000000000003,0.8896545799999999
0.7510000000000003,0.8892068789424784
0.7520000000000003,0.8881011321421924
0.7530000000000003,0.8871725385718711
0.7540000000000003,0.8864278874464742
0.7550000000000003,0.8854509599999999
0.7560000000000003,0.8851533442758861
0.7570000000000003,0.8848671385861705
0.7580000000000003,0.884345720428504
0.7590000000000003,0.88419813
0.7600000000000003,0.8841034769159691
0.7610000000000003,0.8837950714269427
0.7620000000000003,0.883366418573057
0.7630000000000003,0.8836634170298704
0.7640000000000003,0.8844837500000002
0.7650000000000003,0.8852477732848658
0.7660000000000003,0.885576276146693
0.7670000000000003,0.8864478325688719
0.7680000000000003,0.8872290221881222
0.7690000000000003,0.8879636610532109
0.7700000000000004,0.889068960098995
0.7710000000000004,0.8890739098515075
0.7720000000000004,0.8889612611265224
0.7730000000000004,0.8894671200000002
0.7740000000000004,0.8898282128812289
0.7750000000000004,0.8901163304173834
0.7760000000000004,0.8901371995826166
0.7770000000000004,0.8899756116159161
0.7780000000000004,0.8901366599999999
0.7790000000000004,0.8898092921172208
0.7800000000000004,0.8889151553733311
0.7810000000000004,0.8880942664177788
0.7820000000000004,0.8876631343112429
0.7830000000000004,0.8873650966001659
0.7840000000000004,0.8870251117260136
0.7850000000000004,0.8866114124109792
0.7860000000000004,0.8856883692305842
0.7870000000000004,0.88490313
0.7880000000000004,0.8847831503928079
0.7890000000000004,0.8848224286446678
0.7900000000000004,0.8847772509035547
0.7910000000000004,0.8845303124694246
0.7920000000000004,0.88421845
0.7930000000000004,0.8841561107961603
0.7940000000000004,0.8841959188057598
0.7950000000000004,0.88404578300283
0.7960000000000004,0.8833722499999995
0.7970000000000004,0.8823170012362119
0.7980000000000004,0.8814406204789805
0.7990000000000004,0.8804645695210188
0.8000000000000004,0.878617658469284
0.8010000000000004,0.8777257199999996
0.8020000000000004,0.8767731003044053
0.8030000000000004,0.8748035344109787
0.8040000000000004,0.872617233726013
0.8050000000000004,0.8708780573916732
0.8060000000000004,0.8694063221870213
0.8070000000000004,0.8676250176947143
0.8080000000000004,0.8655097534579262
0.8090000000000004,0.8631701367924671
0.8100000000000004,0.8612800799999997
0.8110000000000004,0.8602557651654511
0.8120000000000004,0.8587723143184267
0.8130000000000004,0.8574882356815723
0.8140000000000004,0.8570134047481474
0.8150000000000004,0.8574926900000003
0.8160000000000004,0.8582537891624918
0.8170000000000004,0.8587119159154045
0.8180000000000004,0.8592424293897307
0.8190000000000004,0.8610378320457212
0.8200000000000004,0.8624121102258026
0.8210000000000004,0.8634346847764615
0.8220000000000004,0.8641735078353086
0.8230000000000004,0.8641865798694974
0.8240000000000004,0.8647838800000002
0.8250000000000004,0.8655623838630387
0.8260000000000004,0.8659487023031084
0.8270000000000004,0.8670638576968926
0.8280000000000004,0.8678373622650231
0.8290000000000004,0.8683333400000003
0.8300000000000004,0.8692148436615369
0.8310000000000004,0.8698979175695216
0.8320000000000004,0.8704835682869859
0.8330000000000004,0.8712728600000006
0.8340000000000004,0.8726165440662411
0.8350000000000004,0.8740231604003804
0.8360000000000004,0.8750431793994304
0.8370000000000004,0.8753259771722435
0.8380000000000004,0.8750007199999998
0.8390000000000004,0.874764560149603
0.8400000000000004,0.8747795294945254
0.8410000000000004,0.8750960136703166
0.8420000000000004,0.8757196037640379
0.8430000000000004,0.8762066414966151
0.8440000000000004,0.8763563020896955
0.8450000000000004,0.8764607868654568
0.8460000000000004,0.8772180548542489
0.8470000000000004,0.87788415
0.8480000000000004,0.8778757469457693
0.8490000000000004,0.8775703481274753
0.8500000000000004,0.8784767218725255
0.8510000000000004,0.8785620291470915
0.8520000000000004,0.8782022600000003
0.8530000000000004,0.879028323796276
0.8540000000000004,0.8794079378920053
0.8550000000000004,0.8793376714053297
0.8560000000000004,0.8791583217935179
0.8570000000000004,0.8793838618835189
0.8580000000000004,0.8795722112779361
0.8590000000000004,0.8796361080830959
0.8600000000000004,0.8797768385926719
0.8610000000000004,0.8802121899999998
0.8620000000000004,0.8800124455743555
0.8630000000000004,0.8795698837178512
0.8640000000000004,0.8792557762821486
0.8650000000000004,0.87905562200152
0.8660000000000004,0.8791833499999999
0.8670000000000004,0.8789990975700754
0.8680000000000004,0.87837762019829
0.8690000000000004,0.8783842298678066
0.8700000000000004,0.8785276999999999
0.8710000000000004,0.8782271644448442
0.8720000000000004,0.8776716690261489
0.8730000000000004,0.8781229764607772
0.8740000000000004,0.8779265319646392
0.8750000000000004,0.8772192599999997
0.8760000000000004,0.8767282354371085
0.8770000000000004,0.8762719386023695
0.8780000000000004,0.8755586842650864
0.8790000000000004,0.8742584730022295
0.8800000000000004,0.8729673600000001
0.8810000000000004,0.8732804054082295
0.8820000000000005,0.8730508168876555
0.8830000000000005,0.8718458041008404
0.8840000000000005,0.8706037999999996
0.8850000000000005,0.8696160759045583
0.8860000000000005,0.8682065344222225
0.8870000000000005,0.8669276455777764
0.8880000000000005,0.8665441338349381
0.8890000000000005,0.8653820199999993
0.8900000000000005,0.8638814566554325
0.8910000000000005,0.8625470083944798
0.8920000000000005,0.861493491070346
0.8930000000000005,0.8600523644113434
0.8940000000000005,0.858920334530545
0.8950000000000005,0.8583733883979799
0.8960000000000005,0.8577932874030296
0.8970000000000005,0.8564524234088675
0.8980000000000005,0.8555592899999998
0.8990000000000005,0.8551198079222786
0.9000000000000005,0.8539120370303183
0.9010000000000005,0.8527635529696808
0.9020000000000005,0.8524443531918318
0.9030000000000005,0.8523645399999993
0.9040000000000005,0.8509671428783282
0.9050000000000005,0.849611065624718
0.9060000000000005,0.8484652229168537
0.9070000000000005,0.8472805118471178
0.9080000000000005,0.8455548721393205
0.9090000000000005,0.8437688050577463
0.9100000000000005,0.8420216924133784
0.9110000000000005,0.8397977022400437
0.9120000000000005,0.8369441599999995
0.9130000000000005,0.8356726616091312
0.9140000000000005,0.8338335522987838
0.9150000000000005,0.8312435118008088
0.9160000000000005,0.8296580458544578
0.9170000000000005,0.8268728899999992
0.9180000000000005,0.8250112200752956
0.9190000000000005,0.8235149848870549
0.9200000000000005,0.8201569371620702
0.9210000000000005,0.8189071399999991
0.9220000000000005,0.817295832884328
0.9230000000000005,0.8155843178700857
0.9240000000000005,0.8164778221299153
0.9250000000000005,0.8167642371359716
0.9260000000000005,0.8160610799999996
0.9270000000000005,0.81522709398648
0.9280000000000005,0.8156257345396731
0.9290000000000005,0.8157770569735514
0.9300000000000005,0.815627521495415
0.9310000000000005,0.816455507358275
0.9320000000000005,0.8191913100868965
0.9330000000000005,0.8206956548696573
0.9340000000000005,0.822980834295944
0.9350000000000005,0.82499981
0.9360000000000005,0.825066477656778
0.9370000000000005,0.8278321405963772
0.9380000000000005,0.8298619594036248
0.9390000000000005,0.8303000856190564
0.9400000000000005,0.8314604800000016
0.9410000000000005,0.8344419384667857
0.9420000000000005,0.8363652370115497
0.9430000000000005,0.8369322886589674
0.9440000000000005,0.8382472868498692
0.9450000000000005,0.8405741017201178
0.9460000000000005,0.84174609960672
0.9470000000000005,0.8422264355899207
0.9480000000000005,0.8426722255421111
0.9490000000000005,0.8413300500000006
0.9500000000000005,0.8424750207551086
0.9510000000000005,0.8445504865455381
0.9520000000000005,0.8443777634544617
0.9530000000000005,0.8435406183715833
0.9540000000000005,0.8432978400000001
0.9550000000000005,0.8435490309572102
0.9560000000000005,0.8445969261793921
0.9570000000000005,0.8468029058804073
0.9580000000000005,0.8449708199999982
0.9590000000000005,0.841839665226852
0.9600000000000005,0.8413624060576983
0.9610000000000005,0.8436652909134555
0.9620000000000005,0.8462207644451901
0.9630000000000005,0.8454768699999983
0.9640000000000005,0.8423315917679355
0.9650000000000005,0.8425084080239992
0.9660000000000005,0.8434425413173346
0.9670000000000005,0.8443388810366108
0.9680000000000005,0.8447338992698932
0.9690000000000005,0.8456609049694525
0.9700000000000005,0.8474093775458237
0.9710000000000005,0.8458493112033112
0.9720000000000005,0.8441676500000019
0.9730000000000005,0.8476432115902164
0.9740000000000005,0.8488022153343868
0.9750000000000005,0.8490689346656135
0.9760000000000005,0.8490850298390984
0.9770000000000005,0.8495260500000004
0.9780000000000005,0.8500445929705586
0.9790000000000005,0.8483417027214639
0.9800000000000005,0.8484324181856907
0.9810000000000005,0.8519131151923537
0.9820000000000005,0.8524496051498517
0.9830000000000005,0.8529645427930593
0.9840000000000005,0.8511041958104085
0.9850000000000005,0.8482109589326772
0.9860000000000005,0.8496678500000007
0.9870000000000005,0.8507941877921773
0.9880000000000005,0.8495734264191431
0.9890000000000005,0.8493943835808566
0.9900000000000005,0.8526419675234769
0.9910000000000005,0.8484286699999997
0.9920000000000005,0.8478163758006587
0.9930000000000005,0.8491062662753842
0.9940000000000005,0.8456487791497406
0.9950000000000006,0.8442019799999999
0.9960000000000006,0.8440445768706691
0.9970000000000006,0.844731639102345
0.9980000000000006,0.8451867563464829
0.9990000000000006,0.8441985298826971
1.0000000000000004,0.8431343399999988
1.0010000000000006,0.8404901599999991
1.0020000000000007,0.8391191399999991
1.0030000000000006,0.8378087299999991
1.0040000000000004,0.8365141139456046
1.0050000000000006,0.8347535699999988
1.0060000000000007,0.8330556199999989
1.0070000000000006,0.8313883499999992
1.0080000000000005,0.8297020799999989
1.0090000000000006,0.8270994474322549
1.0100000000000007,0.8235737699999985
1.0110000000000006,0.8214472499999984
1.0120000000000005,0.8190603899999991
1.0130000000000006,0.8169766099999995
1.0140000000000007,0.816380439617038
1.0150000000000006,0.815286819999999
1.0160000000000005,0.8138228099999993
1.0170000000000006,0.812294299999999
1.0180000000000007,0.8100879199999983
1.0190000000000006,0.8076329254994485
1.0200000000000005,0.8057073399999987
1.0210000000000006,0.802794579999999
1.0220000000000007,0.8012865799999999
1.0230000000000006,0.8010690799999995
1.0240000000000005,0.8004761899999999
1.0250000000000006,0.8002588699999996
1.0260000000000007,0.7997678499999996
1.0270000000000006,0.7992533399999998
1.0280000000000005,0.79885018
1.0290000000000006,0.7987606499999996
1.0300000000000007,0.7980418799999992
1.0310000000000006,0.7968233199999994
1.0320000000000005,0.7960607681401854
1.0330000000000006,0.7951421699999993
1.0340000000000007,0.7941150099999987
1.0350000000000006,0.7923617999999989
1.0360000000000005,0.790682139999999
1.0370000000000006,0.7884422737746208
1.0380000000000007,0.7850800199999981
1.0390000000000006,0.782221499999999
1.0400000000000005,0.7799802399999985
1.0410000000000006,0.7767530099999972
1.0420000000000007,0.7725296023407634
1.0430000000000006,0.7689479599999975
1.0440000000000005,0.7653163699999983
1.0450000000000006,0.7615204499999977
1.0460000000000007,0.7580397699999977
1.0470000000000006,0.7545523587411238
1.0480000000000005,0.7503957199999978
1.0490000000000006,0.7454655799999981
1.0500000000000007,0.741170349999997
1.0510000000000006,0.7366715699999973
1.0520000000000005,0.7325193899999982
1.0530000000000006,0.7286122999999977
1.0540000000000007,0.724955199999997
1.0550000000000006,0.7204535072132775
1.0560000000000005,0.7181256399999993
1.0570000000000006,0.7165139299999996
1.0580000000000007,0.7160261300000007
1.0590000000000006,0.7170127000000008
1.0600000000000005,0.7190213790150997
1.0610000000000006,0.7214115300000018
1.0620000000000007,0.724090220000002
1.0630000000000006,0.7271596800000024
1.0640000000000005,0.7308540900000016
1.0650000000000006,0.7342451408949126
1.0660000000000007,0.737842560000003
1.0670000000000006,0.7412516500000023
1.0680000000000005,0.7445654300000014
1.0690000000000006,0.7477477200000023
1.0700000000000007,0.7511806067113317
1.0710000000000006,0.7540276100000016
1.0720000000000005,0.7564818300000011
1.0730000000000006,0.7589488600000014
1.0740000000000007,0.7611626400000011
1.0750000000000006,0.7628856900000016
1.0760000000000005,0.7653618500000018
1.0770000000000006,0.7679503600000015
1.0780000000000007,0.7701153352334781
1.0790000000000006,0.7720676700000015
1.0800000000000005,0.7743829500000009
1.0810000000000006,0.7764987900000015
1.0820000000000007,0.7789052100000022
1.0830000000000006,0.7823035543835632
1.0840000000000005,0.7845473900000006
1.0850000000000006,0.7860391700000011
1.0860000000000007,0.7877687800000015
1.0870000000000006,0.7895106700000007
1.0880000000000005,0.7905987611908816
1.0890000000000006,0.7911546200000008
1.0900000000000007,0.7922431200000006
1.0910000000000006,0.7932086600000002
1.0920000000000005,0.7934791400000003
1.0930000000000006,0.7941556523487655
1.0940000000000007,0.7951677400000006
1.0950000000000006,0.7959457000000001
1.0960000000000005,0.7961270200000004
1.0970000000000006,0.7965779300000005
1.0980000000000008,0.7974203800000004
1.0990000000000006,0.7978422600000001
1.1000000000000005,0.7979792400000001
1.1010000000000006,0.7981610299999999
1.1020000000000008,0.7979289900000002
1.1030000000000006,0.7982090100000003
1.1040000000000005,0.7987104700000002
1.1050000000000006,0.7992994200000002
1.1060000000000008,0.7996630910198982
1.1070000000000007,0.7998732899999997
1.1080000000000005,0.7995047599999997
1.1090000000000007,0.79903907
1.1100000000000008,0.79898578
1.1110000000000007,0.7990009613438659
1.1120000000000005,0.7994144000000001
1.1130000000000007,0.7997708300000002
1.1140000000000008,0.7999815300000003
1.1150000000000007,0.8003233100000002
1.1160000000000005,0.8006540769233078
1.1170000000000007,0.8007485300000001
1.1180000000000008,0.8008728600000004
1.1190000000000007,0.80120635
1.1200000000000006,0.8012056899999999
1.1210000000000007,0.8009192086481349
1.1220000000000008,0.8012046200000005
1.1230000000000007,0.8019543300000002
1.1240000000000006,0.8021978099999999
1.1250000000000007,0.8020125599999998
1.1260000000000008,0.8017083999999994
1.1270000000000007,0.8011453699999996
1.1280000000000006,0.8005878899999999
1.1290000000000007,0.8004323908299171
1.1300000000000008,0.8005406899999998
1.1310000000000007,0.8002633499999997
1.1320000000000006,0.7997204699999998
1.1330000000000007,0.7991526699999997
1.1340000000000008,0.7986281233016691
1.1350000000000007,0.7977611399999992
1.1360000000000006,0.7966422399999992
1.1370000000000007,0.7955371699999991
1.1380000000000008,0.7942119799999984
1.1390000000000007,0.7923794432536736
1.1400000000000006,0.7908287599999992
1.1410000000000007,0.7896285099999993
1.1420000000000008,0.7886166599999994
1.1430000000000007,0.7878119299999996
1.1440000000000006,0.7871072404689526
1.1450000000000007,0.7859390399999987
1.1460000000000008,0.7839004399999979
1.1470000000000007,0.7814870499999984
1.1480000000000006,0.7791299799999982
1.1490000000000007,0.7764450299999981
1.1500000000000008,0.7736635199999976
1.1510000000000007,0.770957529999998
1.1520000000000006,0.7679128099999984
1.1530000000000007,0.7645288699999977
1.1540000000000008,0.7610415799999976
1.1550000000000007,0.7574492699999976
1.1560000000000006,0.7539268099999978
1.1570000000000007,0.7508010738296148
1.1580000000000008,0.7477393699999977
1.1590000000000007,0.7451040699999986
1.1600000000000006,0.7430155899999985
1.1610000000000007,0.7409001599999987
1.1620000000000008,0.738976494917507
1.1630000000000007,0.7373256699999992
1.1640000000000006,0.7359726999999995
1.1650000000000007,0.7346484099999994
1.1660000000000008,0.7336864499999988
1.1670000000000007,0.7323597226727319
1.1680000000000006,0.7309970899999989
1.1690000000000007,0.7293640999999988
1.1700000000000008,0.7277054199999985
1.1710000000000007,0.7259471399999987
1.1720000000000006,0.7239140533086679
1.1730000000000007,0.7220804099999986
1.1740000000000008,0.7199549699999983
1.1750000000000007,0.7174924599999984
1.1760000000000006,0.7151681799999985
1.1770000000000007,0.7128762599999986
1.1780000000000008,0.7106882899999983
1.1790000000000007,0.708852829999999
1.1800000000000006,0.707331259042095
1.1810000000000007,0.705721679999999
1.1820000000000008,0.7042080199999988
1.1830000000000007,0.7028378199999987
1.1840000000000006,0.7009781599999991
1.1850000000000007,0.6988561053954587
1.1860000000000008,0.6964100599999977
1.1870000000000007,0.6937605099999979
1.1880000000000006,0.6905589099999978
1.1890000000000007,0.6871886799999978
1.1900000000000008,0.6838012187461227
1.1910000000000007,0.6801160599999968
1.1920000000000006,0.6765519399999974
1.1930000000000007,0.6726826999999973
1.1940000000000008,0.6687025999999968
1.1950000000000007,0.6651376464953475
1.1960000000000006,0.6612471899999975
1.1970000000000007,0.657501159999998
1.1980000000000008,0.6544691299999972
1.1990000000000007,0.651399849999998
1.2000000000000006,0.6483414799999981
1.2010000000000007,0.6454419499999975
1.2020000000000008,0.6425657899999974
1.2030000000000007,0.6395648881751804
1.2040000000000006,0.6367466399999985
1.2050000000000007,0.6343346199999985
1.2060000000000008,0.6321554799999983
1.2070000000000007,0.630325319999999
1.2080000000000006,0.628871765172482
1.2090000000000007,0.6279234899999997
1.2100000000000009,0.6274879600000002
1.2110000000000007,0.6276999700000009
1.2120000000000006,0.6287270200000009
1.2130000000000007,0.6299984328587152
1.2140000000000009,0.6319505000000022
1.2150000000000007,0.6344962100000019
1.2160000000000006,0.6372721800000022
1.2170000000000007,0.6405481100000022
1.2180000000000009,0.6438265121597867
1.2190000000000007,0.6470599200000021
1.2200000000000006,0.650257890000002
1.2210000000000008,0.6532347800000025
1.2220000000000009,0.6559824900000024
1.2230000000000008,0.6587242500000021
1.2240000000000006,0.6610698700000013
1.2250000000000008,0.6630604300000013
1.2260000000000009,0.6649356500000013
1.2270000000000008,0.6664260600000012
1.2280000000000006,0.668039200000001
1.2290000000000008,0.669714690000001
1.2300000000000009,0.6712515400000014
1.2310000000000008,0.6728859619898023
1.2320000000000007,0.6747058600000013
1.2330000000000008,0.6767842200000019
1.2340000000000009,0.6788764600000018
1.2350000000000008,0.6809257900000013
1.2360000000000007,0.6828997260383977
1.2370000000000008,0.6848601100000011
1.2380000000000009,0.6865493700000013
1.2390000000000008,0.6878995900000004
1.2400000000000007,0.6886059600000001
1.2410000000000008,0.6887190186941307
1.2420000000000009,0.6883773799999992
1.2430000000000008,0.6873825199999989
1.2440000000000007,0.686190489999999
1.2450000000000008,0.6847350599999988
1.2460000000000009,0.6830769658094177
1.2470000000000008,0.6813256099999987
1.2480000000000007,0.679376599999999
1.2490000000000008,0.6778113799999993
1.2500000000000009,0.6768444799999993
1.2510000000000008,0.6761043100000002
1.2520000000000007,0.6762761500000006
1.2530000000000008,0.6772503300000012
1.254000000000001,0.6785646826647354
1.2550000000000008,0.6804913300000022
1.2560000000000007,0.6829872700000017
1.2570000000000008,0.6854852400000018
1.258000000000001,0.6881198300000022
1.2590000000000008,0.6905588674662552
1.2600000000000007,0.6931335300000013
1.2610000000000008,0.6951526400000014
1.262000000000001,0.6968087600000015
1.2630000000000008,0.6984747600000013
1.2640000000000007,0.6999351139646044
1.2650000000000008,0.7012814300000011
1.266000000000001,0.7025782500000007
1.2670000000000008,0.7034595000000003
1.2680000000000007,0.7040249700000003
1.2690000000000008,0.7044525272442759
1.270000000000001,0.7046400899999999
1.2710000000000008,0.7044999599999998
1.2720000000000007,0.7042025899999996
1.2730000000000008,0.7036812899999991
1.274000000000001,0.7026743899999992
1.2750000000000008,0.7018136399999995
1.2760000000000007,0.7011359299999995
1.2770000000000008,0.7003934999999998
1.278000000000001,0.6999917599999997
1.2790000000000008,0.6997122199999998
1.2800000000000007,0.6994542499999998
1.2810000000000008,0.69904786
1.282000000000001,0.6989886997210281
1.2830000000000008,0.6991859100000002
1.2840000000000007,0.6995646400000004
1.2850000000000008,0.7002412700000006
1.286000000000001,0.7008082300000006
1.2870000000000008,0.7014271745185483
1.2880000000000007,0.7015723599999998
1.2890000000000008,0.70127118
1.290000000000001,0.7012739200000002
1.2910000000000008,0.7014964800000003
1.2920000000000007,0.7018293367143288
1.2930000000000008,0.7022105500000003
1.294000000000001,0.7027216600000004
1.2950000000000008,0.7031064000000001
1.2960000000000007,0.7032862300000002
1.2970000000000008,0.7036524633766627
1.298000000000001,0.7037686700000001
1.2990000000000008,0.7039166100000002
1.3000000000000007,0.7040987000000002
1.3010000000000008,0.7043848000000006
1.302000000000001,0.7049675000000004
1.3030000000000008,0.7053929000000002
1.3040000000000007,0.7056927100000002
1.3050000000000008,0.7060783759074094
1.306000000000001,0.7063374500000004
1.3070000000000008,0.7066639100000003
1.3080000000000007,0.7070966400000004
1.3090000000000008,0.7076720600000002
1.310000000000001,0.7078905183621639
1.3110000000000008,0.7079741400000001
1.3120000000000007,0.70804822
1.3130000000000008,0.7080956100000001
1.314000000000001,0.7082690600000001
1.3150000000000008,0.7083787790280973
1.3160000000000007,0.70829606
1.3170000000000008,0.7083154300000003
1.318000000000001,0.7086368200000004
1.3190000000000008,0.7090931500000001
1.3200000000000007,0.7092622930856916
1.3210000000000008,0.70931506
1.322000000000001,0.7092863299999996
1.3230000000000008,0.7089896799999997
1.3240000000000007,0.7085863399999996
1.3250000000000008,0.7081159899999997
1.326000000000001,0.7077370299999992
1.3270000000000008,0.7070798299999996
1.3280000000000007,0.7066879262573742
1.3290000000000008,0.7066504999999997
1.330000000000001,0.7063896699999996
1.3310000000000008,0.7060348999999998
1.3320000000000007,0.7057354999999997
1.3330000000000009,0.7054708106169378
1.334000000000001,0.7049769799999995
1.3350000000000009,0.7044825599999994
1.3360000000000007,0.7038407899999994
1.3370000000000009,0.7032273399999995
1.338000000000001,0.7027273699969998
1.3390000000000009,0.7022851099999999
1.3400000000000007,0.7021455799999996
1.3410000000000009,0.7014877799999991
1.342000000000001,0.7005342199999993
1.3430000000000009,0.6998940740145979
1.3440000000000007,0.6989254399999995
1.3450000000000009,0.6980825699999995
1.346000000000001,0.6976190799999991
1.3470000000000009,0.6968254399999989
1.3480000000000008,0.6955959199999995
1.3490000000000009,0.6948445399999994
1.350000000000001,0.6941690399999995
1.3510000000000009,0.6935777699999998
1.3520000000000008,0.6933250999999997
1.3530000000000009,0.6929710499999998
1.354000000000001,0.6926441799999997
1.3550000000000009,0.6922576999999996
1.3560000000000008,0.6919091921597836
1.3570000000000009,0.6913307899999996
1.358000000000001,0.6909791199999997
1.3590000000000009,0.6907618599999996
1.3600000000000008,0.6904209299999998
1.3610000000000009,0.6900990264693527
1.362000000000001,0.6897637199999995
1.3630000000000009,0.6893823099999999
1.3640000000000008,0.6891477099999999
1.3650000000000009,0.6890041799999995
1.366000000000001,0.6885161887991196
1.3670000000000009,0.687707069999999
1.3680000000000008,0.6866007999999992
1.3690000000000009,0.6852501599999989
1.370000000000001,0.684026359999999
1.3710000000000009,0.6827893936966293
1.3720000000000008,0.6811218299999984
1.3730000000000009,0.6792259199999988
1.374000000000001,0.677310759999998
1.3750000000000009,0.675051689999998
1.3760000000000008,0.6727700199999981
1.377000000000001,0.6707070499999972
1.378000000000001,0.6682447799999974
1.379000000000001,0.6653922957264247
1.3800000000000008,0.6625495599999973
1.381000000000001,0.6595803499999973
1.382000000000001,0.6564302999999964
1.383000000000001,0.6530266999999971
1.3840000000000008,0.6497851729806994
1.385000000000001,0.6463149799999971
1.386000000000001,0.6431242199999971
1.387000000000001,0.6405174099999974
1.3880000000000008,0.638179059999999
1.389000000000001,0.6366727106349354
1.390000000000001,0.6359980099999997
1.391000000000001,0.6356720900000004
1.3920000000000008,0.6360671500000008
1.393000000000001,0.636910500000001
1.394000000000001,0.6381473463153698
1.395000000000001,0.6398406600000014
1.3960000000000008,0.6414945700000013
1.397000000000001,0.6429892200000015
1.398000000000001,0.6442869900000006
1.399000000000001,0.6449673800000003
1.4000000000000008,0.6453056300000001
1.4010000000000007,0.6454738999999999
1.402000000000001,0.6452720199999995
1.403000000000001,0.6448603899999994
1.4040000000000008,0.6442624299999995
1.4050000000000007,0.6434342299999991
1.406000000000001,0.6420704099999989
1.407000000000001,0.6411174740285963
1.4080000000000008,0.6401577599999995
1.4090000000000007,0.6393248399999997
1.410000000000001,0.6388021099999991
1.411000000000001,0.6380222999999992
1.4120000000000008,0.6370380317828211
1.4130000000000007,0.6362558599999995
1.414000000000001,0.6354845199999993
1.415000000000001,0.6347324299999996
1.4160000000000008,0.6342154699999996
1.4170000000000007,0.6337031612308767
1.418000000000001,0.6331470599999997
1.419000000000001,0.6327810299999999
1.4200000000000008,0.63260698
1.4210000000000007,0.6326568100000002
1.422000000000001,0.6330521304679536
1.423000000000001,0.6336514900000004
1.4240000000000008,0.6341148600000004
1.4250000000000007,0.6347530500000006
1.426000000000001,0.6355066900000006
1.427000000000001,0.6359804300000009
1.4280000000000008,0.6367696500000004
1.4290000000000007,0.6374849700000002
1.430000000000001,0.6376558992290776
1.431000000000001,0.6381481900000006
1.4320000000000008,0.6387353500000005
1.4330000000000007,0.6392856200000004
1.434000000000001,0.6398839400000009
1.435000000000001,0.6408954828697135
1.4360000000000008,0.6414241800000002
1.4370000000000007,0.6416224800000002
1.438000000000001,0.64189565
1.439000000000001,0.6419111500000003
1.4400000000000008,0.6422489562193784
1.4410000000000007,0.6428068900000004
1.442000000000001,0.6432104100000006
1.443000000000001,0.6437177700000003
1.4440000000000008,0.6441201600000002
1.4450000000000007,0.6442661154044597
1.446000000000001,0.6446427700000007
1.447000000000001,0.6452779800000005
1.4480000000000008,0.6457235200000003
1.4490000000000007,0.6462239600000002
1.450000000000001,0.6464472400000002
1.451000000000001,0.64664912
1.4520000000000008,0.6466983599999999
1.4530000000000007,0.646619525931407
1.454000000000001,0.6468788400000003
1.455000000000001,0.6471911100000002
1.4560000000000008,0.6473959700000004
1.4570000000000007,0.6477984200000003
1.458000000000001,0.6481604793690634
1.459000000000001,0.6483541700000002
1.4600000000000009,0.6486395600000002
1.4610000000000007,0.6488652200000002
1.462000000000001,0.6491199100000006
1.463000000000001,0.6496294790430962
1.4640000000000009,0.6499295800000001
1.4650000000000007,0.6500734100000001
1.466000000000001,0.6502863199999999
1.467000000000001,0.6501813499999998
1.4680000000000009,0.650019666168383
1.4690000000000007,0.6498371399999998
1.470000000000001,0.6495627199999998
1.471000000000001,0.6493154799999997
1.4720000000000009,0.6490728899999998
1.4730000000000008,0.64877176
1.474000000000001,0.6486938599999994
1.475000000000001,0.6481555099999992
1.4760000000000009,0.6471986199999993
1.4770000000000008,0.646399499999999
1.478000000000001,0.6452691599999993
1.479000000000001,0.6444808199999996
1.4800000000000009,0.6441230799999993
1.4810000000000008,0.6434171603219673
1.482000000000001,0.6426203799999991
1.483000000000001,0.6417908699999991
1.4840000000000009,0.6408472699999991
1.4850000000000008,0.6398330299999994
1.486000000000001,0.6387869865423446
1.487000000000001,0.6377524099999989
1.4880000000000009,0.636795519999999
1.4890000000000008,0.635377229999999
1.490000000000001,0.6338880699999981
1.491000000000001,0.6322086979372045
1.4920000000000009,0.629986939999998
1.4930000000000008,0.6276786299999985
1.494000000000001,0.625277819999997
1.495000000000001,0.6225740299999976
1.4960000000000009,0.6198597914238554
1.4970000000000008,0.6169602899999972
1.498000000000001,0.6138342599999975
1.499000000000001,0.6110895299999978
1.5000000000000009,0.6085972799999979
1.5010000000000008,0.6062003399999981
1.5020000000000011,0.6040332899999971
1.503000000000001,0.6018302999999978
1.504000000000001,0.5993733792620713
1.5050000000000008,0.5967659999999975
1.5060000000000011,0.5939289299999966
1.507000000000001,0.5908139299999963
1.508000000000001,0.5873811199999964
1.5090000000000008,0.5834417981671802
1.5100000000000011,0.5793234699999954
1.511000000000001,0.5752314299999955
1.512000000000001,0.5712502599999959
1.5130000000000008,0.5675703899999979
1.5140000000000011,0.5643561714218545
1.515000000000001,0.5615268899999967
1.516000000000001,0.5585386199999978
1.5170000000000008,0.5560114399999971
1.5180000000000011,0.5527073699999961
1.519000000000001,0.5491626844685494
1.520000000000001,0.5451325799999959
1.5210000000000008,0.5405327699999957
1.5220000000000011,0.5357068799999929
1.523000000000001,0.5303516399999954
1.524000000000001,0.525146539999995
1.5250000000000008,0.5195089599999955
1.5260000000000011,0.5144360099999944
1.527000000000001,0.5093048799999951
1.528000000000001,0.5049475399999964
1.5290000000000008,0.5009900899999978
1.5300000000000011,0.49772354999999724
1.531000000000001,0.49521162999999757
1.532000000000001,0.493006963847614
1.5330000000000008,0.49174543999999876
1.5340000000000011,0.4899321499999983
1.535000000000001,0.48840105999999783
1.536000000000001,0.4864398499999981
1.5370000000000008,0.48428702189580847
1.5380000000000011,0.4816059799999967
1.539000000000001,0.478658439999997
1.540000000000001,0.47529637999999647
1.5410000000000008,0.4712817399999959
1.5420000000000011,0.46668637953604153
1.543000000000001,0.46152111999999507
1.544000000000001,0.4559789899999948
1.5450000000000008,0.45017179999999457
1.5460000000000012,0.44404744999999357
1.547000000000001,0.4382535693880551
1.548000000000001,0.4329560399999958
1.5490000000000008,0.4282796699999979
1.5500000000000012,0.42512657999999826
1.551000000000001,0.42360044000000024
1.552000000000001,0.42380029000000236
1.5530000000000008,0.4258827300000027
1.5540000000000012,0.42993402000000613
1.555000000000001,0.4354875725787487
1.556000000000001,0.442413360000007
1.5570000000000008,0.4503280500000074
1.5580000000000012,0.45870453000000955
1.559000000000001,0.4672921900000074
1.560000000000001,0.47560225442356546
1.5610000000000008,0.4838464900000069
1.5620000000000012,0.4916086800000093
1.563000000000001,0.4985728000000058
1.564000000000001,0.5051145600000054
1.5650000000000008,0.5112000014558595
1.5660000000000012,0.5166931700000068
1.567000000000001,0.5217453200000053
1.568000000000001,0.526573780000004
1.5690000000000008,0.5310981300000035
1.5700000000000012,0.5351070891040948
1.571000000000001,0.5389152800000042
1.572000000000001,0.542723720000004
1.5730000000000008,0.5463013100000023
1.5740000000000012,0.5496178300000033
1.575000000000001,0.552640020000003
1.576000000000001,0.5553404700000023
1.5770000000000008,0.5574689500000015
1.5780000000000012,0.559181495189483
1.579000000000001,0.5608333900000013
1.580000000000001,0.5620480200000005
1.5810000000000008,0.5626872800000001
1.5820000000000012,0.5628303299999997
1.583000000000001,0.5625693239296063
1.584000000000001,0.5620086199999994
1.5850000000000009,0.5613886099999995
1.5860000000000012,0.5609366299999993
1.587000000000001,0.5603448699999993
1.588000000000001,0.559724632023797
1.5890000000000009,0.5590218899999991
1.5900000000000012,0.5580419299999989
1.591000000000001,0.5570562499999987
1.592000000000001,0.5558267799999984
1.5930000000000009,0.5544417085071481
1.5940000000000012,0.5529814399999982
1.595000000000001,0.5513056499999981
1.596000000000001,0.5496206899999982
1.5970000000000009,0.5480014099999987
1.5980000000000012,0.5464470999999983
1.599000000000001,0.5449028599999984
1.600000000000001,0.5434599499999987
1.6010000000000009,0.5419859299999984
1.6020000000000012,0.5402967299999982
1.603000000000001,0.538925769999999
1.604000000000001,0.5377623999999989
1.6050000000000009,0.536478459999999
1.6060000000000012,0.5353807637096275
1.607000000000001,0.5340178599999978
1.608000000000001,0.5321611199999984
1.6090000000000009,0.5302900099999985
1.6100000000000012,0.5286692999999983
1.611000000000001,0.5271506014088574
1.612000000000001,0.5256646899999985
1.6130000000000009,0.524304689999999
1.6140000000000012,0.5227855999999981
1.615000000000001,0.5210702999999981
1.616000000000001,0.5193470623237658
1.6170000000000009,0.5176814199999985
1.6180000000000012,0.5160256599999982
1.619000000000001,0.5143320599999981
1.620000000000001,0.5126802899999986
1.6210000000000009,0.5110888891400847
1.6220000000000012,0.5095893699999984
1.623000000000001,0.5083810099999992
1.624000000000001,0.5075093499999992
1.6250000000000009,0.5066780999999991
1.6260000000000012,0.5057141799999988
1.6270000000000011,0.5047988899999988
1.628000000000001,0.5038784099999991
1.629000000000001,0.502843723033696
1.6300000000000012,0.5020740599999991
1.6310000000000011,0.501367029999999
1.632000000000001,0.5004354699999991
1.633000000000001,0.4996367399999993
1.6340000000000012,0.49885215762223667
1.6350000000000011,0.49792837999999884
1.636000000000001,0.49688630999999894
1.637000000000001,0.49593054999999936
1.6380000000000012,0.4953312899999995
1.6390000000000011,0.49487368576042345
1.640000000000001,0.4944827299999996
1.641000000000001,0.4941177699999998
1.6420000000000012,0.4938380999999996
1.6430000000000011,0.49357425999999965
1.644000000000001,0.4932626211638833
1.645000000000001,0.49339134000000023
1.6460000000000012,0.4936248699999998
1.6470000000000011,0.4934915299999998
1.648000000000001,0.49334141999999964
1.649000000000001,0.49296411999999945
1.6500000000000012,0.4923592499999995
1.6510000000000011,0.49198322999999977
1.652000000000001,0.4917617699999996
1.653000000000001,0.49140902999999936
1.6540000000000012,0.49067154999999907
1.6550000000000011,0.48981150999999906
1.656000000000001,0.4889793399999988
1.657000000000001,0.48792304394360464
1.6580000000000013,0.4868624799999991
1.6590000000000011,0.486063899999999
1.660000000000001,0.48516785999999895
1.661000000000001,0.4842309699999994
1.6620000000000013,0.48357708687531165
1.6630000000000011,0.48284583999999914
1.664000000000001,0.4820700599999994
1.665000000000001,0.48138761999999946
1.6660000000000013,0.4807377199999991
1.6670000000000011,0.4800687468973096
1.668000000000001,0.47919916999999923
1.669000000000001,0.47833299999999934
1.6700000000000013,0.47757166999999884
1.6710000000000012,0.47670962999999905
1.672000000000001,0.47585060590240885
1.673000000000001,0.4749846199999991
1.6740000000000013,0.473915219999999
1.6750000000000012,0.4730238899999991
1.676000000000001,0.472226439999999
1.677000000000001,0.47131382999999927
1.6780000000000013,0.4706847099999991
1.6790000000000012,0.4698799299999987
1.680000000000001,0.4687528428947098
1.681000000000001,0.46798178999999934
1.6820000000000013,0.4672129499999986
1.6830000000000012,0.46614247999999897
1.684000000000001,0.4652158299999991
1.685000000000001,0.4642367131916797
1.6860000000000013,0.46306862999999854
1.6870000000000012,0.46199902999999887
1.688000000000001,0.461152369999999
1.689000000000001,0.4600342499999987
1.6900000000000013,0.4585755158734108
1.6910000000000012,0.45738124999999785
1.692000000000001,0.4557655499999983
1.693000000000001,0.45420520999999914
1.6940000000000013,0.45319547999999793
1.6950000000000012,0.4516416853794601
1.696000000000001,0.4500788199999985
1.697000000000001,0.44872882999999814
1.6980000000000013,0.44701593999999784
1.6990000000000012,0.44504898999999765
1.700000000000001,0.4429429799999974
1.701000000000001,0.44059290999999684
1.7020000000000013,0.4377223299999959
1.7030000000000012,0.4346480875662402
1.704000000000001,0.43192374999999655
1.705000000000001,0.42882608999999666
1.7060000000000013,0.4250530299999955
1.7070000000000012,0.42168271999999496
1.708000000000001,0.41789686394260056
1.709000000000001,0.4134362899999965
1.7100000000000013,0.4095206599999948
1.7110000000000012,0.40563246999999475
1.712000000000001,0.4016639299999962
1.713000000000001,0.3982494314498514
1.7140000000000013,0.39495995999999556
1.7150000000000012,0.3916448699999967
1.716000000000001,0.3887192899999975
1.717000000000001,0.3864809299999981
1.7180000000000013,0.38477798029496835
1.7190000000000012,0.38332479999999897
1.720000000000001,0.3823881699999992
1.721000000000001,0.38165217999999973
1.7220000000000013,0.3813792200000006
1.7230000000000012,0.3817766600000004
1.724000000000001,0.38210440000000045
1.725000000000001,0.3825210900000007
1.7260000000000013,0.38327464000000117
1.7270000000000012,0.38416091000000185
1.728000000000001,0.38554364000000124
1.729000000000001,0.38691926000000115
1.7300000000000013,0.38821244000000205
1.7310000000000012,0.3897521009899032
1.732000000000001,0.39166200000000184
1.733000000000001,0.3933316500000015
1.7340000000000013,0.39501271000000215
1.7350000000000012,0.39664176000000184
1.736000000000001,0.39831477488351336
1.737000000000001,0.3997636100000018
1.7380000000000013,0.4014119800000008
1.7390000000000012,0.4021313200000004
1.740000000000001,0.40245764999999956
1.741000000000001,0.4020650492600736
1.7420000000000013,0.40080993999999814
1.7430000000000012,0.39945095999999797
1.744000000000001,0.3976020799999977
1.745000000000001,0.3954996799999978
1.7460000000000013,0.39301482848514835
1.7470000000000012,0.39013605999999607
1.748000000000001,0.3871716899999971
1.749000000000001,0.38390123999999737
1.7500000000000013,0.38097273999999703
1.7510000000000012,0.3787602199999975
1.7520000000000011,0.37686562999999895
1.753000000000001,0.3760611699999998
1.7540000000000013,0.3758340703939609
1.7550000000000012,0.37603801000000103
1.7560000000000011,0.37682366000000134
1.757000000000001,0.3780457100000017
1.7580000000000013,0.3796067500000018
1.7590000000000012,0.3809757772092808
1.7600000000000011,0.3824478700000015
1.761000000000001,0.38380831000000126
1.7620000000000013,0.3849756400000023
1.7630000000000012,0.3864544000000016
1.7640000000000011,0.38784129131087036
1.765000000000001,0.388986410000001
1.7660000000000013,0.3898624800000008
1.7670000000000012,0.3904485100000012
1.7680000000000011,0.39132047000000125
1.769000000000001,0.39248338370863034
1.7700000000000014,0.39355204000000166
1.7710000000000012,0.3947961600000015
1.7720000000000011,0.3959032900000015
1.773000000000001,0.3970085700000006
1.7740000000000014,0.39771044000000066
1.7750000000000012,0.3982123400000007
1.7760000000000011,0.39876232000000006
1.777000000000001,0.3988228700000006
1.7780000000000014,0.3993524600000012
1.7790000000000012,0.40022334000000076
1.7800000000000011,0.4009065300000007
1.781000000000001,0.40154967000000086
1.7820000000000014,0.40232258226077505
1.7830000000000013,0.4031451900000011
1.7840000000000011,0.4041234900000016
1.785000000000001,0.40556052000000076
1.7860000000000014,0.40627772000000045
1.7870000000000013,0.4066029376522353
1.7880000000000011,0.4070794600000004
1.789000000000001,0.40741270999999996
1.7900000000000014,0.40732431
1.7910000000000013,0.4073067599999993
1.7920000000000011,0.4068102396520343
1.793000000000001,0.4053613499999994
1.7940000000000014,0.4047034099999997
1.7950000000000013,0.4044885299999997
1.7960000000000012,0.4042507700000003
1.797000000000001,0.4045476303139689
1.7980000000000014,0.4050226800000003
1.7990000000000013,0.40522599000000037
1.8000000000000012,0.4055717900000004
1.801000000000001,0.40589713999999993
1.8020000000000014,0.40586534000000074
1.8030000000000013,0.40634429000000144
1.8040000000000012,0.40766585000000044
1.805000000000001,0.40808650177782213
1.8060000000000014,0.40800428000000055
1.8070000000000013,0.4084221100000002
1.8080000000000012,0.40859714000000014
1.809000000000001,0.40869987000000074
1.8100000000000014,0.4094883937406261
1.8110000000000013,0.4096257999999988
1.8120000000000012,0.4087410599999998
1.813000000000001,0.40861323000000005
1.8140000000000014,0.40866044000000046
1.8150000000000013,0.4089913369103094
1.8160000000000012,0.4098942000000005
1.817000000000001,0.4102545400000003
1.8180000000000014,0.4105088700000006
1.8190000000000013,0.4109261000000001
1.8200000000000012,0.41105507710228995
1.821000000000001,0.4115631600000011
1.8220000000000014,0.4125851100000007
1.8230000000000013,0.41306233000000003
1.8240000000000012,0.4131229800000011
1.825000000000001,0.41412696000000165
1.8260000000000014,0.41560292000000015
1.8270000000000013,0.4157269900000008
1.8280000000000012,0.4163009238006196
1.829000000000001,0.41603893
1.8300000000000014,0.41602783999999965
1.8310000000000013,0.4157807200000001
1.8320000000000012,0.41587514000000264
1.833000000000001,0.41787733763623836
1.8340000000000014,0.4195536999999995
1.8350000000000013,0.4191257999999994
1.8360000000000012,0.4186557200000005
1.837000000000001,0.41901389000000006
1.8380000000000014,0.41907911347765237
1.8390000000000013,0.4193551200000012
1.8400000000000012,0.4202437700000008
1.841000000000001,0.42094778999999877
1.8420000000000014,0.4198682899999991
1.8430000000000013,0.41930779604939433
1.8440000000000012,0.42000476000000114
1.845000000000001,0.42103388999999936
1.8460000000000014,0.4204275599999992
1.8470000000000013,0.4199301000000013
1.8480000000000012,0.42094523000000117
1.849000000000001,0.42200640000000084
1.8500000000000014,0.4227732400000002
1.8510000000000013,0.42295071000000084
1.8520000000000012,0.4235894700000005
1.853000000000001,0.4239514499999999
1.8540000000000014,0.4238491099999996
1.8550000000000013,0.42357564000000236
1.8560000000000012,0.42537526681531795
1.857000000000001,0.4249434199999975
1.8580000000000014,0.42269867999999966
1.8590000000000013,0.42244341999999946
1.8600000000000012,0.4220192999999992
1.861000000000001,0.4212617001219878
1.8620000000000014,0.42126292000000026
1.8630000000000013,0.42142471999999936
1.8640000000000012,0.4208915199999997
1.865000000000001,0.42059224999999995
1.8660000000000014,0.42051983724127573
1.8670000000000013,0.42156550000000054
1.8680000000000012,0.4219762699999989
1.869000000000001,0.4209803300000003
1.8700000000000014,0.42123862999999934
1.8710000000000013,0.42075245861713767
1.8720000000000012,0.41982061000000004
1.873000000000001,0.41987364999999993
1.8740000000000014,0.4197925299999988
1.8750000000000013,0.4188799599999986
1.8760000000000012,0.4178435799999986
1.8770000000000011,0.4168161199999983
1.8780000000000014,0.41553353999999837
1.8790000000000013,0.41431392432256753
1.8800000000000012,0.4141571500000007
1.8810000000000011,0.4146878100000016
1.8820000000000014,0.4161352500000016
1.8830000000000013,0.4171637300000006
1.8840000000000012,0.41762389967603264
1.8850000000000011,0.4178206599999997
1.8860000000000015,0.41752030999999956
1.8870000000000013,0.4172503099999978
1.8880000000000012,0.41581686999999995
1.8890000000000011,0.41574767691930803
1.8900000000000015,0.41653099999999976
1.8910000000000013,0.4163512300000007
1.8920000000000012,0.4168564700000005
1.8930000000000011,0.41721426999999983
1.8940000000000015,0.41708917250974886
1.8950000000000014,0.4166372099999995
1.8960000000000012,0.41627004999999795
1.8970000000000011,0.4147435999999991
1.8980000000000015,0.4140784700000008
1.8990000000000014,0.414712160000001
1.9000000000000012,0.4154583200000017
1.9010000000000011,0.4167314200000006
1.9020000000000015,0.41720842999999813
1.9030000000000014,0.4160117199999988
1.9040000000000012,0.4151410799999997
1.9050000000000011,0.4148823000000016
1.9060000000000015,0.41626632000000047
1.9070000000000014,0.41656058779621746
1.9080000000000013,0.4144385499999992
1.9090000000000011,0.41369519
1.9100000000000015,0.41369109999999937
1.9110000000000014,0.4132999200000005
1.9120000000000013,0.4136634733246674
1.9130000000000011,0.41359671999999864
1.9140000000000015,0.4124112099999978
1.9150000000000014,0.41078298999999857
1.9160000000000013,0.40970725000000136
1.9170000000000011,0.41070802992200883
1.9180000000000015,0.41146185999999946
1.9190000000000014,0.41105961999999957
1.9200000000000013,0.4107367700000014
1.9210000000000012,0.4118078900000003
1.9220000000000015,0.41208246254274616
1.9230000000000014,0.41036048999999813
1.9240000000000013,0.40896124000000034
1.9250000000000012,0.4092650099999991
1.9260000000000015,0.408485739999999
1.9270000000000014,0.4078451100000004
1.9280000000000013,0.4081008100000003
1.9290000000000012,0.4084139200000003
1.9300000000000015,0.4086922359264073
1.9310000000000014,0.4086515000000003
1.9320000000000013,0.4088416400000001
1.9330000000000012,0.40893582000000017
1.9340000000000015,0.40906354999999817
1.9350000000000014,0.40768249195780315
1.9360000000000013,0.40690207000000106
1.9370000000000012,0.40767502999999883
1.9380000000000015,0.406798749999997
1.9390000000000014,0.4045285899999983
1.9400000000000013,0.40324611824717366
1.9410000000000012,0.4024559599999984
1.9420000000000015,0.40125977999999873
1.9430000000000014,0.4004344899999996
1.9440000000000013,0.40014981999999905
1.9450000000000012,0.3994507599060085
1.9460000000000015,0.39851072000000004
1.9470000000000014,0.3985597500000005
1.9480000000000013,0.39889892999999776
1.9490000000000012,0.39692025999999836
1.9500000000000015,0.395405379999999
1.9510000000000014,0.39475282999999817
1.9520000000000013,0.39356249999999904
1.9530000000000012,0.39284765426957513
1.9540000000000015,0.3945903500000005
1.9550000000000014,0.39492570999999715
1.9560000000000013,0.39279847999999884
1.9570000000000012,0.39191638999999845
1.9580000000000015,0.3907410810588922
1.9590000000000014,0.3895516700000009
1.9600000000000013,0.39023754000000144
1.9610000000000012,0.39131283999999916
1.9620000000000015,0.39070383000000003
1.9630000000000014,0.3907275476282372
1.9640000000000013,0.39064591999999915
1.9650000000000012,0.39000021999999956
1.9660000000000015,0.38958942999999857
1.9670000000000014,0.3886691599999987
1.9680000000000013,0.387827664149584
1.9690000000000012,0.3877514899999996
1.9700000000000015,0.3874087299999992
1.9710000000000014,0.38691737999999926
1.9720000000000013,0.3864470999999992
1.9730000000000012,0.38592624999999886
1.9740000000000015,0.3848562199999991
1.9750000000000014,0.3842484999999998
1.9760000000000013,0.38413324999999926
1.9770000000000012,0.3835993699999995
1.9780000000000015,0.3832036299999993
1.9790000000000014,0.3826426899999969
1.9800000000000013,0.38029926999999836
1.9810000000000012,0.379067234970504
1.9820000000000015,0.3799169399999999
1.9830000000000014,0.37988308000000165
1.9840000000000013,0.3811242000000007
1.9850000000000012,0.38163336999999775
1.9860000000000015,0.37958739236175915
1.9870000000000014,0.37671100999999957
1.9880000000000013,0.37642302999999977
1.9890000000000012,0.37623676999999905
1.9900000000000015,0.37538114000000145
1.9910000000000014,0.37629383873012834
1.9920000000000013,0.376555949999997
1.9930000000000012,0.37430080999999815
1.9940000000000015,0.3726585499999993
1.9950000000000014,0.372238839999999
1.9960000000000013,0.3714706168223168
1.9970000000000012,0.3709529899999988
1.9980000000000016,0.3700601199999981
1.9990000000000014,0.3686500799999977
2.0000000000000013,0.36694135999999716
2.0010000000000012,0.3648092677494473
2.0020000000000016,0.3623867622505463
2.0030000000000014,0.3596199799999952
2.0040000000000013,0.35600433773444934
2.0050000000000012,0.3527816822655435
2.0060000000000016,0.3495706299999942
2.0070000000000014,0.3463141599999971
2.0080000000000013,0.3446875604509064
2.0090000000000012,0.34179206954908714
2.0100000000000016,0.33771287999999205
2.0110000000000015,0.33324414485701853
2.0120000000000013,0.3269927151429621
2.0130000000000012,0.32055049999999213
2.0140000000000016,0.3146503186672559
2.0150000000000015,0.3080369913327236
2.0160000000000013,0.30044236999998913
2.0170000000000012,0.2922739099999902
2.0180000000000016,0.2848790581593566
2.0190000000000015,0.2777606518406212
2.0200000000000014,0.27059146999998973
2.0210000000000012,0.26289598066985914
2.0220000000000016,0.25700267933012516
2.0230000000000015,0.25084053999999417
2.0240000000000014,0.24645870459408042
2.0250000000000012,0.24580464540591812
2.0260000000000016,0.2461457400000012
2.0270000000000015,0.24682254000000423
2.0280000000000014,0.2492017620777958
2.0290000000000012,0.25312525000000785
2.0300000000000016,0.2589817900000111
2.0310000000000015,0.26522040477405767
2.0320000000000014,0.2729681452259664
2.0330000000000013,0.28056690000001044
2.0340000000000016,0.2883865757388636
2.0350000000000015,0.2954439642611583
2.0360000000000014,0.30207139000000827
2.0370000000000013,0.3082942355478967
2.0380000000000016,0.3136497144521176
2.0390000000000015,0.318333360000005
2.0400000000000014,0.3220625800000051
2.0410000000000013,0.3258992330213997
2.0420000000000016,0.32932944697860944
2.0430000000000015,0.33231694000000506
2.0440000000000014,0.33612866503299743
2.0450000000000013,0.3395789949670102
2.0460000000000016,0.3415678700000031
2.0470000000000015,0.34332623037192883
2.0480000000000014,0.3453299496280774
2.0490000000000013,0.3481586300000019
2.0500000000000016,0.3495588599999988
2.0510000000000015,0.34886381950404854
2.0520000000000014,0.349125180000001
2.0530000000000013,0.3498677299999996
2.0540000000000016,0.34958200163667186
2.0550000000000015,0.34909836836332664
2.0560000000000014,0.349256749999999
2.0570000000000013,0.34850960692561345
2.0580000000000016,0.34727886307438327
2.0590000000000015,0.34787303000000047
2.0600000000000014,0.3481987634733046
2.0610000000000013,0.34753349652669363
2.0620000000000016,0.3455420699999975
2.0630000000000015,0.34413086999999953
2.0640000000000014,0.34381107100979713
2.0650000000000013,0.34302116899020074
2.0660000000000016,0.3421592699999981
2.0670000000000015,0.34106658558888003
2.0680000000000014,0.3397224744111158
2.0690000000000013,0.3380685999999961
2.0700000000000016,0.33513666386922253
2.0710000000000015,0.33287535613077046
2.0720000000000014,0.33175655999999765
2.0730000000000013,0.3299952099999984
2.0740000000000016,0.3287948003809598
2.0750000000000015,0.327498609999995
2.0760000000000014,0.32373952999999583
2.0770000000000013,0.32061783915716635
2.0780000000000016,0.3187094108428286
2.0790000000000015,0.3172678899999974
2.0800000000000014,0.31531861241951326
2.0810000000000013,0.31354280758048125
2.0820000000000016,0.31180950999999446
2.0830000000000015,0.3086880722875387
2.0840000000000014,0.30631094771245393
2.0850000000000013,0.30528768999999856
2.0860000000000016,0.3042230599999982
2.0870000000000015,0.30322141438012273
2.0880000000000014,0.30246521561987494
2.0890000000000013,0.30228432999999943
2.0900000000000016,0.3018809510957797
2.0910000000000015,0.3011919089042181
2.0920000000000014,0.3006694599999997
2.0930000000000013,0.3004497261257741
2.0940000000000016,0.29981098387422417
2.0950000000000015,0.298775459999999
2.0960000000000014,0.2980171099999985
2.0970000000000013,0.2968917267413224
2.0980000000000016,0.29395913999999773
2.0990000000000015,0.2922616599999996
2.1000000000000014,0.2919628607858419
2.1010000000000013,0.2913707192141563
2.1020000000000016,0.2924145800000002
2.1030000000000015,0.2925273134263117
2.1040000000000014,0.29066157657368247
2.1050000000000013,0.28921338999999735
2.1060000000000016,0.2872176767456479
2.1070000000000015,0.2853851332543464
2.1080000000000014,0.2849776699999988
2.1090000000000013,0.284060149999998
2.1100000000000017,0.2825530485472881
2.1110000000000015,0.2810385214527072
2.1120000000000014,0.2790614399999971
2.1130000000000013,0.2768883581983577
2.1140000000000017,0.27467034180163635
2.1150000000000015,0.27228882999999704
2.1160000000000014,0.2700665639851996
2.1170000000000013,0.26800641601479397
2.1180000000000017,0.2657009099999965
2.1190000000000015,0.263096239999997
2.1200000000000014,0.26084998856328456
2.1210000000000013,0.2591356214367101
2.1220000000000017,0.256908569999994
2.1230000000000016,0.25353564605878465
2.1240000000000014,0.2512962339412084
2.1250000000000013,0.2504234599999977
2.1260000000000017,0.2487002971485678
2.1270000000000016,0.24717178285142744
2.1280000000000014,0.2462518999999968
2.1290000000000013,0.24388611168166088
2.1300000000000017,0.24150292831833275
2.1310000000000016,0.24202720999999947
2.1320000000000014,0.24172526999999744
2.1330000000000013,0.24029482637372207
2.1340000000000017,0.23755856362627065
2.1350000000000016,0.23540576999999666
2.1360000000000015,0.23352764498199996
2.1370000000000013,0.23127746501799304
2.1380000000000017,0.22915668999999708
2.1390000000000016,0.2275176614587054
2.1400000000000015,0.22573224854128907
2.1410000000000013,0.22386270999999835
2.1420000000000017,0.22263702999999851
2.1430000000000016,0.22179223402419232
2.1440000000000015,0.2200324759758022
2.1450000000000014,0.21888159000000107
2.1460000000000017,0.2196879189252159
2.1470000000000016,0.22027717107478592
2.1480000000000015,0.22017889000000057
2.1490000000000014,0.22060857581883747
2.1500000000000017,0.22166676418116535
2.1510000000000016,0.22254370000000154
2.1520000000000015,0.22341101000000219
2.1530000000000014,0.224640227078294
2.1540000000000017,0.22613849000000227
2.1550000000000016,0.22741704000000185
2.1560000000000015,0.22847021850830138
2.1570000000000014,0.23035530149170447
2.1580000000000017,0.23156004999999902
2.1590000000000016,0.23101304991101795
2.1600000000000015,0.23111216008898236
2.1610000000000014,0.23244017000000042
2.1620000000000017,0.2327517222625464
2.1630000000000016,0.2320743477374515
2.1640000000000015,0.23189754999999956
2.1650000000000014,0.23155971999999883
2.1660000000000017,0.23069474064386977
2.1670000000000016,0.22980117935612746
2.1680000000000015,0.22947079999999856
2.1690000000000014,0.22838358190061875
2.1700000000000017,0.22740258809937866
2.1710000000000016,0.22854841000000134
2.1720000000000015,0.22929382349629984
2.1730000000000014,0.2287287865036984
2.1740000000000017,0.22828247999999937
2.1750000000000016,0.2279168999999991
2.1760000000000015,0.22741505018498076
2.1770000000000014,0.22665486999999923
2.1780000000000017,0.22607534999999945
2.1790000000000016,0.22576659995400808
2.1800000000000015,0.22506614004598977
2.1810000000000014,0.22491619000000215
2.1820000000000017,0.2265449123945218
2.1830000000000016,0.22696885760547952
2.1840000000000015,0.22557478999999978
2.1850000000000014,0.2254069202689461
2.1860000000000017,0.2253096097310536
2.1870000000000016,0.2251032400000034
2.1880000000000015,0.22701000000000193
2.1890000000000014,0.22847033863027333
2.1900000000000017,0.22795664136972504
2.1910000000000016,0.22791083000000123
2.1920000000000015,0.22859743289742152
2.1930000000000014,0.2292264071025804
2.1940000000000017,0.23036285000000145
2.1950000000000016,0.23116759682063726
2.1960000000000015,0.23203580317936542
2.1970000000000014,0.23255322999999845
2.1980000000000017,0.23138060999999882
2.1990000000000016,0.23072097982301737
2.2000000000000015,0.23051920999999959
2.2010000000000014,0.2302043900000012
2.2020000000000017,0.2310949747240564
2.2030000000000016,0.23184221527594592
2.2040000000000015,0.23209621
2.2050000000000014,0.2320890834763045
2.2060000000000017,0.23192384652369494
2.2070000000000016,0.23086811999999984
2.2080000000000015,0.23076974041391804
2.2090000000000014,0.23127387958608353
2.2100000000000017,0.23202473000000448
2.2110000000000016,0.23453705000000324
2.2120000000000015,0.23637286562087784
2.2130000000000014,0.23762907437912603
2.2140000000000017,0.2386906099999991
2.2150000000000016,0.23819621262347584
2.2160000000000015,0.2385224473765252
2.2170000000000014,0.24031334000000135
2.2180000000000017,0.24134132010098222
2.2190000000000016,0.24284232989902244
2.2200000000000015,0.24407819999999883
2.2210000000000014,0.24318630999999946
2.2220000000000018,0.2427936945545443
2.2230000000000016,0.2426392400000002
2.2240000000000015,0.24279357000000412
2.2250000000000014,0.24590014180764108
2.2260000000000018,0.24751821819236466
2.2270000000000016,0.2464089099999997
2.2280000000000015,0.2462358457388486
2.2290000000000014,0.24399323426114441
2.2300000000000018,0.2421932100000028
2.2310000000000016,0.24377393237752712
2.2320000000000015,0.24539770762247792
2.2330000000000014,0.24705650000000237
2.2340000000000018,0.2488277000000026
2.2350000000000017,0.2502861843041415
2.2360000000000015,0.251729225695863
2.2370000000000014,0.2528407900000007
2.2380000000000018,0.25339058874025305
2.2390000000000017,0.25407799125974906
2.2400000000000015,0.2546532500000007
2.2410000000000014,0.2551889027084601
2.2420000000000018,0.25631598729154387
2.2430000000000017,0.25695174999999904
2.2440000000000015,0.2562516900000001
2.2450000000000014,0.2563500684743065
2.2460000000000018,0.25723481152569655
2.2470000000000017,0.2577565600000021
2.2480000000000016,0.25892056375125144
2.2490000000000014,0.2599580762487518
2.2500000000000018,0.2608172900000001
2.2510000000000017,0.26089090605478765
2.2520000000000016,0.26005145394520973
2.2530000000000014,0.2594227199999989
2.254000000000002,0.25856997443711005
2.2550000000000017,0.25701434556288505
2.2560000000000016,0.2549138099999972
2.2570000000000014,0.25332673999999583
2.258000000000002,0.2509849766526657
2.2590000000000017,0.24865150334732705
2.2600000000000016,0.24812399999999865
2.2610000000000015,0.24737298705658636
2.262000000000002,0.24594355294340856
2.2630000000000017,0.24445956999999538
2.2640000000000016,0.24185908118375987
2.2650000000000015,0.23977091881623364
2.266000000000002,0.2392407999999982
2.2670000000000017,0.23822053999999618
2.2680000000000016,0.2360668179804023
2.2690000000000015,0.23504662201959456
2.270000000000002,0.23338292999999907
2.2710000000000017,0.23286940172365497
2.2720000000000016,0.23268663827634448
2.2730000000000015,0.23434092000000098
2.274000000000002,0.23507787625074672
2.2750000000000017,0.23314038374924725
2.2760000000000016,0.2327131000000032
2.2770000000000015,0.2345239200000002
2.278000000000002,0.2346271596760326
2.2790000000000017,0.23444278999999957
2.2800000000000016,0.2341872299999938
2.2810000000000015,0.23069557554488723
2.282000000000002,0.22835102445510444
2.2830000000000017,0.22935266999999915
2.2840000000000016,0.22886982689161936
2.2850000000000015,0.22743874310837617
2.286000000000002,0.22575136999999296
2.2870000000000017,0.22177884567785902
2.2880000000000016,0.21843562432213057
2.2890000000000015,0.21751605999999638
2.290000000000002,0.2147902799999931
2.2910000000000017,0.21090266423214685
2.2920000000000016,0.2067449857678402
2.2930000000000015,0.1990061999999912
2.294000000000002,0.19238271879423485
2.2950000000000017,0.18847066120575298
2.2960000000000016,0.1838199899999896
2.2970000000000015,0.17798107236152014
2.298000000000002,0.17330468763846324
2.2990000000000017,0.16906998999999298
2.3000000000000016,0.16511582999999372
2.3010000000000015,0.16158131345164956
2.302000000000002,0.15979678999999916
2.3030000000000017,0.1593312899999998
2.3040000000000016,0.15922001552489848
2.3050000000000015,0.1613752644751082
2.306000000000002,0.16431300000000418
2.3070000000000017,0.16666394942411983
2.3080000000000016,0.16955819057588917
2.3090000000000015,0.17529583000000687
2.310000000000002,0.18043171587383114
2.3110000000000017,0.18409045412618186
2.3120000000000016,0.18799518000000834
2.3130000000000015,0.1926772400000049
2.314000000000002,0.19635466421215989
2.3150000000000017,0.19779678578784524
2.3160000000000016,0.20000772000000663
2.3170000000000015,0.20373742988302695
2.318000000000002,0.20593626011698088
2.3190000000000017,0.20776935000000396
2.3200000000000016,0.21000410161767438
2.3210000000000015,0.2087202783823216
2.322000000000002,0.20760328000000453
2.3230000000000017,0.21015377000000318
2.3240000000000016,0.2119565150314992
2.3250000000000015,0.21340683000000116
2.326000000000002,0.21427721999999824
2.3270000000000017,0.2132973491571671
2.3280000000000016,0.21238892084283006
2.3290000000000015,0.21096659999999853
2.330000000000002,0.20987140465707302
2.3310000000000017,0.21201797534293557
2.3320000000000016,0.21338740999999833
2.3330000000000015,0.21244807495300883
2.334000000000002,0.21209760504698993
2.3350000000000017,0.2117990999999945
2.3360000000000016,0.20870533999999646
2.3370000000000015,0.20672352537692648
2.338000000000002,0.20787729462307764
2.3390000000000017,0.20777216999999587
2.3400000000000016,0.20544015071785499
2.3410000000000015,0.20454732928214223
2.342000000000002,0.2048621199999991
2.3430000000000017,0.2043480718976226
2.3440000000000016,0.2056670481023815
2.3450000000000015,0.20575424999999511
2.346000000000002,0.2020845599999955
2.3470000000000018,0.19955883546644845
2.3480000000000016,0.19651349999999815
2.3490000000000015,0.1951147200000021
2.350000000000002,0.19668903221955902
2.3510000000000018,0.19811122778044668
2.3520000000000016,0.20277117000000405
2.3530000000000015,0.20504948295840353
2.354000000000002,0.2020790670415859
2.3550000000000018,0.20173040000000028
2.3560000000000016,0.20189743734853074
2.3570000000000015,0.2021709226514701
2.358000000000002,0.20729928000000605
2.3590000000000018,0.21069930000000117
2.3600000000000017,0.21136273898820204
2.3610000000000015,0.21115262101179733
2.362000000000002,0.20835636999999707
2.3630000000000018,0.2066988976794618
2.3640000000000017,0.20527569232053378
2.3650000000000015,0.20402479000000076
2.366000000000002,0.2045908843621285
2.3670000000000018,0.2050345056378733
2.3680000000000017,0.20579945999999935
2.3690000000000015,0.20531893999999837
2.370000000000002,0.2040887376704636
2.3710000000000018,0.20296544232953193
2.3720000000000017,0.198406519999995
2.3730000000000016,0.19559039516396842
2.374000000000002,0.19634203483603424
2.3750000000000018,0.19663474000000036
2.3760000000000017,0.1968377912347542
2.3770000000000016,0.19755013876524802
2.378000000000002,0.1993690100000015
2.379000000000002,0.20021465761347518
2.3800000000000017,0.19889079238652072
2.3810000000000016,0.20015275000000576
2.382000000000002,0.20340684000000417
2.383000000000002,0.2052785807488612
2.3840000000000017,0.21208606925115994
2.3850000000000016,0.21553717999998895
2.386000000000002,0.2093184366346664
2.387000000000002,0.20608478336532066
2.3880000000000017,0.20521305999999676
2.3890000000000016,0.2033841105708886
2.390000000000002,0.2050898194291175
2.391000000000002,0.2055042799999883
2.3920000000000017,0.19890932999999494
2.3930000000000016,0.19607235286143437
2.394000000000002,0.20020096713858032
2.395000000000002,0.20100018000000017
2.3960000000000017,0.20108623972105755
2.3970000000000016,0.20218345027894585
2.398000000000002,0.19887558999999597
2.399000000000002,0.1966175473365373
2.4000000000000017,0.1994909126634716
2.4010000000000016,0.2013592699999989
2.4020000000000015,0.2007352899999986
2.403000000000002,0.19994208932006646
2.4040000000000017,0.20004271999999818
2.4050000000000016,0.19901860999999368
2.406000000000002,0.19544893792841098
2.407000000000002,0.19382822207158254
2.4080000000000017,0.19238566999999912
2.4090000000000016,0.19188224188762976
2.4100000000000015,0.19640111811238428
2.411000000000002,0.19809163000000085
2.4120000000000017,0.19857160009597905
2.4130000000000016,0.19747255990401755
2.414000000000002,0.18732428999999204
2.415000000000002,0.1828326900000042
2.4160000000000017,0.1852118264947023
2.4170000000000016,0.1859767735053001
2.4180000000000015,0.1927312800000061
2.419000000000002,0.19732390255248147
2.4200000000000017,0.19234942744750305
2.4210000000000016,0.19486570000001852
2.422000000000002,0.20528521229154648
2.423000000000002,0.20760812770846282
2.4240000000000017,0.20621473999999004
2.4250000000000016,0.20060234999998686
2.4260000000000015,0.19319391084390453
2.427000000000002,0.19925961000002446
2.4280000000000017,0.21301796000001558
2.4290000000000016,0.22178664802039572
2.430000000000002,0.22166685197960384
2.431000000000002,0.22006359999999786
2.4320000000000017,0.21886261313836397
2.4330000000000016,0.21369399686161994
2.4340000000000015,0.21496971999999984
2.435000000000002,0.21483892531992402
2.4360000000000017,0.20739212468004953
2.4370000000000016,0.20957416000000478
2.438000000000002,0.2122607999999871
2.439000000000002,0.20500941637072628
2.4400000000000017,0.20527312362927463
2.4410000000000016,0.21512266000000915
2.4420000000000015,0.22027066436012674
2.443000000000002,0.21951426563987056
2.4440000000000017,0.21588578999999072
2.4450000000000016,0.21066761759148134
2.446000000000002,0.21044353240851787
2.447000000000002,0.2206230800000194
2.4480000000000017,0.2315421799999825
2.4490000000000016,0.22170366843214417
2.4500000000000015,0.21388798999999545
2.451000000000002,0.21047549999999537
2.4520000000000017,0.20786706844032368
2.4530000000000016,0.21515147155969894
2.454000000000002,0.2215926500000083
2.455000000000002,0.22626139913118218
2.4560000000000017,0.23035271086883416
2.4570000000000016,0.22835660000000227
2.4580000000000015,0.2296290287442666
2.459000000000002,0.23921647125576745
2.4600000000000017,0.24332537000000615
2.4610000000000016,0.2467804800000051
2.462000000000002,0.24965404080581374
2.463000000000002,0.23746209919413752
2.4640000000000017,0.23172781000001683
2.4650000000000016,0.2411935254979068
2.4660000000000015,0.2451485045021055
2.467000000000002,0.24698262000000612
2.4680000000000017,0.2504143631573597
2.4690000000000016,0.2449459368426233
2.470000000000002,0.24263632000001897
2.471000000000002,0.25332084000000893
2.4720000000000018,0.2583642690240958
2.4730000000000016,0.25725451000000216
2.4740000000000015,0.25888519999998966
2.475000000000002,0.2510759377154511
2.4760000000000018,0.2482530922845376
2.4770000000000016,0.2690912200000001
2.478000000000002,0.2691302290751893
2.479000000000002,0.2712209809248191
2.4800000000000018,0.2743801199999651
2.4810000000000016,0.2547306899040104
2.4820000000000015,0.24922973009597257
2.483000000000002,0.25254852000001177
2.4840000000000018,0.2591598300000003
2.4850000000000017,0.259354340275934
2.486000000000002,0.25265709972404216
2.487000000000002,0.2680090100000207
2.4880000000000018,0.279656808316358
2.4890000000000017,0.292839971683683
2.4900000000000015,0.30894928999998866
2.491000000000002,0.3004429825954861
2.4920000000000018,0.302968937404524
2.4930000000000017,0.3104309699999876
2.494000000000002,0.3011255300000199
2.495000000000002,0.31234615463204407
2.4960000000000018,0.2979924753678986
2.4970000000000017,0.2697592699999916
2.4980000000000016,0.26503317917410885
2.499000000000002,0.2301249208257671
2.5000000000000018,0.23012128
2.5010000000000017,0.23012128
2.502000000000002,0.23012128
2.503000000000002,0.23012128
2.504000000000002,0.23012128
2.5050000000000017,0.23012128
2.5060000000000016,0.23012128
2.507000000000002,0.23012128
2.508000000000002,0.23012128
2.5090000000000017,0.23012128
2.510000000000002,0.23012128
2.511000000000002,0.23012128
2.512000000000002,0.23012128
2.5130000000000017,0.23012128
2.5140000000000016,0.23012128
2.515000000000002,0.23012128
2.516000000000002,0.23012128
2.5170000000000017,0.23012128
2.518000000000002,0.23012128
2.519000000000002,0.23012128
2.520000000000002,0.23012128
2.5210000000000017,0.23012128
2.5220000000000016,0.23012128
2.523000000000002,0.23012128
2.524000000000002,0.23012128
2.5250000000000017,0.23012128
2.526000000000002,0.23012128
2.527000000000002,0.23012128
2.528000000000002,0.23012128
2.5290000000000017,0.23012128
2.5300000000000016,0.23012128
2.531000000000002,0.23012128
2.532000000000002,0.23012128
2.5330000000000017,0.23012128
2.534000000000002,0.23012128
2.535000000000002,0.23012128
2.536000000000002,0.23012128
2.5370000000000017,0.23012128
2.5380000000000016,0.23012128
2.539000000000002,0.23012128
2.540000000000002,0.23012128
2.5410000000000017,0.23012128
2.542000000000002,0.23012128
2.543000000000002,0.23012128
2.544000000000002,0.23012128
2.5450000000000017,0.23012128
2.5460000000000016,0.23012128
2.547000000000002,0.23012128
2.548000000000002,0.23012128
2.5490000000000017,0.23012128
2.550000000000002,0.23012128
2.551000000000002,0.23012128
2.552000000000002,0.23012128
2.5530000000000017,0.23012128
2.5540000000000016,0.23012128
2.555000000000002,0.23012128
2.556000000000002,0.23012128
2.5570000000000017,0.23012128
2.558000000000002,0.23012128
2.559000000000002,0.23012128
2.560000000000002,0.23012128
2.5610000000000017,0.23012128
2.5620000000000016,0.23012128
2.563000000000002,0.23012128
2.564000000000002,0.23012128
2.5650000000000017,0.23012128
2.566000000000002,0.23012128
2.567000000000002,0.23012128
2.568000000000002,0.23012128
2.5690000000000017,0.23012128
2.5700000000000016,0.23012128
2.571000000000002,0.23012128
2.572000000000002,0.23012128
2.5730000000000017,0.23012128
2.574000000000002,0.23012128
2.575000000000002,0.23012128
2.576000000000002,0.23012128
2.5770000000000017,0.23012128
2.5780000000000016,0.23012128
2.579000000000002,0.23012128
2.580000000000002,0.23012128
2.5810000000000017,0.23012128
2.582000000000002,0.23012128
2.583000000000002,0.23012128
2.584000000000002,0.23012128
2.5850000000000017,0.23012128
2.5860000000000016,0.23012128
2.587000000000002,0.23012128
2.588000000000002,0.23012128
2.5890000000000017,0.23012128
2.590000000000002,0.23012128
2.591000000000002,0.23012128
2.592000000000002,0.23012128
2.5930000000000017,0.23012128
2.5940000000000016,0.23012128
2.595000000000002,0.23012128
2.596000000000002,0.23012128
2.5970000000000018,0.23012128
2.598000000000002,0.23012128
2.599000000000002,0.23012128
