wave,r
0.4,0.94934
0.401,0.94934
0.402,0.94934
0.403,0.94934
0.404,0.94934
0.405,0.94934
0.406,0.94934
0.40700000000000003,0.94934
0.40800000000000003,0.94934
0.40900000000000003,0.94934
0.41000000000000003,0.94934
0.41100000000000003,0.94934
0.41200000000000003,0.94934
0.41300000000000003,0.94934
0.41400000000000003,0.94934
0.41500000000000004,0.94934
0.41600000000000004,0.94934
0.41700000000000004,0.94934
0.41800000000000004,0.94934
0.41900000000000004,0.94934
0.42000000000000004,0.94934
0.42100000000000004,0.94934
0.42200000000000004,0.94934
0.42300000000000004,0.94934
0.42400000000000004,0.94934
0.42500000000000004,0.94934
0.42600000000000005,0.94934
0.42700000000000005,0.94934
0.42800000000000005,0.94934
0.42900000000000005,0.94934
0.43000000000000005,0.94934
0.43100000000000005,0.94934
0.43200000000000005,0.94934
0.43300000000000005,0.94934
0.43400000000000005,0.94934
0.43500000000000005,0.94934
0.43600000000000005,0.94934
0.43700000000000006,0.9496277692307692
0.43800000000000006,0.9499585384615384
0.43900000000000006,0.9502893076923077
0.44000000000000006,0.9506200769230769
0.44100000000000006,0.9509508461538461
0.44200000000000006,0.9512816153846153
0.44300000000000006,0.951229124423963
0.44400000000000006,0.9505240552995391
0.44500000000000006,0.9498189861751152
0.44600000000000006,0.9491139170506911
0.44700000000000006,0.9484088479262672
0.44800000000000006,0.9477037788018432
0.44900000000000007,0.9469987096774193
0.45000000000000007,0.9473326461538462
0.45100000000000007,0.9478357230769231
0.45200000000000007,0.9483388
0.45300000000000007,0.948841876923077
0.45400000000000007,0.9493449538461539
0.45500000000000007,0.9498480307692309
0.45600000000000007,0.9499819815668203
0.4570000000000001,0.9494597081413211
0.4580000000000001,0.9489374347158218
0.4590000000000001,0.9484151612903227
0.4600000000000001,0.9478928878648234
0.4610000000000001,0.9473706144393241
0.4620000000000001,0.946848341013825
0.4630000000000001,0.9470563846153848
0.4640000000000001,0.9473933076923078
0.4650000000000001,0.9477302307692309
0.4660000000000001,0.9480671538461539
0.4670000000000001,0.948404076923077
0.4680000000000001,0.9487410000000001
0.4690000000000001,0.948841182795699
0.4700000000000001,0.9485017050691245
0.4710000000000001,0.94816222734255
0.4720000000000001,0.9478227496159755
0.4730000000000001,0.9474832718894008
0.4740000000000001,0.9471437941628263
0.4750000000000001,0.9468043164362518
0.4760000000000001,0.9464274193548387
0.4770000000000001,0.9460433947772657
0.4780000000000001,0.9456593701996927
0.4790000000000001,0.9452753456221198
0.4800000000000001,0.9448913210445469
0.4810000000000001,0.9445072964669738
0.4820000000000001,0.9442408615384615
0.4830000000000001,0.9442131692307693
0.4840000000000001,0.944185476923077
0.4850000000000001,0.9441577846153847
0.4860000000000001,0.9441300923076924
0.4870000000000001,0.9441024000000001
0.4880000000000001,0.9440747076923077
0.4890000000000001,0.9442408448540708
0.4900000000000001,0.9444466820276499
0.4910000000000001,0.944652519201229
0.4920000000000001,0.9448583563748081
0.4930000000000001,0.9450641935483872
0.4940000000000001,0.9452700307219664
0.4950000000000001,0.9454183563748081
0.4960000000000001,0.945444470046083
0.4970000000000001,0.9454705837173579
0.4980000000000001,0.945496697388633
0.4990000000000001,0.9455228110599079
0.5000000000000001,0.9455489247311828
0.5010000000000001,0.9455750384024577
0.5020000000000001,0.9452888479262672
0.5030000000000001,0.9449294009216589
0.5040000000000001,0.9445699539170506
0.5050000000000001,0.9442105069124423
0.5060000000000001,0.943851059907834
0.5070000000000001,0.9434916129032257
0.5080000000000001,0.9433261751152073
0.5090000000000001,0.943613425499232
0.5100000000000001,0.9439006758832565
0.5110000000000001,0.9441879262672811
0.5120000000000001,0.9444751766513056
0.5130000000000001,0.9447624270353303
0.5140000000000001,0.9450496774193549
0.5150000000000001,0.9448163287250384
0.5160000000000001,0.9444445929339477
0.5170000000000001,0.944072857142857
0.5180000000000001,0.9437011213517664
0.5190000000000001,0.9433293855606758
0.5200000000000001,0.9429576497695851
0.5210000000000001,0.9426366666666666
0.5220000000000001,0.9424461904761904
0.5230000000000001,0.9422557142857142
0.5240000000000001,0.942065238095238
0.5250000000000001,0.9418747619047618
0.5260000000000001,0.9416842857142856
0.5270000000000001,0.9414938095238095
0.5280000000000001,0.9413163440860215
0.5290000000000001,0.9411427649769585
0.5300000000000001,0.9409691858678956
0.5310000000000001,0.9407956067588326
0.5320000000000001,0.9406220276497695
0.5330000000000001,0.9404484485407066
0.5340000000000001,0.9403084178187404
0.5350000000000001,0.940263870967742
0.5360000000000001,0.9402193241167435
0.5370000000000001,0.9401747772657449
0.5380000000000001,0.9401302304147465
0.5390000000000001,0.940085683563748
0.5400000000000001,0.9400411367127496
0.5410000000000001,0.9398641013824883
0.5420000000000001,0.9396429032258063
0.5430000000000001,0.9394217050691244
0.5440000000000002,0.9392005069124423
0.5450000000000002,0.9389793087557603
0.5460000000000002,0.9387581105990782
0.5470000000000002,0.9385490783410138
0.5480000000000002,0.9383785714285713
0.5490000000000002,0.9382080645161289
0.5500000000000002,0.9380375576036866
0.5510000000000002,0.9378670506912442
0.5520000000000002,0.9376965437788017
0.5530000000000002,0.9375260368663594
0.5540000000000002,0.9372142396313363
0.5550000000000002,0.9368501843317971
0.5560000000000002,0.936486129032258
0.5570000000000002,0.9361220737327188
0.5580000000000002,0.9357580184331796
0.5590000000000002,0.9353939631336405
0.5600000000000002,0.9351799539170507
0.5610000000000002,0.9354979262672811
0.5620000000000002,0.9358158986175116
0.5630000000000002,0.9361338709677419
0.5640000000000002,0.9364518433179724
0.5650000000000002,0.9367698156682027
0.5660000000000002,0.9370877880184332
0.5670000000000002,0.937078726993865
0.5680000000000002,0.9369360889570552
0.5690000000000002,0.9367934509202454
0.5700000000000002,0.9366508128834355
0.5710000000000002,0.9365081748466257
0.5720000000000002,0.9363655368098159
0.5730000000000002,0.9362000921658986
0.5740000000000002,0.9359374193548387
0.5750000000000002,0.9356747465437788
0.5760000000000002,0.9354120737327188
0.5770000000000002,0.9351494009216589
0.5780000000000002,0.9348867281105989
0.5790000000000002,0.9346240552995391
0.5800000000000002,0.934520153609831
0.5810000000000002,0.9344909677419354
0.5820000000000002,0.9344617818740399
0.5830000000000002,0.9344325960061444
0.5840000000000002,0.9344034101382488
0.5850000000000002,0.9343742242703533
0.5860000000000002,0.9343155828220859
0.5870000000000002,0.9341131288343558
0.5880000000000002,0.9339106748466257
0.5890000000000002,0.9337082208588956
0.5900000000000002,0.9335057668711656
0.5910000000000002,0.9333033128834355
0.5920000000000002,0.9331008588957054
0.5930000000000002,0.9331478187403993
0.5940000000000002,0.9333290783410138
0.5950000000000002,0.9335103379416282
0.5960000000000002,0.9336915975422427
0.5970000000000002,0.9338728571428572
0.5980000000000002,0.9340541167434716
0.5990000000000002,0.934176717791411
0.6000000000000002,0.9339389877300613
0.6010000000000002,0.9337012576687116
0.6020000000000002,0.933463527607362
0.6030000000000002,0.9332257975460122
0.6040000000000002,0.9329880674846626
0.6050000000000002,0.9327503374233129
0.6060000000000002,0.9326733333333334
0.6070000000000002,0.9326948387096774
0.6080000000000002,0.9327163440860216
0.6090000000000002,0.9327378494623656
0.6100000000000002,0.9327593548387096
0.6110000000000002,0.9327808602150538
0.6120000000000002,0.9327620398773004
0.6130000000000002,0.9324169478527606
0.6140000000000002,0.9320718558282207
0.6150000000000002,0.9317267638036809
0.6160000000000002,0.931381671779141
0.6170000000000002,0.9310365797546012
0.6180000000000002,0.9306914877300613
0.6190000000000002,0.9306832258064517
0.6200000000000002,0.9309090322580645
0.6210000000000002,0.9311348387096775
0.6220000000000002,0.9313606451612904
0.6230000000000002,0.9315864516129033
0.6240000000000002,0.9318122580645163
0.6250000000000002,0.9319959509202455
0.6260000000000002,0.9316953374233129
0.6270000000000002,0.9313947239263803
0.6280000000000002,0.9310941104294478
0.6290000000000002,0.9307934969325153
0.6300000000000002,0.9304928834355828
0.6310000000000002,0.9301922699386502
0.6320000000000002,0.9300598568507158
0.6330000000000002,0.9300596012269938
0.6340000000000002,0.930059345603272
0.6350000000000002,0.9300590899795501
0.6360000000000002,0.9300588343558283
0.6370000000000002,0.9300585787321063
0.6380000000000002,0.9300583231083844
0.6390000000000002,0.9300580674846626
0.6400000000000002,0.9300578118609407
0.6410000000000002,0.9300575562372189
0.6420000000000002,0.9300573006134969
0.6430000000000002,0.930057044989775
0.6440000000000002,0.9300567893660532
0.6450000000000002,0.9300565337423313
0.6460000000000002,0.9300562781186094
0.6470000000000002,0.9300560224948875
0.6480000000000002,0.9300557668711656
0.6490000000000002,0.9300555112474438
0.6500000000000002,0.9300552556237218
0.6510000000000002,0.930055
0.6520000000000002,0.9300547443762781
0.6530000000000002,0.9300544887525563
0.6540000000000002,0.9300542331288344
0.6550000000000002,0.9300539775051124
0.6560000000000002,0.9300537218813906
0.6570000000000003,0.9300534662576687
0.6580000000000003,0.9300532106339469
0.6590000000000003,0.9300529550102249
0.6600000000000003,0.930052699386503
0.6610000000000003,0.9300524437627812
0.6620000000000003,0.9300521881390593
0.6630000000000003,0.9300519325153375
0.6640000000000003,0.9300516768916155
0.6650000000000003,0.9300514212678936
0.6660000000000003,0.9300511656441718
0.6670000000000003,0.9300509100204499
0.6680000000000003,0.930050654396728
0.6690000000000003,0.9300503987730061
0.6700000000000003,0.9300501431492842
0.6710000000000003,0.9300498875255624
0.6720000000000003,0.9300496319018404
0.6730000000000003,0.9300493762781186
0.6740000000000003,0.9300491206543967
0.6750000000000003,0.9300488650306749
0.6760000000000003,0.930048609406953
0.6770000000000003,0.930048353783231
0.6780000000000003,0.9300480981595092
0.6790000000000003,0.9300478425357873
0.6800000000000003,0.9300475869120655
0.6810000000000003,0.9300473312883435
0.6820000000000003,0.9300470756646216
0.6830000000000003,0.9300468200408998
0.6840000000000003,0.9300465644171779
0.6850000000000003,0.9300463087934561
0.6860000000000003,0.9300460531697341
0.6870000000000003,0.9300457975460122
0.6880000000000003,0.9300455419222904
0.6890000000000003,0.9300452862985685
0.6900000000000003,0.9300450306748466
0.6910000000000003,0.9300447750511247
0.6920000000000003,0.9300445194274028
0.6930000000000003,0.930044263803681
0.6940000000000003,0.9300440081799591
0.6950000000000003,0.9300437525562372
0.6960000000000003,0.9300434969325153
0.6970000000000003,0.9300432413087935
0.6980000000000003,0.9300429856850716
0.6990000000000003,0.9300427300613496
0.7000000000000003,0.9300424744376278
0.7010000000000003,0.9300422188139059
0.7020000000000003,0.9300419631901841
0.7030000000000003,0.9300417075664621
0.7040000000000003,0.9300414519427402
0.7050000000000003,0.9300411963190184
0.7060000000000003,0.9300409406952965
0.7070000000000003,0.9300406850715747
0.7080000000000003,0.9300404294478527
0.7090000000000003,0.9300401738241308
0.7100000000000003,0.9300267484662577
0.7110000000000003,0.9299853374233129
0.7120000000000003,0.9299439263803682
0.7130000000000003,0.9299025153374233
0.7140000000000003,0.9298611042944785
0.7150000000000003,0.9298196932515338
0.7160000000000003,0.929778282208589
0.7170000000000003,0.9295994478527607
0.7180000000000003,0.9293862576687116
0.7190000000000003,0.9291730674846626
0.7200000000000003,0.9289598773006134
0.7210000000000003,0.9287466871165643
0.7220000000000003,0.9285334969325152
0.7230000000000003,0.9283589892802449
0.7240000000000003,0.9282839509954057
0.7250000000000003,0.9282089127105665
0.7260000000000003,0.9281338744257274
0.7270000000000003,0.9280588361408881
0.7280000000000003,0.9279837978560489
0.7290000000000003,0.9279087595712098
0.7300000000000003,0.9280314877300614
0.7310000000000003,0.9282201380368099
0.7320000000000003,0.9284087883435583
0.7330000000000003,0.9285974386503069
0.7340000000000003,0.9287860889570553
0.7350000000000003,0.9289747392638038
0.7360000000000003,0.9291383154670751
0.7370000000000003,0.9292179479326187
0.7380000000000003,0.9292975803981623
0.7390000000000003,0.929377212863706
0.7400000000000003,0.9294568453292497
0.7410000000000003,0.9295364777947932
0.7420000000000003,0.9296161102603369
0.7430000000000003,0.929539079754601
0.7440000000000003,0.92939490797546
0.7450000000000003,0.9292507361963189
0.7460000000000003,0.9291065644171778
0.7470000000000003,0.9289623926380367
0.7480000000000003,0.9288182208588956
0.7490000000000003,0.9287250842266462
0.7500000000000003,0.9288644410413477
0.7510000000000003,0.929003797856049
0.7520000000000003,0.9291431546707505
0.7530000000000003,0.9292825114854518
0.7540000000000003,0.9294218683001533
0.7550000000000003,0.9295612251148546
0.7560000000000003,0.9296090030674847
0.7570000000000003,0.9296074693251534
0.7580000000000003,0.9296059355828221
0.7590000000000003,0.9296044018404908
0.7600000000000003,0.9296028680981595
0.7610000000000003,0.9296013343558283
0.7620000000000003,0.9295900459418069
0.7630000000000003,0.9295134762633996
0.7640000000000003,0.9294369065849923
0.7650000000000003,0.9293603369065849
0.7660000000000003,0.9292837672281776
0.7670000000000003,0.9292071975497703
0.7680000000000003,0.9291306278713629
0.7690000000000003,0.9291184049079755
0.7700000000000004,0.9291490797546013
0.7710000000000004,0.929179754601227
0.7720000000000004,0.9292104294478528
0.7730000000000004,0.9292411042944786
0.7740000000000004,0.9292717791411044
0.7750000000000004,0.9293045329249617
0.7760000000000004,0.9293611944869832
0.7770000000000004,0.9294178560490046
0.7780000000000004,0.9294745176110261
0.7790000000000004,0.9295311791730476
0.7800000000000004,0.9295878407350691
0.7810000000000004,0.9296445022970905
0.7820000000000004,0.9297146401225116
0.7830000000000004,0.9297958039816234
0.7840000000000004,0.9298769678407351
0.7850000000000004,0.929958131699847
0.7860000000000004,0.9300392955589587
0.7870000000000004,0.9301204594180705
0.7880000000000004,0.9302007963246555
0.7890000000000004,0.9302406125574273
0.7900000000000004,0.9302804287901991
0.7910000000000004,0.930320245022971
0.7920000000000004,0.9303600612557428
0.7930000000000004,0.9303998774885146
0.7940000000000004,0.9304396937212864
0.7950000000000004,0.9303406891271057
0.7960000000000004,0.9300971975497703
0.7970000000000004,0.9298537059724349
0.7980000000000004,0.9296102143950995
0.7990000000000004,0.9293667228177641
0.8000000000000004,0.9291232312404287
0.8010000000000004,0.9288797396630935
0.8020000000000004,0.928867055214724
0.8030000000000004,0.9288639877300614
0.8040000000000004,0.9288609202453988
0.8050000000000004,0.9288578527607362
0.8060000000000004,0.9288547852760736
0.8070000000000004,0.928851717791411
0.8080000000000004,0.9289106431852986
0.8090000000000004,0.9290484686064319
0.8100000000000004,0.9291862940275651
0.8110000000000004,0.9293241194486983
0.8120000000000004,0.9294619448698316
0.8130000000000004,0.9295997702909647
0.8140000000000004,0.929737595712098
0.8150000000000004,0.9297430321592649
0.8160000000000004,0.9297353751914241
0.8170000000000004,0.9297277182235835
0.8180000000000004,0.9297200612557427
0.8190000000000004,0.9297124042879019
0.8200000000000004,0.9297047473200613
0.8210000000000004,0.9296906891271056
0.8220000000000004,0.9296661868300152
0.8230000000000004,0.929641684532925
0.8240000000000004,0.9296171822358346
0.8250000000000004,0.9295926799387442
0.8260000000000004,0.9295681776416538
0.8270000000000004,0.9295436753445635
0.8280000000000004,0.9294879326186829
0.8290000000000004,0.929426676875957
0.8300000000000004,0.9293654211332312
0.8310000000000004,0.9293041653905053
0.8320000000000004,0.9292429096477794
0.8330000000000004,0.9291816539050536
0.8340000000000004,0.9291478287461773
0.8350000000000004,0.9291722935779816
0.8360000000000004,0.9291967584097859
0.8370000000000004,0.9292212232415902
0.8380000000000004,0.9292456880733945
0.8390000000000004,0.9292701529051988
0.8400000000000004,0.9292946177370031
0.8410000000000004,0.9292713323124043
0.8420000000000004,0.9292345788667687
0.8430000000000004,0.9291978254211333
0.8440000000000004,0.9291610719754977
0.8450000000000004,0.9291243185298622
0.8460000000000004,0.9290875650842266
0.8470000000000004,0.9290381776416539
0.8480000000000004,0.9289508882082694
0.8490000000000004,0.9288635987748851
0.8500000000000004,0.9287763093415007
0.8510000000000004,0.9286890199081163
0.8520000000000004,0.9286017304747319
0.8530000000000004,0.9285144410413475
0.8540000000000004,0.9285771056661561
0.8550000000000004,0.9286980857580398
0.8560000000000004,0.9288190658499234
0.8570000000000004,0.928940045941807
0.8580000000000004,0.9290610260336906
0.8590000000000004,0.9291820061255742
0.8600000000000004,0.9292637059724348
0.8610000000000004,0.9291779479326185
0.8620000000000004,0.9290921898928024
0.8630000000000004,0.9290064318529861
0.8640000000000004,0.92892067381317
0.8650000000000004,0.9288349157733538
0.8660000000000004,0.9287491577335376
0.8670000000000004,0.9287058715596331
0.8680000000000004,0.9286844648318043
0.8690000000000004,0.9286630581039755
0.8700000000000004,0.9286416513761468
0.8710000000000004,0.928620244648318
0.8720000000000004,0.9285988379204893
0.8730000000000004,0.9285746707503828
0.8740000000000004,0.9285302603369066
0.8750000000000004,0.9284858499234303
0.8760000000000004,0.928441439509954
0.8770000000000004,0.9283970290964777
0.8780000000000004,0.9283526186830015
0.8790000000000004,0.9283082082695252
0.8800000000000004,0.9284027675840979
0.8810000000000004,0.9285938990825688
0.8820000000000005,0.9287850305810398
0.8830000000000005,0.9289761620795107
0.8840000000000005,0.9291672935779817
0.8850000000000005,0.9293584250764526
0.8860000000000005,0.9295294333843797
0.8870000000000005,0.9293181010719753
0.8880000000000005,0.9291067687595711
0.8890000000000005,0.9288954364471668
0.8900000000000005,0.9286841041347625
0.8910000000000005,0.9284727718223582
0.8920000000000005,0.9282614395099539
0.8930000000000005,0.9281210397553517
0.8940000000000005,0.9280461162079511
0.8950000000000005,0.9279711926605505
0.8960000000000005,0.9278962691131498
0.8970000000000005,0.9278213455657492
0.8980000000000005,0.9277464220183487
0.8990000000000005,0.9276714984709481
0.9000000000000005,0.9277000153139358
0.9010000000000005,0.9277306431852987
0.9020000000000005,0.9277612710566616
0.9030000000000005,0.9277918989280246
0.9040000000000005,0.9278225267993876
0.9050000000000005,0.9278531546707505
0.9060000000000005,0.9278961467889909
0.9070000000000005,0.9279542507645261
0.9080000000000005,0.9280123547400613
0.9090000000000005,0.9280704587155965
0.9100000000000005,0.9281285626911315
0.9110000000000005,0.9281866666666667
0.9120000000000005,0.9282447706422019
0.9130000000000005,0.9282904134762634
0.9140000000000005,0.9283348238897396
0.9150000000000005,0.9283792343032159
0.9160000000000005,0.9284236447166921
0.9170000000000005,0.9284680551301684
0.9180000000000005,0.9285124655436446
0.9190000000000005,0.9285446483180427
0.9200000000000005,0.9285568807339449
0.9210000000000005,0.9285691131498471
0.9220000000000005,0.9285813455657492
0.9230000000000005,0.9285935779816514
0.9240000000000005,0.9286058103975536
0.9250000000000005,0.9286180428134557
0.9260000000000005,0.9285069724770643
0.9270000000000005,0.9283724159021407
0.9280000000000005,0.9282378593272171
0.9290000000000005,0.9281033027522936
0.9300000000000005,0.92796874617737
0.9310000000000005,0.9278341896024465
0.9320000000000005,0.9277945871559634
0.9330000000000005,0.9279765443425078
0.9340000000000005,0.9281585015290521
0.9350000000000005,0.9283404587155963
0.9360000000000005,0.9285224159021407
0.9370000000000005,0.928704373088685
0.9380000000000005,0.9288863302752294
0.9390000000000005,0.9288881010719754
0.9400000000000005,0.9288329709035221
0.9410000000000005,0.9287778407350689
0.9420000000000005,0.9287227105666156
0.9430000000000005,0.9286675803981623
0.9440000000000005,0.9286124502297091
0.9450000000000005,0.9285636697247708
0.9460000000000005,0.9285361467889909
0.9470000000000005,0.9285086238532111
0.9480000000000005,0.9284811009174312
0.9490000000000005,0.9284535779816514
0.9500000000000005,0.9284260550458715
0.9510000000000005,0.9283985321100917
0.9520000000000005,0.9282486238532108
0.9530000000000005,0.92804373088685
0.9540000000000005,0.9278388379204892
0.9550000000000005,0.9276339449541283
0.9560000000000005,0.9274290519877675
0.9570000000000005,0.9272241590214066
0.9580000000000005,0.9270807339449543
0.9590000000000005,0.9272856269113151
0.9600000000000005,0.927490519877676
0.9610000000000005,0.9276954128440368
0.9620000000000005,0.9279003058103976
0.9630000000000005,0.9281051987767585
0.9640000000000005,0.9283100917431193
0.9650000000000005,0.9283461620795106
0.9660000000000005,0.9282742966360855
0.9670000000000005,0.9282024311926605
0.9680000000000005,0.9281305657492355
0.9690000000000005,0.9280587003058104
0.9700000000000005,0.9279868348623853
0.9710000000000005,0.9279273853211011
0.9720000000000005,0.928032889908257
0.9730000000000005,0.928138394495413
0.9740000000000005,0.9282438990825689
0.9750000000000005,0.9283494036697248
0.9760000000000005,0.9284549082568808
0.9770000000000005,0.9285604128440368
0.9780000000000005,0.9285654281345566
0.9790000000000005,0.9284813302752294
0.9800000000000005,0.9283972324159021
0.9810000000000005,0.9283131345565749
0.9820000000000005,0.9282290366972477
0.9830000000000005,0.9281449388379205
0.9840000000000005,0.9280608409785932
0.9850000000000005,0.9282416513761469
0.9860000000000005,0.928425137614679
0.9870000000000005,0.9286086238532112
0.9880000000000005,0.9287921100917432
0.9890000000000005,0.9289755963302754
0.9900000000000005,0.9291590825688075
0.9910000000000005,0.9291899236641221
0.9920000000000005,0.9290341984732824
0.9930000000000005,0.9288784732824427
0.9940000000000005,0.9287227480916029
0.9950000000000006,0.9285670229007633
0.9960000000000006,0.9284112977099236
0.9970000000000006,0.9282555725190839
0.9980000000000006,0.9283088073394495
0.9990000000000006,0.9283852599388379
1.0000000000000004,0.9284617125382263
1.0010000000000006,0.9285381651376147
1.0020000000000007,0.9286146177370032
1.0030000000000006,0.9286910703363915
1.0040000000000004,0.92897504587156
1.0050000000000006,0.9296279510703368
1.0060000000000007,0.9302808562691137
1.0070000000000006,0.9309337614678904
1.0080000000000005,0.931586666666667
1.0090000000000006,0.9322395718654439
1.0100000000000007,0.9328924770642207
1.0110000000000006,0.9330102215018908
1.0120000000000005,0.933010491626148
1.0130000000000006,0.9330107617504052
1.0140000000000007,0.9330110318746624
1.0150000000000006,0.9330113019989195
1.0160000000000005,0.9330115721231766
1.0170000000000006,0.9330118422474338
1.0180000000000007,0.933012112371691
1.0190000000000006,0.9330123824959482
1.0200000000000005,0.9330126526202053
1.0210000000000006,0.9330129227444625
1.0220000000000007,0.9330131928687196
1.0230000000000006,0.9330134629929768
1.0240000000000005,0.933013733117234
1.0250000000000006,0.9330140032414911
1.0260000000000007,0.9330142733657483
1.0270000000000006,0.9330145434900055
1.0280000000000005,0.9330148136142626
1.0290000000000006,0.9330150837385197
1.0300000000000007,0.9330153538627769
1.0310000000000006,0.9330156239870341
1.0320000000000005,0.9330158941112913
1.0330000000000006,0.9330161642355485
1.0340000000000007,0.9330164343598055
1.0350000000000006,0.9330167044840627
1.0360000000000005,0.9330169746083199
1.0370000000000006,0.9330172447325771
1.0380000000000007,0.9330175148568342
1.0390000000000006,0.9330177849810913
1.0400000000000005,0.9330180551053485
1.0410000000000006,0.9330183252296057
1.0420000000000007,0.9330185953538629
1.0430000000000006,0.93301886547812
1.0440000000000005,0.9330191356023771
1.0450000000000006,0.9330194057266343
1.0460000000000007,0.9330196758508915
1.0470000000000006,0.9330199459751486
1.0480000000000005,0.9331201526717559
1.0490000000000006,0.9332453435114505
1.0500000000000007,0.9333705343511451
1.0510000000000006,0.9334957251908398
1.0520000000000005,0.9336209160305344
1.0530000000000006,0.9337461068702291
1.0540000000000007,0.9338064122137404
1.0550000000000006,0.9336720610687023
1.0560000000000005,0.933537709923664
1.0570000000000006,0.9334033587786259
1.0580000000000007,0.9332690076335877
1.0590000000000006,0.9331346564885495
1.0600000000000005,0.9330003053435114
1.0610000000000006,0.932862748091603
1.0620000000000007,0.932723816793893
1.0630000000000006,0.9325848854961831
1.0640000000000005,0.9324459541984732
1.0650000000000006,0.9323070229007633
1.0660000000000007,0.9321680916030534
1.0670000000000006,0.9320314786585365
1.0680000000000005,0.9319080030487804
1.0690000000000006,0.9317845274390243
1.0700000000000007,0.9316610518292682
1.0710000000000006,0.9315375762195122
1.0720000000000005,0.931414100609756
1.0730000000000006,0.9312906249999999
1.0740000000000007,0.931370610687023
1.0750000000000006,0.9315919847328246
1.0760000000000005,0.931813358778626
1.0770000000000006,0.9320347328244276
1.0780000000000007,0.9322561068702292
1.0790000000000006,0.9324774809160307
1.0800000000000005,0.9326880458015268
1.0810000000000006,0.9326391908396946
1.0820000000000007,0.9325903358778626
1.0830000000000006,0.9325414809160305
1.0840000000000005,0.9324926259541985
1.0850000000000006,0.9324437709923664
1.0860000000000007,0.9323949160305344
1.0870000000000006,0.9323931554878049
1.0880000000000005,0.9324404115853658
1.0890000000000006,0.9324876676829269
1.0900000000000007,0.9325349237804879
1.0910000000000006,0.9325821798780488
1.0920000000000005,0.9326294359756098
1.0930000000000006,0.9326766920731707
1.0940000000000007,0.9326970381679389
1.0950000000000006,0.9327153587786259
1.0960000000000005,0.932733679389313
1.0970000000000006,0.932752
1.0980000000000008,0.932770320610687
1.0990000000000006,0.9327886412213741
1.1000000000000005,0.9327733129770992
1.1010000000000006,0.9327030839694656
1.1020000000000008,0.932632854961832
1.1030000000000006,0.9325626259541984
1.1040000000000005,0.9324923969465648
1.1050000000000006,0.9324221679389312
1.1060000000000008,0.9323519389312976
1.1070000000000007,0.9324374237804878
1.1080000000000005,0.9325548018292683
1.1090000000000007,0.9326721798780488
1.1100000000000008,0.9327895579268294
1.1110000000000007,0.9329069359756098
1.1120000000000005,0.9330243140243903
1.1130000000000007,0.933135145038168
1.1140000000000008,0.9332282748091604
1.1150000000000007,0.9333214045801528
1.1160000000000005,0.9334145343511452
1.1170000000000007,0.9335076641221376
1.1180000000000008,0.9336007938931299
1.1190000000000007,0.9336939236641223
1.1200000000000006,0.9336760975609757
1.1210000000000007,0.9336151219512195
1.1220000000000008,0.9335541463414634
1.1230000000000007,0.9334931707317073
1.1240000000000006,0.9334321951219512
1.1250000000000007,0.9333712195121951
1.1260000000000008,0.9333324580152673
1.1270000000000007,0.9334103206106871
1.1280000000000006,0.9334881832061069
1.1290000000000007,0.9335660458015268
1.1300000000000008,0.9336439083969466
1.1310000000000007,0.9337217709923664
1.1320000000000006,0.9337996335877863
1.1330000000000007,0.933803963414634
1.1340000000000008,0.9337612804878048
1.1350000000000007,0.9337185975609755
1.1360000000000006,0.9336759146341462
1.1370000000000007,0.933633231707317
1.1380000000000008,0.9335905487804878
1.1390000000000007,0.9335541920731708
1.1400000000000006,0.9336380335365854
1.1410000000000007,0.933721875
1.1420000000000008,0.9338057164634147
1.1430000000000007,0.9338895579268294
1.1440000000000006,0.9339733993902439
1.1450000000000007,0.9340572408536586
1.1460000000000008,0.9340790534351145
1.1470000000000007,0.9340363053435115
1.1480000000000006,0.9339935572519085
1.1490000000000007,0.9339508091603054
1.1500000000000008,0.9339080610687024
1.1510000000000007,0.9338653129770993
1.1520000000000006,0.9338225648854963
1.1530000000000007,0.9337569512195122
1.1540000000000008,0.9336898780487805
1.1550000000000007,0.9336228048780487
1.1560000000000006,0.933555731707317
1.1570000000000007,0.9334886585365852
1.1580000000000008,0.9334215853658535
1.1590000000000007,0.9334228658536585
1.1600000000000006,0.9335356707317073
1.1610000000000007,0.9336484756097562
1.1620000000000008,0.9337612804878049
1.1630000000000007,0.9338740853658537
1.1640000000000006,0.9339868902439026
1.1650000000000007,0.9340996951219513
1.1660000000000008,0.9340711755725191
1.1670000000000007,0.9340116335877863
1.1680000000000006,0.9339520916030534
1.1690000000000007,0.9338925496183206
1.1700000000000008,0.9338330076335877
1.1710000000000007,0.9337734656488549
1.1720000000000006,0.9337518140243902
1.1730000000000007,0.9338326067073172
1.1740000000000008,0.933913399390244
1.1750000000000007,0.9339941920731708
1.1760000000000006,0.9340749847560976
1.1770000000000007,0.9341557774390246
1.1780000000000008,0.9342365701219514
1.1790000000000007,0.934303292682927
1.1800000000000006,0.934364268292683
1.1810000000000007,0.9344252439024391
1.1820000000000008,0.9344862195121952
1.1830000000000007,0.9345471951219513
1.1840000000000006,0.9346081707317074
1.1850000000000007,0.9346641158536586
1.1860000000000008,0.9346915548780489
1.1870000000000007,0.9347189939024391
1.1880000000000006,0.9347464329268294
1.1890000000000007,0.9347738719512195
1.1900000000000008,0.9348013109756098
1.1910000000000007,0.93482875
1.1920000000000006,0.9348552896341463
1.1930000000000007,0.9348812042682927
1.1940000000000008,0.934907118902439
1.1950000000000007,0.9349330335365854
1.1960000000000006,0.9349589481707318
1.1970000000000007,0.934984862804878
1.1980000000000008,0.9350118292682927
1.1990000000000007,0.9350728048780489
1.2000000000000006,0.9351337804878049
1.2010000000000007,0.9351947560975611
1.2020000000000008,0.9352557317073171
1.2030000000000007,0.9353167073170733
1.2040000000000006,0.9353776829268294
1.2050000000000007,0.9353498170731707
1.2060000000000008,0.9352217682926829
1.2070000000000007,0.9350937195121951
1.2080000000000006,0.9349656707317073
1.2090000000000007,0.9348376219512196
1.2100000000000009,0.9347095731707317
1.2110000000000007,0.9345815243902439
1.2120000000000006,0.9346906859756099
1.2130000000000007,0.9348233079268294
1.2140000000000009,0.934955929878049
1.2150000000000007,0.9350885518292684
1.2160000000000006,0.9352211737804879
1.2170000000000007,0.9353537957317074
1.2180000000000009,0.9354496036585366
1.2190000000000007,0.9354770426829269
1.2200000000000006,0.9355044817073171
1.2210000000000008,0.9355319207317073
1.2220000000000009,0.9355593597560976
1.2230000000000008,0.9355867987804879
1.2240000000000006,0.9356142378048782
1.2250000000000008,0.9356958689024392
1.2260000000000009,0.935791905487805
1.2270000000000008,0.9358879420731708
1.2280000000000006,0.9359839786585367
1.2290000000000008,0.9360800152439026
1.2300000000000009,0.9361760518292684
1.2310000000000008,0.9362671798780489
1.2320000000000007,0.9363418750000001
1.2330000000000008,0.9364165701219513
1.2340000000000009,0.9364912652439026
1.2350000000000008,0.9365659603658537
1.2360000000000007,0.936640655487805
1.2370000000000008,0.9367153506097562
1.2380000000000009,0.9367277439024391
1.2390000000000008,0.9367094512195122
1.2400000000000007,0.9366911585365854
1.2410000000000008,0.9366728658536586
1.2420000000000009,0.9366545731707318
1.2430000000000008,0.936636280487805
1.2440000000000007,0.9366334146341465
1.2450000000000008,0.9367553658536587
1.2460000000000009,0.9368773170731709
1.2470000000000008,0.9369992682926831
1.2480000000000007,0.9371212195121953
1.2490000000000008,0.9372431707317075
1.2500000000000009,0.9373651219512197
1.2510000000000008,0.9374476676829269
1.2520000000000007,0.9374979725609757
1.2530000000000008,0.9375482774390245
1.254000000000001,0.9375985823170732
1.2550000000000008,0.937648887195122
1.2560000000000007,0.9376991920731708
1.2570000000000008,0.9377494969512196
1.258000000000001,0.9376730335365853
1.2590000000000008,0.9375952896341463
1.2600000000000007,0.9375175457317072
1.2610000000000008,0.9374398018292682
1.262000000000001,0.9373620579268291
1.2630000000000008,0.9372843140243902
1.2640000000000007,0.9373342465753426
1.2650000000000008,0.9375534246575343
1.266000000000001,0.9377726027397262
1.2670000000000008,0.9379917808219179
1.2680000000000007,0.9382109589041097
1.2690000000000008,0.9384301369863015
1.270000000000001,0.9386493150684933
1.2710000000000008,0.9385135060975608
1.2720000000000007,0.9383199085365852
1.2730000000000008,0.9381263109756096
1.274000000000001,0.937932713414634
1.2750000000000008,0.9377391158536584
1.2760000000000007,0.9375455182926828
1.2770000000000008,0.9374621341463417
1.278000000000001,0.9376359146341465
1.2790000000000008,0.9378096951219514
1.2800000000000007,0.9379834756097563
1.2810000000000008,0.9381572560975612
1.282000000000001,0.938331036585366
1.2830000000000008,0.9385048170731709
1.2840000000000007,0.9385421156773212
1.2850000000000008,0.9385314611872146
1.286000000000001,0.938520806697108
1.2870000000000008,0.9385101522070015
1.2880000000000007,0.938499497716895
1.2890000000000008,0.9384888432267884
1.290000000000001,0.9384921798780488
1.2910000000000008,0.9385638262195122
1.2920000000000007,0.9386354725609757
1.2930000000000008,0.9387071189024391
1.294000000000001,0.9387787652439025
1.2950000000000008,0.9388504115853659
1.2960000000000007,0.9389220579268293
1.2970000000000008,0.9389360518292682
1.298000000000001,0.9389131859756097
1.2990000000000008,0.9388903201219512
1.3000000000000007,0.9388674542682927
1.3010000000000008,0.9388445884146341
1.302000000000001,0.9388217225609755
1.3030000000000008,0.93880799086758
1.3040000000000007,0.9389678082191781
1.3050000000000008,0.9391276255707763
1.306000000000001,0.9392874429223745
1.3070000000000008,0.9394472602739727
1.3080000000000007,0.9396070776255708
1.3090000000000008,0.939766894977169
1.310000000000001,0.9398865853658537
1.3110000000000008,0.9399628048780488
1.3120000000000007,0.9400390243902439
1.3130000000000008,0.9401152439024391
1.314000000000001,0.9401914634146342
1.3150000000000008,0.9402676829268294
1.3160000000000007,0.9403439024390244
1.3170000000000008,0.9404116133942162
1.318000000000001,0.940478584474886
1.3190000000000008,0.9405455555555556
1.3200000000000007,0.9406125266362253
1.3210000000000008,0.9406794977168951
1.322000000000001,0.9407464687975647
1.3230000000000008,0.9408460213414636
1.3240000000000007,0.9410060823170733
1.3250000000000008,0.9411661432926831
1.326000000000001,0.9413262042682928
1.3270000000000008,0.9414862652439026
1.3280000000000007,0.9416463262195123
1.3290000000000008,0.9418063871951221
1.330000000000001,0.9418015220700152
1.3310000000000008,0.9417528158295281
1.3320000000000007,0.941704109589041
1.3330000000000009,0.941655403348554
1.334000000000001,0.941606697108067
1.3350000000000009,0.9415579908675799
1.3360000000000007,0.9415424695121952
1.3370000000000009,0.9416446036585366
1.338000000000001,0.9417467378048782
1.3390000000000009,0.9418488719512196
1.3400000000000007,0.9419510060975611
1.3410000000000009,0.9420531402439025
1.342000000000001,0.9421552743902439
1.3430000000000009,0.9422753881278539
1.3440000000000007,0.9424047640791477
1.3450000000000009,0.9425341400304414
1.346000000000001,0.9426635159817353
1.3470000000000009,0.9427928919330291
1.3480000000000008,0.9429222678843228
1.3490000000000009,0.9430415068493151
1.350000000000001,0.9430582496194825
1.3510000000000009,0.94307499238965
1.3520000000000008,0.9430917351598174
1.3530000000000009,0.9431084779299849
1.354000000000001,0.9431252207001523
1.3550000000000009,0.9431419634703196
1.3560000000000008,0.9431365449010655
1.3570000000000009,0.9431106697108067
1.358000000000001,0.9430847945205479
1.3590000000000009,0.9430589193302892
1.3600000000000008,0.9430330441400304
1.3610000000000009,0.9430071689497717
1.362000000000001,0.9429812937595129
1.3630000000000009,0.9430335823170731
1.3640000000000008,0.9430899847560975
1.3650000000000009,0.943146387195122
1.366000000000001,0.9432027896341464
1.3670000000000009,0.9432591920731708
1.3680000000000008,0.9433155945121952
1.3690000000000009,0.9434123287671234
1.370000000000001,0.9435721461187216
1.3710000000000009,0.9437319634703198
1.3720000000000008,0.9438917808219179
1.3730000000000009,0.9440515981735161
1.374000000000001,0.9442114155251143
1.3750000000000009,0.9443712328767125
1.3760000000000008,0.9443076407914763
1.377000000000001,0.94419500761035
1.378000000000001,0.9440823744292236
1.379000000000001,0.9439697412480973
1.3800000000000008,0.943857108066971
1.381000000000001,0.9437444748858447
1.382000000000001,0.9436717960426181
1.383000000000001,0.9437189802130899
1.3840000000000008,0.9437661643835618
1.385000000000001,0.9438133485540336
1.386000000000001,0.9438605327245054
1.387000000000001,0.9439077168949773
1.3880000000000008,0.9439549010654491
1.389000000000001,0.9437360882800606
1.390000000000001,0.9433921004566207
1.391000000000001,0.9430481126331809
1.3920000000000008,0.9427041248097411
1.393000000000001,0.9423601369863011
1.394000000000001,0.9420161491628611
1.395000000000001,0.9417091615853659
1.3960000000000008,0.9417015396341464
1.397000000000001,0.9416939176829269
1.398000000000001,0.9416862957317074
1.399000000000001,0.9416786737804879
1.4000000000000008,0.9416710518292684
1.4010000000000007,0.9416634298780489
1.402000000000001,0.9416173059360731
1.403000000000001,0.9415396803652968
1.4040000000000008,0.9414620547945205
1.4050000000000007,0.9413844292237443
1.406000000000001,0.941306803652968
1.407000000000001,0.9412291780821918
1.4080000000000008,0.9411515525114155
1.4090000000000007,0.9411589497716896
1.410000000000001,0.9411680821917808
1.411000000000001,0.9411772146118722
1.4120000000000008,0.9411863470319635
1.4130000000000007,0.9411954794520548
1.414000000000001,0.9412046118721461
1.415000000000001,0.9413429223744295
1.4160000000000008,0.9416671232876714
1.4170000000000007,0.9419913242009135
1.418000000000001,0.9423155251141556
1.419000000000001,0.9426397260273975
1.4200000000000008,0.9429639269406395
1.4210000000000007,0.9432881278538815
1.422000000000001,0.9434627397260276
1.423000000000001,0.9436088584474887
1.4240000000000008,0.9437549771689498
1.4250000000000007,0.943901095890411
1.426000000000001,0.9440472146118724
1.427000000000001,0.9441933333333336
1.4280000000000008,0.9443812462006081
1.4290000000000007,0.9446821580547115
1.430000000000001,0.9449830699088149
1.431000000000001,0.9452839817629182
1.4320000000000008,0.9455848936170215
1.4330000000000007,0.9458858054711248
1.434000000000001,0.9461867173252282
1.435000000000001,0.9461886301369861
1.4360000000000008,0.946056210045662
1.4370000000000007,0.9459237899543378
1.438000000000001,0.9457913698630136
1.439000000000001,0.9456589497716894
1.4400000000000008,0.9455265296803652
1.4410000000000007,0.9454545662100461
1.442000000000001,0.94582595129376
1.443000000000001,0.9461973363774738
1.4440000000000008,0.9465687214611875
1.4450000000000007,0.9469401065449013
1.446000000000001,0.9473114916286154
1.447000000000001,0.9476828767123291
1.4480000000000008,0.9476231354642309
1.4490000000000007,0.9472106544901062
1.450000000000001,0.9467981735159813
1.451000000000001,0.9463856925418566
1.4520000000000008,0.9459732115677317
1.4530000000000007,0.945560730593607
1.454000000000001,0.9451482496194821
1.455000000000001,0.9456874277016748
1.4560000000000008,0.9462460273972607
1.4570000000000007,0.9468046270928466
1.458000000000001,0.9473632267884329
1.459000000000001,0.9479218264840188
1.4600000000000009,0.9484804261796047
1.4610000000000007,0.9488549315068494
1.462000000000001,0.9489645205479453
1.463000000000001,0.9490741095890411
1.4640000000000009,0.9491836986301371
1.4650000000000007,0.9492932876712329
1.466000000000001,0.9494028767123288
1.467000000000001,0.9495124657534246
1.4680000000000009,0.9493831914893615
1.4690000000000007,0.9492084194528873
1.470000000000001,0.949033647416413
1.471000000000001,0.948858875379939
1.4720000000000009,0.9486841033434648
1.4730000000000008,0.9485093313069907
1.474000000000001,0.9484773515981738
1.475000000000001,0.9488517808219181
1.4760000000000009,0.9492262100456623
1.4770000000000008,0.9496006392694066
1.478000000000001,0.949975068493151
1.479000000000001,0.9503494977168954
1.4800000000000009,0.9507239269406396
1.4810000000000008,0.9508389497716895
1.482000000000001,0.9508374277016742
1.483000000000001,0.9508359056316591
1.4840000000000009,0.9508343835616438
1.4850000000000008,0.9508328614916286
1.486000000000001,0.9508313394216134
1.487000000000001,0.9508460486322189
1.4880000000000009,0.9509797872340426
1.4890000000000008,0.9511135258358664
1.490000000000001,0.9512472644376901
1.491000000000001,0.9513810030395138
1.4920000000000009,0.9515147416413375
1.4930000000000008,0.9516484802431613
1.494000000000001,0.9517100000000001
1.495000000000001,0.9517100000000001
1.4960000000000009,0.9517100000000001
1.4970000000000008,0.9517100000000001
1.498000000000001,0.9517100000000001
1.499000000000001,0.9517100000000001
1.5000000000000009,0.9517100000000001
1.5010000000000008,0.9517660182370822
1.5020000000000011,0.9518237689969606
1.503000000000001,0.951881519756839
1.504000000000001,0.9519392705167173
1.5050000000000008,0.9519970212765958
1.5060000000000011,0.9520547720364743
1.507000000000001,0.9521030593607306
1.508000000000001,0.9521365449010655
1.5090000000000008,0.9521700304414004
1.5100000000000011,0.9522035159817351
1.511000000000001,0.95223700152207
1.512000000000001,0.9522704870624049
1.5130000000000008,0.9523039726027397
1.5140000000000011,0.9523947416413375
1.515000000000001,0.9524980851063831
1.516000000000001,0.9526014285714287
1.5170000000000008,0.9527047720364742
1.5180000000000011,0.9528081155015199
1.519000000000001,0.9529114589665655
1.520000000000001,0.9530170319634704
1.5210000000000008,0.9531296651445967
1.5220000000000011,0.953242298325723
1.523000000000001,0.9533549315068495
1.524000000000001,0.9534675646879758
1.5250000000000008,0.9535801978691021
1.5260000000000011,0.9536928310502284
1.527000000000001,0.9537330547112461
1.528000000000001,0.9537376139817629
1.5290000000000008,0.9537421732522796
1.5300000000000011,0.9537467325227964
1.531000000000001,0.9537512917933131
1.532000000000001,0.9537558510638299
1.5330000000000008,0.9537682191780823
1.5340000000000011,0.9538595433789956
1.535000000000001,0.9539508675799088
1.536000000000001,0.9540421917808221
1.5370000000000008,0.9541335159817352
1.5380000000000011,0.9542248401826485
1.539000000000001,0.9543161643835617
1.540000000000001,0.9543402431610942
1.5410000000000008,0.9543022492401215
1.5420000000000011,0.9542642553191489
1.543000000000001,0.9542262613981762
1.544000000000001,0.9541882674772036
1.5450000000000008,0.9541502735562309
1.5460000000000012,0.9541122796352584
1.547000000000001,0.9542128571428573
1.548000000000001,0.9543222796352585
1.5490000000000008,0.9544317021276596
1.5500000000000012,0.9545411246200609
1.551000000000001,0.9546505471124621
1.552000000000001,0.9547599696048633
1.5530000000000008,0.9547971232876711
1.5540000000000012,0.9547057990867578
1.555000000000001,0.9546144748858446
1.556000000000001,0.9545231506849313
1.5570000000000008,0.9544318264840181
1.5580000000000012,0.9543405022831049
1.559000000000001,0.9542491780821916
1.560000000000001,0.9544329027355625
1.5610000000000008,0.9546897416413376
1.5620000000000012,0.9549465805471128
1.563000000000001,0.9552034194528878
1.564000000000001,0.9554602583586629
1.5650000000000008,0.955717097264438
1.5660000000000012,0.9559132978723405
1.567000000000001,0.9558813829787235
1.568000000000001,0.9558494680851064
1.5690000000000008,0.9558175531914894
1.5700000000000012,0.9557856382978723
1.571000000000001,0.9557537234042554
1.572000000000001,0.9557218085106384
1.5730000000000008,0.9558134042553194
1.5740000000000012,0.9559775379939212
1.575000000000001,0.956141671732523
1.576000000000001,0.9563058054711248
1.5770000000000008,0.9564699392097266
1.5780000000000012,0.9566340729483284
1.579000000000001,0.9567757686453573
1.580000000000001,0.9564911415525111
1.5810000000000008,0.9562065144596649
1.5820000000000012,0.9559218873668186
1.583000000000001,0.9556372602739723
1.584000000000001,0.9553526331811262
1.5850000000000009,0.9550680060882799
1.5860000000000012,0.9552278419452895
1.587000000000001,0.9558691793313078
1.588000000000001,0.9565105167173259
1.5890000000000009,0.957151854103344
1.5900000000000012,0.9577931914893625
1.591000000000001,0.9584345288753806
1.592000000000001,0.9590758662613987
1.5930000000000009,0.9589074772036472
1.5940000000000012,0.9586491185410331
1.595000000000001,0.9583907598784192
1.596000000000001,0.9581324012158052
1.5970000000000009,0.9578740425531912
1.5980000000000012,0.9576156838905772
1.599000000000001,0.9575022492401217
1.600000000000001,0.9576967781155017
1.6010000000000009,0.9578913069908817
1.6020000000000012,0.9580858358662617
1.603000000000001,0.9582803647416416
1.604000000000001,0.9584748936170215
1.6050000000000009,0.9586694224924015
1.6060000000000012,0.9588470820668696
1.607000000000001,0.9590188145896659
1.608000000000001,0.9591905471124622
1.6090000000000009,0.9593622796352586
1.6100000000000012,0.9595340121580549
1.611000000000001,0.9597057446808512
1.612000000000001,0.9598276291793312
1.6130000000000009,0.9596878115501518
1.6140000000000012,0.9595479939209725
1.615000000000001,0.9594081762917931
1.616000000000001,0.9592683586626138
1.6170000000000009,0.9591285410334345
1.6180000000000012,0.9589887234042551
1.619000000000001,0.9590331306990882
1.620000000000001,0.9592109422492403
1.6210000000000009,0.9593887537993923
1.6220000000000012,0.9595665653495442
1.623000000000001,0.9597443768996962
1.624000000000001,0.9599221884498481
1.6250000000000009,0.9600999999999998
1.6260000000000012,0.9599920972644375
1.6270000000000011,0.9598841945288752
1.628000000000001,0.9597762917933129
1.629000000000001,0.9596683890577506
1.6300000000000012,0.9595604863221883
1.6310000000000011,0.959452583586626
1.632000000000001,0.9594602127659576
1.633000000000001,0.9596273860182372
1.6340000000000012,0.9597945592705168
1.6350000000000011,0.9599617325227965
1.636000000000001,0.9601289057750761
1.637000000000001,0.9602960790273557
1.6380000000000012,0.9604632522796354
1.6390000000000011,0.960731276595745
1.640000000000001,0.9610185106382981
1.641000000000001,0.9613057446808513
1.6420000000000012,0.9615929787234045
1.6430000000000011,0.9618802127659577
1.644000000000001,0.9621674468085109
1.645000000000001,0.9623834561336877
1.6460000000000012,0.9623967489555639
1.6470000000000011,0.96241004177744
1.648000000000001,0.9624233345993163
1.649000000000001,0.9624366274211925
1.6500000000000012,0.9624499202430686
1.6510000000000011,0.9624632130649449
1.652000000000001,0.9624765058868211
1.653000000000001,0.9624897987086972
1.6540000000000012,0.9625030915305735
1.6550000000000011,0.9625163843524496
1.656000000000001,0.9625296771743258
1.657000000000001,0.962542969996202
1.6580000000000013,0.9625562628180782
1.6590000000000011,0.9625695556399544
1.660000000000001,0.9625828484618306
1.661000000000001,0.9625961412837067
1.6620000000000013,0.962609434105583
1.6630000000000011,0.9626227269274591
1.664000000000001,0.9626360197493353
1.665000000000001,0.9626493125712116
1.6660000000000013,0.9626626053930877
1.6670000000000011,0.9626758982149639
1.668000000000001,0.96268919103684
1.669000000000001,0.9627024838587163
1.6700000000000013,0.9627157766805925
1.6710000000000012,0.9627290695024686
1.672000000000001,0.9627920940819424
1.673000000000001,0.9628588619119879
1.6740000000000013,0.9629256297420334
1.6750000000000012,0.962992397572079
1.676000000000001,0.9630591654021246
1.677000000000001,0.9631259332321701
1.6780000000000013,0.9631813677811552
1.6790000000000012,0.9632148024316111
1.680000000000001,0.963248237082067
1.681000000000001,0.9632816717325229
1.6820000000000013,0.9633151063829788
1.6830000000000012,0.9633485410334347
1.684000000000001,0.9633819756838906
1.685000000000001,0.9635944376899698
1.6860000000000013,0.9638634346504562
1.6870000000000012,0.9641324316109425
1.688000000000001,0.9644014285714289
1.689000000000001,0.9646704255319152
1.6900000000000013,0.9649394224924016
1.6910000000000012,0.9649507738998468
1.692000000000001,0.9637884066767818
1.693000000000001,0.9626260394537166
1.6940000000000013,0.961463672230651
1.6950000000000012,0.9603013050075858
1.696000000000001,0.9591389377845206
1.697000000000001,0.9579765705614555
1.6980000000000013,0.9576398784194532
1.6990000000000012,0.9578769604863225
1.700000000000001,0.9581140425531918
1.701000000000001,0.958351124620061
1.7020000000000013,0.9585882066869305
1.7030000000000012,0.9588252887537997
1.704000000000001,0.9590681942336882
1.705000000000001,0.9598876176024287
1.7060000000000013,0.9607070409711694
1.7070000000000012,0.9615264643399098
1.708000000000001,0.9623458877086503
1.709000000000001,0.9631653110773908
1.7100000000000013,0.9639847344461315
1.7110000000000012,0.9645417021276598
1.712000000000001,0.9647362310030397
1.713000000000001,0.9649307598784196
1.7140000000000013,0.9651252887537997
1.7150000000000012,0.9653198176291795
1.716000000000001,0.9655143465045595
1.717000000000001,0.9657088753799393
1.7180000000000013,0.9657603945371775
1.7190000000000012,0.9657846737481032
1.720000000000001,0.9658089529590288
1.721000000000001,0.9658332321699544
1.7220000000000013,0.9658575113808802
1.7230000000000012,0.9658817905918058
1.724000000000001,0.9659653495440732
1.725000000000001,0.966226747720365
1.7260000000000013,0.9664881458966569
1.7270000000000012,0.9667495440729487
1.728000000000001,0.9670109422492404
1.729000000000001,0.9672723404255322
1.7300000000000013,0.9675337386018241
1.7310000000000012,0.9675417147192715
1.732000000000001,0.9674248710166918
1.733000000000001,0.9673080273141121
1.7340000000000013,0.9671911836115324
1.7350000000000012,0.9670743399089529
1.736000000000001,0.9669574962063732
1.737000000000001,0.9668521851289833
1.7380000000000013,0.9668794992412747
1.7390000000000012,0.966906813353566
1.740000000000001,0.9669341274658574
1.741000000000001,0.9669614415781487
1.7420000000000013,0.9669887556904401
1.7430000000000012,0.9670160698027314
1.744000000000001,0.9670143617021276
1.745000000000001,0.9669824468085106
1.7460000000000013,0.9669505319148936
1.7470000000000012,0.9669186170212766
1.748000000000001,0.9668867021276596
1.749000000000001,0.9668547872340426
1.7500000000000013,0.9668228723404256
1.7510000000000012,0.9669083763277696
1.7520000000000011,0.9670054931714721
1.753000000000001,0.9671026100151746
1.7540000000000013,0.9671997268588772
1.7550000000000012,0.9672968437025798
1.7560000000000011,0.9673939605462823
1.757000000000001,0.9674818512898331
1.7580000000000013,0.9675501365705615
1.7590000000000012,0.9676184218512899
1.7600000000000011,0.9676867071320183
1.761000000000001,0.9677549924127467
1.7620000000000013,0.9678232776934751
1.7630000000000012,0.9678915629742034
1.7640000000000011,0.9679299696048633
1.765000000000001,0.9679573252279636
1.7660000000000013,0.9679846808510639
1.7670000000000012,0.9680120364741642
1.7680000000000011,0.9680393920972645
1.769000000000001,0.9680667477203648
1.7700000000000014,0.9680608649468889
1.7710000000000012,0.9678666312594838
1.7720000000000011,0.9676723975720787
1.773000000000001,0.9674781638846736
1.7740000000000014,0.9672839301972684
1.7750000000000012,0.9670896965098633
1.7760000000000011,0.9668954628224582
1.777000000000001,0.966856737481032
1.7780000000000014,0.9669401972685889
1.7790000000000012,0.9670236570561458
1.7800000000000011,0.9671071168437027
1.781000000000001,0.9671905766312596
1.7820000000000014,0.9672740364188165
1.7830000000000013,0.9673574962063735
1.7840000000000011,0.9676043399089533
1.785000000000001,0.9678562367223068
1.7860000000000014,0.9681081335356605
1.7870000000000013,0.9683600303490141
1.7880000000000011,0.9686119271623675
1.789000000000001,0.9688638239757211
1.7900000000000014,0.969043641881639
1.7910000000000013,0.969105857359636
1.7920000000000011,0.9691680728376328
1.793000000000001,0.9692302883156299
1.7940000000000014,0.9692925037936267
1.7950000000000013,0.9693547192716236
1.7960000000000012,0.9694169347496207
1.797000000000001,0.9694779514415781
1.7980000000000014,0.9695386494688922
1.7990000000000013,0.9695993474962064
1.8000000000000012,0.9696600455235205
1.801000000000001,0.9697207435508346
1.8020000000000014,0.9697814415781487
1.8030000000000013,0.9698211987860393
1.8040000000000012,0.9697771927162366
1.805000000000001,0.9697331866464339
1.8060000000000014,0.9696891805766311
1.8070000000000013,0.9696451745068284
1.8080000000000012,0.9696011684370257
1.809000000000001,0.969557162367223
1.8100000000000014,0.9695649924127466
1.8110000000000013,0.9696059635811837
1.8120000000000012,0.9696469347496207
1.813000000000001,0.9696879059180578
1.8140000000000014,0.9697288770864948
1.8150000000000013,0.9697698482549318
1.8160000000000012,0.9698096661608498
1.817000000000001,0.9697929742033384
1.8180000000000014,0.969776282245827
1.8190000000000013,0.9697595902883156
1.8200000000000012,0.9697428983308043
1.821000000000001,0.9697262063732929
1.8220000000000014,0.9697095144157815
1.8230000000000013,0.9696327921092562
1.8240000000000012,0.9694764946889224
1.825000000000001,0.9693201972685886
1.8260000000000014,0.9691638998482547
1.8270000000000013,0.9690076024279209
1.8280000000000012,0.9688513050075871
1.829000000000001,0.9686950075872532
1.8300000000000014,0.9687949165402127
1.8310000000000013,0.9689436267071323
1.8320000000000012,0.9690923368740518
1.833000000000001,0.9692410470409714
1.8340000000000014,0.969389757207891
1.8350000000000013,0.9695384673748105
1.8360000000000012,0.9696860394537179
1.837000000000001,0.969830197268589
1.8380000000000014,0.96997435508346
1.8390000000000013,0.970118512898331
1.8400000000000012,0.970262670713202
1.841000000000001,0.970406828528073
1.8420000000000014,0.970550986342944
1.8430000000000013,0.9706620940819425
1.8440000000000012,0.9707561760242793
1.845000000000001,0.9708502579666163
1.8460000000000014,0.9709443399089531
1.8470000000000013,0.97103842185129
1.8480000000000012,0.9711325037936269
1.849000000000001,0.9712126707132018
1.8500000000000014,0.9711079666160849
1.8510000000000013,0.9710032625189681
1.8520000000000012,0.9708985584218511
1.853000000000001,0.9707938543247343
1.8540000000000014,0.9706891502276174
1.8550000000000013,0.9705844461305005
1.8560000000000012,0.9704979999999999
1.857000000000001,0.9704313333333332
1.8580000000000014,0.9703646666666665
1.8590000000000013,0.9702979999999999
1.8600000000000012,0.9702313333333332
1.861000000000001,0.9701646666666666
1.8620000000000014,0.9700979999999999
1.8630000000000013,0.9702542488619122
1.8640000000000012,0.9704408952959032
1.865000000000001,0.9706275417298941
1.8660000000000014,0.970814188163885
1.8670000000000013,0.9710008345978759
1.8680000000000012,0.9711874810318668
1.869000000000001,0.9713613657056148
1.8700000000000014,0.971504006069803
1.8710000000000013,0.9716466464339911
1.8720000000000012,0.9717892867981793
1.873000000000001,0.9719319271623674
1.8740000000000014,0.9720745675265556
1.8750000000000013,0.9722172078907437
1.8760000000000012,0.9721984848484847
1.8770000000000011,0.972110606060606
1.8780000000000014,0.9720227272727271
1.8790000000000013,0.9719348484848483
1.8800000000000012,0.9718469696969695
1.8810000000000011,0.9717590909090907
1.8820000000000014,0.9716660394537174
1.8830000000000013,0.971526433990895
1.8840000000000012,0.9713868285280726
1.8850000000000011,0.9712472230652502
1.8860000000000015,0.9711076176024277
1.8870000000000013,0.9709680121396054
1.8880000000000012,0.9708284066767829
1.8890000000000011,0.9707816691957513
1.8900000000000015,0.9708241578148711
1.8910000000000013,0.970866646433991
1.8920000000000012,0.9709091350531108
1.8930000000000011,0.9709516236722308
1.8940000000000015,0.9709941122913506
1.8950000000000014,0.9710366009104705
1.8960000000000012,0.9709786666666665
1.8970000000000011,0.9709119999999999
1.8980000000000015,0.9708453333333332
1.8990000000000014,0.9707786666666666
1.9000000000000012,0.9707119999999999
1.9010000000000011,0.9706453333333332
1.9020000000000015,0.9705868892261001
1.9030000000000014,0.9705459180576631
1.9040000000000012,0.9705049468892261
1.9050000000000011,0.970463975720789
1.9060000000000015,0.970423004552352
1.9070000000000014,0.9703820333839149
1.9080000000000013,0.9703410622154779
1.9090000000000011,0.9704439242424243
1.9100000000000015,0.970599984848485
1.9110000000000014,0.9707560454545456
1.9120000000000013,0.9709121060606062
1.9130000000000011,0.9710681666666668
1.9140000000000015,0.9712242272727275
1.9150000000000014,0.9713623672230652
1.9160000000000013,0.9713805766312595
1.9170000000000011,0.9713987860394537
1.9180000000000015,0.9714169954476479
1.9190000000000014,0.9714352048558421
1.9200000000000013,0.9714534142640364
1.9210000000000012,0.9714716236722306
1.9220000000000015,0.9713687272727268
1.9230000000000014,0.9711626666666663
1.9240000000000013,0.9709566060606057
1.9250000000000012,0.9707505454545452
1.9260000000000015,0.9705444848484845
1.9270000000000014,0.970338424242424
1.9280000000000013,0.9701323636363635
1.9290000000000012,0.9703154172989381
1.9300000000000015,0.970523308042489
1.9310000000000014,0.9707311987860398
1.9320000000000013,0.9709390895295906
1.9330000000000012,0.9711469802731414
1.9340000000000015,0.9713548710166923
1.9350000000000014,0.9714947727272727
1.9360000000000013,0.9715084090909091
1.9370000000000012,0.9715220454545455
1.9380000000000015,0.9715356818181817
1.9390000000000014,0.9715493181818181
1.9400000000000013,0.9715629545454545
1.9410000000000012,0.9715765909090908
1.9420000000000015,0.971540227272727
1.9430000000000014,0.9714871969696968
1.9440000000000013,0.9714341666666665
1.9450000000000012,0.9713811363636362
1.9460000000000015,0.9713281060606059
1.9470000000000014,0.9712750757575757
1.9480000000000013,0.9712149772382396
1.9490000000000012,0.9711148254931713
1.9500000000000015,0.971014673748103
1.9510000000000014,0.9709145220030347
1.9520000000000013,0.9708143702579665
1.9530000000000012,0.9707142185128983
1.9540000000000015,0.9706140667678299
1.9550000000000014,0.9705895151515153
1.9560000000000013,0.9706243636363637
1.9570000000000012,0.9706592121212122
1.9580000000000015,0.9706940606060607
1.9590000000000014,0.9707289090909091
1.9600000000000013,0.9707637575757576
1.9610000000000012,0.9707986060606061
1.9620000000000015,0.9709047272727275
1.9630000000000014,0.9710138181818183
1.9640000000000013,0.9711229090909093
1.9650000000000012,0.9712320000000001
1.9660000000000015,0.9713410909090912
1.9670000000000014,0.971450181818182
1.9680000000000013,0.971545090909091
1.9690000000000012,0.971614787878788
1.9700000000000015,0.9716844848484849
1.9710000000000014,0.971754181818182
1.9720000000000013,0.9718238787878789
1.9730000000000012,0.9718935757575758
1.9740000000000015,0.9719632727272728
1.9750000000000014,0.9719535151515151
1.9760000000000013,0.9719186666666666
1.9770000000000012,0.9718838181818181
1.9780000000000015,0.9718489696969697
1.9790000000000014,0.9718141212121212
1.9800000000000013,0.9717792727272727
1.9810000000000012,0.9717599544764796
1.9820000000000015,0.9718221699544766
1.9830000000000014,0.9718843854324736
1.9840000000000013,0.9719466009104705
1.9850000000000012,0.9720088163884675
1.9860000000000015,0.9720710318664645
1.9870000000000014,0.9721332473444614
1.9880000000000013,0.9720485909090907
1.9890000000000012,0.9718531363636361
1.9900000000000015,0.9716576818181816
1.9910000000000014,0.971462227272727
1.9920000000000013,0.9712667727272726
1.9930000000000012,0.971071318181818
1.9940000000000015,0.9708758636363635
1.9950000000000014,0.9709464242424245
1.9960000000000013,0.9710252121212123
1.9970000000000012,0.9711040000000002
1.9980000000000016,0.971182787878788
1.9990000000000014,0.9712615757575759
2.0000000000000013,0.9713403636363637
2.0010000000000012,0.9714241969696971
2.0020000000000016,0.9715166212121213
2.0030000000000014,0.9716090454545455
2.0040000000000013,0.9717014696969698
2.0050000000000012,0.9717938939393941
2.0060000000000016,0.9718863181818184
2.0070000000000014,0.9719787424242425
2.0080000000000013,0.9721085000000002
2.0090000000000012,0.9722494090909093
2.0100000000000016,0.9723903181818184
2.0110000000000015,0.9725312272727274
2.0120000000000013,0.9726721363636365
2.0130000000000012,0.9728130454545456
2.0140000000000016,0.9729472575757577
2.0150000000000015,0.9730487727272729
2.0160000000000013,0.973150287878788
2.0170000000000012,0.9732518030303031
2.0180000000000016,0.9733533181818184
2.0190000000000015,0.9734548333333335
2.0200000000000014,0.9735563484848486
2.0210000000000012,0.9736440454545456
2.0220000000000016,0.9737213181818184
2.0230000000000015,0.973798590909091
2.0240000000000014,0.9738758636363638
2.0250000000000012,0.9739531363636365
2.0260000000000016,0.9740304090909092
2.0270000000000015,0.974107681818182
2.0280000000000014,0.9740644393939394
2.0290000000000012,0.9740174696969697
2.0300000000000016,0.9739705
2.0310000000000015,0.9739235303030302
2.0320000000000014,0.9738765606060605
2.0330000000000013,0.9738295909090908
2.0340000000000016,0.9738554160363089
2.0350000000000015,0.9740051891074132
2.0360000000000014,0.9741549621785176
2.0370000000000013,0.9743047352496219
2.0380000000000016,0.9744545083207263
2.0390000000000015,0.9746042813918306
2.0400000000000014,0.9747540544629351
2.0410000000000013,0.9748164848484848
2.0420000000000016,0.9748513333333334
2.0430000000000015,0.9748861818181819
2.0440000000000014,0.9749210303030303
2.0450000000000013,0.9749558787878789
2.0460000000000016,0.9749907272727274
2.0470000000000015,0.9750338181818184
2.0480000000000014,0.975120181818182
2.0490000000000013,0.9752065454545457
2.0500000000000016,0.9752929090909093
2.0510000000000015,0.9753792727272729
2.0520000000000014,0.9754656363636365
2.0530000000000013,0.9755520000000001
2.0540000000000016,0.9754949696969695
2.0550000000000015,0.9753252727272725
2.0560000000000014,0.9751555757575756
2.0570000000000013,0.9749858787878787
2.0580000000000016,0.9748161818181816
2.0590000000000015,0.9746464848484847
2.0600000000000014,0.9744767878787878
2.0610000000000013,0.9747434545454549
2.0620000000000016,0.9750283030303035
2.0630000000000015,0.975313151515152
2.0640000000000014,0.9755980000000004
2.0650000000000013,0.9758828484848489
2.0660000000000016,0.9761676969696975
2.0670000000000015,0.9763352950075643
2.0680000000000014,0.976294447806354
2.0690000000000013,0.9762536006051437
2.0700000000000016,0.9762127534039333
2.0710000000000015,0.9761719062027231
2.0720000000000014,0.9761310590015128
2.0730000000000013,0.9760902118003024
2.0740000000000016,0.9760470454545453
2.0750000000000015,0.9760031060606059
2.0760000000000014,0.9759591666666665
2.0770000000000013,0.9759152272727272
2.0780000000000016,0.9758712878787877
2.0790000000000015,0.9758273484848483
2.0800000000000014,0.9758009090909091
2.0810000000000013,0.9758736363636364
2.0820000000000016,0.9759463636363638
2.0830000000000015,0.976019090909091
2.0840000000000014,0.9760918181818183
2.0850000000000013,0.9761645454545456
2.0860000000000016,0.9762372727272729
2.0870000000000015,0.9762283963691376
2.0880000000000014,0.9761527534039334
2.0890000000000013,0.9760771104387291
2.0900000000000016,0.9760014674735249
2.0910000000000015,0.9759258245083207
2.0920000000000014,0.9758501815431164
2.0930000000000013,0.9757745385779122
2.0940000000000016,0.9759038787878791
2.0950000000000015,0.9760463030303033
2.0960000000000014,0.9761887272727275
2.0970000000000013,0.9763311515151518
2.0980000000000016,0.9764735757575761
2.0990000000000015,0.9766160000000004
2.1000000000000014,0.9766235854765503
2.1010000000000013,0.9763694251134641
2.1020000000000016,0.9761152647503778
2.1030000000000015,0.9758611043872916
2.1040000000000014,0.9756069440242053
2.1050000000000013,0.9753527836611191
2.1060000000000016,0.9750986232980328
2.1070000000000015,0.975100787878788
2.1080000000000014,0.9751977575757577
2.1090000000000013,0.9752947272727274
2.1100000000000017,0.9753916969696972
2.1110000000000015,0.9754886666666668
2.1120000000000014,0.9755856363636365
2.1130000000000013,0.975654462934947
2.1140000000000017,0.9755349470499242
2.1150000000000015,0.9754154311649015
2.1160000000000014,0.9752959152798788
2.1170000000000013,0.9751763993948561
2.1180000000000017,0.9750568835098333
2.1190000000000015,0.9749373676248106
2.1200000000000014,0.974906
2.1210000000000013,0.974956
2.1220000000000017,0.975006
2.1230000000000016,0.975056
2.1240000000000014,0.975106
2.1250000000000013,0.9751560000000001
2.1260000000000017,0.9752060000000001
2.1270000000000016,0.975215567322239
2.1280000000000014,0.9752216187594553
2.1290000000000013,0.9752276701966717
2.1300000000000017,0.975233721633888
2.1310000000000016,0.9752397730711043
2.1320000000000014,0.9752458245083206
2.1330000000000013,0.9752293645990922
2.1340000000000017,0.9751627987897125
2.1350000000000016,0.9750962329803328
2.1360000000000015,0.9750296671709531
2.1370000000000013,0.9749631013615733
2.1380000000000017,0.9748965355521936
2.1390000000000016,0.9748299697428139
2.1400000000000015,0.9748333333333334
2.1410000000000013,0.9748666666666668
2.1420000000000017,0.9749000000000001
2.1430000000000016,0.9749333333333334
2.1440000000000015,0.9749666666666666
2.1450000000000014,0.975
2.1460000000000017,0.9750083661119512
2.1470000000000016,0.9747920272314671
2.1480000000000015,0.9745756883509831
2.1490000000000014,0.974359349470499
2.1500000000000017,0.9741430105900147
2.1510000000000016,0.9739266717095306
2.1520000000000015,0.9737103328290466
2.1530000000000014,0.9734984417549165
2.1540000000000017,0.9732911800302568
2.1550000000000016,0.9730839183055973
2.1560000000000015,0.9728766565809377
2.1570000000000014,0.972669394856278
2.1580000000000017,0.9724621331316183
2.1590000000000016,0.9722548714069588
2.1600000000000015,0.9719433333333328
2.1610000000000014,0.9716175757575752
2.1620000000000017,0.9712918181818175
2.1630000000000016,0.97096606060606
2.1640000000000015,0.9706403030303025
2.1650000000000014,0.9703145454545449
2.1660000000000017,0.9700084114977302
2.1670000000000016,0.9697527382753399
2.1680000000000015,0.9694970650529496
2.1690000000000014,0.9692413918305594
2.1700000000000017,0.968985718608169
2.1710000000000016,0.9687300453857787
2.1720000000000015,0.9684743721633884
2.1730000000000014,0.9681163237518905
2.1740000000000017,0.9677078517397876
2.1750000000000016,0.9672993797276848
2.1760000000000015,0.9668909077155818
2.1770000000000014,0.966482435703479
2.1780000000000017,0.9660739636913761
2.1790000000000016,0.9656525113464439
2.1800000000000015,0.965027700453857
2.1810000000000014,0.9644028895612701
2.1820000000000017,0.9637780786686829
2.1830000000000016,0.963153267776096
2.1840000000000015,0.9625284568835091
2.1850000000000014,0.9619036459909222
2.1860000000000017,0.961393888048411
2.1870000000000016,0.9610247503782143
2.1880000000000015,0.9606556127080177
2.1890000000000014,0.960286475037821
2.1900000000000017,0.9599173373676242
2.1910000000000016,0.9595481996974276
2.1920000000000015,0.9591790620272309
2.1930000000000014,0.9588874432677758
2.1940000000000017,0.9586105900151282
2.1950000000000016,0.9583337367624807
2.1960000000000015,0.9580568835098332
2.1970000000000014,0.9577800302571857
2.1980000000000017,0.9575031770045381
2.1990000000000016,0.9572795612708017
2.2000000000000015,0.9572341754916792
2.2010000000000014,0.9571887897125566
2.2020000000000017,0.9571434039334341
2.2030000000000016,0.9570980181543116
2.2040000000000015,0.957052632375189
2.2050000000000014,0.9570072465960665
2.2060000000000017,0.9570584720121031
2.2070000000000016,0.9571689107413013
2.2080000000000015,0.9572793494704994
2.2090000000000014,0.9573897881996977
2.2100000000000017,0.9575002269288959
2.2110000000000016,0.957610665658094
2.2120000000000015,0.9577221180030261
2.2130000000000014,0.9579339183055979
2.2140000000000017,0.9581457186081699
2.2150000000000016,0.9583575189107417
2.2160000000000015,0.9585693192133136
2.2170000000000014,0.9587811195158854
2.2180000000000017,0.9589929198184574
2.2190000000000016,0.959216822995462
2.2200000000000015,0.9594588804841154
2.2210000000000014,0.959700937972769
2.2220000000000018,0.9599429954614226
2.2230000000000016,0.9601850529500762
2.2240000000000015,0.9604271104387296
2.2250000000000014,0.9606691679273832
2.2260000000000018,0.9608275642965207
2.2270000000000016,0.9609637216338883
2.2280000000000015,0.9610998789712559
2.2290000000000014,0.9612360363086235
2.2300000000000018,0.9613721936459912
2.2310000000000016,0.9615083509833589
2.2320000000000015,0.9616121028744327
2.2330000000000014,0.9615682299546142
2.2340000000000018,0.9615243570347957
2.2350000000000017,0.9614804841149772
2.2360000000000015,0.9614366111951588
2.2370000000000014,0.9613927382753402
2.2380000000000018,0.9613488653555218
2.2390000000000017,0.9612273827534036
2.2400000000000015,0.9610473524962175
2.2410000000000014,0.9608673222390315
2.2420000000000018,0.9606872919818453
2.2430000000000017,0.9605072617246593
2.2440000000000015,0.9603272314674732
2.2450000000000014,0.9601472012102872
2.2460000000000018,0.9601254765506807
2.2470000000000017,0.9601103479576399
2.2480000000000016,0.9600952193645991
2.2490000000000014,0.9600800907715582
2.2500000000000018,0.9600649621785173
2.2510000000000017,0.9600498335854766
2.2520000000000016,0.9600611480362539
2.2530000000000014,0.9601215709969789
2.254000000000002,0.960181993957704
2.2550000000000017,0.960242416918429
2.2560000000000016,0.9603028398791541
2.2570000000000014,0.9603632628398792
2.258000000000002,0.9604236858006043
2.2590000000000017,0.9604609833585477
2.2600000000000016,0.9604897276853253
2.2610000000000015,0.9605184720121028
2.262000000000002,0.9605472163388804
2.2630000000000017,0.9605759606656581
2.2640000000000016,0.9606047049924357
2.2650000000000015,0.9606441603630863
2.266000000000002,0.9607621633888049
2.2670000000000017,0.9608801664145236
2.2680000000000016,0.9609981694402422
2.2690000000000015,0.9611161724659608
2.270000000000002,0.9612341754916794
2.2710000000000017,0.9613521785173981
2.2720000000000016,0.9613390166414522
2.2730000000000015,0.9611998335854763
2.274000000000002,0.9610606505295005
2.2750000000000017,0.9609214674735247
2.2760000000000016,0.9607822844175489
2.2770000000000015,0.9606431013615732
2.278000000000002,0.9605039183055972
2.2790000000000017,0.9604288217522657
2.2800000000000016,0.96036084592145
2.2810000000000015,0.9602928700906344
2.282000000000002,0.9602248942598186
2.2830000000000017,0.9601569184290029
2.2840000000000016,0.9600889425981872
2.2850000000000015,0.9599760363086229
2.286000000000002,0.9597475945537061
2.2870000000000017,0.9595191527987893
2.2880000000000016,0.9592907110438725
2.2890000000000015,0.9590622692889557
2.290000000000002,0.9588338275340388
2.2910000000000017,0.958605385779122
2.2920000000000016,0.958469274924471
2.2930000000000015,0.9583786404833834
2.294000000000002,0.9582880060422958
2.2950000000000017,0.9581973716012082
2.2960000000000016,0.9581067371601206
2.2970000000000015,0.958016102719033
2.298000000000002,0.9579085173978812
2.2990000000000017,0.9574788653555212
2.3000000000000016,0.9570492133131612
2.3010000000000015,0.9566195612708012
2.302000000000002,0.9561899092284409
2.3030000000000017,0.9557602571860809
2.3040000000000016,0.9553306051437209
2.3050000000000015,0.9550135649546825
2.306000000000002,0.9548398489425979
2.3070000000000017,0.9546661329305133
2.3080000000000016,0.9544924169184287
2.3090000000000015,0.9543187009063441
2.310000000000002,0.9541449848942595
2.3110000000000017,0.9539712688821749
2.3120000000000016,0.9537030559757937
2.3130000000000015,0.9534140998487136
2.314000000000002,0.9531251437216333
2.3150000000000017,0.9528361875945531
2.3160000000000016,0.952547231467473
2.3170000000000015,0.9522582753403929
2.318000000000002,0.951986540785498
2.3190000000000017,0.9517795921450147
2.3200000000000016,0.9515726435045313
2.3210000000000015,0.951365694864048
2.322000000000002,0.9511587462235646
2.3230000000000017,0.9509517975830812
2.3240000000000016,0.9507448489425979
2.3250000000000015,0.9504779122541599
2.326000000000002,0.9501692889561265
2.3270000000000017,0.9498606656580932
2.3280000000000016,0.9495520423600601
2.3290000000000015,0.9492434190620268
2.330000000000002,0.9489347957639934
2.3310000000000017,0.9486261724659601
2.3320000000000016,0.9485859516616314
2.3330000000000015,0.9485512084592145
2.334000000000002,0.9485164652567976
2.3350000000000017,0.9484817220543806
2.3360000000000016,0.9484469788519636
2.3370000000000015,0.9484122356495467
2.338000000000002,0.9482632930513588
2.3390000000000017,0.9479113293051352
2.3400000000000016,0.9475593655589117
2.3410000000000015,0.9472074018126883
2.342000000000002,0.9468554380664645
2.3430000000000017,0.9465034743202411
2.3440000000000016,0.9461515105740175
2.3450000000000015,0.9459793948562781
2.346000000000002,0.945870468986384
2.3470000000000018,0.94576154311649
2.3480000000000016,0.9456526172465959
2.3490000000000015,0.9455436913767018
2.350000000000002,0.9454347655068076
2.3510000000000018,0.9453814350453177
2.3520000000000016,0.9457001661631425
2.3530000000000015,0.9460188972809672
2.354000000000002,0.9463376283987921
2.3550000000000018,0.9466563595166168
2.3560000000000016,0.9469750906344415
2.3570000000000015,0.9472938217522663
2.358000000000002,0.9474484592145015
2.3590000000000018,0.9474454380664652
2.3600000000000017,0.947442416918429
2.3610000000000015,0.9474393957703927
2.362000000000002,0.9474363746223564
2.3630000000000018,0.9474333534743201
2.3640000000000017,0.9474303323262838
2.3650000000000015,0.9475592586989412
2.366000000000002,0.9477044931921333
2.3670000000000018,0.9478497276853255
2.3680000000000017,0.9479949621785176
2.3690000000000015,0.9481401966717097
2.370000000000002,0.9482854311649019
2.3710000000000018,0.9483777341389726
2.3720000000000017,0.948333927492447
2.3730000000000016,0.9482901208459213
2.374000000000002,0.9482463141993956
2.3750000000000018,0.94820250755287
2.3760000000000017,0.9481587009063444
2.3770000000000016,0.9481148942598188
2.378000000000002,0.9481857401812691
2.379000000000002,0.948315649546828
2.3800000000000017,0.948445558912387
2.3810000000000016,0.9485754682779459
2.382000000000002,0.9487053776435048
2.383000000000002,0.9488352870090637
2.3840000000000017,0.9489618126888218
2.3850000000000016,0.9490071299093656
2.386000000000002,0.9490524471299094
2.387000000000002,0.9490977643504532
2.3880000000000017,0.949143081570997
2.3890000000000016,0.9491883987915408
2.390000000000002,0.9492337160120847
2.391000000000002,0.9493266163141997
2.3920000000000017,0.949485226586103
2.3930000000000016,0.9496438368580062
2.394000000000002,0.9498024471299097
2.395000000000002,0.9499610574018129
2.3960000000000017,0.9501196676737163
2.3970000000000016,0.9502782779456196
2.398000000000002,0.9502809969788519
2.399000000000002,0.9502447432024169
2.4000000000000017,0.9502084894259818
2.4010000000000016,0.9501722356495468
2.4020000000000015,0.9501359818731118
2.403000000000002,0.9500997280966768
2.4040000000000017,0.9500477039274924
2.4050000000000016,0.949923836858006
2.406000000000002,0.9497999697885194
2.407000000000002,0.9496761027190331
2.4080000000000017,0.9495522356495467
2.4090000000000016,0.9494283685800603
2.4100000000000015,0.9493045015105739
2.411000000000002,0.9492398489425982
2.4120000000000017,0.9492217220543806
2.4130000000000016,0.9492035951661631
2.414000000000002,0.9491854682779456
2.415000000000002,0.949167341389728
2.4160000000000017,0.9491492145015105
2.4170000000000016,0.9491310876132929
2.4180000000000015,0.9491910574018128
2.419000000000002,0.9492560120845922
2.4200000000000017,0.9493209667673717
2.4210000000000016,0.9493859214501512
2.422000000000002,0.9494508761329307
2.423000000000002,0.9495158308157101
2.4240000000000017,0.9495053776435043
2.4250000000000016,0.949334682779456
2.4260000000000015,0.9491639879154076
2.427000000000002,0.9489932930513592
2.4280000000000017,0.9488225981873109
2.4290000000000016,0.9486519033232624
2.430000000000002,0.948481208459214
2.431000000000002,0.9482185196374615
2.4320000000000017,0.9479164048338362
2.4330000000000016,0.9476142900302109
2.4340000000000015,0.9473121752265855
2.435000000000002,0.9470100604229601
2.4360000000000017,0.9467079456193348
2.4370000000000016,0.9464378549848943
2.438000000000002,0.9465360422960726
2.439000000000002,0.9466342296072509
2.4400000000000017,0.946732416918429
2.4410000000000016,0.9468306042296073
2.4420000000000015,0.9469287915407856
2.443000000000002,0.9470269788519639
2.4440000000000017,0.9470952639517345
2.4450000000000016,0.9471284464555053
2.446000000000002,0.947161628959276
2.447000000000002,0.9471948114630468
2.4480000000000017,0.9472279939668176
2.4490000000000016,0.9472611764705883
2.4500000000000015,0.9472943589743591
2.451000000000002,0.9472410725075527
2.4520000000000017,0.9471700755287008
2.4530000000000016,0.9470990785498489
2.454000000000002,0.9470280815709968
2.455000000000002,0.9469570845921449
2.4560000000000017,0.9468860876132928
2.4570000000000016,0.9468062084592143
2.4580000000000015,0.9466929154078547
2.459000000000002,0.9465796223564952
2.4600000000000017,0.9464663293051356
2.4610000000000016,0.9463530362537762
2.462000000000002,0.9462397432024166
2.463000000000002,0.9461264501510571
2.4640000000000017,0.9460853474320241
2.4650000000000016,0.9460944108761329
2.4660000000000015,0.9461034743202417
2.467000000000002,0.9461125377643504
2.4680000000000017,0.9461216012084592
2.4690000000000016,0.946130664652568
2.470000000000002,0.9461397280966768
2.471000000000002,0.9461692609351433
2.4720000000000018,0.9461994268476621
2.4730000000000016,0.946229592760181
2.4740000000000015,0.9462597586726998
2.475000000000002,0.9462899245852188
2.4760000000000018,0.9463200904977376
2.4770000000000016,0.9463471903323263
2.478000000000002,0.94636833836858
2.479000000000002,0.9463894864048338
2.4800000000000018,0.9464106344410875
2.4810000000000016,0.9464317824773414
2.4820000000000015,0.9464529305135951
2.483000000000002,0.9464740785498489
2.4840000000000018,0.946521329305136
2.4850000000000017,0.9465787311178248
2.486000000000002,0.9466361329305136
2.487000000000002,0.9466935347432025
2.4880000000000018,0.9467509365558914
2.4890000000000017,0.9468083383685801
2.4900000000000015,0.9468598491704374
2.491000000000002,0.9468583408748115
2.4920000000000018,0.9468568325791855
2.4930000000000017,0.9468553242835596
2.494000000000002,0.9468538159879336
2.495000000000002,0.9468523076923077
2.4960000000000018,0.9468507993966817
2.4970000000000017,0.9468485735963581
2.4980000000000016,0.9468455386949923
2.499000000000002,0.9468425037936267
2.5000000000000018,0.946839468892261
2.5010000000000017,0.9468364339908952
2.502000000000002,0.9468333990895296
2.503000000000002,0.9468303641881638
2.504000000000002,0.9467939999999999
2.5050000000000017,0.9467530909090909
2.5060000000000016,0.9467121818181817
2.507000000000002,0.9466712727272727
2.508000000000002,0.9466303636363637
2.5090000000000017,0.9465894545454545
2.510000000000002,0.9465629696969697
2.511000000000002,0.9465735757575758
2.512000000000002,0.9465841818181818
2.5130000000000017,0.9465947878787879
2.5140000000000016,0.9466053939393939
2.515000000000002,0.946616
2.516000000000002,0.946626606060606
2.5170000000000017,0.9466454545454546
2.518000000000002,0.9466681818181818
2.519000000000002,0.9466909090909091
2.520000000000002,0.9467136363636364
2.5210000000000017,0.9467363636363636
2.5220000000000016,0.9467590909090909
2.523000000000002,0.9467815781487101
2.524000000000002,0.9468013050075873
2.5250000000000017,0.9468210318664644
2.526000000000002,0.9468407587253415
2.527000000000002,0.9468604855842185
2.528000000000002,0.9468802124430956
2.5290000000000017,0.9468999393019727
2.5300000000000016,0.9469062878787879
2.531000000000002,0.9468987121212121
2.532000000000002,0.9468911363636364
2.5330000000000017,0.9468835606060606
2.534000000000002,0.9468759848484849
2.535000000000002,0.9468684090909091
2.536000000000002,0.9468608333333334
2.5370000000000017,0.9468087575757574
2.5380000000000016,0.9467511818181817
2.539000000000002,0.9466936060606059
2.540000000000002,0.9466360303030301
2.5410000000000017,0.9465784545454544
2.542000000000002,0.9465208787878786
2.543000000000002,0.9464892272727272
2.544000000000002,0.9465210454545454
2.5450000000000017,0.9465528636363636
2.5460000000000016,0.9465846818181818
2.547000000000002,0.9466165
2.548000000000002,0.9466483181818182
2.5490000000000017,0.9466801363636363
2.550000000000002,0.9466952272727273
2.551000000000002,0.946702803030303
2.552000000000002,0.9467103787878787
2.5530000000000017,0.9467179545454545
2.5540000000000016,0.9467255303030302
2.555000000000002,0.946733106060606
2.556000000000002,0.9467185909090904
2.5570000000000017,0.9464807121212117
2.558000000000002,0.9462428333333328
2.559000000000002,0.9460049545454541
2.560000000000002,0.9457670757575753
2.5610000000000017,0.9455291969696966
2.5620000000000016,0.9452913181818179
2.563000000000002,0.945211575757576
2.564000000000002,0.9452964242424244
2.5650000000000017,0.9453812727272729
2.566000000000002,0.9454661212121214
2.567000000000002,0.9455509696969698
2.568000000000002,0.9456358181818183
2.5690000000000017,0.9457206666666668
2.5700000000000016,0.9456153787878785
2.571000000000002,0.9454865909090906
2.572000000000002,0.9453578030303027
2.5730000000000017,0.9452290151515149
2.574000000000002,0.9451002272727269
2.575000000000002,0.9449714393939391
2.576000000000002,0.9448531969696967
2.5770000000000017,0.9447607727272725
2.5780000000000016,0.9446683484848483
2.579000000000002,0.9445759242424241
2.580000000000002,0.9444834999999998
2.5810000000000017,0.9443910757575756
2.582000000000002,0.9442986515151514
2.583000000000002,0.9441382727272724
2.584000000000002,0.9439473636363632
2.5850000000000017,0.9437564545454542
2.5860000000000016,0.9435655454545451
2.587000000000002,0.9433746363636359
2.588000000000002,0.9431837272727269
2.5890000000000017,0.9430303181818186
2.590000000000002,0.9432560757575763
2.591000000000002,0.9434818333333338
2.592000000000002,0.9437075909090914
2.5930000000000017,0.9439333484848489
2.5940000000000016,0.9441591060606065
2.595000000000002,0.9443848636363641
2.596000000000002,0.9445541149773073
2.5970000000000018,0.9446645537065055
2.598000000000002,0.9447749924357036
2.599000000000002,0.9448854311649019
