wave,r
0.4,1.03791
0.401,1.03791
0.402,1.03791
0.403,1.03791
0.404,1.03791
0.405,1.03791
0.406,1.03791
0.40700000000000003,1.03791
0.40800000000000003,1.03791
0.40900000000000003,1.03791
0.41000000000000003,1.03791
0.41100000000000003,1.03791
0.41200000000000003,1.03791
0.41300000000000003,1.03791
0.41400000000000003,1.03791
0.41500000000000004,1.03791
0.41600000000000004,1.03791
0.41700000000000004,1.03791
0.41800000000000004,1.03791
0.41900000000000004,1.03791
0.42000000000000004,1.03791
0.42100000000000004,1.03791
0.42200000000000004,1.03791
0.42300000000000004,1.03791
0.42400000000000004,1.03791
0.42500000000000004,1.03791
0.42600000000000005,1.03791
0.42700000000000005,1.03791
0.42800000000000005,1.03791
0.42900000000000005,1.03791
0.43000000000000005,1.03791
0.43100000000000005,1.03791
0.43200000000000005,1.03791
0.43300000000000005,1.03791
0.43400000000000005,1.03791
0.43500000000000005,1.03791
0.43600000000000005,1.03791
0.43700000000000006,1.0387933846153847
0.43800000000000006,1.0398087692307694
0.43900000000000006,1.040824153846154
0.44000000000000006,1.0418395384615387
0.44100000000000006,1.042854923076923
0.44200000000000006,1.0438703076923077
0.44300000000000006,1.0441058986175116
0.44400000000000006,1.043013732718894
0.44500000000000006,1.0419215668202766
0.44600000000000006,1.040829400921659
0.44700000000000006,1.0397372350230414
0.44800000000000006,1.038645069124424
0.44900000000000007,1.0375529032258064
0.45000000000000007,1.0385669538461542
0.45100000000000007,1.0399238769230772
0.45200000000000007,1.0412808000000002
0.45300000000000007,1.0426377230769233
0.45400000000000007,1.0439946461538463
0.45500000000000007,1.0453515692307696
0.45600000000000007,1.046055207373272
0.4570000000000001,1.045597450076805
0.4580000000000001,1.045139692780338
0.4590000000000001,1.044681935483871
0.4600000000000001,1.044224178187404
0.4610000000000001,1.043766420890937
0.4620000000000001,1.04330866359447
0.4630000000000001,1.043434846153846
0.4640000000000001,1.043664076923077
0.4650000000000001,1.0438933076923076
0.4660000000000001,1.0441225384615385
0.4670000000000001,1.0443517692307691
0.4680000000000001,1.044581
0.4690000000000001,1.0445972043010752
0.4700000000000001,1.0442177880184331
0.4710000000000001,1.043838371735791
0.4720000000000001,1.0434589554531488
0.4730000000000001,1.0430795391705068
0.4740000000000001,1.0427001228878647
0.4750000000000001,1.0423207066052227
0.4760000000000001,1.043416129032258
0.4770000000000001,1.0447924731182796
0.4780000000000001,1.046168817204301
0.4790000000000001,1.0475451612903228
0.4800000000000001,1.0489215053763443
0.4810000000000001,1.0502978494623658
0.4820000000000001,1.0511941076923077
0.4830000000000001,1.0511156461538462
0.4840000000000001,1.0510371846153848
0.4850000000000001,1.050958723076923
0.4860000000000001,1.0508802615384616
0.4870000000000001,1.0508018000000001
0.4880000000000001,1.0507233384615384
0.4890000000000001,1.0508196466973887
0.4900000000000001,1.0509517511520738
0.4910000000000001,1.051083855606759
0.4920000000000001,1.0512159600614441
0.4930000000000001,1.051348064516129
0.4940000000000001,1.0514801689708142
0.4950000000000001,1.051574915514593
0.4960000000000001,1.0515902764976959
0.4970000000000001,1.051605637480799
0.4980000000000001,1.0516209984639018
0.4990000000000001,1.0516363594470046
0.5000000000000001,1.0516517204301077
0.5010000000000001,1.0516670814132105
0.5020000000000001,1.0527773732718897
0.5030000000000001,1.0541445007680494
0.5040000000000001,1.0555116282642092
0.5050000000000001,1.056878755760369
0.5060000000000001,1.0582458832565287
0.5070000000000001,1.0596130107526882
0.5080000000000001,1.0604050230414745
0.5090000000000001,1.05985509984639
0.5100000000000001,1.0593051766513055
0.5110000000000001,1.058755253456221
0.5120000000000001,1.0582053302611365
0.5130000000000001,1.057655407066052
0.5140000000000001,1.0571054838709675
0.5150000000000001,1.0573370660522272
0.5160000000000001,1.0577763901689707
0.5170000000000001,1.0582157142857143
0.5180000000000001,1.0586550384024578
0.5190000000000001,1.0590943625192013
0.5200000000000001,1.0595336866359448
0.5210000000000001,1.059904193548387
0.5220000000000001,1.0600977419354838
0.5230000000000001,1.0602912903225807
0.5240000000000001,1.0604848387096775
0.5250000000000001,1.0606783870967742
0.5260000000000001,1.060871935483871
0.5270000000000001,1.0610654838709677
0.5280000000000001,1.0616978494623657
0.5290000000000001,1.0624612903225807
0.5300000000000001,1.0632247311827958
0.5310000000000001,1.0639881720430109
0.5320000000000001,1.064751612903226
0.5330000000000001,1.0655150537634408
0.5340000000000001,1.0663020583717358
0.5350000000000001,1.0671561290322582
0.5360000000000001,1.0680101996927804
0.5370000000000001,1.0688642703533027
0.5380000000000001,1.069718341013825
0.5390000000000001,1.0705724116743471
0.5400000000000001,1.0714264823348694
0.5410000000000001,1.0713715668202763
0.5420000000000001,1.0710136559139785
0.5430000000000001,1.0706557450076803
0.5440000000000002,1.0702978341013825
0.5450000000000002,1.0699399231950844
0.5460000000000002,1.0695820122887865
0.5470000000000002,1.069538940092166
0.5480000000000002,1.0704928571428574
0.5490000000000002,1.0714467741935485
0.5500000000000002,1.0724006912442399
0.5510000000000002,1.073354608294931
0.5520000000000002,1.0743085253456224
0.5530000000000002,1.0752624423963135
0.5540000000000002,1.0758608909370202
0.5550000000000002,1.0763278648233487
0.5560000000000002,1.0767948387096775
0.5570000000000002,1.0772618125960063
0.5580000000000002,1.0777287864823348
0.5590000000000002,1.0781957603686636
0.5600000000000002,1.0785011981566819
0.5610000000000002,1.0782339170506912
0.5620000000000002,1.0779666359447004
0.5630000000000002,1.0776993548387097
0.5640000000000002,1.077432073732719
0.5650000000000002,1.077164792626728
0.5660000000000002,1.0768975115207373
0.5670000000000002,1.076911472392638
0.5680000000000002,1.0770403067484664
0.5690000000000002,1.0771691411042945
0.5700000000000002,1.0772979754601228
0.5710000000000002,1.077426809815951
0.5720000000000002,1.0775556441717793
0.5730000000000002,1.0776521198156683
0.5740000000000002,1.0776106451612903
0.5750000000000002,1.0775691705069126
0.5760000000000002,1.0775276958525346
0.5770000000000002,1.0774862211981568
0.5780000000000002,1.0774447465437789
0.5790000000000002,1.0774032718894009
0.5800000000000002,1.0777514132104458
0.5810000000000002,1.0782829032258066
0.5820000000000002,1.0788143932411676
0.5830000000000002,1.0793458832565286
0.5840000000000002,1.0798773732718896
0.5850000000000002,1.0804088632872506
0.5860000000000002,1.0808964110429449
0.5870000000000002,1.0811694171779143
0.5880000000000002,1.0814424233128834
0.5890000000000002,1.0817154294478528
0.5900000000000002,1.0819884355828222
0.5910000000000002,1.0822614417177914
0.5920000000000002,1.0825344478527608
0.5930000000000002,1.0828846082949308
0.5940000000000002,1.0832763133640553
0.5950000000000002,1.0836680184331797
0.5960000000000002,1.0840597235023042
0.5970000000000002,1.0844514285714286
0.5980000000000002,1.084843133640553
0.5990000000000002,1.085139846625767
0.6000000000000002,1.084853036809816
0.6010000000000002,1.084566226993865
0.6020000000000002,1.084279417177914
0.6030000000000002,1.0839926073619632
0.6040000000000002,1.0837057975460123
0.6050000000000002,1.0834189877300613
0.6060000000000002,1.083317619047619
0.6070000000000002,1.0833299078341014
0.6080000000000002,1.0833421966205836
0.6090000000000002,1.083354485407066
0.6100000000000002,1.0833667741935482
0.6110000000000002,1.0833790629800306
0.6120000000000002,1.08340990797546
0.6130000000000002,1.0835908895705522
0.6140000000000002,1.083771871165644
0.6150000000000002,1.0839528527607363
0.6160000000000002,1.0841338343558282
0.6170000000000002,1.0843148159509204
0.6180000000000002,1.0844957975460123
0.6190000000000002,1.0848418894009217
0.6200000000000002,1.0853027188940094
0.6210000000000002,1.0857635483870969
0.6220000000000002,1.0862243778801846
0.6230000000000002,1.086685207373272
0.6240000000000002,1.0871460368663597
0.6250000000000002,1.0875793251533743
0.6260000000000002,1.0876958895705522
0.6270000000000002,1.0878124539877303
0.6280000000000002,1.0879290184049082
0.6290000000000002,1.088045582822086
0.6300000000000002,1.088162147239264
0.6310000000000002,1.0882787116564419
0.6320000000000002,1.0883692944785277
0.6330000000000002,1.0884394631901841
0.6340000000000002,1.0885096319018406
0.6350000000000002,1.088579800613497
0.6360000000000002,1.0886499693251535
0.6370000000000002,1.08872013803681
0.6380000000000002,1.0887903067484663
0.6390000000000002,1.0888604754601228
0.6400000000000002,1.0889306441717792
0.6410000000000002,1.0890008128834356
0.6420000000000002,1.089070981595092
0.6430000000000002,1.0891411503067485
0.6440000000000002,1.089211319018405
0.6450000000000002,1.0892814877300614
0.6460000000000002,1.0893516564417178
0.6470000000000002,1.0894218251533743
0.6480000000000002,1.0894919938650307
0.6490000000000002,1.0895621625766871
0.6500000000000002,1.0896323312883436
0.6510000000000002,1.0897025
0.6520000000000002,1.0897726687116565
0.6530000000000002,1.089842837423313
0.6540000000000002,1.0899130061349693
0.6550000000000002,1.0899831748466258
0.6560000000000002,1.0900533435582822
0.6570000000000003,1.0901235122699386
0.6580000000000003,1.090193680981595
0.6590000000000003,1.0902638496932515
0.6600000000000003,1.090334018404908
0.6610000000000003,1.0904041871165644
0.6620000000000003,1.0904743558282208
0.6630000000000003,1.0905445245398773
0.6640000000000003,1.0906146932515337
0.6650000000000003,1.0906848619631901
0.6660000000000003,1.0907550306748466
0.6670000000000003,1.090825199386503
0.6680000000000003,1.0908953680981595
0.6690000000000003,1.090965536809816
0.6700000000000003,1.0910357055214723
0.6710000000000003,1.0911058742331288
0.6720000000000003,1.0911760429447852
0.6730000000000003,1.0912462116564416
0.6740000000000003,1.0913163803680983
0.6750000000000003,1.0913865490797547
0.6760000000000003,1.0914567177914112
0.6770000000000003,1.0915268865030676
0.6780000000000003,1.091597055214724
0.6790000000000003,1.0916672239263805
0.6800000000000003,1.091737392638037
0.6810000000000003,1.0918075613496934
0.6820000000000003,1.0918777300613498
0.6830000000000003,1.0919478987730062
0.6840000000000003,1.0920180674846627
0.6850000000000003,1.0920882361963191
0.6860000000000003,1.0921584049079756
0.6870000000000003,1.092228573619632
0.6880000000000003,1.0922987423312884
0.6890000000000003,1.0923689110429449
0.6900000000000003,1.0924390797546013
0.6910000000000003,1.0925092484662577
0.6920000000000003,1.0925794171779142
0.6930000000000003,1.0926495858895706
0.6940000000000003,1.092719754601227
0.6950000000000003,1.0927899233128835
0.6960000000000003,1.09286009202454
0.6970000000000003,1.0929302607361964
0.6980000000000003,1.0930004294478528
0.6990000000000003,1.0930705981595092
0.7000000000000003,1.0931407668711657
0.7010000000000003,1.0932109355828221
0.7020000000000003,1.0932811042944786
0.7030000000000003,1.093351273006135
0.7040000000000003,1.0934214417177914
0.7050000000000003,1.0934916104294479
0.7060000000000003,1.0935617791411043
0.7070000000000003,1.0936319478527607
0.7080000000000003,1.0937021165644172
0.7090000000000003,1.0937722852760736
0.7100000000000003,1.093626625766871
0.7110000000000003,1.0930223312883434
0.7120000000000003,1.0924180368098158
0.7130000000000003,1.0918137423312881
0.7140000000000003,1.0912094478527605
0.7150000000000003,1.090605153374233
0.7160000000000003,1.0900008588957053
0.7170000000000003,1.0901683435582823
0.7180000000000003,1.090528773006135
0.7190000000000003,1.0908892024539878
0.7200000000000003,1.0912496319018405
0.7210000000000003,1.0916100613496933
0.7220000000000003,1.091970490797546
0.7230000000000003,1.0923179019908118
0.7240000000000003,1.092631837672282
0.7250000000000003,1.092945773353752
0.7260000000000003,1.093259709035222
0.7270000000000003,1.0935736447166922
0.7280000000000003,1.0938875803981625
0.7290000000000003,1.0942015160796326
0.7300000000000003,1.0939878220858894
0.7310000000000003,1.0935982515337421
0.7320000000000003,1.0932086809815948
0.7330000000000003,1.0928191104294476
0.7340000000000003,1.0924295398773005
0.7350000000000003,1.0920399693251532
0.7360000000000003,1.091744226646248
0.7370000000000003,1.0917626033690657
0.7380000000000003,1.0917809800918836
0.7390000000000003,1.0917993568147013
0.7400000000000003,1.0918177335375192
0.7410000000000003,1.091836110260337
0.7420000000000003,1.0918544869831548
0.7430000000000003,1.0917869938650306
0.7440000000000003,1.091682699386503
0.7450000000000003,1.0915784049079753
0.7460000000000003,1.0914741104294476
0.7470000000000003,1.0913698159509202
0.7480000000000003,1.0912655214723925
0.7490000000000003,1.0911416845329247
0.7500000000000003,1.0909288208269523
0.7510000000000003,1.09071595712098
0.7520000000000003,1.0905030934150075
0.7530000000000003,1.090290229709035
0.7540000000000003,1.0900773660030627
0.7550000000000003,1.0898645022970903
0.7560000000000003,1.0894998926380366
0.7570000000000003,1.0890535736196316
0.7580000000000003,1.0886072546012269
0.7590000000000003,1.088160935582822
0.7600000000000003,1.087714616564417
0.7610000000000003,1.087268297546012
0.7620000000000003,1.0869401225114854
0.7630000000000003,1.087402603369066
0.7640000000000003,1.0878650842266464
0.7650000000000003,1.0883275650842268
0.7660000000000003,1.0887900459418072
0.7670000000000003,1.0892525267993876
0.7680000000000003,1.0897150076569682
0.7690000000000003,1.0900058282208591
0.7700000000000004,1.0901822085889572
0.7710000000000004,1.0903585889570553
0.7720000000000004,1.0905349693251536
0.7730000000000004,1.0907113496932517
0.7740000000000004,1.0908877300613498
0.7750000000000004,1.091026110260337
0.7760000000000004,1.0907274885145481
0.7770000000000004,1.0904288667687594
0.7780000000000004,1.0901302450229708
0.7790000000000004,1.089831623277182
0.7800000000000004,1.0895330015313935
0.7810000000000004,1.0892343797856048
0.7820000000000004,1.0891606431852987
0.7830000000000004,1.0892709035222052
0.7840000000000004,1.0893811638591118
0.7850000000000004,1.0894914241960183
0.7860000000000004,1.089601684532925
0.7870000000000004,1.0897119448698316
0.7880000000000004,1.0898176722817763
0.7890000000000004,1.0897012863705973
0.7900000000000004,1.089584900459418
0.7910000000000004,1.089468514548239
0.7920000000000004,1.0893521286370598
0.7930000000000004,1.0892357427258805
0.7940000000000004,1.0891193568147015
0.7950000000000004,1.088962450229709
0.7960000000000004,1.08876336906585
0.7970000000000004,1.0885642879019908
0.7980000000000004,1.0883652067381318
0.7990000000000004,1.0881661255742725
0.8000000000000004,1.0879670444104135
0.8010000000000004,1.0877679632465544
0.8020000000000004,1.0877084662576688
0.8030000000000004,1.0876547852760736
0.8040000000000004,1.0876011042944784
0.8050000000000004,1.0875474233128835
0.8060000000000004,1.0874937423312883
0.8070000000000004,1.0874400613496933
0.8080000000000004,1.0873028637059723
0.8090000000000004,1.087059372128637
0.8100000000000004,1.0868158805513015
0.8110000000000004,1.0865723889739662
0.8120000000000004,1.0863288973966307
0.8130000000000004,1.0860854058192955
0.8140000000000004,1.0858419142419602
0.8150000000000004,1.0857419601837672
0.8160000000000004,1.085656202143951
0.8170000000000004,1.0855704441041347
0.8180000000000004,1.0854846860643186
0.8190000000000004,1.0853989280245024
0.8200000000000004,1.085313169984686
0.8210000000000004,1.0853088820826955
0.8220000000000004,1.0854375191424197
0.8230000000000004,1.0855661562021441
0.8240000000000004,1.0856947932618684
0.8250000000000004,1.0858234303215928
0.8260000000000004,1.0859520673813172
0.8270000000000004,1.0860807044410414
0.8280000000000004,1.0858058192955589
0.8290000000000004,1.0854597243491577
0.8300000000000004,1.0851136294027564
0.8310000000000004,1.0847675344563552
0.8320000000000004,1.0844214395099538
0.8330000000000004,1.0840753445635527
0.8340000000000004,1.083795963302752
0.8350000000000004,1.0836583486238531
0.8360000000000004,1.083520733944954
0.8370000000000004,1.083383119266055
0.8380000000000004,1.0832455045871558
0.8390000000000004,1.083107889908257
0.8400000000000004,1.0829702752293577
0.8410000000000004,1.0823941194486981
0.8420000000000004,1.081694272588055
0.8430000000000004,1.0809944257274118
0.8440000000000004,1.0802945788667686
0.8450000000000004,1.0795947320061254
0.8460000000000004,1.078894885145482
0.8470000000000004,1.0783324808575805
0.8480000000000004,1.078182404287902
0.8490000000000004,1.0780323277182235
0.8500000000000004,1.077882251148545
0.8510000000000004,1.0777321745788668
0.8520000000000004,1.0775820980091884
0.8530000000000004,1.07743202143951
0.8540000000000004,1.077605007656968
0.8550000000000004,1.0779036294027566
0.8560000000000004,1.0782022511485454
0.8570000000000004,1.078500872894334
0.8580000000000004,1.0787994946401227
0.8590000000000004,1.0790981163859112
0.8600000000000004,1.079243690658499
0.8610000000000004,1.0787367993874424
0.8620000000000004,1.0782299081163855
0.8630000000000004,1.077723016845329
0.8640000000000004,1.0772161255742723
0.8650000000000004,1.0767092343032156
0.8660000000000004,1.0762023430321588
0.8670000000000004,1.075679816513761
0.8680000000000004,1.0751492354740058
0.8690000000000004,1.0746186544342504
0.8700000000000004,1.074088073394495
0.8710000000000004,1.0735574923547397
0.8720000000000004,1.0730269113149844
0.8730000000000004,1.0725337212863704
0.8740000000000004,1.0723147320061255
0.8750000000000004,1.0720957427258804
0.8760000000000004,1.0718767534456353
0.8770000000000004,1.0716577641653904
0.8780000000000004,1.0714387748851453
0.8790000000000004,1.0712197856049004
0.8800000000000004,1.070813348623853
0.8810000000000004,1.0702766513761466
0.8820000000000005,1.06973995412844
0.8830000000000005,1.0692032568807337
0.8840000000000005,1.0686665596330274
0.8850000000000005,1.0681298623853208
0.8860000000000005,1.0676084379785604
0.8870000000000005,1.0673771975497701
0.8880000000000005,1.06714595712098
0.8890000000000005,1.0669147166921897
0.8900000000000005,1.0666834762633997
0.8910000000000005,1.0664522358346096
0.8920000000000005,1.0662209954058193
0.8930000000000005,1.0660424159021407
0.8940000000000005,1.0659124464831804
0.8950000000000005,1.0657824770642201
0.8960000000000005,1.0656525076452599
0.8970000000000005,1.0655225382262998
0.8980000000000005,1.0653925688073396
0.8990000000000005,1.0652625993883793
0.9000000000000005,1.0650183767228176
0.9010000000000005,1.064771822358346
0.9020000000000005,1.0645252679938744
0.9030000000000005,1.0642787136294027
0.9040000000000005,1.0640321592649309
0.9050000000000005,1.0637856049004593
0.9060000000000005,1.0636555045871559
0.9070000000000005,1.063667737003058
0.9080000000000005,1.0636799694189603
0.9090000000000005,1.0636922018348622
0.9100000000000005,1.0637044342507644
0.9110000000000005,1.0637166666666666
0.9120000000000005,1.0637288990825686
0.9130000000000005,1.0632018376722814
0.9140000000000005,1.0626214395099536
0.9150000000000005,1.062041041347626
0.9160000000000005,1.0614606431852982
0.9170000000000005,1.0608802450229706
0.9180000000000005,1.0602998468606428
0.9190000000000005,1.0598266972477062
0.9200000000000005,1.0595285321100916
0.9210000000000005,1.059230366972477
0.9220000000000005,1.0589322018348621
0.9230000000000005,1.0586340366972475
0.9240000000000005,1.058335871559633
0.9250000000000005,1.058037706422018
0.9260000000000005,1.058241743119266
0.9270000000000005,1.0585414373088686
0.9280000000000005,1.0588411314984711
0.9290000000000005,1.0591408256880734
0.9300000000000005,1.059440519877676
0.9310000000000005,1.0597402140672785
0.9320000000000005,1.0597238532110087
0.9330000000000005,1.0589700305810392
0.9340000000000005,1.05821620795107
0.9350000000000005,1.0574623853211005
0.9360000000000005,1.0567085626911312
0.9370000000000005,1.0559547400611617
0.9380000000000005,1.0552009174311923
0.9390000000000005,1.0548477488514547
0.9400000000000005,1.054621102603369
0.9410000000000005,1.0543944563552832
0.9420000000000005,1.0541678101071974
0.9430000000000005,1.0539411638591116
0.9440000000000005,1.0537145176110259
0.9450000000000005,1.0535881804281346
0.9460000000000005,1.0537976605504586
0.9470000000000005,1.054007140672783
0.9480000000000005,1.0542166207951071
0.9490000000000005,1.0544261009174312
0.9500000000000005,1.0546355810397554
0.9510000000000005,1.0548450611620797
0.9520000000000005,1.054840366972477
0.9530000000000005,1.0547394495412843
0.9540000000000005,1.0546385321100917
0.9550000000000005,1.054537614678899
0.9560000000000005,1.0544366972477064
0.9570000000000005,1.0543357798165136
0.9580000000000005,1.054157339449541
0.9590000000000005,1.0535396024464827
0.9600000000000005,1.0529218654434247
0.9610000000000005,1.0523041284403667
0.9620000000000005,1.0516863914373085
0.9630000000000005,1.0510686544342505
0.9640000000000005,1.0504509174311925
0.9650000000000005,1.0498900764525991
0.9660000000000005,1.0493656116207948
0.9670000000000005,1.0488411467889904
0.9680000000000005,1.048316681957186
0.9690000000000005,1.047792217125382
0.9700000000000005,1.0472677522935776
0.9710000000000005,1.0467930581039755
0.9720000000000005,1.0469796024464832
0.9730000000000005,1.0471661467889908
0.9740000000000005,1.0473526911314985
0.9750000000000005,1.047539235474006
0.9760000000000005,1.0477257798165138
0.9770000000000005,1.0479123241590216
0.9780000000000005,1.0477755198776757
0.9790000000000005,1.0473519724770641
0.9800000000000005,1.0469284250764523
0.9810000000000005,1.0465048776758408
0.9820000000000005,1.046081330275229
0.9830000000000005,1.0456577828746174
0.9840000000000005,1.0452342354740058
0.9850000000000005,1.0445821100917427
0.9860000000000005,1.0439276758409781
0.9870000000000005,1.0432732415902137
0.9880000000000005,1.0426188073394491
0.9890000000000005,1.0419643730886847
0.9900000000000005,1.0413099388379201
0.9910000000000005,1.040996717557252
0.9920000000000005,1.041100534351145
0.9930000000000005,1.0412043511450382
0.9940000000000005,1.0413081679389313
0.9950000000000006,1.0414119847328245
0.9960000000000006,1.0415158015267174
0.9970000000000006,1.0416196183206106
0.9980000000000006,1.0418254128440367
0.9990000000000006,1.0420425382262997
1.0000000000000004,1.0422596636085628
1.0010000000000006,1.0424767889908257
1.0020000000000007,1.042693914373089
1.0030000000000006,1.0429110397553518
1.0040000000000004,1.0431534862385323
1.0050000000000006,1.0434409480122326
1.0060000000000007,1.043728409785933
1.0070000000000006,1.0440158715596333
1.0080000000000005,1.0443033333333334
1.0090000000000006,1.0445907951070337
1.0100000000000007,1.044878256880734
1.0110000000000006,1.0446976445164773
1.0120000000000005,1.0444142841707182
1.0130000000000006,1.0441309238249592
1.0140000000000007,1.0438475634792002
1.0150000000000006,1.0435642031334411
1.0160000000000005,1.043280842787682
1.0170000000000006,1.042997482441923
1.0180000000000007,1.042714122096164
1.0190000000000006,1.042430761750405
1.0200000000000005,1.042147401404646
1.0210000000000006,1.0418640410588869
1.0220000000000007,1.0415806807131278
1.0230000000000006,1.0412973203673688
1.0240000000000005,1.0410139600216097
1.0250000000000006,1.0407305996758507
1.0260000000000007,1.0404472393300916
1.0270000000000006,1.0401638789843326
1.0280000000000005,1.0398805186385736
1.0290000000000006,1.0395971582928145
1.0300000000000007,1.0393137979470555
1.0310000000000006,1.0390304376012964
1.0320000000000005,1.0387470772555374
1.0330000000000006,1.0384637169097783
1.0340000000000007,1.0381803565640193
1.0350000000000006,1.0378969962182603
1.0360000000000005,1.0376136358725012
1.0370000000000006,1.0373302755267422
1.0380000000000007,1.0370469151809831
1.0390000000000006,1.036763554835224
1.0400000000000005,1.036480194489465
1.0410000000000006,1.036196834143706
1.0420000000000007,1.0359134737979467
1.0430000000000006,1.035630113452188
1.0440000000000005,1.0353467531064289
1.0450000000000006,1.0350633927606698
1.0460000000000007,1.0347800324149106
1.0470000000000006,1.0344966720691517
1.0480000000000005,1.0345193893129772
1.0490000000000006,1.0346186259541985
1.0500000000000007,1.0347178625954199
1.0510000000000006,1.0348170992366414
1.0520000000000005,1.0349163358778628
1.0530000000000006,1.0350155725190842
1.0540000000000007,1.035065572519084
1.0550000000000006,1.03496786259542
1.0560000000000005,1.0348701526717559
1.0570000000000006,1.0347724427480915
1.0580000000000007,1.0346747328244275
1.0590000000000006,1.0345770229007634
1.0600000000000005,1.0344793129770993
1.0610000000000006,1.0343762595419848
1.0620000000000007,1.0342709160305343
1.0630000000000006,1.034165572519084
1.0640000000000005,1.0340602290076335
1.0650000000000006,1.033954885496183
1.0660000000000007,1.0338495419847327
1.0670000000000006,1.0337529115853659
1.0680000000000005,1.0337056554878048
1.0690000000000006,1.033658399390244
1.0700000000000007,1.0336111432926829
1.0710000000000006,1.0335638871951218
1.0720000000000005,1.033516631097561
1.0730000000000006,1.033469375
1.0740000000000007,1.033461709923664
1.0750000000000006,1.0334815572519085
1.0760000000000005,1.0335014045801527
1.0770000000000006,1.033521251908397
1.0780000000000007,1.0335410992366412
1.0790000000000006,1.0335609465648854
1.0800000000000005,1.0335738320610686
1.0810000000000006,1.033419633587786
1.0820000000000007,1.0332654351145036
1.0830000000000006,1.0331112366412212
1.0840000000000005,1.032957038167939
1.0850000000000006,1.0328028396946565
1.0860000000000007,1.032648641221374
1.0870000000000006,1.0327395579268295
1.0880000000000005,1.0330855945121953
1.0890000000000006,1.033431631097561
1.0900000000000007,1.0337776676829271
1.0910000000000006,1.034123704268293
1.0920000000000005,1.0344697408536587
1.0930000000000006,1.0348157774390245
1.0940000000000007,1.0345872671755723
1.0950000000000006,1.0343155114503815
1.0960000000000005,1.0340437557251907
1.0970000000000006,1.033772
1.0980000000000008,1.0335002442748091
1.0990000000000006,1.0332284885496181
1.1000000000000005,1.0329903816793893
1.1010000000000006,1.032807175572519
1.1020000000000008,1.0326239694656487
1.1030000000000006,1.0324407633587787
1.1040000000000005,1.0322575572519084
1.1050000000000006,1.032074351145038
1.1060000000000008,1.0318911450381678
1.1070000000000007,1.0316752743902438
1.1080000000000005,1.031452713414634
1.1090000000000007,1.0312301524390242
1.1100000000000008,1.0310075914634145
1.1110000000000007,1.0307850304878048
1.1120000000000005,1.0305624695121949
1.1130000000000007,1.0303311603053433
1.1140000000000008,1.0300761984732822
1.1150000000000007,1.0298212366412212
1.1160000000000005,1.02956627480916
1.1170000000000007,1.029311312977099
1.1180000000000008,1.029056351145038
1.1190000000000007,1.0288013893129768
1.1200000000000006,1.0288606097560977
1.1210000000000007,1.029042012195122
1.1220000000000008,1.0292234146341466
1.1230000000000007,1.0294048170731709
1.1240000000000006,1.0295862195121954
1.1250000000000007,1.0297676219512197
1.1260000000000008,1.0298838473282443
1.1270000000000007,1.029657893129771
1.1280000000000006,1.0294319389312978
1.1290000000000007,1.0292059847328243
1.1300000000000008,1.028980030534351
1.1310000000000007,1.0287540763358778
1.1320000000000006,1.0285281221374045
1.1330000000000007,1.0280234146341458
1.1340000000000008,1.0273404878048775
1.1350000000000007,1.0266575609756092
1.1360000000000006,1.025974634146341
1.1370000000000007,1.0252917073170726
1.1380000000000008,1.0246087804878043
1.1390000000000007,1.0239992530487811
1.1400000000000006,1.0247843140243906
1.1410000000000007,1.0255693750000006
1.1420000000000008,1.0263544359756105
1.1430000000000007,1.02713949695122
1.1440000000000006,1.0279245579268297
1.1450000000000007,1.0287096189024396
1.1460000000000008,1.0289611297709922
1.1470000000000007,1.028657312977099
1.1480000000000006,1.028353496183206
1.1490000000000007,1.0280496793893128
1.1500000000000008,1.0277458625954197
1.1510000000000007,1.0274420458015265
1.1520000000000006,1.0271382290076334
1.1530000000000007,1.0271529573170732
1.1540000000000008,1.027188018292683
1.1550000000000007,1.0272230792682928
1.1560000000000006,1.0272581402439025
1.1570000000000007,1.0272932012195122
1.1580000000000008,1.027328262195122
1.1590000000000007,1.0274374695121953
1.1600000000000006,1.0276676524390245
1.1610000000000007,1.0278978353658539
1.1620000000000008,1.028128018292683
1.1630000000000007,1.0283582012195125
1.1640000000000006,1.0285883841463417
1.1650000000000007,1.028818567073171
1.1660000000000008,1.0288199389312978
1.1670000000000007,1.0287710839694657
1.1680000000000006,1.0287222290076337
1.1690000000000007,1.0286733740458016
1.1700000000000008,1.0286245190839696
1.1710000000000007,1.0285756641221373
1.1720000000000006,1.0284675609756095
1.1730000000000007,1.0281992682926828
1.1740000000000008,1.0279309756097559
1.1750000000000007,1.0276626829268292
1.1760000000000006,1.0273943902439022
1.1770000000000007,1.0271260975609755
1.1780000000000008,1.0268578048780486
1.1790000000000007,1.0268449390243903
1.1800000000000006,1.0269364024390244
1.1810000000000007,1.0270278658536587
1.1820000000000008,1.0271193292682927
1.1830000000000007,1.0272107926829268
1.1840000000000006,1.027302256097561
1.1850000000000007,1.0273532469512194
1.1860000000000008,1.0271748932926827
1.1870000000000007,1.0269965396341463
1.1880000000000006,1.0268181859756096
1.1890000000000007,1.0266398323170731
1.1900000000000008,1.0264614786585364
1.1910000000000007,1.026283125
1.1920000000000006,1.0262774542682929
1.1930000000000007,1.0263917835365854
1.1940000000000008,1.0265061128048782
1.1950000000000007,1.0266204420731708
1.1960000000000006,1.0267347713414636
1.1970000000000007,1.0268491006097562
1.1980000000000008,1.0269737195121955
1.1990000000000007,1.0274310365853663
1.2000000000000006,1.027888353658537
1.2010000000000007,1.0283456707317078
1.2020000000000008,1.0288029878048786
1.2030000000000007,1.029260304878049
1.2040000000000006,1.0297176219512199
1.2050000000000007,1.0298238719512192
1.2060000000000008,1.0295342378048777
1.2070000000000007,1.0292446036585363
1.2080000000000006,1.028954969512195
1.2090000000000007,1.0286653353658535
1.2100000000000009,1.0283757012195118
1.2110000000000007,1.0280860670731704
1.2120000000000006,1.028435929878049
1.2130000000000007,1.0288490396341465
1.2140000000000009,1.0292621493902443
1.2150000000000007,1.0296752591463418
1.2160000000000006,1.0300883689024394
1.2170000000000007,1.030501478658537
1.2180000000000009,1.0306883689024389
1.2190000000000007,1.0304551371951216
1.2200000000000006,1.0302219054878046
1.2210000000000008,1.0299886737804875
1.2220000000000009,1.0297554420731705
1.2230000000000008,1.0295222103658535
1.2240000000000006,1.0292889786585364
1.2250000000000008,1.0294350914634147
1.2260000000000009,1.029682042682927
1.2270000000000008,1.0299289939024392
1.2280000000000006,1.0301759451219514
1.2290000000000008,1.0304228963414637
1.2300000000000009,1.030669847560976
1.2310000000000008,1.0308582469512195
1.2320000000000007,1.030850625
1.2330000000000008,1.0308430030487805
1.2340000000000009,1.030835381097561
1.2350000000000008,1.0308277591463415
1.2360000000000007,1.030820137195122
1.2370000000000008,1.0308125152439025
1.2380000000000009,1.0309999695121954
1.2390000000000008,1.0312835060975611
1.2400000000000007,1.031567042682927
1.2410000000000008,1.0318505792682928
1.2420000000000009,1.0321341158536588
1.2430000000000008,1.0324176524390245
1.2440000000000007,1.0326849237804878
1.2450000000000008,1.0328205945121953
1.2460000000000009,1.0329562652439026
1.2470000000000008,1.0330919359756099
1.2480000000000007,1.0332276067073172
1.2490000000000008,1.0333632774390245
1.2500000000000009,1.033498948170732
1.2510000000000008,1.0337888871951222
1.2520000000000007,1.0342050457317076
1.2530000000000008,1.034621204268293
1.254000000000001,1.0350373628048783
1.2550000000000008,1.0354535213414637
1.2560000000000007,1.0358696798780491
1.2570000000000008,1.0362858384146345
1.258000000000001,1.0360409908536583
1.2590000000000008,1.0357894664634144
1.2600000000000007,1.0355379420731705
1.2610000000000008,1.0352864176829266
1.262000000000001,1.0350348932926827
1.2630000000000008,1.0347833689024388
1.2640000000000007,1.0348415829528161
1.2650000000000008,1.0353103805175041
1.266000000000001,1.035779178082192
1.2670000000000008,1.03624797564688
1.2680000000000007,1.036716773211568
1.2690000000000008,1.037185570776256
1.270000000000001,1.037654368340944
1.2710000000000008,1.0376282317073169
1.2720000000000007,1.0375215243902438
1.2730000000000008,1.0374148170731707
1.274000000000001,1.0373081097560974
1.2750000000000008,1.0372014024390244
1.2760000000000007,1.0370946951219513
1.2770000000000008,1.0371905792682932
1.278000000000001,1.0377591768292689
1.2790000000000008,1.0383277743902444
1.2800000000000007,1.0388963719512199
1.2810000000000008,1.0394649695121956
1.282000000000001,1.0400335670731713
1.2830000000000008,1.0406021646341468
1.2840000000000007,1.0407612633181127
1.2850000000000008,1.040776484018265
1.286000000000001,1.0407917047184172
1.2870000000000008,1.0408069254185692
1.2880000000000007,1.0408221461187215
1.2890000000000008,1.0408373668188737
1.290000000000001,1.0409627286585372
1.2910000000000008,1.0416258384146346
1.2920000000000007,1.0422889481707323
1.2930000000000008,1.0429520579268299
1.294000000000001,1.0436151676829275
1.2950000000000008,1.044278277439025
1.2960000000000007,1.0449413871951223
1.2970000000000008,1.0454371189024392
1.298000000000001,1.0458258384146344
1.2990000000000008,1.0462145579268296
1.3000000000000007,1.0466032774390246
1.3010000000000008,1.0469919969512198
1.302000000000001,1.047380716463415
1.3030000000000008,1.0477552511415527
1.3040000000000007,1.0478602739726028
1.3050000000000008,1.047965296803653
1.306000000000001,1.0480703196347032
1.3070000000000008,1.0481753424657536
1.3080000000000007,1.0482803652968038
1.3090000000000008,1.048385388127854
1.310000000000001,1.0487773170731713
1.3110000000000008,1.0494800609756103
1.3120000000000007,1.0501828048780493
1.3130000000000008,1.0508855487804885
1.314000000000001,1.0515882926829276
1.3150000000000008,1.0522910365853666
1.3160000000000007,1.0529937804878056
1.3170000000000008,1.05300799086758
1.318000000000001,1.0529623287671233
1.3190000000000008,1.0529166666666667
1.3200000000000007,1.05287100456621
1.3210000000000008,1.0528253424657534
1.322000000000001,1.052779680365297
1.3230000000000008,1.0530461128048787
1.3240000000000007,1.0538921493902444
1.3250000000000008,1.0547381859756104
1.326000000000001,1.0555842225609764
1.3270000000000008,1.0564302591463421
1.3280000000000007,1.057276295731708
1.3290000000000008,1.0581223323170739
1.330000000000001,1.058481567732116
1.3310000000000008,1.0587114003044142
1.3320000000000007,1.0589412328767125
1.3330000000000009,1.059171065449011
1.334000000000001,1.0594008980213092
1.3350000000000009,1.0596307305936077
1.3360000000000007,1.0599270426829275
1.3370000000000009,1.0604590548780493
1.338000000000001,1.0609910670731713
1.3390000000000009,1.0615230792682933
1.3400000000000007,1.062055091463415
1.3410000000000009,1.062587103658537
1.342000000000001,1.063119115853659
1.3430000000000009,1.0633582648401827
1.3440000000000007,1.0634465449010655
1.3450000000000009,1.0635348249619483
1.346000000000001,1.063623105022831
1.3470000000000009,1.0637113850837139
1.3480000000000008,1.0637996651445967
1.3490000000000009,1.0639567123287677
1.350000000000001,1.0648090715372915
1.3510000000000009,1.065661430745815
1.3520000000000008,1.0665137899543384
1.3530000000000009,1.067366149162862
1.354000000000001,1.0682185083713858
1.3550000000000009,1.0690708675799094
1.3560000000000008,1.0697570167427706
1.3570000000000009,1.0702897412480978
1.358000000000001,1.070822465753425
1.3590000000000009,1.0713551902587524
1.3600000000000008,1.0718879147640794
1.3610000000000009,1.0724206392694067
1.362000000000001,1.072953363774734
1.3630000000000009,1.0736838109756102
1.3640000000000008,1.0744246646341467
1.3650000000000009,1.0751655182926834
1.366000000000001,1.07590637195122
1.3670000000000009,1.0766472256097566
1.3680000000000008,1.077388079268293
1.3690000000000009,1.0780833789954343
1.370000000000001,1.0787074277016748
1.3710000000000009,1.0793314764079152
1.3720000000000008,1.0799555251141557
1.3730000000000009,1.0805795738203963
1.374000000000001,1.0812036225266368
1.3750000000000009,1.0818276712328772
1.3760000000000008,1.0822058447488587
1.377000000000001,1.0825300456621008
1.378000000000001,1.0828542465753428
1.379000000000001,1.0831784474885848
1.3800000000000008,1.0835026484018269
1.381000000000001,1.083826849315069
1.382000000000001,1.0840772298325725
1.383000000000001,1.0841061491628616
1.3840000000000008,1.0841350684931508
1.385000000000001,1.08416398782344
1.386000000000001,1.084192907153729
1.387000000000001,1.0842218264840182
1.3880000000000008,1.0842507458143076
1.389000000000001,1.0846243226788437
1.390000000000001,1.0851600913242014
1.391000000000001,1.085695859969559
1.3920000000000008,1.0862316286149167
1.393000000000001,1.0867673972602745
1.394000000000001,1.0873031659056323
1.395000000000001,1.0878241006097564
1.3960000000000008,1.0882250152439028
1.397000000000001,1.0886259298780492
1.398000000000001,1.0890268445121956
1.399000000000001,1.089427759146342
1.4000000000000008,1.089828673780488
1.4010000000000007,1.0902295884146345
1.402000000000001,1.0908361035007619
1.403000000000001,1.0916108371385091
1.4040000000000008,1.0923855707762562
1.4050000000000007,1.0931603044140035
1.406000000000001,1.0939350380517512
1.407000000000001,1.0947097716894982
1.4080000000000008,1.0954845053272455
1.4090000000000007,1.095787884322679
1.410000000000001,1.0960816438356167
1.411000000000001,1.0963754033485542
1.4120000000000008,1.0966691628614917
1.4130000000000007,1.0969629223744293
1.414000000000001,1.097256681887367
1.415000000000001,1.0978824353120253
1.4160000000000008,1.09898593607306
1.4170000000000007,1.100089436834095
1.418000000000001,1.1011929375951304
1.419000000000001,1.1022964383561653
1.4200000000000008,1.1033999391172002
1.4210000000000007,1.1045034398782352
1.422000000000001,1.105213150684932
1.423000000000001,1.105847853881279
1.4240000000000008,1.106482557077626
1.4250000000000007,1.107117260273973
1.426000000000001,1.1077519634703201
1.427000000000001,1.108386666666667
1.4280000000000008,1.1091035866261405
1.4290000000000007,1.1100427963525843
1.430000000000001,1.1109820060790283
1.431000000000001,1.1119212158054719
1.4320000000000008,1.1128604255319157
1.4330000000000007,1.1137996352583592
1.434000000000001,1.1147388449848035
1.435000000000001,1.115317762557078
1.4360000000000008,1.1157348097412485
1.4370000000000007,1.116151856925419
1.438000000000001,1.1165689041095896
1.439000000000001,1.11698595129376
1.4400000000000008,1.1174029984779306
1.4410000000000007,1.1179029680365307
1.442000000000001,1.1190110350076117
1.443000000000001,1.1201191019786922
1.4440000000000008,1.1212271689497728
1.4450000000000007,1.1223352359208534
1.446000000000001,1.1234433028919344
1.447000000000001,1.124551369863015
1.4480000000000008,1.1257464992389663
1.4490000000000007,1.1270128614916297
1.450000000000001,1.1282792237442936
1.451000000000001,1.1295455859969572
1.4520000000000008,1.1308119482496206
1.4530000000000007,1.132078310502284
1.454000000000001,1.1333446727549479
1.455000000000001,1.1344529223744302
1.4560000000000008,1.1355579452054803
1.4570000000000007,1.1366629680365303
1.458000000000001,1.137767990867581
1.459000000000001,1.1388730136986311
1.4600000000000009,1.1399780365296812
1.4610000000000007,1.1409588736681893
1.462000000000001,1.1417610045662108
1.463000000000001,1.142563135464232
1.4640000000000009,1.1433652663622533
1.4650000000000007,1.1441673972602746
1.466000000000001,1.1449695281582961
1.467000000000001,1.1457716590563172
1.4680000000000009,1.1469659574468094
1.4690000000000007,1.1482349544072956
1.470000000000001,1.1495039513677825
1.471000000000001,1.1507729483282687
1.4720000000000009,1.152041945288755
1.4730000000000008,1.153310942249241
1.474000000000001,1.1544415372907162
1.475000000000001,1.1551782191780828
1.4760000000000009,1.1559149010654497
1.4770000000000008,1.1566515829528163
1.478000000000001,1.1573882648401834
1.479000000000001,1.15812494672755
1.4800000000000009,1.158861628614917
1.4810000000000008,1.159868219178083
1.482000000000001,1.160996073059362
1.483000000000001,1.1621239269406405
1.4840000000000009,1.163251780821919
1.4850000000000008,1.1643796347031972
1.486000000000001,1.1655074885844763
1.487000000000001,1.1666105167173262
1.4880000000000009,1.167531489361703
1.4890000000000008,1.1684524620060799
1.490000000000001,1.169373434650457
1.491000000000001,1.1702944072948338
1.4920000000000009,1.1712153799392107
1.4930000000000008,1.1721363525835873
1.494000000000001,1.1730827397260284
1.495000000000001,1.1740507762557089
1.4960000000000009,1.175018812785389
1.4970000000000008,1.1759868493150694
1.498000000000001,1.1769548858447498
1.499000000000001,1.17792292237443
1.5000000000000009,1.1788909589041103
1.5010000000000008,1.1797941793313076
1.5020000000000011,1.1806953951367791
1.503000000000001,1.1815966109422502
1.504000000000001,1.182497826747721
1.5050000000000008,1.1833990425531922
1.5060000000000011,1.1843002583586635
1.507000000000001,1.18519191780822
1.508000000000001,1.186068630136987
1.5090000000000008,1.1869453424657541
1.5100000000000011,1.1878220547945215
1.511000000000001,1.1886987671232885
1.512000000000001,1.1895754794520557
1.5130000000000008,1.1904521917808226
1.5140000000000011,1.1911097264437696
1.515000000000001,1.1917191489361707
1.516000000000001,1.192328571428572
1.5170000000000008,1.1929379939209732
1.5180000000000011,1.1935474164133746
1.519000000000001,1.1941568389057757
1.520000000000001,1.194985662100458
1.5210000000000008,1.1965092541856936
1.5220000000000011,1.1980328462709302
1.523000000000001,1.1995564383561659
1.524000000000001,1.2010800304414015
1.5250000000000008,1.2026036225266374
1.5260000000000011,1.2041272146118738
1.527000000000001,1.2053213829787244
1.528000000000001,1.2063532978723412
1.5290000000000008,1.2073852127659583
1.5300000000000011,1.2084171276595757
1.531000000000001,1.2094490425531927
1.532000000000001,1.2104809574468096
1.5330000000000008,1.2114397260273977
1.5340000000000011,1.2116589041095895
1.535000000000001,1.2118780821917812
1.536000000000001,1.212097260273973
1.5370000000000008,1.2123164383561646
1.5380000000000011,1.2125356164383565
1.539000000000001,1.2127547945205481
1.540000000000001,1.2136297264437705
1.5410000000000008,1.2151099696048644
1.5420000000000011,1.2165902127659591
1.543000000000001,1.2180704559270532
1.544000000000001,1.2195506990881473
1.5450000000000008,1.2210309422492414
1.5460000000000012,1.2225111854103359
1.547000000000001,1.2234085714285723
1.548000000000001,1.2242687537993928
1.5490000000000008,1.2251289361702136
1.5500000000000012,1.2259891185410345
1.551000000000001,1.226849300911855
1.552000000000001,1.2277094832826756
1.5530000000000008,1.2286545205479462
1.5540000000000012,1.2297504109589055
1.555000000000001,1.2308463013698643
1.556000000000001,1.231942191780823
1.5570000000000008,1.2330380821917817
1.5580000000000012,1.234133972602741
1.559000000000001,1.2352298630136997
1.560000000000001,1.2372116869300933
1.5610000000000008,1.2394290121580567
1.5620000000000012,1.241646337386021
1.563000000000001,1.243863662613984
1.564000000000001,1.2460809878419474
1.5650000000000008,1.2482983130699108
1.5660000000000012,1.250040744680851
1.567000000000001,1.2499966717325228
1.568000000000001,1.2499525987841946
1.5690000000000008,1.2499085258358662
1.5700000000000012,1.249864452887538
1.571000000000001,1.2498203799392096
1.572000000000001,1.2497763069908814
1.5730000000000008,1.2497370212765957
1.5740000000000012,1.249700547112462
1.575000000000001,1.2496640729483282
1.576000000000001,1.2496275987841945
1.5770000000000008,1.2495911246200608
1.5780000000000012,1.249554650455927
1.579000000000001,1.2496009741248113
1.580000000000001,1.251220456621006
1.5810000000000008,1.2528399391172007
1.5820000000000012,1.254459421613396
1.583000000000001,1.2560789041095906
1.584000000000001,1.2576983866057854
1.5850000000000009,1.25931786910198
1.5860000000000012,1.2603700911854108
1.587000000000001,1.2608077811550156
1.588000000000001,1.2612454711246204
1.5890000000000009,1.2616831610942252
1.5900000000000012,1.2621208510638302
1.591000000000001,1.262558541033435
1.592000000000001,1.2629962310030398
1.5930000000000009,1.2638155319148943
1.5940000000000012,1.264677234042554
1.595000000000001,1.2655389361702136
1.596000000000001,1.2664006382978732
1.5970000000000009,1.2672623404255328
1.5980000000000012,1.2681240425531926
1.599000000000001,1.2691141337386034
1.600000000000001,1.2703770516717339
1.6010000000000009,1.2716399696048644
1.6020000000000012,1.2729028875379955
1.603000000000001,1.274165805471126
1.604000000000001,1.2754287234042565
1.6050000000000009,1.276691641337387
1.6060000000000012,1.2772393009118546
1.607000000000001,1.2775356534954412
1.608000000000001,1.2778320060790278
1.6090000000000009,1.2781283586626144
1.6100000000000012,1.278424711246201
1.611000000000001,1.2787210638297877
1.612000000000001,1.2790993617021287
1.6130000000000009,1.2799078723404265
1.6140000000000012,1.2807163829787245
1.615000000000001,1.2815248936170223
1.616000000000001,1.28233340425532
1.6170000000000009,1.2831419148936178
1.6180000000000012,1.2839504255319159
1.619000000000001,1.2846046808510643
1.620000000000001,1.2851472340425536
1.6210000000000009,1.285689787234043
1.6220000000000012,1.2862323404255325
1.623000000000001,1.2867748936170218
1.624000000000001,1.2873174468085111
1.6250000000000009,1.2878600000000007
1.6260000000000012,1.2886563525835877
1.6270000000000011,1.289452705167174
1.628000000000001,1.2902490577507606
1.629000000000001,1.2910454103343472
1.6300000000000012,1.291841762917934
1.6310000000000011,1.2926381155015205
1.632000000000001,1.2932302127659576
1.633000000000001,1.2935402431610945
1.6340000000000012,1.2938502735562314
1.6350000000000011,1.294160303951368
1.636000000000001,1.2944703343465047
1.637000000000001,1.2947803647416416
1.6380000000000012,1.2950903951367785
1.6390000000000011,1.2958000000000007
1.640000000000001,1.2965857142857151
1.641000000000001,1.2973714285714293
1.6420000000000012,1.298157142857144
1.6430000000000011,1.298942857142858
1.644000000000001,1.2997285714285722
1.645000000000001,1.300503543486518
1.6460000000000012,1.3012479415115847
1.6470000000000011,1.301992339536651
1.648000000000001,1.3027367375617174
1.649000000000001,1.303481135586784
1.6500000000000012,1.3042255336118505
1.6510000000000011,1.304969931636917
1.652000000000001,1.3057143296619833
1.653000000000001,1.3064587276870496
1.6540000000000012,1.3072031257121164
1.6550000000000011,1.3079475237371827
1.656000000000001,1.3086919217622492
1.657000000000001,1.3094363197873156
1.6580000000000013,1.3101807178123823
1.6590000000000011,1.3109251158374486
1.660000000000001,1.3116695138625152
1.661000000000001,1.3124139118875815
1.6620000000000013,1.3131583099126483
1.6630000000000011,1.3139027079377146
1.664000000000001,1.314647105962781
1.665000000000001,1.3153915039878474
1.6660000000000013,1.316135902012914
1.6670000000000011,1.3168803000379805
1.668000000000001,1.3176246980630468
1.669000000000001,1.3183690960881131
1.6700000000000013,1.31911349411318
1.6710000000000012,1.3198578921382462
1.672000000000001,1.3203799393019733
1.673000000000001,1.3208852503793633
1.6740000000000013,1.3213905614567534
1.6750000000000012,1.3218958725341432
1.676000000000001,1.3224011836115332
1.677000000000001,1.322906494688923
1.6780000000000013,1.323606352583588
1.6790000000000012,1.324683860182372
1.680000000000001,1.3257613677811562
1.681000000000001,1.32683887537994
1.6820000000000013,1.3279163829787246
1.6830000000000012,1.3289938905775087
1.684000000000001,1.3300713981762928
1.685000000000001,1.3308543768996965
1.6860000000000013,1.33154434650456
1.6870000000000012,1.3322343161094232
1.688000000000001,1.3329242857142864
1.689000000000001,1.3336142553191495
1.6900000000000013,1.3343042249240131
1.6910000000000012,1.3349385584218518
1.692000000000001,1.3353194385432479
1.693000000000001,1.335700318664644
1.6940000000000013,1.33608119878604
1.6950000000000012,1.336462078907436
1.696000000000001,1.336842959028832
1.697000000000001,1.337223839150228
1.6980000000000013,1.337771838905776
1.6990000000000012,1.3384359726443777
1.700000000000001,1.3391001063829795
1.701000000000001,1.3397642401215812
1.7020000000000013,1.3404283738601832
1.7030000000000012,1.341092507598785
1.704000000000001,1.3417604552352058
1.705000000000001,1.3428059787556914
1.7060000000000013,1.3438515022761772
1.7070000000000012,1.3448970257966628
1.708000000000001,1.3459425493171484
1.709000000000001,1.3469880728376338
1.7100000000000013,1.3480335963581198
1.7110000000000012,1.3489910638297884
1.712000000000001,1.3498269300911865
1.713000000000001,1.3506627963525846
1.7140000000000013,1.3514986626139829
1.7150000000000012,1.352334528875381
1.716000000000001,1.353170395136779
1.717000000000001,1.3540062613981771
1.7180000000000013,1.354365614567527
1.7190000000000012,1.3546342033383918
1.720000000000001,1.3549027921092567
1.721000000000001,1.3551713808801216
1.7220000000000013,1.3554399696509867
1.7230000000000012,1.3557085584218516
1.724000000000001,1.3560661550151982
1.725000000000001,1.3566907750759885
1.7260000000000013,1.357315395136779
1.7270000000000012,1.3579400151975691
1.728000000000001,1.3585646352583594
1.729000000000001,1.3591892553191496
1.7300000000000013,1.35981387537994
1.7310000000000012,1.3601958877086497
1.732000000000001,1.3604584066767833
1.733000000000001,1.3607209256449169
1.7340000000000013,1.3609834446130504
1.7350000000000012,1.361245963581184
1.736000000000001,1.3615084825493176
1.737000000000001,1.361847359635813
1.7380000000000013,1.3630643550834614
1.7390000000000012,1.3642813505311093
1.740000000000001,1.365498345978757
1.741000000000001,1.366715341426405
1.7420000000000013,1.3679323368740535
1.7430000000000012,1.3691493323217012
1.744000000000001,1.369758829787234
1.745000000000001,1.3697360334346507
1.7460000000000013,1.369713237082067
1.7470000000000012,1.3696904407294834
1.748000000000001,1.3696676443768998
1.749000000000001,1.3696448480243162
1.7500000000000013,1.3696220516717326
1.7510000000000012,1.370269013657057
1.7520000000000011,1.3709822154779978
1.753000000000001,1.3716954172989384
1.7540000000000013,1.3724086191198794
1.7550000000000012,1.3731218209408202
1.7560000000000011,1.373835022761761
1.757000000000001,1.374420030349014
1.7580000000000013,1.3747326251896816
1.7590000000000012,1.3750452200303493
1.7600000000000011,1.375357814871017
1.761000000000001,1.3756704097116845
1.7620000000000013,1.3759830045523525
1.7630000000000012,1.37629559939302
1.7640000000000011,1.376441018237082
1.765000000000001,1.3765246048632218
1.7660000000000013,1.3766081914893618
1.7670000000000012,1.3766917781155017
1.7680000000000011,1.3767753647416414
1.769000000000001,1.3768589513677811
1.7700000000000014,1.3770292412746594
1.7710000000000012,1.3776908497723832
1.7720000000000011,1.378352458270107
1.773000000000001,1.3790140667678306
1.7740000000000014,1.3796756752655546
1.7750000000000012,1.3803372837632784
1.7760000000000011,1.3809988922610021
1.777000000000001,1.381460804248862
1.7780000000000014,1.3817658118361156
1.7790000000000012,1.382070819423369
1.7800000000000011,1.3823758270106223
1.781000000000001,1.3826808345978758
1.7820000000000014,1.3829858421851293
1.7830000000000013,1.3832908497723828
1.7840000000000011,1.3834471927162368
1.785000000000001,1.3835989377845221
1.7860000000000014,1.3837506828528074
1.7870000000000013,1.3839024279210927
1.7880000000000011,1.384054172989378
1.789000000000001,1.3842059180576634
1.7900000000000014,1.3843830349013662
1.7910000000000013,1.384601547799697
1.7920000000000011,1.3848200606980277
1.793000000000001,1.3850385735963584
1.7940000000000014,1.3852570864946891
1.7950000000000013,1.3854755993930201
1.7960000000000012,1.3856941122913509
1.797000000000001,1.3861224127465863
1.7980000000000014,1.3866064795144164
1.7990000000000013,1.3870905462822465
1.8000000000000012,1.3875746130500766
1.801000000000001,1.3880586798179064
1.8020000000000014,1.3885427465857367
1.8030000000000013,1.3888999544764793
1.8040000000000012,1.3887497268588769
1.805000000000001,1.3885994992412745
1.8060000000000014,1.388449271623672
1.8070000000000013,1.3882990440060696
1.8080000000000012,1.3881488163884672
1.809000000000001,1.3879985887708648
1.8100000000000014,1.3885416691957524
1.8110000000000013,1.3895280121396065
1.8120000000000012,1.3905143550834609
1.813000000000001,1.391500698027315
1.8140000000000014,1.3924870409711698
1.8150000000000013,1.393473383915024
1.8160000000000012,1.394439271623672
1.817000000000001,1.3944028528072836
1.8180000000000014,1.3943664339908952
1.8190000000000013,1.3943300151745068
1.8200000000000012,1.3942935963581184
1.821000000000001,1.3942571775417298
1.8220000000000014,1.3942207587253415
1.8230000000000013,1.3942593778452204
1.8240000000000012,1.39439746585736
1.825000000000001,1.3945355538694995
1.8260000000000014,1.3946736418816392
1.8270000000000013,1.3948117298937788
1.8280000000000012,1.3949498179059183
1.829000000000001,1.3950879059180579
1.8300000000000014,1.3951431411229136
1.8310000000000013,1.3951825948406678
1.8320000000000012,1.395222048558422
1.833000000000001,1.395261502276176
1.8340000000000014,1.3953009559939302
1.8350000000000013,1.3953404097116844
1.8360000000000012,1.3952440515933227
1.837000000000001,1.3947402579666155
1.8380000000000014,1.3942364643399083
1.8390000000000013,1.3937326707132012
1.8400000000000012,1.3932288770864942
1.841000000000001,1.392725083459787
1.8420000000000014,1.3922212898330797
1.8430000000000013,1.391814643399089
1.8440000000000012,1.3914580424886187
1.845000000000001,1.3911014415781484
1.8460000000000014,1.3907448406676777
1.8470000000000013,1.3903882397572074
1.8480000000000012,1.390031638846737
1.849000000000001,1.3897541729893788
1.8500000000000014,1.390528072837634
1.8510000000000013,1.3913019726858886
1.8520000000000012,1.3920758725341436
1.853000000000001,1.3928497723823985
1.8540000000000014,1.3936236722306536
1.8550000000000013,1.3943975720789084
1.8560000000000012,1.394370909090908
1.857000000000001,1.3934769696969689
1.8580000000000014,1.392583030303029
1.8590000000000013,1.3916890909090898
1.8600000000000012,1.3907951515151504
1.861000000000001,1.389901212121211
1.8620000000000014,1.3890072727272715
1.8630000000000013,1.388365857359635
1.8640000000000012,1.387758877086494
1.865000000000001,1.387151896813353
1.8660000000000014,1.3865449165402115
1.8670000000000013,1.3859379362670705
1.8680000000000012,1.3853309559939293
1.869000000000001,1.3849638088012142
1.8700000000000014,1.385183839150228
1.8710000000000013,1.3854038694992417
1.8720000000000012,1.3856238998482553
1.873000000000001,1.385843930197269
1.8740000000000014,1.3860639605462826
1.8750000000000013,1.3862839908952962
1.8760000000000012,1.3852904545454525
1.8770000000000011,1.3837768181818164
1.8780000000000014,1.3822631818181796
1.8790000000000013,1.3807495454545433
1.8800000000000012,1.3792359090909072
1.8810000000000011,1.3777222727272709
1.8820000000000014,1.3761914112291325
1.8830000000000013,1.3745055235204833
1.8840000000000012,1.372819635811834
1.8850000000000011,1.371133748103185
1.8860000000000015,1.369447860394535
1.8870000000000013,1.3677619726858858
1.8880000000000012,1.3660760849772366
1.8890000000000011,1.3642942336874035
1.8900000000000015,1.3624201820940796
1.8910000000000013,1.3605461305007565
1.8920000000000012,1.3586720789074334
1.8930000000000011,1.3567980273141103
1.8940000000000015,1.3549239757207863
1.8950000000000014,1.3530499241274632
1.8960000000000012,1.3500243030302987
1.8970000000000011,1.3468985454545417
1.8980000000000015,1.343772787878783
1.8990000000000014,1.340647030303026
1.9000000000000012,1.337521272727269
1.9010000000000011,1.3343955151515117
1.9020000000000015,1.3316557359635786
1.9030000000000014,1.32973616084977
1.9040000000000012,1.3278165857359614
1.9050000000000011,1.3258970106221528
1.9060000000000015,1.3239774355083433
1.9070000000000014,1.3220578603945348
1.9080000000000013,1.3201382852807262
1.9090000000000011,1.3185780909090894
1.9100000000000015,1.3171508181818163
1.9110000000000014,1.3157235454545437
1.9120000000000013,1.3142962727272711
1.9130000000000011,1.3128689999999985
1.9140000000000015,1.3114417272727252
1.9150000000000014,1.310136676783004
1.9160000000000013,1.3096495751138082
1.9170000000000011,1.3091624734446126
1.9180000000000015,1.3086753717754165
1.9190000000000014,1.3081882701062209
1.9200000000000013,1.307701168437025
1.9210000000000012,1.3072140667678294
1.9220000000000015,1.3068050909090903
1.9230000000000014,1.306462666666666
1.9240000000000013,1.306120242424242
1.9250000000000012,1.3057778181818176
1.9260000000000015,1.3054353939393932
1.9270000000000014,1.305092969696969
1.9280000000000013,1.304750545454545
1.9290000000000012,1.3053961305007595
1.9300000000000015,1.3061047799696521
1.9310000000000014,1.3068134294385443
1.9320000000000013,1.3075220789074364
1.9330000000000012,1.3082307283763286
1.9340000000000015,1.308939377845221
1.9350000000000014,1.3092218181818174
1.9360000000000013,1.3087127272727266
1.9370000000000012,1.3082036363636356
1.9380000000000015,1.3076945454545446
1.9390000000000014,1.3071854545454538
1.9400000000000013,1.3066763636363627
1.9410000000000012,1.306167272727272
1.9420000000000015,1.3074706818181847
1.9430000000000014,1.3093782575757602
1.9440000000000013,1.3112858333333357
1.9450000000000012,1.3131934090909112
1.9460000000000015,1.3151009848484876
1.9470000000000014,1.317008560606063
1.9480000000000013,1.3185910773899845
1.9490000000000012,1.3183315933232167
1.9500000000000015,1.318072109256449
1.9510000000000014,1.3178126251896811
1.9520000000000013,1.3175531411229133
1.9530000000000012,1.3172936570561455
1.9540000000000015,1.3170341729893775
1.9550000000000014,1.3172517575757583
1.9560000000000013,1.3178441818181825
1.9570000000000012,1.3184366060606068
1.9580000000000015,1.3190290303030312
1.9590000000000014,1.3196214545454552
1.9600000000000013,1.3202138787878794
1.9610000000000012,1.3208063030303037
1.9620000000000015,1.3215892727272738
1.9630000000000014,1.3223801818181828
1.9640000000000013,1.323171090909092
1.9650000000000012,1.3239620000000007
1.9660000000000015,1.3247529090909103
1.9670000000000014,1.325543818181819
1.9680000000000013,1.3261858181818187
1.9690000000000012,1.3265630909090913
1.9700000000000015,1.3269403636363641
1.9710000000000014,1.3273176363636368
1.9720000000000013,1.3276949090909096
1.9730000000000012,1.3280721818181822
1.9740000000000015,1.328449454545455
1.9750000000000014,1.3289499393939401
1.9760000000000013,1.329489333333334
1.9770000000000012,1.3300287272727278
1.9780000000000015,1.330568121212122
1.9790000000000014,1.331107515151516
1.9800000000000013,1.3316469090909098
1.9810000000000012,1.3322107132018217
1.9820000000000015,1.3329026707132028
1.9830000000000014,1.3335946282245836
1.9840000000000013,1.3342865857359645
1.9850000000000012,1.3349785432473453
1.9860000000000015,1.3356705007587264
1.9870000000000014,1.3363624582701072
1.9880000000000013,1.3366176818181816
1.9890000000000012,1.3365434393939393
1.9900000000000015,1.336469196969697
1.9910000000000014,1.3363949545454545
1.9920000000000013,1.3363207121212122
1.9930000000000012,1.3362464696969696
1.9940000000000015,1.3361722272727272
1.9950000000000014,1.3354586666666657
1.9960000000000013,1.3347253333333324
1.9970000000000012,1.3339919999999992
1.9980000000000016,1.3332586666666655
1.9990000000000014,1.3325253333333322
2.0000000000000013,1.331791999999999
2.0010000000000012,1.331288515151515
2.0020000000000016,1.3311763939393937
2.0030000000000014,1.3310642727272726
2.0040000000000013,1.3309521515151512
2.0050000000000012,1.33084003030303
2.0060000000000016,1.3307279090909088
2.0070000000000014,1.3306157878787876
2.0080000000000013,1.3318570000000023
2.0090000000000012,1.3335024545454568
2.0100000000000016,1.3351479090909117
2.0110000000000015,1.336793363636366
2.0120000000000013,1.3384388181818205
2.0130000000000012,1.3400842727272748
2.0140000000000016,1.341463393939394
2.0150000000000015,1.341542181818182
2.0160000000000013,1.3416209696969699
2.0170000000000012,1.3416997575757577
2.0180000000000016,1.3417785454545457
2.0190000000000015,1.3418573333333335
2.0200000000000014,1.3419361212121215
2.0210000000000012,1.34260131818182
2.0220000000000016,1.343708893939396
2.0230000000000015,1.3448164696969716
2.0240000000000014,1.3459240454545471
2.0250000000000012,1.3470316212121227
2.0260000000000016,1.348139196969699
2.0270000000000015,1.3492467727272746
2.0280000000000014,1.3495210303030307
2.0290000000000012,1.3497695151515154
2.0300000000000016,1.3500180000000004
2.0310000000000015,1.3502664848484853
2.0320000000000014,1.35051496969697
2.0330000000000013,1.350763454545455
2.0340000000000016,1.3511052798789722
2.0350000000000015,1.351606036308624
2.0360000000000014,1.352106792738276
2.0370000000000013,1.352607549167928
2.0380000000000016,1.35310830559758
2.0390000000000015,1.353609062027232
2.0400000000000014,1.3541098184568838
2.0410000000000013,1.353996242424242
2.0420000000000016,1.353688666666666
2.0430000000000015,1.3533810909090904
2.0440000000000014,1.3530735151515147
2.0450000000000013,1.352765939393939
2.0460000000000016,1.3524583636363632
2.0470000000000015,1.3522368484848488
2.0480000000000014,1.3524671515151518
2.0490000000000013,1.3526974545454549
2.0500000000000016,1.352927757575758
2.0510000000000015,1.353158060606061
2.0520000000000014,1.353388363636364
2.0530000000000013,1.353618666666667
2.0540000000000016,1.3540313939393949
2.0550000000000015,1.3545874545454553
2.0560000000000014,1.3551435151515159
2.0570000000000013,1.3556995757575763
2.0580000000000016,1.356255636363637
2.0590000000000015,1.3568116969696975
2.0600000000000014,1.3573677575757581
2.0610000000000013,1.356991454545454
2.0620000000000016,1.3565763030303024
2.0630000000000015,1.3561611515151508
2.0640000000000014,1.3557459999999995
2.0650000000000013,1.3553308484848479
2.0660000000000016,1.3549156969696963
2.0670000000000015,1.3545503328290465
2.0680000000000014,1.3542734795763989
2.0690000000000013,1.3539966263237515
2.0700000000000016,1.353719773071104
2.0710000000000015,1.3534429198184565
2.0720000000000014,1.353166066565809
2.0730000000000013,1.3528892133131616
2.0740000000000016,1.3529381818181823
2.0750000000000015,1.3530957575757578
2.0760000000000014,1.3532533333333336
2.0770000000000013,1.3534109090909094
2.0780000000000016,1.3535684848484852
2.0790000000000015,1.3537260606060608
2.0800000000000014,1.3539022727272731
2.0810000000000013,1.3541840909090914
2.0820000000000016,1.3544659090909097
2.0830000000000015,1.3547477272727277
2.0840000000000014,1.3550295454545458
2.0850000000000013,1.355311363636364
2.0860000000000016,1.3555931818181823
2.0870000000000015,1.3558656127080186
2.0880000000000014,1.3561303630862334
2.0890000000000013,1.3563951134644483
2.0900000000000016,1.3566598638426632
2.0910000000000015,1.356924614220878
2.0920000000000014,1.357189364599093
2.0930000000000013,1.3574541149773076
2.0940000000000016,1.357649454545455
2.0950000000000015,1.357840363636364
2.0960000000000014,1.3580312727272732
2.0970000000000013,1.358222181818182
2.0980000000000016,1.3584130909090912
2.0990000000000015,1.3586040000000004
2.1000000000000014,1.3587510892586991
2.1010000000000013,1.3588131164901665
2.1020000000000016,1.358875143721634
2.1030000000000015,1.3589371709531015
2.1040000000000014,1.358999198184569
2.1050000000000013,1.3590612254160364
2.1060000000000016,1.3591232526475039
2.1070000000000015,1.3594231515151523
2.1080000000000014,1.3598110303030309
2.1090000000000013,1.3601989090909097
2.1100000000000017,1.3605867878787885
2.1110000000000015,1.360974666666667
2.1120000000000014,1.361362545454546
2.1130000000000013,1.3616917397881996
2.1140000000000017,1.361628199697428
2.1150000000000015,1.3615646596066564
2.1160000000000014,1.3615011195158848
2.1170000000000013,1.3614375794251132
2.1180000000000017,1.3613740393343416
2.1190000000000015,1.36131049924357
2.1200000000000014,1.3614013333333335
2.1210000000000013,1.361634666666667
2.1220000000000017,1.3618680000000003
2.1230000000000016,1.3621013333333336
2.1240000000000014,1.3623346666666671
2.1250000000000013,1.3625680000000004
2.1260000000000017,1.362801333333334
2.1270000000000016,1.3622493494704984
2.1280000000000014,1.3616290771558237
2.1290000000000013,1.361008804841149
2.1300000000000017,1.3603885325264742
2.1310000000000016,1.3597682602117995
2.1320000000000014,1.3591479878971249
2.1330000000000013,1.3588864901664153
2.1340000000000017,1.3594235552193656
2.1350000000000016,1.3599606202723156
2.1360000000000015,1.3604976853252655
2.1370000000000013,1.3610347503782156
2.1380000000000017,1.3615718154311658
2.1390000000000016,1.362108880484116
2.1400000000000015,1.3615519696969682
2.1410000000000013,1.3605262121212107
2.1420000000000017,1.359500454545453
2.1430000000000016,1.3584746969696955
2.1440000000000015,1.357448939393938
2.1450000000000014,1.3564231818181804
2.1460000000000017,1.3555242057488657
2.1470000000000016,1.3557662632375191
2.1480000000000015,1.3560083207261728
2.1490000000000014,1.3562503782148263
2.1500000000000017,1.35649243570348
2.1510000000000016,1.3567344931921335
2.1520000000000015,1.356976550680787
2.1530000000000014,1.3567864296520413
2.1540000000000017,1.3561464901664133
2.1550000000000016,1.3555065506807857
2.1560000000000015,1.354866611195158
2.1570000000000014,1.3542266717095301
2.1580000000000017,1.3535867322239021
2.1590000000000016,1.3529467927382743
2.1600000000000015,1.3529060000000002
2.1610000000000014,1.3529469090909092
2.1620000000000017,1.3529878181818182
2.1630000000000016,1.3530287272727273
2.1640000000000015,1.3530696363636365
2.1650000000000014,1.3531105454545456
2.1660000000000017,1.352972254160362
2.1670000000000016,1.3523731618759445
2.1680000000000015,1.351774069591527
2.1690000000000014,1.3511749773071096
2.1700000000000017,1.3505758850226917
2.1710000000000016,1.3499767927382742
2.1720000000000015,1.3493777004538567
2.1730000000000014,1.3490178214826016
2.1740000000000017,1.3487757639939482
2.1750000000000016,1.3485337065052945
2.1760000000000015,1.348291649016641
2.1770000000000014,1.3480495915279875
2.1780000000000017,1.347807534039334
2.1790000000000016,1.3474823298033263
2.1800000000000015,1.3458544931921312
2.1810000000000014,1.3442266565809362
2.1820000000000017,1.3425988199697405
2.1830000000000016,1.3409709833585455
2.1840000000000015,1.3393431467473504
2.1850000000000014,1.3377153101361554
2.1860000000000017,1.3364224205748851
2.1870000000000016,1.3355389107412998
2.1880000000000015,1.3346554009077143
2.1890000000000014,1.3337718910741287
2.1900000000000017,1.332888381240543
2.1910000000000016,1.3320048714069574
2.1920000000000015,1.3311213615733721
2.1930000000000014,1.3301044175491663
2.1940000000000017,1.3290620574886516
2.1950000000000016,1.3280196974281373
2.1960000000000015,1.3269773373676232
2.1970000000000014,1.325934977307109
2.1980000000000017,1.3248926172465942
2.1990000000000016,1.3239560363086225
2.2000000000000015,1.3233735854765498
2.2010000000000014,1.3227911346444772
2.2020000000000017,1.3222086838124043
2.2030000000000016,1.3216262329803319
2.2040000000000015,1.3210437821482592
2.2050000000000014,1.3204613313161866
2.2060000000000017,1.3196331316187575
2.2070000000000016,1.3186543116490148
2.2080000000000015,1.3176754916792723
2.2090000000000014,1.3166966717095296
2.2100000000000017,1.3157178517397865
2.2110000000000016,1.314739031770044
2.2120000000000015,1.3137595915279865
2.2130000000000014,1.3127187443267763
2.2140000000000017,1.3116778971255656
2.2150000000000016,1.3106370499243554
2.2160000000000015,1.3095962027231451
2.2170000000000014,1.308555355521935
2.2180000000000017,1.3075145083207242
2.2190000000000016,1.3065644326777595
2.2200000000000015,1.305750514372162
2.2210000000000014,1.3049365960665644
2.2220000000000018,1.3041226777609665
2.2230000000000016,1.303308759455369
2.2240000000000015,1.3024948411497714
2.2250000000000014,1.3016809228441741
2.2260000000000018,1.301058229954613
2.2270000000000016,1.3004863691376691
2.2280000000000015,1.299914508320725
2.2290000000000014,1.299342647503781
2.2300000000000018,1.298770786686837
2.2310000000000016,1.298198925869893
2.2320000000000015,1.2975854009077141
2.2330000000000014,1.2967820726172452
2.2340000000000018,1.295978744326776
2.2350000000000017,1.2951754160363074
2.2360000000000015,1.2943720877458385
2.2370000000000014,1.2935687594553695
2.2380000000000018,1.2927654311649004
2.2390000000000017,1.291893116490165
2.2400000000000015,1.2909687594553694
2.2410000000000014,1.2900444024205737
2.2420000000000018,1.2891200453857776
2.2430000000000017,1.288195688350982
2.2440000000000015,1.287271331316186
2.2450000000000014,1.2863469742813904
2.2460000000000018,1.2848082753403907
2.2470000000000017,1.2832439788199672
2.2480000000000016,1.2816796822995438
2.2490000000000014,1.2801153857791205
2.2500000000000018,1.2785510892586964
2.2510000000000017,1.276986792738273
2.2520000000000016,1.2756797432024158
2.2530000000000014,1.2748504380664643
2.254000000000002,1.2740211329305122
2.2550000000000017,1.2731918277945606
2.2560000000000016,1.2723625226586088
2.2570000000000014,1.2715332175226572
2.258000000000002,1.2707039123867052
2.2590000000000017,1.2688907866868342
2.2600000000000016,1.2667137821482566
2.2610000000000015,1.2645367776096788
2.262000000000002,1.2623597730711
2.2630000000000017,1.2601827685325224
2.2640000000000016,1.2580057639939446
2.2650000000000015,1.255850544629346
2.266000000000002,1.2538550832072577
2.2670000000000017,1.2518596217851703
2.2680000000000016,1.249864160363083
2.2690000000000015,1.2478686989409953
2.270000000000002,1.245873237518907
2.2710000000000017,1.2438777760968196
2.2720000000000016,1.2416670499243532
2.2730000000000015,1.239249500756426
2.274000000000002,1.2368319515884978
2.2750000000000017,1.2344144024205705
2.2760000000000016,1.2319968532526433
2.2770000000000015,1.229579304084716
2.278000000000002,1.227161754916788
2.2790000000000017,1.2249092749244672
2.2800000000000016,1.2226751359516579
2.2810000000000015,1.2204409969788486
2.282000000000002,1.2182068580060381
2.2830000000000017,1.2159727190332288
2.2840000000000016,1.2137385800604195
2.2850000000000015,1.2115352647503752
2.286000000000002,1.2094112102874395
2.2870000000000017,1.2072871558245046
2.2880000000000016,1.2051631013615698
2.2890000000000015,1.2030390468986352
2.290000000000002,1.2009149924356994
2.2910000000000017,1.1987909379727646
2.2920000000000016,1.197391661631418
2.2930000000000015,1.1963493655589106
2.294000000000002,1.1953070694864028
2.2950000000000017,1.1942647734138954
2.2960000000000016,1.193222477341388
2.2970000000000015,1.1921801812688808
2.298000000000002,1.1911381845688334
2.2990000000000017,1.1901018759455353
2.3000000000000016,1.1890655673222374
2.3010000000000015,1.1880292586989394
2.302000000000002,1.186992950075641
2.3030000000000017,1.185956641452343
2.3040000000000016,1.1849203328290452
2.3050000000000015,1.1843725679758308
2.306000000000002,1.1844465861027191
2.3070000000000017,1.1845206042296073
2.3080000000000016,1.1845946223564954
2.3090000000000015,1.1846686404833837
2.310000000000002,1.1847426586102718
2.3110000000000017,1.1848166767371602
2.3120000000000016,1.185566883509835
2.3130000000000015,1.1864655219364613
2.314000000000002,1.187364160363088
2.3150000000000017,1.188262798789714
2.3160000000000016,1.1891614372163404
2.3170000000000015,1.1900600756429667
2.318000000000002,1.1911868277945656
2.3190000000000017,1.1931717220543843
2.3200000000000016,1.1951566163142027
2.3210000000000015,1.1971415105740213
2.322000000000002,1.1991264048338408
2.3230000000000017,1.2011112990936592
2.3240000000000016,1.2030961933534778
2.3250000000000015,1.204786520423603
2.326000000000002,1.2062721482602148
2.3270000000000017,1.2077577760968257
2.3280000000000016,1.2092434039334365
2.3290000000000015,1.2107290317700476
2.330000000000002,1.2122146596066592
2.3310000000000017,1.2137002874432703
2.3320000000000016,1.2136308157099696
2.3330000000000015,1.213529607250755
2.334000000000002,1.2134283987915406
2.3350000000000017,1.2133271903323262
2.3360000000000016,1.2132259818731117
2.3370000000000015,1.2131247734138972
2.338000000000002,1.2133987915407873
2.3390000000000017,1.2143398791540803
2.3400000000000016,1.2152809667673732
2.3410000000000015,1.2162220543806663
2.342000000000002,1.2171631419939597
2.3430000000000017,1.2181042296072526
2.3440000000000016,1.2190453172205455
2.3450000000000015,1.2196706354009086
2.346000000000002,1.2201850075642975
2.3470000000000018,1.2206993797276864
2.3480000000000016,1.221213751891075
2.3490000000000015,1.2217281240544637
2.350000000000002,1.2222424962178529
2.3510000000000018,1.222598685800603
2.3520000000000016,1.2218962688821742
2.3530000000000015,1.2211938519637453
2.354000000000002,1.220491435045316
2.3550000000000018,1.2197890181268871
2.3560000000000016,1.2190866012084582
2.3570000000000015,1.2183841842900294
2.358000000000002,1.2179698942598185
2.3590000000000018,1.217832432024169
2.3600000000000017,1.2176949697885193
2.3610000000000015,1.2175575075528697
2.362000000000002,1.2174200453172201
2.3630000000000018,1.2172825830815706
2.3640000000000017,1.217145120845921
2.3650000000000015,1.216693751891073
2.366000000000002,1.2162035854765496
2.3670000000000018,1.2157134190620262
2.3680000000000017,1.2152232526475029
2.3690000000000015,1.2147330862329795
2.370000000000002,1.214242919818456
2.3710000000000018,1.21367429003021
2.3720000000000017,1.2129038972809654
2.3730000000000016,1.2121335045317208
2.374000000000002,1.211363111782476
2.3750000000000018,1.2105927190332313
2.3760000000000017,1.2098223262839867
2.3770000000000016,1.2090519335347423
2.378000000000002,1.2082935045317207
2.379000000000002,1.2075412386706936
2.3800000000000017,1.2067889728096663
2.3810000000000016,1.2060367069486393
2.382000000000002,1.2052844410876118
2.383000000000002,1.2045321752265845
2.3840000000000017,1.203789758308156
2.3850000000000016,1.2032837160120837
2.386000000000002,1.202777673716011
2.387000000000002,1.2022716314199386
2.3880000000000017,1.201765589123866
2.3890000000000016,1.2012595468277938
2.390000000000002,1.200753504531721
2.391000000000002,1.200341359516616
2.3920000000000017,1.2000588821752263
2.3930000000000016,1.1997764048338364
2.394000000000002,1.1994939274924468
2.395000000000002,1.199211450151057
2.3960000000000017,1.1989289728096673
2.3970000000000016,1.1986464954682776
2.398000000000002,1.197973685800603
2.399000000000002,1.1972032930513583
2.4000000000000017,1.1964329003021137
2.4010000000000016,1.195662507552869
2.4020000000000015,1.1948921148036242
2.403000000000002,1.1941217220543794
2.4040000000000017,1.1935530815709976
2.4050000000000016,1.193903534743203
2.406000000000002,1.1942539879154084
2.407000000000002,1.1946044410876138
2.4080000000000017,1.1949548942598192
2.4090000000000016,1.1953053474320245
2.4100000000000015,1.19565580060423
2.411000000000002,1.1951561027190316
2.4120000000000017,1.1939884290030194
2.4130000000000016,1.1928207552870074
2.414000000000002,1.191653081570995
2.415000000000002,1.1904854078549827
2.4160000000000017,1.1893177341389707
2.4170000000000016,1.1881500604229587
2.4180000000000015,1.1878016918428997
2.419000000000002,1.1875056193353468
2.4200000000000017,1.1872095468277941
2.4210000000000016,1.1869134743202412
2.422000000000002,1.1866174018126883
2.423000000000002,1.1863213293051356
2.4240000000000017,1.1859377643504523
2.4250000000000016,1.1853682779456185
2.4260000000000015,1.1847987915407847
2.427000000000002,1.1842293051359507
2.4280000000000017,1.183659818731117
2.4290000000000016,1.1830903323262831
2.430000000000002,1.182520845921449
2.431000000000002,1.1819228096676726
2.4320000000000017,1.1813125377643494
2.4330000000000016,1.1807022658610262
2.4340000000000015,1.180091993957703
2.435000000000002,1.1794817220543796
2.4360000000000017,1.1788714501510564
2.4370000000000016,1.1781797280966744
2.438000000000002,1.176551329305133
2.439000000000002,1.1749229305135924
2.4400000000000017,1.1732945317220518
2.4410000000000016,1.1716661329305111
2.4420000000000015,1.1700377341389705
2.443000000000002,1.1684093353474292
2.4440000000000017,1.167160889894418
2.4450000000000016,1.1663584766214166
2.446000000000002,1.1655560633484148
2.447000000000002,1.1647536500754132
2.4480000000000017,1.1639512368024119
2.4490000000000016,1.1631488235294105
2.4500000000000015,1.162346410256409
2.451000000000002,1.1616771450151044
2.4520000000000017,1.1610351510574006
2.4530000000000016,1.1603931570996968
2.454000000000002,1.1597511631419928
2.455000000000002,1.159109169184289
2.4560000000000017,1.1584671752265852
2.4570000000000016,1.1576675226586084
2.4580000000000015,1.1562747734138954
2.459000000000002,1.1548820241691817
2.4600000000000017,1.1534892749244687
2.4610000000000016,1.1520965256797557
2.462000000000002,1.1507037764350423
2.463000000000002,1.1493110271903293
2.4640000000000017,1.1482738821752247
2.4650000000000016,1.1474838519637447
2.4660000000000015,1.1466938217522644
2.467000000000002,1.145903791540784
2.4680000000000017,1.1451137613293036
2.4690000000000016,1.1443237311178234
2.470000000000002,1.1435337009063429
2.471000000000002,1.1434997586726998
2.4720000000000018,1.1434892006033182
2.4730000000000016,1.1434786425339367
2.4740000000000015,1.143468084464555
2.475000000000002,1.1434575263951734
2.4760000000000018,1.143446968325792
2.4770000000000016,1.1429854682779432
2.478000000000002,1.1416486102719006
2.479000000000002,1.1403117522658583
2.4800000000000018,1.1389748942598161
2.4810000000000016,1.137638036253774
2.4820000000000015,1.1363011782477317
2.483000000000002,1.134964320241689
2.4840000000000018,1.1344246827794557
2.4850000000000017,1.1341950755287005
2.486000000000002,1.1339654682779452
2.487000000000002,1.13373586102719
2.4880000000000018,1.1335062537764347
2.4890000000000017,1.1332766465256794
2.4900000000000015,1.1330086123680232
2.491000000000002,1.1323947360482642
2.4920000000000018,1.1317808597285057
2.4930000000000017,1.131166983408747
2.494000000000002,1.1305531070889883
2.495000000000002,1.1299392307692295
2.4960000000000018,1.129325354449471
2.4970000000000017,1.1285720789074338
2.4980000000000016,1.1276616084977225
2.499000000000002,1.1267511380880104
2.5000000000000018,1.1258406676782988
2.5010000000000017,1.1249301972685872
2.502000000000002,1.1240197268588752
2.503000000000002,1.1231092564491636
2.504000000000002,1.1227053333333328
2.5050000000000017,1.1223704848484843
2.5060000000000016,1.122035636363636
2.507000000000002,1.1217007878787872
2.508000000000002,1.1213659393939388
2.5090000000000017,1.1210310909090904
2.510000000000002,1.1207564848484846
2.511000000000002,1.1206367878787877
2.512000000000002,1.1205170909090907
2.5130000000000017,1.1203973939393939
2.5140000000000016,1.1202776969696968
2.515000000000002,1.1201579999999998
2.516000000000002,1.120038303030303
2.5170000000000017,1.120448181818183
2.518000000000002,1.1211072727272742
2.519000000000002,1.121766363636365
2.520000000000002,1.1224254545454557
2.5210000000000017,1.1230845454545466
2.5220000000000016,1.1237436363636373
2.523000000000002,1.1243249924127459
2.524000000000002,1.1240123975720784
2.5250000000000017,1.1236998027314107
2.526000000000002,1.123387207890743
2.527000000000002,1.1230746130500753
2.528000000000002,1.1227620182094076
2.5290000000000017,1.1224494233687399
2.5300000000000016,1.1225253484848494
2.531000000000002,1.1230056515151525
2.532000000000002,1.1234859545454556
2.5330000000000017,1.1239662575757585
2.534000000000002,1.1244465606060619
2.535000000000002,1.1249268636363647
2.536000000000002,1.1254071666666676
2.5370000000000017,1.127049863636367
2.5380000000000016,1.1288362272727304
2.539000000000002,1.1306225909090946
2.540000000000002,1.1324089545454579
2.5410000000000017,1.1341953181818214
2.542000000000002,1.1359816818181856
2.543000000000002,1.1371651969696965
2.544000000000002,1.1368727727272723
2.5450000000000017,1.136580348484848
2.5460000000000016,1.1362879242424238
2.547000000000002,1.1359954999999995
2.548000000000002,1.1357030757575752
2.5490000000000017,1.135410651515151
2.550000000000002,1.1360204545454569
2.551000000000002,1.1370356060606084
2.552000000000002,1.1380507575757597
2.5530000000000017,1.139065909090911
2.5540000000000016,1.1400810606060625
2.555000000000002,1.1410962121212143
2.556000000000002,1.1420660909090918
2.5570000000000017,1.1425782121212131
2.558000000000002,1.1430903333333344
2.559000000000002,1.1436024545454555
2.560000000000002,1.1441145757575766
2.5610000000000017,1.1446266969696979
2.5620000000000016,1.145138818181819
2.563000000000002,1.1454111363636363
2.564000000000002,1.1454338636363637
2.5650000000000017,1.145456590909091
2.566000000000002,1.1454793181818184
2.567000000000002,1.1455020454545455
2.568000000000002,1.1455247727272728
2.5690000000000017,1.1455475000000002
2.5700000000000016,1.1457805909090915
2.571000000000002,1.1460396818181824
2.572000000000002,1.1462987727272733
2.5730000000000017,1.146557863636364
2.574000000000002,1.1468169545454552
2.575000000000002,1.147076045454546
2.576000000000002,1.1472266060606058
2.5770000000000017,1.1471114545454544
2.5780000000000016,1.1469963030303028
2.579000000000002,1.1468811515151514
2.580000000000002,1.1467659999999997
2.5810000000000017,1.1466508484848483
2.582000000000002,1.1465356969696967
2.583000000000002,1.1463285454545449
2.584000000000002,1.1460800606060602
2.5850000000000017,1.1458315757575752
2.5860000000000016,1.1455830909090905
2.587000000000002,1.1453346060606056
2.588000000000002,1.1450861212121206
2.5890000000000017,1.1448567272727272
2.590000000000002,1.1448203636363636
2.591000000000002,1.1447839999999998
2.592000000000002,1.1447476363636362
2.5930000000000017,1.1447112727272726
2.5940000000000016,1.144674909090909
2.595000000000002,1.1446385454545454
2.596000000000002,1.1444709984871402
2.5970000000000018,1.1441669137670192
2.598000000000002,1.143862829046898
2.599000000000002,1.1435587443267772
