wave,r
0.4,1.55226
0.401,1.55226
0.402,1.55226
0.403,1.55226
0.404,1.55226
0.405,1.55226
0.406,1.55226
0.40700000000000003,1.55226
0.40800000000000003,1.55226
0.40900000000000003,1.55226
0.41000000000000003,1.55226
0.41100000000000003,1.55226
0.41200000000000003,1.55226
0.41300000000000003,1.55226
0.41400000000000003,1.55226
0.41500000000000004,1.55226
0.41600000000000004,1.55226
0.41700000000000004,1.55226
0.41800000000000004,1.55226
0.41900000000000004,1.55226
0.42000000000000004,1.55226
0.42100000000000004,1.55226
0.42200000000000004,1.55226
0.42300000000000004,1.55226
0.42400000000000004,1.55226
0.42500000000000004,1.55226
0.42600000000000005,1.55226
0.42700000000000005,1.55226
0.42800000000000005,1.55226
0.42900000000000005,1.55226
0.43000000000000005,1.55226
0.43100000000000005,1.55226
0.43200000000000005,1.55226
0.43300000000000005,1.55226
0.43400000000000005,1.55226
0.43500000000000005,1.55226
0.43600000000000005,1.55226
0.43700000000000006,1.5523737692307693
0.43800000000000006,1.5525045384615384
0.43900000000000006,1.5526353076923076
0.44000000000000006,1.5527660769230769
0.44100000000000006,1.5528968461538462
0.44200000000000006,1.5530276153846154
0.44300000000000006,1.5536919969278034
0.44400000000000006,1.5552649615975422
0.44500000000000006,1.5568379262672811
0.44600000000000006,1.55841089093702
0.44700000000000006,1.559983855606759
0.44800000000000006,1.5615568202764978
0.44900000000000007,1.5631297849462367
0.45000000000000007,1.5636106461538462
0.45100000000000007,1.5639137230769231
0.45200000000000007,1.5642168
0.45300000000000007,1.564519876923077
0.45400000000000007,1.564822953846154
0.45500000000000007,1.5651260307692307
0.45600000000000007,1.5655776958525347
0.4570000000000001,1.5662935176651307
0.4580000000000001,1.5670093394777267
0.4590000000000001,1.5677251612903227
0.4600000000000001,1.5684409831029187
0.4610000000000001,1.5691568049155147
0.4620000000000001,1.5698726267281107
0.4630000000000001,1.5714406923076925
0.4640000000000001,1.573159153846154
0.4650000000000001,1.5748776153846156
0.4660000000000001,1.5765960769230771
0.4670000000000001,1.5783145384615387
0.4680000000000001,1.5800330000000002
0.4690000000000001,1.5819860215053765
0.4700000000000001,1.5843746543778805
0.4710000000000001,1.5867632872503843
0.4720000000000001,1.589151920122888
0.4730000000000001,1.5915405529953919
0.4740000000000001,1.5939291858678957
0.4750000000000001,1.5963178187403995
0.4760000000000001,1.5987554838709679
0.4770000000000001,1.6012024884792628
0.4780000000000001,1.6036494930875578
0.4790000000000001,1.6060964976958527
0.4800000000000001,1.6085435023041477
0.4810000000000001,1.6109905069124426
0.4820000000000001,1.6136667076923081
0.4830000000000001,1.6168082461538464
0.4840000000000001,1.619949784615385
0.4850000000000001,1.6230913230769233
0.4860000000000001,1.6262328615384618
0.4870000000000001,1.6293744000000003
0.4880000000000001,1.6325159384615386
0.4890000000000001,1.6343848847926268
0.4900000000000001,1.6359931797235023
0.4910000000000001,1.637601474654378
0.4920000000000001,1.6392097695852537
0.4930000000000001,1.6408180645161292
0.4940000000000001,1.6424263594470048
0.4950000000000001,1.6436817204301077
0.4960000000000001,1.6441870967741936
0.4970000000000001,1.6446924731182797
0.4980000000000001,1.6451978494623656
0.4990000000000001,1.6457032258064517
0.5000000000000001,1.6462086021505375
0.5010000000000001,1.6467139784946236
0.5020000000000001,1.6491056221198162
0.5030000000000001,1.6519397235023046
0.5040000000000001,1.654773824884793
0.5050000000000001,1.6576079262672814
0.5060000000000001,1.6604420276497698
0.5070000000000001,1.6632761290322582
0.5080000000000001,1.6662613824884795
0.5090000000000001,1.6695993241167437
0.5100000000000001,1.672937265745008
0.5110000000000001,1.6762752073732723
0.5120000000000001,1.6796131490015365
0.5130000000000001,1.6829510906298006
0.5140000000000001,1.686289032258065
0.5150000000000001,1.6891840399385565
0.5160000000000001,1.6919613056835643
0.5170000000000001,1.6947385714285719
0.5180000000000001,1.6975158371735797
0.5190000000000001,1.7002931029185873
0.5200000000000001,1.703070368663595
0.5210000000000001,1.705649784946237
0.5220000000000001,1.7077204454685104
0.5230000000000001,1.7097911059907838
0.5240000000000001,1.7118617665130573
0.5250000000000001,1.7139324270353307
0.5260000000000001,1.716003087557604
0.5270000000000001,1.7180737480798776
0.5280000000000001,1.7191106451612905
0.5290000000000001,1.719838755760369
0.5300000000000001,1.7205668663594471
0.5310000000000001,1.7212949769585255
0.5320000000000001,1.722023087557604
0.5330000000000001,1.7227511981566823
0.5340000000000001,1.7238227803379422
0.5350000000000001,1.7258719354838714
0.5360000000000001,1.7279210906298008
0.5370000000000001,1.72997024577573
0.5380000000000001,1.7320194009216592
0.5390000000000001,1.7340685560675886
0.5400000000000001,1.7361177112135178
0.5410000000000001,1.7383615668202768
0.5420000000000001,1.7406703225806452
0.5430000000000001,1.742979078341014
0.5440000000000002,1.7452878341013827
0.5450000000000002,1.7475965898617514
0.5460000000000002,1.7499053456221199
0.5470000000000002,1.7521178801843318
0.5480000000000002,1.7540257142857143
0.5490000000000002,1.7559335483870968
0.5500000000000002,1.7578413824884793
0.5510000000000002,1.759749216589862
0.5520000000000002,1.7616570506912446
0.5530000000000002,1.763564884792627
0.5540000000000002,1.7664011981566825
0.5550000000000002,1.7695809216589866
0.5560000000000002,1.7727606451612907
0.5570000000000002,1.7759403686635948
0.5580000000000002,1.779120092165899
0.5590000000000002,1.7822998156682033
0.5600000000000002,1.7845873732718893
0.5610000000000002,1.783711797235023
0.5620000000000002,1.7828362211981565
0.5630000000000002,1.7819606451612902
0.5640000000000002,1.7810850691244238
0.5650000000000002,1.7802094930875574
0.5660000000000002,1.779333917050691
0.5670000000000002,1.7795896319018407
0.5680000000000002,1.7803074233128835
0.5690000000000002,1.7810252147239265
0.5700000000000002,1.7817430061349693
0.5710000000000002,1.7824607975460123
0.5720000000000002,1.783178588957055
0.5730000000000002,1.78396955453149
0.5740000000000002,1.7850724731182797
0.5750000000000002,1.7861753917050693
0.5760000000000002,1.7872783102918588
0.5770000000000002,1.7883812288786485
0.5780000000000002,1.7894841474654382
0.5790000000000002,1.7905870660522278
0.5800000000000002,1.7910141628264211
0.5810000000000002,1.7911232258064518
0.5820000000000002,1.7912322887864824
0.5830000000000002,1.791341351766513
0.5840000000000002,1.7914504147465438
0.5850000000000002,1.7915594777265744
0.5860000000000002,1.79178740797546
0.5870000000000002,1.7925956901840492
0.5880000000000002,1.793403972392638
0.5890000000000002,1.7942122546012271
0.5900000000000002,1.795020536809816
0.5910000000000002,1.795828819018405
0.5920000000000002,1.7966371012269942
0.5930000000000002,1.796878064516129
0.5940000000000002,1.7968135483870968
0.5950000000000002,1.7967490322580646
0.5960000000000002,1.7966845161290323
0.5970000000000002,1.79662
0.5980000000000002,1.7965554838709676
0.5990000000000002,1.796617883435583
0.6000000000000002,1.7974599079754603
0.6010000000000002,1.7983019325153375
0.6020000000000002,1.799143957055215
0.6030000000000002,1.7999859815950923
0.6040000000000002,1.8008280061349695
0.6050000000000002,1.801670030674847
0.6060000000000002,1.8022014285714287
0.6070000000000002,1.8025424423963134
0.6080000000000002,1.8028834562211984
0.6090000000000002,1.803224470046083
0.6100000000000002,1.8035654838709678
0.6110000000000002,1.8039064976958525
0.6120000000000002,1.8042644938650307
0.6130000000000002,1.8047598926380368
0.6140000000000002,1.8052552914110431
0.6150000000000002,1.8057506901840492
0.6160000000000002,1.8062460889570553
0.6170000000000002,1.8067414877300616
0.6180000000000002,1.8072368865030677
0.6190000000000002,1.8087278494623662
0.6200000000000002,1.8109106451612909
0.6210000000000002,1.8130934408602155
0.6220000000000002,1.8152762365591402
0.6230000000000002,1.817459032258065
0.6240000000000002,1.8196418279569897
0.6250000000000002,1.8215128220858892
0.6260000000000002,1.8197980981595088
0.6270000000000002,1.8180833742331284
0.6280000000000002,1.8163686503067482
0.6290000000000002,1.8146539263803678
0.6300000000000002,1.8129392024539874
0.6310000000000002,1.811224478527607
0.6320000000000002,1.8106683333333335
0.6330000000000002,1.8110225000000002
0.6340000000000002,1.8113766666666669
0.6350000000000002,1.8117308333333335
0.6360000000000002,1.8120850000000002
0.6370000000000002,1.8124391666666668
0.6380000000000002,1.8127933333333335
0.6390000000000002,1.8131475000000001
0.6400000000000002,1.8135016666666668
0.6410000000000002,1.8138558333333334
0.6420000000000002,1.81421
0.6430000000000002,1.8145641666666668
0.6440000000000002,1.8149183333333334
0.6450000000000002,1.8152725
0.6460000000000002,1.8156266666666667
0.6470000000000002,1.8159808333333334
0.6480000000000002,1.816335
0.6490000000000002,1.8166891666666667
0.6500000000000002,1.8170433333333333
0.6510000000000002,1.8173975
0.6520000000000002,1.8177516666666667
0.6530000000000002,1.8181058333333333
0.6540000000000002,1.8184600000000002
0.6550000000000002,1.8188141666666668
0.6560000000000002,1.8191683333333335
0.6570000000000003,1.8195225000000002
0.6580000000000003,1.8198766666666668
0.6590000000000003,1.8202308333333335
0.6600000000000003,1.8205850000000001
0.6610000000000003,1.8209391666666668
0.6620000000000003,1.8212933333333334
0.6630000000000003,1.8216475
0.6640000000000003,1.8220016666666667
0.6650000000000003,1.8223558333333334
0.6660000000000003,1.82271
0.6670000000000003,1.8230641666666667
0.6680000000000003,1.8234183333333334
0.6690000000000003,1.8237725
0.6700000000000003,1.8241266666666667
0.6710000000000003,1.8244808333333333
0.6720000000000003,1.824835
0.6730000000000003,1.8251891666666666
0.6740000000000003,1.8255433333333333
0.6750000000000003,1.8258975000000002
0.6760000000000003,1.8262516666666668
0.6770000000000003,1.8266058333333335
0.6780000000000003,1.8269600000000001
0.6790000000000003,1.8273141666666668
0.6800000000000003,1.8276683333333335
0.6810000000000003,1.8280225
0.6820000000000003,1.8283766666666668
0.6830000000000003,1.8287308333333334
0.6840000000000003,1.829085
0.6850000000000003,1.8294391666666667
0.6860000000000003,1.8297933333333334
0.6870000000000003,1.8301475
0.6880000000000003,1.8305016666666667
0.6890000000000003,1.8308558333333333
0.6900000000000003,1.83121
0.6910000000000003,1.8315641666666667
0.6920000000000003,1.8319183333333333
0.6930000000000003,1.8322725
0.6940000000000003,1.8326266666666666
0.6950000000000003,1.8329808333333333
0.6960000000000003,1.8333350000000002
0.6970000000000003,1.8336891666666668
0.6980000000000003,1.8340433333333335
0.6990000000000003,1.8343975000000001
0.7000000000000003,1.8347516666666668
0.7010000000000003,1.8351058333333334
0.7020000000000003,1.83546
0.7030000000000003,1.8358141666666667
0.7040000000000003,1.8361683333333334
0.7050000000000003,1.8365225
0.7060000000000003,1.8368766666666667
0.7070000000000003,1.8372308333333334
0.7080000000000003,1.837585
0.7090000000000003,1.8379391666666667
0.7100000000000003,1.837605766871165
0.7110000000000003,1.8358112883435576
0.7120000000000003,1.8340168098159502
0.7130000000000003,1.8322223312883428
0.7140000000000003,1.8304278527607354
0.7150000000000003,1.828633374233128
0.7160000000000003,1.8268388957055208
0.7170000000000003,1.825579386503067
0.7180000000000003,1.8244536196319014
0.7190000000000003,1.823327852760736
0.7200000000000003,1.8222020858895702
0.7210000000000003,1.8210763190184047
0.7220000000000003,1.819950552147239
0.7230000000000003,1.8178013169984675
0.7240000000000003,1.8130203062787125
0.7250000000000003,1.8082392955589575
0.7260000000000003,1.8034582848392022
0.7270000000000003,1.7986772741194472
0.7280000000000003,1.7938962633996922
0.7290000000000003,1.7891152526799372
0.7300000000000003,1.7866247546012266
0.7310000000000003,1.7848977607361958
0.7320000000000003,1.7831707668711652
0.7330000000000003,1.7814437730061345
0.7340000000000003,1.7797167791411037
0.7350000000000003,1.777989785276073
0.7360000000000003,1.7764190811638587
0.7370000000000003,1.7753716079632462
0.7380000000000003,1.7743241347626337
0.7390000000000003,1.7732766615620212
0.7400000000000003,1.7722291883614085
0.7410000000000003,1.771181715160796
0.7420000000000003,1.7701342419601835
0.7430000000000003,1.7682138650306742
0.7440000000000003,1.7659193865030667
0.7450000000000003,1.7636249079754593
0.7460000000000003,1.7613304294478518
0.7470000000000003,1.7590359509202445
0.7480000000000003,1.7567414723926371
0.7490000000000003,1.7544098621745778
0.7500000000000003,1.7519090964777937
0.7510000000000003,1.7494083307810095
0.7520000000000003,1.7469075650842256
0.7530000000000003,1.7444067993874415
0.7540000000000003,1.7419060336906576
0.7550000000000003,1.7394052679938734
0.7560000000000003,1.7373047699386495
0.7570000000000003,1.7354198006134962
0.7580000000000003,1.733534831288343
0.7590000000000003,1.7316498619631895
0.7600000000000003,1.7297648926380362
0.7610000000000003,1.7278799233128828
0.7620000000000003,1.726016033690658
0.7630000000000003,1.7242932159264925
0.7640000000000003,1.7225703981623273
0.7650000000000003,1.7208475803981618
0.7660000000000003,1.7191247626339965
0.7670000000000003,1.7174019448698312
0.7680000000000003,1.7156791271056657
0.7690000000000003,1.7139252760736192
0.7700000000000004,1.7121507361963186
0.7710000000000004,1.7103761963190178
0.7720000000000004,1.7086016564417172
0.7730000000000004,1.7068271165644167
0.7740000000000004,1.705052576687116
0.7750000000000004,1.7032419908116379
0.7760000000000004,1.7010168759571203
0.7770000000000004,1.6987917611026027
0.7780000000000004,1.696566646248085
0.7790000000000004,1.6943415313935675
0.7800000000000004,1.6921164165390499
0.7810000000000004,1.6898913016845323
0.7820000000000004,1.688011516079632
0.7830000000000004,1.6864142725880547
0.7840000000000004,1.6848170290964772
0.7850000000000004,1.6832197856048998
0.7860000000000004,1.6816225421133224
0.7870000000000004,1.6800252986217452
0.7880000000000004,1.6784174272588046
0.7890000000000004,1.6762887901990802
0.7900000000000004,1.674160153139356
0.7910000000000004,1.6720315160796315
0.7920000000000004,1.6699028790199073
0.7930000000000004,1.6677742419601829
0.7940000000000004,1.6656456049004587
0.7950000000000004,1.6639004134762627
0.7960000000000004,1.6625543185298615
0.7970000000000004,1.6612082235834604
0.7980000000000004,1.6598621286370592
0.7990000000000004,1.658516033690658
0.8000000000000004,1.6571699387442567
0.8010000000000004,1.6558238437978554
0.8020000000000004,1.654084110429447
0.8030000000000004,1.6523279754601221
0.8040000000000004,1.650571840490797
0.8050000000000004,1.6488157055214718
0.8060000000000004,1.6470595705521467
0.8070000000000004,1.6453034355828215
0.8080000000000004,1.6435680245022966
0.8090000000000004,1.6418589892802444
0.8100000000000004,1.6401499540581923
0.8110000000000004,1.6384409188361402
0.8120000000000004,1.636731883614088
0.8130000000000004,1.635022848392036
0.8140000000000004,1.633313813169984
0.8150000000000004,1.6314779632465535
0.8160000000000004,1.6296295712098001
0.8170000000000004,1.6277811791730468
0.8180000000000004,1.6259327871362934
0.8190000000000004,1.62408439509954
0.8200000000000004,1.6222360030627865
0.8210000000000004,1.6207047626339965
0.8220000000000004,1.6196909800918833
0.8230000000000004,1.61867719754977
0.8240000000000004,1.6176634150076568
0.8250000000000004,1.6166496324655433
0.8260000000000004,1.61563584992343
0.8270000000000004,1.6146220673813168
0.8280000000000004,1.613649938744257
0.8290000000000004,1.6126851607963244
0.8300000000000004,1.6117203828483917
0.8310000000000004,1.6107556049004592
0.8320000000000004,1.6097908269525265
0.8330000000000004,1.6088260490045938
0.8340000000000004,1.6078113455657488
0.8350000000000004,1.6066905504587152
0.8360000000000004,1.6055697553516817
0.8370000000000004,1.604448960244648
0.8380000000000004,1.6033281651376143
0.8390000000000004,1.6022073700305808
0.8400000000000004,1.601086574923547
0.8410000000000004,1.6001890045941805
0.8420000000000004,1.5993543950995404
0.8430000000000004,1.5985197856049
0.8440000000000004,1.59768517611026
0.8450000000000004,1.5968505666156199
0.8460000000000004,1.5960159571209795
0.8470000000000004,1.595156079632465
0.8480000000000004,1.5942203981623273
0.8490000000000004,1.5932847166921893
0.8500000000000004,1.5923490352220515
0.8510000000000004,1.5914133537519137
0.8520000000000004,1.590477672281776
0.8530000000000004,1.5895419908116382
0.8540000000000004,1.589034119448698
0.8550000000000004,1.5886926186830015
0.8560000000000004,1.5883511179173047
0.8570000000000004,1.5880096171516078
0.8580000000000004,1.5876681163859112
0.8590000000000004,1.5873266156202144
0.8600000000000004,1.5868858958652372
0.8610000000000004,1.5860221898928022
0.8620000000000004,1.5851584839203672
0.8630000000000004,1.5842947779479324
0.8640000000000004,1.5834310719754974
0.8650000000000004,1.5825673660030624
0.8660000000000004,1.5817036600306276
0.8670000000000004,1.5806389908256875
0.8680000000000004,1.579470795107033
0.8690000000000004,1.5783025993883786
0.8700000000000004,1.5771344036697241
0.8710000000000004,1.57596620795107
0.8720000000000004,1.5747980122324154
0.8730000000000004,1.573767794793262
0.8740000000000004,1.573749418070444
0.8750000000000004,1.5737310413476264
0.8760000000000004,1.5737126646248085
0.8770000000000004,1.5736942879019908
0.8780000000000004,1.5736759111791732
0.8790000000000004,1.5736575344563553
0.8800000000000004,1.5732395259938834
0.8810000000000004,1.5725438073394493
0.8820000000000005,1.571848088685015
0.8830000000000005,1.5711523700305807
0.8840000000000005,1.5704566513761464
0.8850000000000005,1.5697609327217121
0.8860000000000005,1.5690523736600301
0.8870000000000005,1.5680998468606426
0.8880000000000005,1.5671473200612551
0.8890000000000005,1.5661947932618678
0.8900000000000005,1.5652422664624803
0.8910000000000005,1.5642897396630928
0.8920000000000005,1.5633372128637053
0.8930000000000005,1.5631574923547402
0.8940000000000005,1.5636911314984712
0.8950000000000005,1.564224770642202
0.8960000000000005,1.5647584097859328
0.8970000000000005,1.5652920489296638
0.8980000000000005,1.5658256880733947
0.8990000000000005,1.5663593272171257
0.9000000000000005,1.5657306738131698
0.9010000000000005,1.5650783001531392
0.9020000000000005,1.5644259264931084
0.9030000000000005,1.5637735528330778
0.9040000000000005,1.5631211791730473
0.9050000000000005,1.5624688055130167
0.9060000000000005,1.5617329357798162
0.9070000000000005,1.5608950152905194
0.9080000000000005,1.560057094801223
0.9090000000000005,1.5592191743119261
0.9100000000000005,1.5583812538226296
0.9110000000000005,1.5575433333333328
0.9120000000000005,1.5567054128440363
0.9130000000000005,1.5566132771822359
0.9140000000000005,1.556594900459418
0.9150000000000005,1.5565765237366003
0.9160000000000005,1.5565581470137826
0.9170000000000005,1.556539770290965
0.9180000000000005,1.556521393568147
0.9190000000000005,1.5560753822629965
0.9200000000000005,1.5549316513761464
0.9210000000000005,1.5537879204892961
0.9220000000000005,1.5526441896024459
0.9230000000000005,1.5515004587155958
0.9240000000000005,1.5503567278287456
0.9250000000000005,1.5492129969418953
0.9260000000000005,1.5484327522935775
0.9270000000000005,1.5477217431192656
0.9280000000000005,1.5470107339449537
0.9290000000000005,1.5462997247706418
0.9300000000000005,1.5455887155963297
0.9310000000000005,1.5448777064220178
0.9320000000000005,1.54428871559633
0.9330000000000005,1.5439844342507643
0.9340000000000005,1.5436801529051984
0.9350000000000005,1.5433758715596329
0.9360000000000005,1.543071590214067
0.9370000000000005,1.5427673088685012
0.9380000000000005,1.5424630275229356
0.9390000000000005,1.5410480704441032
0.9400000000000005,1.5392823736600296
0.9410000000000005,1.5375166768759563
0.9420000000000005,1.535750980091883
0.9430000000000005,1.5339852833078094
0.9440000000000005,1.532219586523736
0.9450000000000005,1.5307122935779816
0.9460000000000005,1.5300700917431191
0.9470000000000005,1.5294278899082567
0.9480000000000005,1.5287856880733943
0.9490000000000005,1.528143486238532
0.9500000000000005,1.5275012844036695
0.9510000000000005,1.526859082568807
0.9520000000000005,1.5260005963302747
0.9530000000000005,1.5250449388379201
0.9540000000000005,1.5240892813455653
0.9550000000000005,1.5231336238532105
0.9560000000000005,1.522177966360856
0.9570000000000005,1.521222308868501
0.9580000000000005,1.5201524311926597
0.9590000000000005,1.5184353058103965
0.9600000000000005,1.5167181804281336
0.9610000000000005,1.5150010550458706
0.9620000000000005,1.5132839296636076
0.9630000000000005,1.5115668042813446
0.9640000000000005,1.5098496788990816
0.9650000000000005,1.508683792048929
0.9660000000000005,1.5078703363914367
0.9670000000000005,1.5070568807339444
0.9680000000000005,1.506243425076452
0.9690000000000005,1.5054299694189597
0.9700000000000005,1.5046165137614673
0.9710000000000005,1.5037663455657484
0.9720000000000005,1.502428425076452
0.9730000000000005,1.5010905045871552
0.9740000000000005,1.4997525840978585
0.9750000000000005,1.498414663608562
0.9760000000000005,1.4970767431192653
0.9770000000000005,1.4957388226299688
0.9780000000000005,1.4944657339449534
0.9790000000000005,1.4932501376146783
0.9800000000000005,1.4920345412844032
0.9810000000000005,1.4908189449541278
0.9820000000000005,1.4896033486238527
0.9830000000000005,1.4883877522935773
0.9840000000000005,1.4871721559633022
0.9850000000000005,1.4850240825688064
0.9860000000000005,1.4828665902140663
0.9870000000000005,1.4807090978593263
0.9880000000000005,1.478551605504586
0.9890000000000005,1.476394113149846
0.9900000000000005,1.4742366207951059
0.9910000000000005,1.4721115267175562
0.9920000000000005,1.47002603053435
0.9930000000000005,1.4679405343511438
0.9940000000000005,1.4658550381679378
0.9950000000000006,1.4637695419847316
0.9960000000000006,1.4616840458015254
0.9970000000000006,1.4595985496183195
0.9980000000000006,1.458858807339449
0.9990000000000006,1.4582685932721708
1.0000000000000004,1.4576783792048926
1.0010000000000006,1.4570881651376142
1.0020000000000007,1.456497951070336
1.0030000000000006,1.4559077370030578
1.0040000000000004,1.4559334862385327
1.0050000000000006,1.4570542813455665
1.0060000000000007,1.4581750764526002
1.0070000000000006,1.4592958715596338
1.0080000000000005,1.4604166666666674
1.0090000000000006,1.4615374617737011
1.0100000000000007,1.462658256880735
1.0110000000000006,1.4621175256618038
1.0120000000000005,1.4612120691518093
1.0130000000000006,1.4603066126418147
1.0140000000000007,1.4594011561318199
1.0150000000000006,1.4584956996218255
1.0160000000000005,1.457590243111831
1.0170000000000006,1.4566847866018362
1.0180000000000007,1.4557793300918416
1.0190000000000006,1.4548738735818472
1.0200000000000005,1.4539684170718525
1.0210000000000006,1.453062960561858
1.0220000000000007,1.4521575040518633
1.0230000000000006,1.4512520475418687
1.0240000000000005,1.4503465910318742
1.0250000000000006,1.4494411345218794
1.0260000000000007,1.4485356780118848
1.0270000000000006,1.4476302215018904
1.0280000000000005,1.4467247649918957
1.0290000000000006,1.445819308481901
1.0300000000000007,1.4449138519719065
1.0310000000000006,1.4440083954619118
1.0320000000000005,1.4431029389519174
1.0330000000000006,1.4421974824419228
1.0340000000000007,1.441292025931928
1.0350000000000006,1.4403865694219335
1.0360000000000005,1.439481112911939
1.0370000000000006,1.4385756564019443
1.0380000000000007,1.4376701998919497
1.0390000000000006,1.436764743381955
1.0400000000000005,1.4358592868719606
1.0410000000000006,1.434953830361966
1.0420000000000007,1.4340483738519711
1.0430000000000006,1.4331429173419767
1.0440000000000005,1.4322374608319823
1.0450000000000006,1.4313320043219875
1.0460000000000007,1.4304265478119929
1.0470000000000006,1.4295210913019984
1.0480000000000005,1.4302706870229014
1.0490000000000006,1.4314340458015276
1.0500000000000007,1.4325974045801537
1.0510000000000006,1.4337607633587794
1.0520000000000005,1.4349241221374052
1.0530000000000006,1.4360874809160313
1.0540000000000007,1.437148167938932
1.0550000000000006,1.4379008396946569
1.0560000000000005,1.438653511450382
1.0570000000000006,1.4394061832061074
1.0580000000000007,1.4401588549618325
1.0590000000000006,1.4409115267175576
1.0600000000000005,1.4416641984732828
1.0610000000000006,1.4424093893129775
1.0620000000000007,1.443151374045802
1.0630000000000006,1.4438933587786262
1.0640000000000005,1.4446353435114507
1.0650000000000006,1.4453773282442752
1.0660000000000007,1.4461193129770997
1.0670000000000006,1.446759375
1.0680000000000005,1.446821875
1.0690000000000006,1.446884375
1.0700000000000007,1.446946875
1.0710000000000006,1.447009375
1.0720000000000005,1.447071875
1.0730000000000006,1.447134375
1.0740000000000007,1.4473969007633591
1.0750000000000006,1.4477984274809164
1.0760000000000005,1.4481999541984734
1.0770000000000006,1.4486014809160308
1.0780000000000007,1.449003007633588
1.0790000000000006,1.4494045343511452
1.0800000000000005,1.449802213740458
1.0810000000000006,1.4501075572519084
1.0820000000000007,1.4504129007633588
1.0830000000000006,1.4507182442748092
1.0840000000000005,1.4510235877862596
1.0850000000000006,1.45132893129771
1.0860000000000007,1.4516342748091604
1.0870000000000006,1.4521679573170736
1.0880000000000005,1.452939298780488
1.0890000000000006,1.4537106402439028
1.0900000000000007,1.4544819817073176
1.0910000000000006,1.455253323170732
1.0920000000000005,1.4560246646341468
1.0930000000000006,1.4567960060975615
1.0940000000000007,1.4570572977099239
1.0950000000000006,1.4572801984732826
1.0960000000000005,1.4575030992366413
1.0970000000000006,1.457726
1.0980000000000008,1.457948900763359
1.0990000000000006,1.4581718015267178
1.1000000000000005,1.4586250229007638
1.1010000000000006,1.4594540305343517
1.1020000000000008,1.4602830381679395
1.1030000000000006,1.4611120458015272
1.1040000000000005,1.461941053435115
1.1050000000000006,1.4627700610687029
1.1060000000000008,1.4635990687022906
1.1070000000000007,1.464490289634147
1.1080000000000005,1.465394253048781
1.1090000000000007,1.4662982164634153
1.1100000000000008,1.4672021798780495
1.1110000000000007,1.4681061432926836
1.1120000000000005,1.4690101067073176
1.1130000000000007,1.469874870229008
1.1140000000000008,1.4706336488549625
1.1150000000000007,1.4713924274809165
1.1160000000000005,1.4721512061068707
1.1170000000000007,1.472909984732825
1.1180000000000008,1.4736687633587793
1.1190000000000007,1.4744275419847335
1.1200000000000006,1.4747519512195122
1.1210000000000007,1.4749074390243904
1.1220000000000008,1.4750629268292683
1.1230000000000007,1.4752184146341465
1.1240000000000006,1.4753739024390244
1.1250000000000007,1.4755293902439026
1.1260000000000008,1.4758055877862604
1.1270000000000007,1.4767155114503823
1.1280000000000006,1.4776254351145044
1.1290000000000007,1.4785353587786267
1.1300000000000008,1.4794452824427489
1.1310000000000007,1.480355206106871
1.1320000000000006,1.4812651297709931
1.1330000000000007,1.4818915243902444
1.1340000000000008,1.4823366463414638
1.1350000000000007,1.4827817682926834
1.1360000000000006,1.4832268902439028
1.1370000000000007,1.4836720121951223
1.1380000000000008,1.484117134146342
1.1390000000000007,1.4845884756097567
1.1400000000000006,1.4855579878048786
1.1410000000000007,1.4865275000000007
1.1420000000000008,1.4874970121951228
1.1430000000000007,1.4884665243902444
1.1440000000000006,1.4894360365853663
1.1450000000000007,1.4904055487804884
1.1460000000000008,1.4911161984732826
1.1470000000000007,1.4915574198473285
1.1480000000000006,1.4919986412213742
1.1490000000000007,1.49243986259542
1.1500000000000008,1.492881083969466
1.1510000000000007,1.4933223053435116
1.1520000000000006,1.4937635267175575
1.1530000000000007,1.494913414634147
1.1540000000000008,1.4961085365853668
1.1550000000000007,1.4973036585365862
1.1560000000000006,1.4984987804878056
1.1570000000000007,1.4996939024390252
1.1580000000000008,1.5008890243902449
1.1590000000000007,1.5016230487804878
1.1600000000000006,1.501604756097561
1.1610000000000007,1.501586463414634
1.1620000000000008,1.5015681707317075
1.1630000000000007,1.5015498780487806
1.1640000000000006,1.5015315853658537
1.1650000000000007,1.5015132926829269
1.1660000000000008,1.5022060610687031
1.1670000000000007,1.503054916030535
1.1680000000000006,1.503903770992367
1.1690000000000007,1.5047526259541992
1.1700000000000008,1.5056014809160314
1.1710000000000007,1.5064503358778634
1.1720000000000006,1.5072078810975615
1.1730000000000007,1.5077185518292688
1.1740000000000008,1.5082292225609761
1.1750000000000007,1.5087398932926834
1.1760000000000006,1.5092505640243907
1.1770000000000007,1.509761234756098
1.1780000000000008,1.5102719054878053
1.1790000000000007,1.510463292682927
1.1800000000000006,1.510524268292683
1.1810000000000007,1.5105852439024392
1.1820000000000008,1.5106462195121952
1.1830000000000007,1.5107071951219513
1.1840000000000006,1.5107681707317073
1.1850000000000007,1.5108801371951224
1.1860000000000008,1.5112810518292688
1.1870000000000007,1.511681966463415
1.1880000000000006,1.5120828810975613
1.1890000000000007,1.5124837957317077
1.1900000000000008,1.512884710365854
1.1910000000000007,1.5132856250000002
1.1920000000000006,1.5138358384146344
1.1930000000000007,1.5144898018292687
1.1940000000000008,1.5151437652439028
1.1950000000000007,1.515797728658537
1.1960000000000006,1.516451692073171
1.1970000000000007,1.5171056554878053
1.1980000000000008,1.5177676676829275
1.1990000000000007,1.5186899237804885
1.2000000000000006,1.5196121798780493
1.2010000000000007,1.5205344359756103
1.2020000000000008,1.5214566920731716
1.2030000000000007,1.5223789481707324
1.2040000000000006,1.5233012042682934
1.2050000000000007,1.5239762804878052
1.2060000000000008,1.52437262195122
1.2070000000000007,1.5247689634146344
1.2080000000000006,1.525165304878049
1.2090000000000007,1.5255616463414636
1.2100000000000009,1.5259579878048783
1.2110000000000007,1.5263543292682928
1.2120000000000006,1.527055853658537
1.2130000000000007,1.5277875609756102
1.2140000000000009,1.5285192682926836
1.2150000000000007,1.5292509756097568
1.2160000000000006,1.5299826829268297
1.2170000000000007,1.530714390243903
1.2180000000000009,1.5311425152439024
1.2190000000000007,1.5310068445121952
1.2200000000000006,1.5308711737804876
1.2210000000000008,1.5307355030487804
1.2220000000000009,1.530599832317073
1.2230000000000008,1.5304641615853658
1.2240000000000006,1.5303284908536585
1.2250000000000008,1.530947896341464
1.2260000000000009,1.5317680182926836
1.2270000000000008,1.532588140243903
1.2280000000000006,1.5334082621951224
1.2290000000000008,1.534228384146342
1.2300000000000009,1.5350485060975616
1.2310000000000008,1.5357935975609758
1.2320000000000007,1.5362875000000003
1.2330000000000008,1.5367814024390247
1.2340000000000009,1.5372753048780492
1.2350000000000008,1.5377692073170737
1.2360000000000007,1.538263109756098
1.2370000000000008,1.5387570121951224
1.2380000000000009,1.5390466463414636
1.2390000000000008,1.5392356707317076
1.2400000000000007,1.5394246951219515
1.2410000000000008,1.5396137195121953
1.2420000000000009,1.5398027439024393
1.2430000000000008,1.5399917682926831
1.2440000000000007,1.540173917682927
1.2450000000000008,1.5403004420731707
1.2460000000000009,1.5404269664634147
1.2470000000000008,1.5405534908536584
1.2480000000000007,1.5406800152439024
1.2490000000000008,1.5408065396341464
1.2500000000000009,1.5409330640243901
1.2510000000000008,1.5413169817073173
1.2520000000000007,1.5419114939024392
1.2530000000000008,1.5425060060975613
1.254000000000001,1.5431005182926834
1.2550000000000008,1.5436950304878052
1.2560000000000007,1.544289542682927
1.2570000000000008,1.5448840548780491
1.258000000000001,1.5449352743902438
1.2590000000000008,1.5449810060975608
1.2600000000000007,1.545026737804878
1.2610000000000008,1.5450724695121951
1.262000000000001,1.5451182012195122
1.2630000000000008,1.5451639329268294
1.2640000000000007,1.5456782496194832
1.2650000000000008,1.546813713850838
1.266000000000001,1.5479491780821928
1.2670000000000008,1.5490846423135474
1.2680000000000007,1.550220106544902
1.2690000000000008,1.5513555707762565
1.270000000000001,1.5524910350076113
1.2710000000000008,1.5535296646341472
1.2720000000000007,1.5545525304878056
1.2730000000000008,1.5555753963414642
1.274000000000001,1.5565982621951229
1.2750000000000008,1.5576211280487815
1.2760000000000007,1.55864399390244
1.2770000000000008,1.559394298780488
1.278000000000001,1.5595086280487807
1.2790000000000008,1.5596229573170735
1.2800000000000007,1.559737286585366
1.2810000000000008,1.5598516158536586
1.282000000000001,1.5599659451219514
1.2830000000000008,1.560080274390244
1.2840000000000007,1.5613444596651458
1.2850000000000008,1.5630126484018279
1.286000000000001,1.56468083713851
1.2870000000000008,1.5663490258751915
1.2880000000000007,1.5680172146118732
1.2890000000000008,1.5696854033485552
1.290000000000001,1.5713040091463426
1.2910000000000008,1.5726805335365865
1.2920000000000007,1.5740570579268303
1.2930000000000008,1.5754335823170744
1.294000000000001,1.5768101067073184
1.2950000000000008,1.5781866310975623
1.2960000000000007,1.579563155487806
1.2970000000000008,1.5800218902439025
1.298000000000001,1.5798938414634145
1.2990000000000008,1.5797657926829267
1.3000000000000007,1.579637743902439
1.3010000000000008,1.5795096951219512
1.302000000000001,1.5793816463414634
1.3030000000000008,1.5793702739726045
1.3040000000000007,1.581575753424659
1.3050000000000008,1.5837812328767142
1.306000000000001,1.5859867123287692
1.3070000000000008,1.5881921917808237
1.3080000000000007,1.5903976712328782
1.3090000000000008,1.5926031506849334
1.310000000000001,1.5935099999999995
1.3110000000000008,1.5930099999999996
1.3120000000000007,1.5925099999999996
1.3130000000000008,1.5920099999999997
1.314000000000001,1.5915099999999995
1.3150000000000008,1.5910099999999996
1.3160000000000007,1.5905099999999996
1.3170000000000008,1.5918983105022846
1.318000000000001,1.5934508219178098
1.3190000000000008,1.5950033333333347
1.3200000000000007,1.5965558447488595
1.3210000000000008,1.5981083561643847
1.322000000000001,1.59966086757991
1.3230000000000008,1.600857271341464
1.3240000000000007,1.6013923323170736
1.3250000000000008,1.6019273932926834
1.326000000000001,1.6024624542682933
1.3270000000000008,1.6029975152439029
1.3280000000000007,1.6035325762195125
1.3290000000000008,1.6040676371951224
1.330000000000001,1.6056938660578404
1.3310000000000008,1.6076101522070032
1.3320000000000007,1.6095264383561658
1.3330000000000009,1.6114427245053289
1.334000000000001,1.613359010654492
1.3350000000000009,1.6152752968036548
1.3360000000000007,1.6167951524390245
1.3370000000000009,1.6169094817073173
1.338000000000001,1.6170238109756099
1.3390000000000009,1.6171381402439027
1.3400000000000007,1.6172524695121953
1.3410000000000009,1.617366798780488
1.342000000000001,1.6174811280487806
1.3430000000000009,1.6187515981735179
1.3440000000000007,1.620617656012178
1.3450000000000009,1.622483713850839
1.346000000000001,1.6243497716894997
1.3470000000000009,1.62621582952816
1.3480000000000008,1.6280818873668201
1.3490000000000009,1.6298739726027405
1.350000000000001,1.630918112633182
1.3510000000000009,1.6319622526636233
1.3520000000000008,1.6330063926940646
1.3530000000000009,1.634050532724506
1.354000000000001,1.6350946727549476
1.3550000000000009,1.6361388127853889
1.3560000000000008,1.6379111111111129
1.3570000000000009,1.6403555555555576
1.358000000000001,1.6428000000000023
1.3590000000000009,1.6452444444444465
1.3600000000000008,1.6476888888888908
1.3610000000000009,1.6501333333333355
1.362000000000001,1.6525777777777804
1.3630000000000009,1.65356455792683
1.3640000000000008,1.6544746189024397
1.3650000000000009,1.6553846798780496
1.366000000000001,1.6562947408536595
1.3670000000000009,1.657204801829269
1.3680000000000008,1.6581148628048787
1.3690000000000009,1.6590457534246583
1.370000000000001,1.6600092237442932
1.3710000000000009,1.6609726940639278
1.3720000000000008,1.6619361643835624
1.3730000000000009,1.6628996347031972
1.374000000000001,1.663863105022832
1.3750000000000009,1.6648265753424667
1.3760000000000008,1.667100547945208
1.377000000000001,1.6696621917808245
1.378000000000001,1.6722238356164412
1.379000000000001,1.6747854794520571
1.3800000000000008,1.6773471232876733
1.381000000000001,1.67990876712329
1.382000000000001,1.6820971232876722
1.383000000000001,1.683165616438357
1.3840000000000008,1.6842341095890419
1.385000000000001,1.6853026027397269
1.386000000000001,1.686371095890412
1.387000000000001,1.6874395890410967
1.3880000000000008,1.6885080821917817
1.389000000000001,1.6902451902587536
1.390000000000001,1.6922969406392714
1.391000000000001,1.6943486910197887
1.3920000000000008,1.696400441400306
1.393000000000001,1.6984521917808237
1.394000000000001,1.7005039421613415
1.395000000000001,1.7025060670731722
1.3960000000000008,1.7041066768292694
1.397000000000001,1.705707286585367
1.398000000000001,1.707307896341465
1.399000000000001,1.7089085060975622
1.4000000000000008,1.7105091158536596
1.4010000000000007,1.7121097256097568
1.402000000000001,1.7136621156773224
1.403000000000001,1.7151750532724517
1.4040000000000008,1.716687990867581
1.4050000000000007,1.7182009284627102
1.406000000000001,1.7197138660578402
1.407000000000001,1.7212268036529694
1.4080000000000008,1.7227397412480987
1.4090000000000007,1.7248702130898037
1.410000000000001,1.7270132876712352
1.411000000000001,1.7291563622526656
1.4120000000000008,1.7312994368340962
1.4130000000000007,1.7334425114155265
1.414000000000001,1.735585585996958
1.415000000000001,1.737665007610352
1.4160000000000008,1.73965283105023
1.4170000000000007,1.741640654490108
1.418000000000001,1.7436284779299869
1.419000000000001,1.7456163013698647
1.4200000000000008,1.7476041248097427
1.4210000000000007,1.7495919482496207
1.422000000000001,1.751583607305938
1.423000000000001,1.7535759969558617
1.4240000000000008,1.7555683866057854
1.4250000000000007,1.757560776255709
1.426000000000001,1.7595531659056338
1.427000000000001,1.7615455555555575
1.4280000000000008,1.7635371276595762
1.4290000000000007,1.7655264893617035
1.430000000000001,1.767515851063832
1.431000000000001,1.7695052127659594
1.4320000000000008,1.771494574468087
1.4330000000000007,1.7734839361702144
1.434000000000001,1.7754732978723426
1.435000000000001,1.7779089954337928
1.4360000000000008,1.7805452207001546
1.4370000000000007,1.7831814459665165
1.438000000000001,1.7858176712328797
1.439000000000001,1.7884538964992416
1.4400000000000008,1.7910901217656034
1.4410000000000007,1.793734200913244
1.442000000000001,1.7964358751902618
1.443000000000001,1.799137549467278
1.4440000000000008,1.8018392237442946
1.4450000000000007,1.8045408980213111
1.446000000000001,1.8072425722983287
1.447000000000001,1.8099442465753453
1.4480000000000008,1.8125672298325746
1.4490000000000007,1.8151258295281603
1.450000000000001,1.817684429223747
1.451000000000001,1.8202430289193328
1.4520000000000008,1.8228016286149185
1.4530000000000007,1.8253602283105042
1.454000000000001,1.827918828006091
1.455000000000001,1.8298061948249638
1.4560000000000008,1.8316798630137001
1.4570000000000007,1.8335535312024365
1.458000000000001,1.835427199391174
1.459000000000001,1.8373008675799103
1.4600000000000009,1.8391745357686469
1.4610000000000007,1.8410943835616451
1.462000000000001,1.843080684931509
1.463000000000001,1.8450669863013716
1.4640000000000009,1.8470532876712344
1.4650000000000007,1.8490395890410973
1.466000000000001,1.8510258904109609
1.467000000000001,1.8530121917808238
1.4680000000000009,1.8556317021276618
1.4690000000000007,1.8583718237082085
1.470000000000001,1.8611119452887566
1.471000000000001,1.8638520668693035
1.4720000000000009,1.8665921884498502
1.4730000000000008,1.869332310030397
1.474000000000001,1.871927092846273
1.475000000000001,1.8741082191780842
1.4760000000000009,1.8762893455098952
1.4770000000000008,1.8784704718417062
1.478000000000001,1.8806515981735183
1.479000000000001,1.8828327245053293
1.4800000000000009,1.8850138508371403
1.4810000000000008,1.887813561643838
1.482000000000001,1.8908911872146152
1.483000000000001,1.893968812785391
1.4840000000000009,1.897046438356167
1.4850000000000008,1.9001240639269428
1.486000000000001,1.9032016894977202
1.487000000000001,1.9061841033434672
1.4880000000000009,1.9084682978723424
1.4890000000000008,1.9107524924012174
1.490000000000001,1.9130366869300937
1.491000000000001,1.9153208814589688
1.4920000000000009,1.917605075987844
1.4930000000000008,1.9198892705167192
1.494000000000001,1.9220076712328789
1.495000000000001,1.9239848401826505
1.4960000000000009,1.9259620091324219
1.4970000000000008,1.9279391780821933
1.498000000000001,1.9299163470319656
1.499000000000001,1.9318935159817372
1.5000000000000009,1.9338706849315086
1.5010000000000008,1.9358272492401232
1.5020000000000011,1.9377831762917954
1.503000000000001,1.939739103343467
1.504000000000001,1.9416950303951386
1.5050000000000008,1.9436509574468102
1.5060000000000011,1.9456068844984824
1.507000000000001,1.9484526027397304
1.508000000000001,1.9526900456621044
1.5090000000000008,1.9569274885844783
1.5100000000000011,1.9611649315068542
1.511000000000001,1.9654023744292282
1.512000000000001,1.9696398173516023
1.5130000000000008,1.9738772602739763
1.5140000000000011,1.9765915501519786
1.515000000000001,1.9789714893617047
1.516000000000001,1.9813514285714309
1.5170000000000008,1.983731367781157
1.5180000000000011,1.9861113069908842
1.519000000000001,1.9884912462006104
1.520000000000001,1.9913027397260312
1.5210000000000008,1.9954808219178115
1.5220000000000011,1.9996589041095938
1.523000000000001,2.003836986301374
1.524000000000001,2.0080150684931546
1.5250000000000008,2.012193150684935
1.5260000000000011,2.016371232876717
1.527000000000001,2.019907644376903
1.528000000000001,2.023128009118544
1.5290000000000008,2.026348373860185
1.5300000000000011,2.0295687386018275
1.531000000000001,2.0327891033434686
1.532000000000001,2.0360094680851097
1.5330000000000008,2.039116438356166
1.5340000000000011,2.0410768645357713
1.535000000000001,2.0430372907153753
1.536000000000001,2.0449977168949793
1.5370000000000008,2.0469581430745833
1.5380000000000011,2.0489185692541882
1.539000000000001,2.0508789954337923
1.540000000000001,2.0523755623100315
1.5410000000000008,2.053443951367782
1.5420000000000011,2.0545123404255334
1.543000000000001,2.055580729483284
1.544000000000001,2.0566491185410345
1.5450000000000008,2.057717507598785
1.5460000000000012,2.0587858966565364
1.547000000000001,2.0615457142857174
1.548000000000001,2.0644134954407325
1.5490000000000008,2.067281276595747
1.5500000000000012,2.0701490577507635
1.551000000000001,2.073016838905778
1.552000000000001,2.075884620060793
1.5530000000000008,2.078578082191783
1.5540000000000012,2.0809616438356193
1.555000000000001,2.083345205479455
1.556000000000001,2.08572876712329
1.5570000000000008,2.0881123287671253
1.5580000000000012,2.0904958904109616
1.559000000000001,2.092879452054797
1.560000000000001,2.0953225835866283
1.5610000000000008,2.0977815501519776
1.5620000000000012,2.100240516717328
1.563000000000001,2.102699483282677
1.564000000000001,2.1051584498480262
1.5650000000000008,2.1076174164133756
1.5660000000000012,2.1100186170212787
1.567000000000001,2.112202507598786
1.568000000000001,2.114386398176294
1.5690000000000008,2.116570288753801
1.5700000000000012,2.1187541793313094
1.571000000000001,2.1209380699088167
1.572000000000001,2.123121960486324
1.5730000000000008,2.125266595744683
1.5740000000000012,2.1273881762917957
1.575000000000001,2.129509756838908
1.576000000000001,2.13163133738602
1.5770000000000008,2.1337529179331325
1.5780000000000012,2.135874498480246
1.579000000000001,2.1380289649923925
1.580000000000001,2.140808264840185
1.5810000000000008,2.143587564687978
1.5820000000000012,2.146366864535772
1.583000000000001,2.1491461643835645
1.584000000000001,2.151925464231357
1.5850000000000009,2.15470476407915
1.5860000000000012,2.1572602735562336
1.587000000000001,2.159573343465048
1.588000000000001,2.1618864133738622
1.5890000000000009,2.1641994832826765
1.5900000000000012,2.1665125531914917
1.591000000000001,2.1688256231003065
1.592000000000001,2.1711386930091208
1.5930000000000009,2.1728198480243175
1.5940000000000012,2.1744307902735582
1.595000000000001,2.176041732522798
1.596000000000001,2.1776526747720384
1.5970000000000009,2.1792636170212782
1.5980000000000012,2.180874559270519
1.599000000000001,2.182739848024319
1.600000000000001,2.185145623100307
1.6010000000000009,2.187551398176294
1.6020000000000012,2.1899571732522825
1.603000000000001,2.19236294832827
1.604000000000001,2.1947687234042577
1.6050000000000009,2.197174498480245
1.6060000000000012,2.1996230091185436
1.607000000000001,2.2020865349544096
1.608000000000001,2.2045500607902757
1.6090000000000009,2.2070135866261418
1.6100000000000012,2.209477112462009
1.611000000000001,2.2119406382978752
1.612000000000001,2.214240516717327
1.6130000000000009,2.2156812462006092
1.6140000000000012,2.2171219756838925
1.615000000000001,2.218562705167175
1.616000000000001,2.2200034346504576
1.6170000000000009,2.22144416413374
1.6180000000000012,2.222884893617023
1.619000000000001,2.224642066869303
1.620000000000001,2.2266283890577525
1.6210000000000009,2.2286147112462023
1.6220000000000012,2.230601033434653
1.623000000000001,2.2325873556231026
1.624000000000001,2.234573677811552
1.6250000000000009,2.23656
1.6260000000000012,2.23657367781155
1.6270000000000011,2.2365873556231004
1.628000000000001,2.2366010334346504
1.629000000000001,2.2366147112462005
1.6300000000000012,2.236628389057751
1.6310000000000011,2.236642066869301
1.632000000000001,2.2373463829787252
1.633000000000001,2.239004437689971
1.6340000000000012,2.240662492401218
1.6350000000000011,2.2423205471124636
1.636000000000001,2.24397860182371
1.637000000000001,2.245636656534956
1.6380000000000012,2.2472947112462025
1.6390000000000011,2.2501195744680884
1.640000000000001,2.253166686930094
1.641000000000001,2.2562137993921
1.6420000000000012,2.2592609118541067
1.6430000000000011,2.2623080243161127
1.644000000000001,2.265355136778118
1.645000000000001,2.267741826813521
1.6460000000000012,2.26824885301937
1.6470000000000011,2.268755879225219
1.648000000000001,2.269262905431068
1.649000000000001,2.269769931636916
1.6500000000000012,2.2702769578427655
1.6510000000000011,2.2707839840486144
1.652000000000001,2.271291010254463
1.653000000000001,2.2717980364603116
1.6540000000000012,2.272305062666161
1.6550000000000011,2.2728120888720094
1.656000000000001,2.273319115077858
1.657000000000001,2.273826141283707
1.6580000000000013,2.274333167489556
1.6590000000000011,2.274840193695405
1.660000000000001,2.2753472199012537
1.661000000000001,2.2758542461071025
1.6620000000000013,2.2763612723129514
1.6630000000000011,2.2768682985188002
1.664000000000001,2.277375324724649
1.665000000000001,2.277882350930498
1.6660000000000013,2.278389377136347
1.6670000000000011,2.2788964033421957
1.668000000000001,2.2794034295480445
1.669000000000001,2.2799104557538934
1.6700000000000013,2.2804174819597423
1.6710000000000012,2.280924508165591
1.672000000000001,2.2831728072837656
1.673000000000001,2.2855521699544785
1.6740000000000013,2.2879315326251928
1.6750000000000012,2.2903108952959057
1.676000000000001,2.2926902579666186
1.677000000000001,2.2950696206373316
1.6780000000000013,2.2972001215805493
1.6790000000000012,2.298847537993923
1.680000000000001,2.3004949544072963
1.681000000000001,2.30214237082067
1.6820000000000013,2.3037897872340443
1.6830000000000012,2.305437203647418
1.684000000000001,2.3070846200607917
1.685000000000001,2.3085091185410347
1.6860000000000013,2.3098632218845
1.6870000000000012,2.311217325227965
1.688000000000001,2.31257142857143
1.689000000000001,2.313925531914895
1.6900000000000013,2.3152796352583604
1.6910000000000012,2.316773490136573
1.692000000000001,2.3189039908952984
1.693000000000001,2.3210344916540233
1.6940000000000013,2.3231649924127495
1.6950000000000012,2.3252954931714744
1.696000000000001,2.3274259939301998
1.697000000000001,2.3295564946889247
1.6980000000000013,2.3312809270516737
1.6990000000000012,2.332723176291795
1.700000000000001,2.3341654255319164
1.701000000000001,2.335607674772038
1.7020000000000013,2.33704992401216
1.7030000000000012,2.3384921732522814
1.704000000000001,2.339931274658575
1.705000000000001,2.341058740515934
1.7060000000000013,2.3421862063732943
1.7070000000000012,2.343313672230654
1.708000000000001,2.3444411380880132
1.709000000000001,2.345568603945373
1.7100000000000013,2.346696069802733
1.7110000000000012,2.3470595744680844
1.712000000000001,2.3463680851063824
1.713000000000001,2.3456765957446803
1.7140000000000013,2.344985106382978
1.7150000000000012,2.344293617021276
1.716000000000001,2.3436021276595738
1.717000000000001,2.3429106382978717
1.7180000000000013,2.3461523520485645
1.7190000000000012,2.350143247344467
1.720000000000001,2.354134142640369
1.721000000000001,2.3581250379362717
1.7220000000000013,2.3621159332321757
1.7230000000000012,2.366106828528078
1.724000000000001,2.3687622340425514
1.725000000000001,2.3674111702127645
1.7260000000000013,2.3660601063829767
1.7270000000000012,2.36470904255319
1.728000000000001,2.3633579787234025
1.729000000000001,2.3620069148936156
1.7300000000000013,2.360655851063828
1.7310000000000012,2.361607951441581
1.732000000000001,2.363694446130503
1.733000000000001,2.3657809408194255
1.7340000000000013,2.3678674355083484
1.7350000000000012,2.369953930197271
1.736000000000001,2.3720404248861935
1.737000000000001,2.374013414264037
1.7380000000000013,2.3746810925644923
1.7390000000000012,2.3753487708649477
1.740000000000001,2.3760164491654026
1.741000000000001,2.376684127465858
1.7420000000000013,2.377351805766313
1.7430000000000012,2.3780194840667686
1.744000000000001,2.3792186170212783
1.745000000000001,2.3809708966565366
1.7460000000000013,2.3827231762917958
1.7470000000000012,2.384475455927054
1.748000000000001,2.386227735562312
1.749000000000001,2.38798001519757
1.7500000000000013,2.3897322948328292
1.7510000000000012,2.38950473444613
1.7520000000000011,2.3890813657056142
1.753000000000001,2.3886579969650987
1.7540000000000013,2.3882346282245823
1.7550000000000012,2.3878112594840664
1.7560000000000011,2.3873878907435504
1.757000000000001,2.387621031866466
1.7580000000000013,2.3892492564491676
1.7590000000000012,2.3908774810318687
1.7600000000000011,2.3925057056145693
1.761000000000001,2.39413393019727
1.7620000000000013,2.3957621547799715
1.7630000000000012,2.3973903793626725
1.7640000000000011,2.398204984802432
1.765000000000001,2.398718662613982
1.7660000000000013,2.3992323404255327
1.7670000000000012,2.3997460182370824
1.7680000000000011,2.4002596960486327
1.769000000000001,2.400773373860183
1.7700000000000014,2.4013415629742045
1.7710000000000012,2.4022186494688933
1.7720000000000011,2.403095735963582
1.773000000000001,2.403972822458271
1.7740000000000014,2.40484990895296
1.7750000000000012,2.405726995447649
1.7760000000000011,2.4066040819423375
1.777000000000001,2.4070494840667678
1.7780000000000014,2.4071557056145676
1.7790000000000012,2.4072619271623674
1.7800000000000011,2.4073681487101672
1.781000000000001,2.4074743702579666
1.7820000000000014,2.4075805918057664
1.7830000000000013,2.4076868133535663
1.7840000000000011,2.4070614871016685
1.785000000000001,2.4064135356600906
1.7860000000000014,2.405765584218512
1.7870000000000013,2.405117632776934
1.7880000000000011,2.404469681335356
1.789000000000001,2.403821729893778
1.7900000000000014,2.4035307132018215
1.7910000000000013,2.403822063732929
1.7920000000000011,2.404113414264037
1.793000000000001,2.4044047647951445
1.7940000000000014,2.4046961153262525
1.7950000000000013,2.4049874658573605
1.7960000000000012,2.405278816388468
1.797000000000001,2.4070374810318693
1.7980000000000014,2.4091861911987893
1.7990000000000013,2.411334901365709
1.8000000000000012,2.413483611532628
1.801000000000001,2.4156323216995474
1.8020000000000014,2.4177810318664674
1.8030000000000013,2.4194672230652503
1.8040000000000012,2.419303338391502
1.805000000000001,2.4191394537177544
1.8060000000000014,2.4189755690440062
1.8070000000000013,2.418811684370258
1.8080000000000012,2.41864779969651
1.809000000000001,2.4184839150227617
1.8100000000000014,2.419384522003037
1.8110000000000013,2.4209657056145697
1.8120000000000012,2.422546889226102
1.813000000000001,2.4241280728376347
1.8140000000000014,2.425709256449168
1.8150000000000013,2.4272904400607
1.8160000000000012,2.4288589377845233
1.817000000000001,2.4298058270106235
1.8180000000000014,2.4307527162367237
1.8190000000000013,2.431699605462824
1.8200000000000012,2.4326464946889237
1.821000000000001,2.433593383915024
1.8220000000000014,2.4345402731411245
1.8230000000000013,2.4350454172989378
1.8240000000000012,2.4349649924127466
1.825000000000001,2.4348845675265554
1.8260000000000014,2.434804142640364
1.8270000000000013,2.434723717754173
1.8280000000000012,2.4346432928679818
1.829000000000001,2.4345628679817906
1.8300000000000014,2.4350955538695005
1.8310000000000013,2.435745022761761
1.8320000000000012,2.436394491654022
1.833000000000001,2.437043960546283
1.8340000000000014,2.437693429438544
1.8350000000000013,2.438342898330805
1.8360000000000012,2.4389073899848257
1.837000000000001,2.439216949924128
1.8380000000000014,2.4395265098634296
1.8390000000000013,2.4398360698027317
1.8400000000000012,2.4401456297420334
1.841000000000001,2.4404551896813356
1.8420000000000014,2.4407647496206377
1.8430000000000013,2.441082321699545
1.8440000000000012,2.4414040212443098
1.845000000000001,2.4417257207890746
1.8460000000000014,2.4420474203338394
1.8470000000000013,2.442369119878604
1.8480000000000012,2.442690819423369
1.849000000000001,2.4430539453717763
1.8500000000000014,2.443967450682854
1.8510000000000013,2.4448809559939315
1.8520000000000012,2.4457944613050087
1.853000000000001,2.446707966616086
1.8540000000000014,2.4476214719271634
1.8550000000000013,2.448534977238241
1.8560000000000012,2.449418000000001
1.857000000000001,2.450268000000001
1.8580000000000014,2.451118000000001
1.8590000000000013,2.4519680000000013
1.8600000000000012,2.452818000000001
1.861000000000001,2.4536680000000013
1.8620000000000014,2.4545180000000015
1.8630000000000013,2.454746858877087
1.8640000000000012,2.454891016691958
1.865000000000001,2.455035174506829
1.8660000000000014,2.4551793323217
1.8670000000000013,2.455323490136571
1.8680000000000012,2.455467647951442
1.869000000000001,2.4557227010622165
1.8700000000000014,2.4562492564491665
1.8710000000000013,2.4567758118361165
1.8720000000000012,2.457302367223066
1.873000000000001,2.457828922610016
1.8740000000000014,2.458355477996966
1.8750000000000013,2.458882033383916
1.8760000000000012,2.4598195454545473
1.8770000000000011,2.4609331818181834
1.8780000000000014,2.46204681818182
1.8790000000000013,2.463160454545456
1.8800000000000012,2.4642740909090923
1.8810000000000011,2.465387727272729
1.8820000000000014,2.4664429590288326
1.8830000000000013,2.466972549317148
1.8840000000000012,2.4675021396054633
1.8850000000000011,2.468031729893779
1.8860000000000015,2.468561320182095
1.8870000000000013,2.46909091047041
1.8880000000000012,2.469620500758726
1.8890000000000011,2.4700045978755694
1.8900000000000015,2.4702489074355087
1.8910000000000013,2.470493216995448
1.8920000000000012,2.4707375265553875
1.8930000000000011,2.4709818361153264
1.8940000000000015,2.471226145675266
1.8950000000000014,2.4714704552352056
1.8960000000000012,2.4715833939393943
1.8970000000000011,2.4716849090909094
1.8980000000000015,2.4717864242424246
1.8990000000000014,2.4718879393939392
1.9000000000000012,2.4719894545454544
1.9010000000000011,2.4720909696969695
1.9020000000000015,2.4725460394537193
1.9030000000000014,2.473752412746587
1.9040000000000012,2.474958786039455
1.9050000000000011,2.476165159332323
1.9060000000000015,2.4773715326251913
1.9070000000000014,2.478577905918059
1.9080000000000013,2.479784279210927
1.9090000000000011,2.4797859242424236
1.9100000000000015,2.479341984848484
1.9110000000000014,2.4788980454545446
1.9120000000000013,2.4784541060606053
1.9130000000000011,2.478010166666666
1.9140000000000015,2.4775662272727264
1.9150000000000014,2.4773060546282255
1.9160000000000013,2.4782757056145686
1.9170000000000011,2.4792453566009116
1.9180000000000015,2.4802150075872547
1.9190000000000014,2.4811846585735977
1.9200000000000013,2.4821543095599408
1.9210000000000012,2.483123960546284
1.9220000000000015,2.4837369090909096
1.9230000000000014,2.4840460000000006
1.9240000000000013,2.4843550909090912
1.9250000000000012,2.4846641818181823
1.9260000000000015,2.4849732727272733
1.9270000000000014,2.485282363636364
1.9280000000000013,2.485591454545455
1.9290000000000012,2.4863246282245837
1.9300000000000015,2.4870848710166933
1.9310000000000014,2.4878451138088025
1.9320000000000013,2.4886053566009116
1.9330000000000012,2.489365599393021
1.9340000000000015,2.4901258421851304
1.9350000000000014,2.490962045454547
1.9360000000000013,2.4919393181818195
1.9370000000000012,2.492916590909092
1.9380000000000015,2.4938938636363654
1.9390000000000014,2.494871136363638
1.9400000000000013,2.4958484090909105
1.9410000000000012,2.496825681818183
1.9420000000000015,2.4978950000000015
1.9430000000000014,2.4989950000000016
1.9440000000000013,2.5000950000000013
1.9450000000000012,2.5011950000000014
1.9460000000000015,2.5022950000000015
1.9470000000000014,2.5033950000000016
1.9480000000000013,2.504519833080426
1.9490000000000012,2.5057853869499254
1.9500000000000015,2.507050940819425
1.9510000000000014,2.5083164946889243
1.9520000000000013,2.509582048558423
1.9530000000000012,2.5108476024279223
1.9540000000000015,2.512113156297422
1.9550000000000014,2.512990727272728
1.9560000000000013,2.513563454545455
1.9570000000000012,2.5141361818181824
1.9580000000000015,2.51470890909091
1.9590000000000014,2.5152816363636368
1.9600000000000013,2.515854363636364
1.9610000000000012,2.5164270909090916
1.9620000000000015,2.519466727272732
1.9630000000000014,2.5226091515151556
1.9640000000000013,2.5257515757575795
1.9650000000000012,2.5288940000000038
1.9660000000000015,2.532036424242429
1.9670000000000014,2.5351788484848528
1.9680000000000013,2.5359878181818143
1.9690000000000012,2.5326484242424208
1.9700000000000015,2.529309030303026
1.9710000000000014,2.5259696363636324
1.9720000000000013,2.522630242424239
1.9730000000000012,2.5192908484848453
1.9740000000000015,2.5159514545454504
1.9750000000000014,2.5161345454545474
1.9760000000000013,2.5174300000000014
1.9770000000000012,2.518725454545456
1.9780000000000015,2.5200209090909107
1.9790000000000014,2.521316363636365
1.9800000000000013,2.5226118181818196
1.9810000000000012,2.5239459484066784
1.9820000000000015,2.5254831259484085
1.9830000000000014,2.5270203034901386
1.9840000000000013,2.5285574810318683
1.9850000000000012,2.530094658573598
1.9860000000000015,2.5316318361153285
1.9870000000000014,2.533169013657058
1.9880000000000013,2.533939681818182
1.9890000000000012,2.534132106060606
1.9900000000000015,2.5343245303030306
1.9910000000000014,2.5345169545454547
1.9920000000000013,2.534709378787879
1.9930000000000012,2.534901803030303
1.9940000000000015,2.5350942272727277
1.9950000000000014,2.5323472575757533
1.9960000000000013,2.529509378787875
1.9970000000000012,2.526671499999997
1.9980000000000016,2.523833621212117
1.9990000000000014,2.5209957424242386
2.0000000000000013,2.51815786363636
2.0010000000000012,2.5169384545454565
2.0020000000000016,2.518474818181821
2.0030000000000014,2.5200111818181843
2.0040000000000013,2.5215475454545477
2.0050000000000012,2.523083909090911
2.0060000000000016,2.5246202727272755
2.0070000000000014,2.526156636363639
2.0080000000000013,2.527774666666669
2.0090000000000012,2.529417090909093
2.0100000000000016,2.531059515151518
2.0110000000000015,2.532701939393942
2.0120000000000013,2.534344363636366
2.0130000000000012,2.53598678787879
2.0140000000000016,2.5374705454545468
2.0150000000000015,2.5381796363636373
2.0160000000000013,2.5388887272727283
2.0170000000000012,2.5395978181818193
2.0180000000000016,2.5403069090909103
2.0190000000000015,2.5410160000000013
2.0200000000000014,2.5417250909090923
2.0210000000000012,2.541675909090908
2.0220000000000016,2.5410546969696957
2.0230000000000015,2.5404334848484837
2.0240000000000014,2.539812272727272
2.0250000000000012,2.5391910606060595
2.0260000000000016,2.538569848484847
2.0270000000000015,2.537948636363635
2.0280000000000014,2.538626636363637
2.0290000000000012,2.539344818181819
2.0300000000000016,2.5400630000000013
2.0310000000000015,2.540781181818183
2.0320000000000014,2.5414993636363645
2.0330000000000013,2.5422175454545464
2.0340000000000016,2.5432918910741327
2.0350000000000015,2.5449726777609705
2.0360000000000014,2.5466534644478083
2.0370000000000013,2.548334251134646
2.0380000000000016,2.5500150378214848
2.0390000000000015,2.5516958245083226
2.0400000000000014,2.5533766111951604
2.0410000000000013,2.5526399999999985
2.0420000000000016,2.5511399999999975
2.0430000000000015,2.549639999999998
2.0440000000000014,2.5481399999999983
2.0450000000000013,2.5466399999999982
2.0460000000000016,2.5451399999999977
2.0470000000000015,2.544224242424246
2.0480000000000014,2.5463757575757606
2.0490000000000013,2.5485272727272754
2.0500000000000016,2.550678787878791
2.0510000000000015,2.552830303030306
2.0520000000000014,2.5549818181818207
2.0530000000000013,2.5571333333333355
2.0540000000000016,2.5580783030303027
2.0550000000000015,2.5580752727272724
2.0560000000000014,2.558072242424242
2.0570000000000013,2.558069212121212
2.0580000000000016,2.5580661818181816
2.0590000000000015,2.5580631515151513
2.0600000000000014,2.558060121212121
2.0610000000000013,2.5577196363636356
2.0620000000000016,2.5573650909090904
2.0630000000000015,2.5570105454545446
2.0640000000000014,2.5566559999999994
2.0650000000000013,2.556301454545454
2.0660000000000016,2.5559469090909084
2.0670000000000015,2.555672617246596
2.0680000000000014,2.5555409984871407
2.0690000000000013,2.5554093797276853
2.0700000000000016,2.5552777609682296
2.0710000000000015,2.5551461422087742
2.0720000000000014,2.555014523449319
2.0730000000000013,2.5548829046898636
2.0740000000000016,2.5545977272727267
2.0750000000000015,2.554261363636363
2.0760000000000014,2.5539249999999996
2.0770000000000013,2.553588636363636
2.0780000000000016,2.553252272727272
2.0790000000000015,2.5529159090909084
2.0800000000000014,2.552631590909091
2.0810000000000013,2.5526421969696966
2.0820000000000016,2.552652803030303
2.0830000000000015,2.552663409090909
2.0840000000000014,2.5526740151515153
2.0850000000000013,2.5526846212121215
2.0860000000000016,2.5526952272727272
2.0870000000000015,2.552377987897125
2.0880000000000014,2.551792511346444
2.0890000000000013,2.5512070347957634
2.0900000000000016,2.550621558245082
2.0910000000000015,2.5500360816944014
2.0920000000000014,2.5494506051437207
2.0930000000000013,2.54886512859304
2.0940000000000016,2.5484924545454537
2.0950000000000015,2.548133363636363
2.0960000000000014,2.547774272727272
2.0970000000000013,2.547415181818181
2.0980000000000016,2.54705609090909
2.0990000000000015,2.546696999999999
2.1000000000000014,2.5462671104387278
2.1010000000000013,2.545699788199696
2.1020000000000016,2.5451324659606644
2.1030000000000015,2.544565143721633
2.1040000000000014,2.543997821482601
2.1050000000000013,2.5434304992435695
2.1060000000000016,2.542863177004538
2.1070000000000015,2.54362581818182
2.1080000000000014,2.5448803636363655
2.1090000000000013,2.546134909090911
2.1100000000000017,2.5473894545454567
2.1110000000000015,2.548644000000002
2.1120000000000014,2.5498985454545475
2.1130000000000013,2.5510993494705003
2.1140000000000017,2.551940499243572
2.1150000000000015,2.552781649016643
2.1160000000000014,2.5536227987897138
2.1170000000000013,2.554463948562785
2.1180000000000017,2.5553050983358565
2.1190000000000015,2.556146248108927
2.1200000000000014,2.554778060606055
2.1210000000000013,2.55137048484848
2.1220000000000017,2.547962909090903
2.1230000000000016,2.5445553333333275
2.1240000000000014,2.5411477575757524
2.1250000000000013,2.537740181818177
2.1260000000000017,2.5343326060606
2.1270000000000016,2.5375451437216396
2.1280000000000014,2.5413333434190672
2.1290000000000013,2.545121543116495
2.1300000000000017,2.5489097428139242
2.1310000000000016,2.552697942511352
2.1320000000000014,2.5564861422087795
2.1330000000000013,2.5591056278366113
2.1340000000000017,2.5591237821482604
2.1350000000000016,2.5591419364599095
2.1360000000000015,2.5591600907715586
2.1370000000000013,2.5591782450832072
2.1380000000000017,2.5591963993948563
2.1390000000000016,2.5592145537065054
2.1400000000000015,2.559036515151515
2.1410000000000013,2.5587743939393937
2.1420000000000017,2.5585122727272727
2.1430000000000016,2.5582501515151512
2.1440000000000015,2.5579880303030302
2.1450000000000014,2.557725909090909
2.1460000000000017,2.557555506807868
2.1470000000000016,2.5582105748865365
2.1480000000000015,2.558865642965205
2.1490000000000014,2.5595207110438736
2.1500000000000017,2.5601757791225426
2.1510000000000016,2.560830847201211
2.1520000000000015,2.56148591527988
2.1530000000000014,2.5615813010590007
2.1540000000000017,2.5610941603630852
2.1550000000000016,2.56060701966717
2.1560000000000015,2.560119878971255
2.1570000000000014,2.55963273827534
2.1580000000000017,2.5591455975794246
2.1590000000000016,2.558658456883509
2.1600000000000015,2.559302666666668
2.1610000000000014,2.560101151515153
2.1620000000000017,2.560899636363638
2.1630000000000016,2.561698121212123
2.1640000000000015,2.5624966060606074
2.1650000000000014,2.5632950909090924
2.1660000000000017,2.564089848714071
2.1670000000000016,2.564875022692891
2.1680000000000015,2.5656601966717107
2.1690000000000014,2.5664453706505306
2.1700000000000017,2.567230544629351
2.1710000000000016,2.5680157186081707
2.1720000000000015,2.5688008925869905
2.1730000000000014,2.565828593040841
2.1740000000000017,2.5610055975794173
2.1750000000000016,2.556182602117996
2.1760000000000015,2.5513596066565745
2.1770000000000014,2.5465366111951533
2.1780000000000017,2.54171361573373
2.1790000000000016,2.5372430862329813
2.1800000000000015,2.5382945234493204
2.1810000000000014,2.539345960665659
2.1820000000000017,2.5403973978819985
2.1830000000000016,2.541448835098337
2.1840000000000015,2.542500272314676
2.1850000000000014,2.5435517095310147
2.1860000000000017,2.5428930105900105
2.1870000000000016,2.540144145234489
2.1880000000000015,2.537395279878967
2.1890000000000014,2.5346464145234453
2.1900000000000017,2.5318975491679225
2.1910000000000016,2.5291486838124007
2.1920000000000015,2.526399818456879
2.1930000000000014,2.530622571860825
2.1940000000000017,2.536173252647514
2.1950000000000016,2.5417239334342
2.1960000000000015,2.547274614220886
2.1970000000000014,2.5528252950075716
2.1980000000000017,2.5583759757942603
2.1990000000000016,2.5624728895612696
2.2000000000000015,2.5617028441754908
2.2010000000000014,2.5609327987897115
2.2020000000000017,2.560162753403932
2.2030000000000016,2.5593927080181533
2.2040000000000015,2.558622662632374
2.2050000000000014,2.557852617246595
2.2060000000000017,2.5581809379727702
2.2070000000000016,2.559182450832074
2.2080000000000015,2.560183963691378
2.2090000000000014,2.561185476550682
2.2100000000000017,2.5621869894099865
2.2110000000000016,2.5631885022692904
2.2120000000000015,2.564149455370646
2.2130000000000014,2.561094992435699
2.2140000000000017,2.5580405295007513
2.2150000000000016,2.5549860665658044
2.2160000000000015,2.5519316036308575
2.2170000000000014,2.548877140695911
2.2180000000000017,2.5458226777609627
2.2190000000000016,2.5452765355521993
2.2200000000000015,2.548492874432683
2.2210000000000014,2.551709213313167
2.2220000000000018,2.554925552193652
2.2230000000000016,2.558141891074136
2.2240000000000015,2.56135822995462
2.2250000000000014,2.564574568835104
2.2260000000000018,2.566013706505297
2.2270000000000016,2.5669804236006066
2.2280000000000015,2.567947140695917
2.2290000000000014,2.5689138577912267
2.2300000000000018,2.5698805748865374
2.2310000000000016,2.5708472919818472
2.2320000000000015,2.5714599999999983
2.2330000000000014,2.5704599999999984
2.2340000000000018,2.569459999999998
2.2350000000000017,2.568459999999998
2.2360000000000015,2.5674599999999987
2.2370000000000014,2.566459999999999
2.2380000000000018,2.5654599999999985
2.2390000000000017,2.565562057488655
2.2400000000000015,2.5664954916792753
2.2410000000000014,2.5674289258698955
2.2420000000000018,2.568362360060516
2.2430000000000017,2.5692957942511363
2.2440000000000015,2.5702292284417565
2.2450000000000014,2.5711626626323767
2.2460000000000018,2.5709516490166413
2.2470000000000017,2.570692950075643
2.2480000000000016,2.5704342511346443
2.2490000000000014,2.570175552193646
2.2500000000000018,2.5699168532526473
2.2510000000000017,2.569658154311649
2.2520000000000016,2.5698394712990953
2.2530000000000014,2.570837960725077
2.254000000000002,2.571836450151059
2.2550000000000017,2.572834939577041
2.2560000000000016,2.5738334290030225
2.2570000000000014,2.5748319184290045
2.258000000000002,2.5758304078549865
2.2590000000000017,2.5759177760968224
2.2600000000000016,2.5756681543116486
2.2610000000000015,2.5754185325264745
2.262000000000002,2.5751689107413007
2.2630000000000017,2.5749192889561265
2.2640000000000016,2.574669667170953
2.2650000000000015,2.574479773071105
2.266000000000002,2.5747278819969748
2.2670000000000017,2.574975990922845
2.2680000000000016,2.5752240998487146
2.2690000000000015,2.5754722087745847
2.270000000000002,2.5757203177004544
2.2710000000000017,2.5759684266263245
2.2720000000000016,2.57635850226929
2.2730000000000015,2.5768849773071114
2.274000000000002,2.577411452344933
2.2750000000000017,2.5779379273827545
2.2760000000000016,2.578464402420576
2.2770000000000015,2.578990877458397
2.278000000000002,2.579517352496219
2.2790000000000017,2.5803775528700923
2.2800000000000016,2.5812748338368596
2.2810000000000015,2.5821721148036265
2.282000000000002,2.5830693957703943
2.2830000000000017,2.5839666767371616
2.2840000000000016,2.5848639577039285
2.2850000000000015,2.5852893040847187
2.286000000000002,2.5845011043872903
2.2870000000000017,2.5837129046898624
2.2880000000000016,2.5829247049924344
2.2890000000000015,2.582136505295006
2.290000000000002,2.5813483055975777
2.2910000000000017,2.5805601059001497
2.2920000000000016,2.5805449244712997
2.2930000000000015,2.5809104833836862
2.294000000000002,2.581276042296073
2.2950000000000017,2.5816416012084598
2.2960000000000016,2.5820071601208463
2.2970000000000015,2.5823727190332333
2.298000000000002,2.5827149319213314
2.2990000000000017,2.5826135703479576
2.3000000000000016,2.5825122087745838
2.3010000000000015,2.5824108472012104
2.302000000000002,2.5823094856278366
2.3030000000000017,2.5822081240544628
2.3040000000000016,2.5821067624810894
2.3050000000000015,2.582264018126889
2.306000000000002,2.5827504229607263
2.3070000000000017,2.583236827794563
2.3080000000000016,2.5837232326283996
2.3090000000000015,2.5842096374622363
2.310000000000002,2.5846960422960734
2.3110000000000017,2.58518244712991
2.3120000000000016,2.5847998335854756
2.3130000000000015,2.5842264599092273
2.314000000000002,2.5836530862329794
2.3150000000000017,2.583079712556731
2.3160000000000016,2.582506338880483
2.3170000000000015,2.5819329652042353
2.318000000000002,2.581514894259819
2.3190000000000017,2.581681057401813
2.3200000000000016,2.581847220543807
2.3210000000000015,2.582013383685801
2.322000000000002,2.582179546827795
2.3230000000000017,2.582345709969789
2.3240000000000016,2.5825118731117827
2.3250000000000015,2.5826522995461425
2.326000000000002,2.5827748411497735
2.3270000000000017,2.582897382753404
2.3280000000000016,2.583019924357035
2.3290000000000015,2.583142465960666
2.330000000000002,2.5832650075642967
2.3310000000000017,2.5833875491679277
2.3320000000000016,2.582831903323262
2.3330000000000015,2.5822624169184283
2.334000000000002,2.5816929305135945
2.3350000000000017,2.5811234441087607
2.3360000000000016,2.580553957703927
2.3370000000000015,2.579984471299093
2.338000000000002,2.580636374622362
2.3390000000000017,2.583459637462241
2.3400000000000016,2.5862829003021197
2.3410000000000015,2.5891061631419987
2.342000000000002,2.5919294259818786
2.3430000000000017,2.5947526888217576
2.3440000000000016,2.597575951661636
2.3450000000000015,2.5964907866868336
2.346000000000002,2.5940323903176954
2.3470000000000018,2.591573993948558
2.3480000000000016,2.5891155975794207
2.3490000000000015,2.5866572012102833
2.350000000000002,2.584198804841145
2.3510000000000018,2.5820825830815712
2.3520000000000016,2.5822562990936557
2.3530000000000015,2.58243001510574
2.354000000000002,2.5826037311178247
2.3550000000000018,2.5827774471299096
2.3560000000000016,2.582951163141994
2.3570000000000015,2.5831248791540786
2.358000000000002,2.583909516616316
2.3590000000000018,2.5852811178247754
2.3600000000000017,2.5866527190332347
2.3610000000000015,2.588024320241694
2.362000000000002,2.5893959214501536
2.3630000000000018,2.590767522658613
2.3640000000000017,2.592139123867072
2.3650000000000015,2.591770272314674
2.366000000000002,2.5911863086232967
2.3670000000000018,2.5906023449319204
2.3680000000000017,2.5900183812405437
2.3690000000000015,2.589434417549167
2.370000000000002,2.58885045385779
2.3710000000000018,2.5872651661631343
2.3720000000000017,2.5831050453172133
2.3730000000000016,2.5789449244712928
2.374000000000002,2.57478480362537
2.3750000000000018,2.5706246827794494
2.3760000000000017,2.5664645619335285
2.3770000000000016,2.562304441087608
2.378000000000002,2.562927824773419
2.379000000000002,2.5660154380664704
2.3800000000000017,2.5691030513595217
2.3810000000000016,2.572190664652573
2.382000000000002,2.5752782779456256
2.383000000000002,2.578365891238677
2.3840000000000017,2.5812913897280945
2.3850000000000016,2.580326132930512
2.386000000000002,2.5793608761329283
2.387000000000002,2.5783956193353457
2.3880000000000017,2.5774303625377626
2.3890000000000016,2.57646510574018
2.390000000000002,2.5754998489425964
2.391000000000002,2.5747477643504526
2.3920000000000017,2.57429006042296
2.3930000000000016,2.5738323564954677
2.394000000000002,2.573374652567975
2.395000000000002,2.572916948640483
2.3960000000000017,2.57245924471299
2.3970000000000016,2.572001540785498
2.398000000000002,2.5737238972809706
2.399000000000002,2.575991268882179
2.4000000000000017,2.578258640483387
2.4010000000000016,2.5805260120845954
2.4020000000000015,2.5827933836858037
2.403000000000002,2.585060755287013
2.4040000000000017,2.5866467371601183
2.4050000000000016,2.585128610271901
2.406000000000002,2.583610483383683
2.407000000000002,2.582092356495466
2.4080000000000017,2.5805742296072487
2.4090000000000016,2.579056102719031
2.4100000000000015,2.577537975830814
2.411000000000002,2.57697996978852
2.4120000000000017,2.5771763444108764
2.4130000000000016,2.577372719033233
2.414000000000002,2.5775690936555895
2.415000000000002,2.577765468277946
2.4160000000000017,2.5779618429003026
2.4170000000000016,2.578158217522659
2.4180000000000015,2.5793428700906365
2.419000000000002,2.58059060422961
2.4200000000000017,2.5818383383685823
2.4210000000000016,2.583086072507555
2.422000000000002,2.5843338066465282
2.423000000000002,2.5855815407855007
2.4240000000000017,2.5859543504531697
2.4250000000000016,2.584467945619333
2.4260000000000015,2.582981540785496
2.427000000000002,2.5814951359516587
2.4280000000000017,2.580008731117822
2.4290000000000016,2.5785223262839856
2.430000000000002,2.577035921450148
2.431000000000002,2.5764197583081567
2.4320000000000017,2.576176555891238
2.4330000000000016,2.5759333534743196
2.4340000000000015,2.5756901510574015
2.435000000000002,2.575446948640483
2.4360000000000017,2.5752037462235644
2.4370000000000016,2.5750520241691857
2.438000000000002,2.5759523262839896
2.439000000000002,2.576852628398793
2.4400000000000017,2.5777529305135967
2.4410000000000016,2.5786532326284
2.4420000000000015,2.5795535347432037
2.443000000000002,2.5804538368580077
2.4440000000000017,2.5801643137254873
2.4450000000000016,2.5784780392156836
2.446000000000002,2.576791764705879
2.447000000000002,2.5751054901960755
2.4480000000000017,2.5734192156862714
2.4490000000000016,2.571732941176468
2.4500000000000015,2.570046666666664
2.451000000000002,2.5686303474320216
2.4520000000000017,2.5672693202416896
2.4530000000000016,2.5659082930513577
2.454000000000002,2.564547265861025
2.455000000000002,2.5631862386706925
2.4560000000000017,2.5618252114803606
2.4570000000000016,2.561051993957706
2.4580000000000015,2.562490060422963
2.459000000000002,2.56392812688822
2.4600000000000017,2.5653661933534773
2.4610000000000016,2.566804259818734
2.462000000000002,2.568242326283991
2.463000000000002,2.569680392749248
2.4640000000000017,2.5706095619335363
2.4650000000000016,2.5711850906344424
2.4660000000000015,2.5717606193353486
2.467000000000002,2.572336148036255
2.4680000000000017,2.5729116767371614
2.4690000000000016,2.5734872054380675
2.470000000000002,2.5740627341389737
2.471000000000002,2.573278250377072
2.4720000000000018,2.5724517043740556
2.4730000000000016,2.5716251583710394
2.4740000000000015,2.570798612368023
2.475000000000002,2.569972066365006
2.4760000000000018,2.5691455203619893
2.4770000000000016,2.568934350453174
2.478000000000002,2.5699177341389747
2.479000000000002,2.5709011178247754
2.4800000000000018,2.571884501510576
2.4810000000000016,2.5728678851963767
2.4820000000000015,2.573851268882177
2.483000000000002,2.574834652567978
2.4840000000000018,2.5741387613293023
2.4850000000000017,2.5727898187311156
2.486000000000002,2.5714408761329275
2.487000000000002,2.5700919335347407
2.4880000000000018,2.5687429909365536
2.4890000000000017,2.5673940483383664
2.4900000000000015,2.5661940271493218
2.491000000000002,2.566334298642534
2.4920000000000018,2.566474570135747
2.4930000000000017,2.5666148416289594
2.494000000000002,2.566755113122172
2.495000000000002,2.566895384615385
2.4960000000000018,2.5670356561085974
2.4970000000000017,2.5668917602427914
2.4980000000000016,2.5664274203338384
2.499000000000002,2.5659630804248854
2.5000000000000018,2.5654987405159324
2.5010000000000017,2.5650344006069794
2.502000000000002,2.5645700606980264
2.503000000000002,2.5641057207890734
2.504000000000002,2.563352666666665
2.5050000000000017,2.562560242424241
2.5060000000000016,2.561767818181817
2.507000000000002,2.560975393939392
2.508000000000002,2.5601829696969682
2.5090000000000017,2.5593905454545443
2.510000000000002,2.5588857575757578
2.511000000000002,2.559120606060606
2.512000000000002,2.559355454545455
2.5130000000000017,2.5595903030303035
2.5140000000000016,2.559825151515152
2.515000000000002,2.5600600000000004
2.516000000000002,2.5602948484848493
2.5170000000000017,2.561441515151518
2.518000000000002,2.563017272727276
2.519000000000002,2.5645930303030333
2.520000000000002,2.566168787878791
2.5210000000000017,2.567744545454548
2.5220000000000016,2.5693203030303056
2.523000000000002,2.5705737025796616
2.524000000000002,2.568119984825489
2.5250000000000017,2.565666267071316
2.526000000000002,2.563212549317142
2.527000000000002,2.560758831562969
2.528000000000002,2.5583051138087964
2.5290000000000017,2.5558513960546234
2.5300000000000016,2.5543468333333323
2.531000000000002,2.553830166666666
2.532000000000002,2.553313499999999
2.5330000000000017,2.5527968333333324
2.534000000000002,2.5522801666666655
2.535000000000002,2.551763499999999
2.536000000000002,2.5512468333333325
2.5370000000000017,2.551837272727274
2.5380000000000016,2.5525645454545467
2.539000000000002,2.55329181818182
2.540000000000002,2.554019090909092
2.5410000000000017,2.5547463636363648
2.542000000000002,2.555473636363638
2.543000000000002,2.5556912121212103
2.544000000000002,2.554660909090907
2.5450000000000017,2.5536306060606044
2.5460000000000016,2.5526003030303013
2.547000000000002,2.551569999999998
2.548000000000002,2.550539696969695
2.5490000000000017,2.5495093939393922
2.550000000000002,2.5495015454545467
2.551000000000002,2.549953060606062
2.552000000000002,2.550404575757577
2.5530000000000017,2.550856090909092
2.5540000000000016,2.551307606060607
2.555000000000002,2.5517591212121222
2.556000000000002,2.552139727272727
2.5570000000000017,2.5518033636363633
2.558000000000002,2.5514669999999993
2.559000000000002,2.5511306363636357
2.560000000000002,2.550794272727272
2.5610000000000017,2.5504579090909085
2.5620000000000016,2.550121545454545
2.563000000000002,2.549275878787876
2.564000000000002,2.547900121212119
2.5650000000000017,2.5465243636363613
2.566000000000002,2.5451486060606032
2.567000000000002,2.5437728484848456
2.568000000000002,2.542397090909088
2.5690000000000017,2.5410213333333305
2.5700000000000016,2.5406919999999995
2.571000000000002,2.5404919999999995
2.572000000000002,2.5402919999999996
2.5730000000000017,2.5400919999999996
2.574000000000002,2.5398919999999996
2.575000000000002,2.5396919999999996
2.576000000000002,2.5393210757575746
2.5770000000000017,2.5385316818181805
2.5780000000000016,2.5377422878787868
2.579000000000002,2.5369528939393926
2.580000000000002,2.5361634999999985
2.5810000000000017,2.5353741060606048
2.582000000000002,2.5345847121212106
2.583000000000002,2.5336970454545438
2.584000000000002,2.5327652272727255
2.5850000000000017,2.531833409090907
2.5860000000000016,2.5309015909090893
2.587000000000002,2.5299697727272705
2.588000000000002,2.5290379545454527
2.5890000000000017,2.5279416818181764
2.590000000000002,2.525182590909085
2.591000000000002,2.522423499999994
2.592000000000002,2.5196644090909035
2.5930000000000017,2.5169053181818133
2.5940000000000016,2.5141462272727226
2.595000000000002,2.511387136363631
2.596000000000002,2.5112861724659656
2.5970000000000018,2.513951830559763
2.598000000000002,2.516617488653561
2.599000000000002,2.5192831467473575
