wave,r
0.4,0.08061001231407372
0.401,0.08046596823907513
0.402,0.07858987576092477
0.403,0.078340955
0.404,0.07827748463470366
0.405,0.07632006
0.406,0.07647794751001974
0.40700000000000003,0.07522894948998018
0.40800000000000003,0.07341591222220561
0.40900000000000003,0.07483813277779446
0.41000000000000003,0.07384671299999995
0.41100000000000003,0.07304019506517935
0.41200000000000003,0.073348865
0.41300000000000003,0.07170184175585245
0.41400000000000003,0.07187742700000002
0.41500000000000004,0.07210355779859394
0.41600000000000004,0.07038341720140587
0.41700000000000004,0.070314273
0.41800000000000004,0.06996225152021478
0.41900000000000004,0.06949399400000003
0.42000000000000004,0.07003660536443632
0.42100000000000004,0.069373049
0.42200000000000004,0.06885894980108398
0.42300000000000004,0.06873905819891601
0.42400000000000004,0.0676336966299374
0.42500000000000004,0.0676966903700626
0.42600000000000005,0.06775652599999996
0.42700000000000005,0.06690844419448808
0.42800000000000005,0.06722789299999997
0.42900000000000005,0.0667119906088078
0.43000000000000005,0.06587287139119213
0.43100000000000005,0.06629452617583648
0.43200000000000005,0.0660121098241635
0.43300000000000005,0.065784194
0.43400000000000005,0.06575630112013878
0.43500000000000005,0.065268315
0.43600000000000005,0.06527760388087238
0.43700000000000006,0.06506569111912762
0.43800000000000006,0.06438199072901545
0.43900000000000006,0.06475489227098459
0.44000000000000006,0.06465738299999997
0.44100000000000006,0.06419249364889348
0.44200000000000006,0.06423550799999998
0.44300000000000006,0.06388136415036699
0.44400000000000006,0.06359640084963299
0.44500000000000006,0.06346247783177335
0.44600000000000006,0.06314565516822661
0.44700000000000006,0.063290529
0.44800000000000006,0.0631836740685493
0.44900000000000007,0.06253238800000001
0.45000000000000007,0.06267393928089438
0.45100000000000007,0.06250202871910561
0.45200000000000007,0.0622015501304874
0.45300000000000007,0.06241459886951261
0.45400000000000007,0.06206333299999997
0.45500000000000007,0.06182534837984619
0.45600000000000007,0.06183549799999998
0.4570000000000001,0.06149738007693925
0.4580000000000001,0.061605074
0.4590000000000001,0.06160242467613647
0.4600000000000001,0.06117003832386351
0.4610000000000001,0.06129507699999999
0.4620000000000001,0.06102701868058318
0.4630000000000001,0.06067943900000003
0.4640000000000001,0.06093917983278162
0.4650000000000001,0.060422457999999984
0.4660000000000001,0.06011641199441013
0.4670000000000001,0.0603158530055899
0.4680000000000001,0.06011593834622309
0.4690000000000001,0.06025056065377693
0.4700000000000001,0.06014488599999994
0.4710000000000001,0.05956930126264741
0.4720000000000001,0.059795565999999994
0.4730000000000001,0.059670318736635246
0.4740000000000001,0.05934398226336472
0.4750000000000001,0.059595164490770146
0.4760000000000001,0.05924424150922977
0.4770000000000001,0.05914013100000001
0.4780000000000001,0.05942105812353872
0.4790000000000001,0.05903341199999999
0.4800000000000001,0.05899751139148217
0.4810000000000001,0.05893665960851782
0.4820000000000001,0.05852147771009582
0.4830000000000001,0.05869248728990422
0.4840000000000001,0.05850730799999996
0.4850000000000001,0.058102865044429505
0.4860000000000001,0.05829902699999998
0.4870000000000001,0.0580836105640787
0.4880000000000001,0.05794001843592127
0.4890000000000001,0.058012504911491736
0.4900000000000001,0.057703654088508194
0.4910000000000001,0.057699736
0.4920000000000001,0.0576787332100279
0.4930000000000001,0.057306159000000016
0.4940000000000001,0.05743883029103707
0.4950000000000001,0.05726793399999997
0.4960000000000001,0.05689062432181359
0.4970000000000001,0.05712280567818646
0.4980000000000001,0.056937675999999986
0.4990000000000001,0.05683967198004019
0.5000000000000001,0.057046677999999976
0.5010000000000001,0.05682218879164585
0.5020000000000001,0.056901354391570444
0.5030000000000001,0.05701440673895307
0.5040000000000001,0.056675728386873854
0.5050000000000001,0.05668980599999999
0.5060000000000001,0.05656275072387378
0.5070000000000001,0.05634894441418928
0.5080000000000001,0.056627819422204254
0.5090000000000001,0.05651441599999998
0.5100000000000001,0.05635120060197603
0.5110000000000001,0.0564113912643894
0.5120000000000001,0.05612461073561054
0.5130000000000001,0.05617018354420546
0.5140000000000001,0.05633299799999997
0.5150000000000001,0.056025401176323535
0.5160000000000001,0.05604302922003898
0.5170000000000001,0.05591703051997399
0.5180000000000001,0.055618899981339766
0.5190000000000001,0.055774873471234686
0.5200000000000001,0.05562199545836707
0.5210000000000001,0.055394913812449334
0.5220000000000001,0.05543471060195204
0.5230000000000001,0.05527515300000001
0.5240000000000001,0.05532907823222234
0.5250000000000001,0.05545229178132871
0.5260000000000001,0.05514135821867122
0.5270000000000001,0.05502354117813176
0.5280000000000001,0.05488882999999998
0.5290000000000001,0.05468733091175914
0.5300000000000001,0.0547829137577921
0.5310000000000001,0.05470817349480525
0.5320000000000001,0.05456943238742385
0.5330000000000001,0.054607989141361384
0.5340000000000001,0.05442212785385731
0.5350000000000001,0.05436482071921403
0.5360000000000001,0.05443113633680675
0.5370000000000001,0.05424752800000001
0.5380000000000001,0.05430261026010521
0.5390000000000001,0.054328614515614194
0.5400000000000001,0.05414580165625717
0.5410000000000001,0.05423064415152153
0.5420000000000001,0.054216667999999996
0.5430000000000001,0.0541714684744063
0.5440000000000002,0.05434518878839062
0.5450000000000002,0.054308761728667276
0.5460000000000002,0.054335475000000015
0.5470000000000002,0.054457871580015776
0.5480000000000002,0.05431587788336467
0.5490000000000002,0.05441004611663535
0.5500000000000002,0.054543817662276645
0.5510000000000002,0.054440118000000016
0.5520000000000002,0.054539191932388646
0.5530000000000002,0.05453242893436327
0.5540000000000002,0.05446357437709114
0.5550000000000002,0.054656355072140755
0.5560000000000002,0.054667041048910486
0.5570000000000002,0.05467193372569373
0.5580000000000002,0.05475821841145945
0.5590000000000002,0.054635929445904445
0.5600000000000002,0.05469661200000001
0.5610000000000002,0.05485181863864638
0.5620000000000002,0.054815685741130375
0.5630000000000002,0.05490274225886966
0.5640000000000002,0.05494114361599616
0.5650000000000002,0.05492166400000003
0.5660000000000002,0.05503501984880848
0.5670000000000002,0.05497746110964452
0.5680000000000002,0.05494778259357032
0.5690000000000002,0.055102942448364514
0.5700000000000002,0.05501133584293843
0.5710000000000002,0.054995631373511336
0.5720000000000002,0.055064306939733035
0.5730000000000002,0.054996252680583606
0.5740000000000002,0.05510509000000002
0.5750000000000002,0.055212185414924154
0.5760000000000002,0.05525368147330112
0.5770000000000002,0.05547734652669899
0.5780000000000002,0.05558319294155944
0.5790000000000002,0.05567278000000006
0.5800000000000002,0.05594527324095244
0.5810000000000002,0.0561073240148193
0.5820000000000002,0.056374484656787224
0.5830000000000002,0.0567929040000001
0.5840000000000002,0.05719956593734947
0.5850000000000002,0.05779330038713078
0.5860000000000002,0.05836265691930414
0.5870000000000002,0.05876809294568899
0.5880000000000002,0.059301410000000075
0.5890000000000002,0.05965302011503234
0.5900000000000002,0.05986452541142947
0.5910000000000002,0.060144906392380446
0.5920000000000002,0.06015029894612946
0.5930000000000002,0.0601404835894559
0.5940000000000002,0.060199424547812574
0.5950000000000002,0.060026815178281054
0.5960000000000002,0.059933187872498704
0.5970000000000002,0.05980748699999994
0.5980000000000002,0.05952100018270181
0.5990000000000002,0.05943926821055154
0.6000000000000002,0.05924979578944838
0.6010000000000002,0.05894797201826013
0.6020000000000002,0.05883819199999995
0.6030000000000002,0.05860824744886895
0.6040000000000002,0.058453137986830654
0.6050000000000002,0.05841936567544622
0.6060000000000002,0.058108746106251004
0.6070000000000002,0.0579560872909629
0.6080000000000002,0.05788517938380075
0.6090000000000002,0.05760436942429872
0.6100000000000002,0.05752184282520649
0.6110000000000002,0.05746374999999997
0.6120000000000002,0.05733468710398103
0.6130000000000002,0.05724508446660131
0.6140000000000002,0.05711841453339864
0.6150000000000002,0.057006047123671216
0.6160000000000002,0.05693439399999998
0.6170000000000002,0.05678476982444823
0.6180000000000002,0.05672599250898454
0.6190000000000002,0.05667629199401029
0.6200000000000002,0.05642886099999999
0.6210000000000002,0.056393190163661615
0.6220000000000002,0.056309553228158546
0.6230000000000002,0.05607096115776208
0.6240000000000002,0.05604708923865477
0.6250000000000002,0.055913980999999974
0.6260000000000002,0.055802760308646206
0.6270000000000002,0.05593362109566522
0.6280000000000002,0.055936809936223186
0.6290000000000002,0.05602810108707089
0.6300000000000002,0.05623639400000003
0.6310000000000002,0.05635902009460532
0.6320000000000002,0.056613750358092144
0.6330000000000002,0.05686745992580931
0.6340000000000002,0.05701438000000005
0.6350000000000002,0.05721880525179252
0.6360000000000002,0.05724398282016719
0.6370000000000002,0.05718499117983279
0.6380000000000002,0.05726411120877211
0.6390000000000002,0.057099196999999956
0.6400000000000002,0.05691459287247743
0.6410000000000002,0.056801836441487855
0.6420000000000002,0.05654988603900799
0.6430000000000002,0.0563836006628366
0.6440000000000002,0.0561833947781877
0.6450000000000002,0.05586121789844506
0.6460000000000002,0.05575614015233235
0.6470000000000002,0.055549020071231366
0.6480000000000002,0.05523801199999997
0.6490000000000002,0.055096955362463555
0.6500000000000002,0.054833202816307304
0.6510000000000002,0.054624018183692606
0.6520000000000002,0.054547302767127645
0.6530000000000002,0.054352517999999975
0.6540000000000002,0.054218207470874684
0.6550000000000002,0.05409174979568017
0.6560000000000002,0.05391827246954649
0.6570000000000003,0.05398449633771339
0.6580000000000003,0.05402582874887748
0.6590000000000003,0.054000720261836936
0.6600000000000003,0.05416381210724469
0.6610000000000003,0.05428739476418532
0.6620000000000003,0.05447951700000008
0.6630000000000003,0.05481328415344315
0.6640000000000003,0.05512863469941516
0.6650000000000003,0.05565194853372343
0.6660000000000003,0.05631332538620405
0.6670000000000003,0.056931425000000195
0.6680000000000003,0.057798339962682056
0.6690000000000003,0.058696474055977464
0.6700000000000003,0.05958913314682166
0.6710000000000003,0.06072863600000037
0.6720000000000003,0.06183093478201814
0.6730000000000003,0.06300913924689039
0.6740000000000003,0.06432148375311018
0.6750000000000003,0.06539345228036311
0.6760000000000003,0.06654194700000038
0.6770000000000003,0.06768518718425391
0.6780000000000003,0.06850361486053722
0.6790000000000003,0.06939896609297555
0.6800000000000003,0.07011266786301883
0.6810000000000003,0.07058189669996714
0.6820000000000003,0.07115188859463037
0.6830000000000003,0.0714816201080547
0.6840000000000003,0.07167102021208216
0.6850000000000003,0.07188024400000001
0.6860000000000003,0.07187712952549527
0.6870000000000003,0.07192967923347068
0.6880000000000003,0.07199135276652936
0.6890000000000003,0.07179308098276978
0.6900000000000003,0.07173581399999997
0.6910000000000003,0.0716311217680376
0.6920000000000003,0.07141952955050247
0.6930000000000003,0.07140454629966501
0.6940000000000003,0.07127181532733323
0.6950000000000003,0.07110213466315662
0.6960000000000003,0.07106844889158538
0.6970000000000003,0.07096302816262183
0.6980000000000003,0.07101469448328969
0.6990000000000003,0.07121671700000003
0.7000000000000003,0.07136153083142843
0.7010000000000003,0.07174467505565792
0.7020000000000003,0.07219745794434239
0.7030000000000003,0.07263358263875651
0.7040000000000003,0.07329025100000014
0.7050000000000003,0.07393721398666009
0.7060000000000003,0.07463655177408152
0.7070000000000003,0.07549568781727943
0.7080000000000003,0.07624707400000028
0.7090000000000003,0.07709095049593521
0.7100000000000003,0.0780405422275789
0.7110000000000003,0.07890192115863232
0.7120000000000003,0.07985136450554038
0.7130000000000003,0.08074217300000025
0.7140000000000003,0.08147563725694533
0.7150000000000003,0.08220132930085512
0.7160000000000003,0.08284469113276359
0.7170000000000003,0.08348935955331571
0.7180000000000003,0.08424604701885041
0.7190000000000003,0.08504793766817695
0.7200000000000003,0.08613134649773543
0.7210000000000003,0.08756251737637424
0.7220000000000003,0.08926852000000078
0.7230000000000003,0.09161805984774926
0.7240000000000003,0.09450284469087346
0.7250000000000003,0.0978873883091288
0.7260000000000003,0.10208959797774096
0.7270000000000003,0.1069831300000019
0.7280000000000003,0.11268924688073943
0.7290000000000003,0.11937734701725113
0.7300000000000003,0.12694458865516983
0.7310000000000003,0.1355320741249437
0.7320000000000003,0.14520098749177784
0.7330000000000003,0.155950189757216
0.7340000000000003,0.16793805036418533
0.7350000000000003,0.1810761386187761
0.7360000000000003,0.1952991500000051
0.7370000000000003,0.21063202059401032
0.7380000000000003,0.2266914350254044
0.7390000000000003,0.24344270497460677
0.7400000000000003,0.2608486159407643
0.7410000000000003,0.2782867000000058
0.7420000000000003,0.2957365349540551
0.7430000000000003,0.3129842198236151
0.7440000000000003,0.3296450067842665
0.7450000000000003,0.34570494000000507
0.7460000000000003,0.3609138023043285
0.7470000000000003,0.375144217045852
0.7480000000000003,0.3884965094312323
0.7490000000000003,0.4007971869935434
0.7500000000000003,0.4121444500000035
0.7510000000000003,0.42266113579901965
0.7520000000000003,0.4322410168834592
0.7530000000000003,0.44113713207769917
0.7540000000000003,0.44932485812288353
0.7550000000000003,0.4566560700000023
0.7560000000000003,0.46351779567351836
0.7570000000000003,0.46980147148972734
0.7580000000000003,0.4755153457228592
0.7590000000000003,0.4808574300000016
0.7600000000000003,0.4856711750589523
0.7610000000000003,0.4901770674519033
0.7620000000000003,0.49454966254809957
0.7630000000000003,0.49862395925709413
0.7640000000000003,0.5026639100000013
0.7650000000000003,0.5065565458404182
0.7660000000000003,0.51014059262757
0.7670000000000003,0.5138948449149556
0.7680000000000003,0.5177484414640161
0.7690000000000003,0.5217934740565423
0.7700000000000004,0.5261991288971565
0.7710000000000004,0.5306439866542692
0.7720000000000004,0.5353002634371706
0.7730000000000004,0.5402040500000016
0.7740000000000004,0.5450253373515753
0.7750000000000004,0.5497604895238205
0.7760000000000004,0.5542366804761826
0.7770000000000004,0.5583600587662892
0.7780000000000004,0.5623134400000013
0.7790000000000004,0.5659706678664798
0.7800000000000004,0.5693639863311846
0.7810000000000004,0.572575025779212
0.7820000000000004,0.5754889508608098
0.7830000000000004,0.5782931677832789
0.7840000000000004,0.5810714939263045
0.7850000000000004,0.5837678091105455
0.7860000000000004,0.5864905427726566
0.7870000000000004,0.5891088800000007
0.7880000000000004,0.5916065858456179
0.7890000000000004,0.5941911417243148
0.7900000000000004,0.5965819521837916
0.7910000000000004,0.5989113267062679
0.7920000000000004,0.6013660400000008
0.7930000000000004,0.6037241071140451
0.7940000000000004,0.6060798093289346
0.7950000000000004,0.6083820639549403
0.7960000000000004,0.610562860000001
0.7970000000000004,0.6128387727900287
0.7980000000000004,0.6151177764253437
0.7990000000000004,0.6174390435746577
0.8000000000000004,0.6198904254861558
0.8010000000000004,0.622059170000001
0.8020000000000004,0.62421693295486
0.8030000000000004,0.6265124137993109
0.8040000000000004,0.6286390574671273
0.8050000000000004,0.6309095372951739
0.8060000000000004,0.6332282621809227
0.8070000000000004,0.6354463549957512
0.8080000000000004,0.6376961425063756
0.8090000000000004,0.6398782263583643
0.8100000000000004,0.6420312500000008
0.8110000000000004,0.6442331316545175
0.8120000000000004,0.6463985836432552
0.8130000000000004,0.6485807463567465
0.8140000000000004,0.6507826179812807
0.8150000000000004,0.652982290000001
0.8160000000000004,0.6552386735558365
0.8170000000000004,0.657416463695816
0.8180000000000004,0.6595396575361239
0.8190000000000004,0.6618112072844737
0.8200000000000004,0.6639553516850176
0.8210000000000004,0.6661238551267447
0.8220000000000004,0.6683801923098853
0.8230000000000004,0.6704421393805884
0.8240000000000004,0.6725456100000007
0.8250000000000004,0.674594359136892
0.8260000000000004,0.676508051397345
0.8270000000000004,0.6785779186026568
0.8280000000000004,0.6805580701985028
0.8290000000000004,0.6824702000000006
0.8300000000000004,0.6844544775513763
0.8310000000000004,0.6863320466935661
0.8320000000000004,0.6882218322042907
0.8330000000000004,0.6900354600000007
0.8340000000000004,0.6916080271180719
0.8350000000000004,0.6933198324173798
0.8360000000000004,0.6949407013739319
0.8370000000000004,0.6964481349256991
0.8380000000000004,0.6981201200000007
0.8390000000000004,0.6996092947029946
0.8400000000000004,0.701079594272087
0.8410000000000004,0.7025553304852764
0.8420000000000004,0.7037507780455808
0.8430000000000004,0.7050907137759382
0.8440000000000004,0.7064683058541078
0.8450000000000004,0.7077610112188396
0.8460000000000004,0.7091601220177208
0.8470000000000004,0.7102810100000004
0.8480000000000004,0.7113938441831423
0.8490000000000004,0.7128121528108881
0.8500000000000004,0.7139526971891129
0.8510000000000004,0.7150798887280877
0.8520000000000004,0.7162209700000004
0.8530000000000004,0.7173032918204368
0.8540000000000004,0.7184853340638973
0.8550000000000004,0.719620797290736
0.8560000000000004,0.7206877993299937
0.8570000000000004,0.7217534892327926
0.8580000000000004,0.7226767675409234
0.8590000000000004,0.7235538136886159
0.8600000000000004,0.7244158913792279
0.8610000000000004,0.7252431500000004
0.8620000000000004,0.7262052392220926
0.8630000000000004,0.7271274456957725
0.8640000000000004,0.7279122343042282
0.8650000000000004,0.7286035930864312
0.8660000000000004,0.7289230800000001
0.8670000000000004,0.7291066131148312
0.8680000000000004,0.7292623447091644
0.8690000000000004,0.7290859835272235
0.8700000000000004,0.7288208599999998
0.8710000000000004,0.7282985930119298
0.8720000000000004,0.7275997945524723
0.8730000000000004,0.7273274181712913
0.8740000000000004,0.727086662407548
0.8750000000000004,0.7272148100000003
0.8760000000000004,0.728051611678034
0.8770000000000004,0.729219430775162
0.8780000000000004,0.7309119361498932
0.8790000000000004,0.7328637004823055
0.8800000000000004,0.7348634000000012
0.8810000000000004,0.7372630641207949
0.8820000000000005,0.7394691038188099
0.8830000000000005,0.7414503903744046
0.8840000000000005,0.7433511600000007
0.8850000000000005,0.744806304130042
0.8860000000000005,0.7462193069449228
0.8870000000000005,0.7475665530550784
0.8880000000000005,0.7486737889276899
0.8890000000000005,0.7499091000000004
0.8900000000000005,0.7509883107929164
0.8910000000000005,0.7520676103704822
0.8920000000000005,0.7534132930863463
0.8930000000000005,0.7544561495714963
0.8940000000000005,0.7555379409882105
0.8950000000000005,0.7566367574013303
0.8960000000000005,0.7575068238980055
0.8970000000000005,0.7584966301019026
0.8980000000000005,0.7593943500000004
0.8990000000000005,0.7602707802289028
0.9000000000000005,0.7612936642568301
0.9010000000000005,0.7620065057431706
0.9020000000000005,0.7628370416946174
0.9030000000000005,0.7636704400000002
0.9040000000000005,0.7640795257835581
0.9050000000000005,0.7648687002549875
0.9060000000000005,0.7655438664966754
0.9070000000000005,0.7661258541801421
0.9080000000000005,0.7670412157029574
0.9090000000000005,0.7676115153690319
0.9100000000000005,0.768379966946453
0.9110000000000005,0.769237211427529
0.9120000000000005,0.7695496100000002
0.9130000000000005,0.7701409550521013
0.9140000000000005,0.7706461626380683
0.9150000000000005,0.7710674315746215
0.9160000000000005,0.771680643867839
0.9170000000000005,0.7719222300000003
0.9180000000000005,0.7723629607056649
0.9190000000000005,0.7728982439415032
0.9200000000000005,0.7728869902254023
0.9210000000000005,0.7732117200000003
0.9220000000000005,0.7735590337867381
0.9230000000000005,0.7739377117465304
0.9240000000000005,0.7745250382534702
0.9250000000000005,0.7746710785396854
0.9260000000000005,0.7748816600000001
0.9270000000000005,0.7751666897841957
0.9280000000000005,0.7751451177066148
0.9290000000000005,0.775402004862257
0.9300000000000005,0.7755392786272864
0.9310000000000005,0.7756858547451477
0.9320000000000005,0.7761603599248037
0.9330000000000005,0.7761566001127943
0.9340000000000005,0.7762590579507795
0.9350000000000005,0.77643621
0.9360000000000005,0.7764075445437457
0.9370000000000005,0.7768619105697773
0.9380000000000005,0.7768903994302229
0.9390000000000005,0.7766393425106249
0.9400000000000005,0.7767841199999999
0.9410000000000005,0.776641250301603
0.9420000000000005,0.7766563316898155
0.9430000000000005,0.7767126588734564
0.9440000000000005,0.7765023121035209
0.9450000000000005,0.7763435778643786
0.9460000000000005,0.7761300141708912
0.9470000000000005,0.7758385587436627
0.9480000000000005,0.7754839135464708
0.9490000000000005,0.7750465299999998
0.9500000000000005,0.7744438011927115
0.9510000000000005,0.7735630709223626
0.9520000000000005,0.7726091890776363
0.9530000000000005,0.7720751253405531
0.9540000000000005,0.7712767099999996
0.9550000000000005,0.7705464292792925
0.9560000000000005,0.7700103820419975
0.9570000000000005,0.7690784486386675
0.9580000000000005,0.7687603799999997
0.9590000000000005,0.7681958013822134
0.9600000000000005,0.7673340437264138
0.9610000000000005,0.7675203644103795
0.9620000000000005,0.767014215061701
0.9630000000000005,0.7670174800000004
0.9640000000000005,0.767641598203564
0.9650000000000005,0.7674619766482679
0.9660000000000005,0.7680169189011553
0.9670000000000005,0.7688579515896162
0.9680000000000005,0.769778318852589
0.9690000000000005,0.7706635667194642
0.9700000000000005,0.7709995399208041
0.9710000000000005,0.7721628267337679
0.9720000000000005,0.7736572000000004
0.9730000000000005,0.7745205397644986
0.9740000000000005,0.7764969693778254
0.9750000000000005,0.7774658606221757
0.9760000000000005,0.7783233414252146
0.9770000000000005,0.7803129600000007
0.9780000000000005,0.7814715659261193
0.9790000000000005,0.7830641729059553
0.9800000000000005,0.7844943713960311
0.9810000000000005,0.785659778345984
0.9820000000000005,0.7877365521034216
0.9830000000000005,0.7889468958969058
0.9840000000000005,0.790241741154643
0.9850000000000005,0.7917653747635961
0.9860000000000005,0.7926653600000012
0.9870000000000005,0.7948646596155966
0.9880000000000005,0.7958262012683492
0.9890000000000005,0.7958896187316508
0.9900000000000005,0.7974599442964437
0.9910000000000005,0.7980562400000004
0.9920000000000005,0.7988460303932045
0.9930000000000005,0.7998656872626374
0.9940000000000005,0.8007744418249092
0.9950000000000006,0.8018473400000001
0.9960000000000006,0.8021243220647207
0.9970000000000006,0.802330807109345
0.9980000000000006,0.8031862743359837
0.9990000000000006,0.8039807620551415
1.0000000000000004,0.8044185000000005
1.0010000000000006,0.8054492500000003
1.0020000000000007,0.8059369300000003
1.0030000000000006,0.8063868900000002
1.0040000000000004,0.8067159574762526
1.0050000000000006,0.8071907200000004
1.0060000000000007,0.8077610700000003
1.0070000000000006,0.8082152600000002
1.0080000000000005,0.8086553200000002
1.0090000000000006,0.8091090651634838
1.0100000000000007,0.8094607000000004
1.0110000000000006,0.8099210300000005
1.0120000000000005,0.8105972400000002
1.0130000000000006,0.8110320600000002
1.0140000000000007,0.8112789153144687
1.0150000000000006,0.8116679800000003
1.0160000000000005,0.8121221100000001
1.0170000000000006,0.8123703000000001
1.0180000000000007,0.8127011700000003
1.0190000000000006,0.8131388562313772
1.0200000000000005,0.8135076200000001
1.0210000000000006,0.8136877400000003
1.0220000000000007,0.8141357300000005
1.0230000000000006,0.8149024200000002
1.0240000000000005,0.8152917000000001
1.0250000000000006,0.8155778100000002
1.0260000000000007,0.81588912
1.0270000000000006,0.8158784500000001
1.0280000000000005,0.8161485200000003
1.0290000000000006,0.8167574400000001
1.0300000000000007,0.8171259200000002
1.0310000000000006,0.8173850200000002
1.0320000000000005,0.8177477406339367
1.0330000000000006,0.8180540800000001
1.0340000000000007,0.8182477400000001
1.0350000000000006,0.8184912800000002
1.0360000000000005,0.8187264800000003
1.0370000000000006,0.8191026317308271
1.0380000000000007,0.8195199400000002
1.0390000000000006,0.8199059400000003
1.0400000000000005,0.8204672900000002
1.0410000000000006,0.8208770200000002
1.0420000000000007,0.8211962280791922
1.0430000000000006,0.8214668
1.0440000000000005,0.8216105100000001
1.0450000000000006,0.8218688400000003
1.0460000000000007,0.8222071500000001
1.0470000000000006,0.822388631851815
1.0480000000000005,0.8225638300000001
1.0490000000000006,0.8227692200000001
1.0500000000000007,0.82297724
1.0510000000000006,0.8230427500000002
1.0520000000000005,0.8232833700000002
1.0530000000000006,0.8236770000000002
1.0540000000000007,0.8240196700000002
1.0550000000000006,0.8244116014858516
1.0560000000000005,0.8247264600000002
1.0570000000000006,0.8249636900000002
1.0580000000000007,0.8252701800000002
1.0590000000000006,0.8255932900000001
1.0600000000000005,0.8258888384941507
1.0610000000000006,0.8261737800000003
1.0620000000000007,0.8266345900000002
1.0630000000000006,0.8269428000000001
1.0640000000000005,0.8271338300000001
1.0650000000000006,0.8274357598070194
1.0660000000000007,0.8277707700000002
1.0670000000000006,0.8280746900000002
1.0680000000000005,0.8283953100000001
1.0690000000000006,0.8287466200000002
1.0700000000000007,0.8291242322387764
1.0710000000000006,0.8294153200000001
1.0720000000000005,0.8296386600000001
1.0730000000000006,0.8299667800000002
1.0740000000000007,0.8303203000000003
1.0750000000000006,0.8305969200000003
1.0760000000000005,0.8310319200000004
1.0770000000000006,0.8314510600000001
1.0780000000000007,0.8315827521877814
1.0790000000000006,0.8318046300000003
1.0800000000000005,0.8320999700000001
1.0810000000000006,0.8323760000000002
1.0820000000000007,0.8326947100000003
1.0830000000000006,0.8332225377612241
1.0840000000000005,0.83350015
1.0850000000000006,0.8335992700000001
1.0860000000000007,0.8338293400000001
1.0870000000000006,0.8340017200000001
1.0880000000000005,0.8342063195400462
1.0890000000000006,0.8344553100000002
1.0900000000000007,0.8347722900000002
1.0910000000000006,0.8350552900000002
1.0920000000000005,0.8353937900000001
1.0930000000000006,0.8357231870602941
1.0940000000000007,0.8359758900000002
1.0950000000000006,0.83620411
1.0960000000000005,0.8362681900000001
1.0970000000000006,0.8363800600000001
1.0980000000000008,0.83654076
1.0990000000000006,0.83658272
1.1000000000000005,0.83653158
1.1010000000000006,0.8365122099999999
1.1020000000000008,0.83636725
1.1030000000000006,0.83634228
1.1040000000000005,0.83636123
1.1050000000000006,0.8364858000000001
1.1060000000000008,0.8365467746125388
1.1070000000000007,0.8364928999999999
1.1080000000000005,0.8364084999999998
1.1090000000000007,0.8362816599999999
1.1100000000000008,0.83618724
1.1110000000000007,0.8361446111368862
1.1120000000000005,0.8359559799999999
1.1130000000000007,0.8357058199999998
1.1140000000000008,0.8353427599999996
1.1150000000000007,0.8348793399999995
1.1160000000000005,0.8342751904149581
1.1170000000000007,0.8336048099999994
1.1180000000000008,0.8327668299999991
1.1190000000000007,0.8318213799999993
1.1200000000000006,0.8307067799999993
1.1210000000000007,0.82933087759024
1.1220000000000008,0.8277604599999988
1.1230000000000007,0.8258863099999985
1.1240000000000006,0.8235750799999988
1.1250000000000007,0.8207861199999977
1.1260000000000008,0.8173876999999965
1.1270000000000007,0.813476919999997
1.1280000000000006,0.8090373899999965
1.1290000000000007,0.803887499288067
1.1300000000000008,0.7980803799999939
1.1310000000000007,0.7912080899999948
1.1320000000000006,0.7834560899999962
1.1330000000000007,0.7747138699999935
1.1340000000000008,0.7648004643125612
1.1350000000000007,0.7544435899999925
1.1360000000000006,0.7431412299999922
1.1370000000000007,0.7315127799999921
1.1380000000000008,0.7196775099999901
1.1390000000000007,0.7085599117598173
1.1400000000000006,0.6984942599999944
1.1410000000000007,0.6899418799999959
1.1420000000000008,0.6837089699999975
1.1430000000000007,0.6799952399999992
1.1440000000000006,0.678820907433256
1.1450000000000007,0.6803767700000027
1.1460000000000008,0.6846141800000057
1.1470000000000007,0.6910878400000051
1.1480000000000006,0.6987170000000069
1.1490000000000007,0.7090324800000065
1.1500000000000008,0.7188938900000097
1.1510000000000007,0.7297647600000072
1.1520000000000006,0.7406183500000046
1.1530000000000007,0.7510378400000064
1.1540000000000008,0.760753390000006
1.1550000000000007,0.7697526800000052
1.1560000000000006,0.7776616200000047
1.1570000000000007,0.7846740846305416
1.1580000000000008,0.7910203900000049
1.1590000000000007,0.7964686800000031
1.1600000000000006,0.8012045000000029
1.1610000000000007,0.8055133200000024
1.1620000000000008,0.8091737319518071
1.1630000000000007,0.8123932500000018
1.1640000000000006,0.8152925400000011
1.1650000000000007,0.8178731800000014
1.1660000000000008,0.8200327200000018
1.1670000000000007,0.8220923840335979
1.1680000000000006,0.8239120200000011
1.1690000000000007,0.825509250000001
1.1700000000000008,0.8269395200000013
1.1710000000000007,0.8282801500000008
1.1720000000000006,0.8295162863863621
1.1730000000000007,0.8306176700000006
1.1740000000000008,0.8315861200000005
1.1750000000000007,0.8324117100000005
1.1760000000000006,0.8331123600000003
1.1770000000000007,0.8336938000000005
1.1780000000000008,0.8343045100000006
1.1790000000000007,0.8349360800000003
1.1800000000000006,0.8354272650454957
1.1810000000000007,0.8358777200000004
1.1820000000000008,0.8363151000000003
1.1830000000000007,0.8366888800000002
1.1840000000000006,0.8371002100000002
1.1850000000000007,0.8375145098420161
1.1860000000000008,0.8380129300000004
1.1870000000000007,0.8384844100000003
1.1880000000000006,0.8389172000000003
1.1890000000000007,0.8393423000000003
1.1900000000000008,0.8396474994800522
1.1910000000000007,0.8399877500000004
1.1920000000000006,0.8403818600000003
1.1930000000000007,0.8407541500000003
1.1940000000000008,0.8412426700000004
1.1950000000000007,0.8416873955274475
1.1960000000000006,0.8420747500000003
1.1970000000000007,0.8425170200000002
1.1980000000000008,0.8429331200000003
1.1990000000000007,0.8433114300000002
1.2000000000000006,0.8436644700000002
1.2010000000000007,0.8440056400000002
1.2020000000000008,0.8443103400000003
1.2030000000000007,0.8445770897870215
1.2040000000000006,0.8447749600000001
1.2050000000000007,0.8449904300000001
1.2060000000000008,0.8451892700000001
1.2070000000000007,0.8453028200000001
1.2080000000000006,0.8454101778432157
1.2090000000000007,0.84548861
1.2100000000000009,0.84555358
1.2110000000000007,0.84556174
1.2120000000000006,0.84556854
1.2130000000000007,0.845589037950205
1.2140000000000009,0.84553325
1.2150000000000007,0.8455415999999999
1.2160000000000006,0.8456215300000001
1.2170000000000007,0.8457356100000001
1.2180000000000009,0.845940389522048
1.2190000000000007,0.8461913500000002
1.2200000000000006,0.8464584900000002
1.2210000000000008,0.8467772600000003
1.2220000000000009,0.8471558700000004
1.2230000000000008,0.8475250600000004
1.2240000000000006,0.8478958000000003
1.2250000000000008,0.8482840700000002
1.2260000000000009,0.8486224400000003
1.2270000000000008,0.8489807800000002
1.2280000000000006,0.8493003800000001
1.2290000000000008,0.8495353500000001
1.2300000000000009,0.8497688200000001
1.2310000000000008,0.8498963769553045
1.2320000000000007,0.8499659300000001
1.2330000000000008,0.8501319900000001
1.2340000000000009,0.8502520900000001
1.2350000000000008,0.8503241500000001
1.2360000000000007,0.8504480796250375
1.2370000000000008,0.8505443300000001
1.2380000000000009,0.8506319500000002
1.2390000000000008,0.8508281100000001
1.2400000000000007,0.8509878500000001
1.2410000000000008,0.8511797608089193
1.2420000000000009,0.8513061400000002
1.2430000000000008,0.85142976
1.2440000000000007,0.85141742
1.2450000000000008,0.8514781
1.2460000000000009,0.8515773300769923
1.2470000000000008,0.8516283600000001
1.2480000000000007,0.8518107500000001
1.2490000000000008,0.8519672800000001
1.2500000000000009,0.8520976300000002
1.2510000000000008,0.8522501600000001
1.2520000000000007,0.8524076900000002
1.2530000000000008,0.8525929500000001
1.254000000000001,0.8526975063663634
1.2550000000000008,0.8528611700000001
1.2560000000000007,0.85304594
1.2570000000000008,0.8531132900000001
1.258000000000001,0.85319948
1.2590000000000008,0.8532412536056394
1.2600000000000007,0.85317731
1.2610000000000008,0.8532097300000001
1.262000000000001,0.85331166
1.2630000000000008,0.8533203000000001
1.2640000000000007,0.8533274492850715
1.2650000000000008,0.8533120799999999
1.266000000000001,0.85323453
1.2670000000000008,0.8532280300000001
1.2680000000000007,0.8533474200000001
1.2690000000000008,0.8534525494870514
1.270000000000001,0.85352641
1.2710000000000008,0.8535732000000001
1.2720000000000007,0.8536736400000001
1.2730000000000008,0.8537915900000002
1.274000000000001,0.8538815999999999
1.2750000000000008,0.8539081799999999
1.2760000000000007,0.85379511
1.2770000000000008,0.8537549999999999
1.278000000000001,0.8537121999999998
1.2790000000000008,0.85364938
1.2800000000000007,0.85364074
1.2810000000000008,0.85366917
1.282000000000001,0.8536404439626037
1.2830000000000008,0.85368007
1.2840000000000007,0.8536509299999999
1.2850000000000008,0.8535636099999999
1.286000000000001,0.8534627599999999
1.2870000000000008,0.8533392263333665
1.2880000000000007,0.8531025599999998
1.2890000000000008,0.8528828599999998
1.290000000000001,0.8526326399999998
1.2910000000000008,0.8523458199999998
1.2920000000000007,0.8520907455074491
1.2930000000000008,0.8517706999999999
1.294000000000001,0.8515247099999999
1.2950000000000008,0.8513519799999999
1.2960000000000007,0.8511703
1.2970000000000008,0.8510498520447953
1.298000000000001,0.8508127899999998
1.2990000000000008,0.8505300299999998
1.3000000000000007,0.8502752199999998
1.3010000000000008,0.8500219599999997
1.302000000000001,0.8497677399999998
1.3030000000000008,0.8495565699999998
1.3040000000000007,0.8493703599999999
1.3050000000000008,0.8491604075312467
1.306000000000001,0.8489357199999998
1.3070000000000008,0.8487662099999999
1.3080000000000007,0.8485984199999999
1.3090000000000008,0.84850448
1.310000000000001,0.8484308020317968
1.3110000000000008,0.8483511199999999
1.3120000000000007,0.84827113
1.3130000000000008,0.84821749
1.314000000000001,0.84818512
1.3150000000000008,0.848161522359764
1.3160000000000007,0.84816426
1.3170000000000008,0.84810692
1.318000000000001,0.84807342
1.3190000000000008,0.84805745
1.3200000000000007,0.8480065550894911
1.3210000000000008,0.8479824099999999
1.322000000000001,0.8479087399999999
1.3230000000000008,0.8477871399999999
1.3240000000000007,0.8476661999999999
1.3250000000000008,0.8475590899999998
1.326000000000001,0.8473984599999997
1.3270000000000008,0.8471917499999999
1.3280000000000007,0.8470171462263771
1.3290000000000008,0.8467794099999998
1.330000000000001,0.8465827699999999
1.3310000000000008,0.8464164099999999
1.3320000000000007,0.8462910699999999
1.3330000000000009,0.8461204661843814
1.334000000000001,0.8459823099999999
1.3350000000000009,0.8458517799999999
1.3360000000000007,0.84576607
1.3370000000000009,0.84574336
1.338000000000001,0.8457620681291871
1.3390000000000009,0.84584039
1.3400000000000007,0.84584731
1.3410000000000009,0.84582931
1.342000000000001,0.8458478499999998
1.3430000000000009,0.8457279319918007
1.3440000000000007,0.8456558000000001
1.3450000000000009,0.8456301099999999
1.346000000000001,0.8455108399999999
1.3470000000000009,0.84546059
1.3480000000000008,0.84546548
1.3490000000000009,0.8454358000000001
1.350000000000001,0.84537911
1.3510000000000009,0.8453933000000002
1.3520000000000008,0.84545875
1.3530000000000009,0.8455060100000001
1.354000000000001,0.84560055
1.3550000000000009,0.84563315
1.3560000000000008,0.8456386280331966
1.3570000000000009,0.84561896
1.358000000000001,0.84556258
1.3590000000000009,0.8455191899999999
1.3600000000000008,0.8454344299999997
1.3610000000000009,0.845182564586541
1.362000000000001,0.8448284299999995
1.3630000000000009,0.8444186399999997
1.3640000000000008,0.8438938299999996
1.3650000000000009,0.8433359299999994
1.366000000000001,0.8427355300399955
1.3670000000000009,0.8420503099999993
1.3680000000000008,0.8413242099999996
1.3690000000000009,0.8405908299999993
1.370000000000001,0.8398229499999993
1.3710000000000009,0.839097812513748
1.3720000000000008,0.8385068199999994
1.3730000000000009,0.8379208399999998
1.374000000000001,0.8375585099999998
1.3750000000000009,0.83729297
1.3760000000000008,0.8372563700000001
1.377000000000001,0.8374154600000003
1.378000000000001,0.8376889800000006
1.379000000000001,0.8382828634896514
1.3800000000000008,0.8387177600000004
1.381000000000001,0.8392555700000003
1.382000000000001,0.8396403800000003
1.383000000000001,0.8399413800000002
1.3840000000000008,0.8401584733566645
1.385000000000001,0.84029204
1.386000000000001,0.84034759
1.387000000000001,0.84035641
1.3880000000000008,0.84038037
1.389000000000001,0.8404635716798321
1.390000000000001,0.8406209300000003
1.391000000000001,0.8408456400000001
1.3920000000000008,0.8410295800000002
1.393000000000001,0.84114414
1.394000000000001,0.8411110033136686
1.395000000000001,0.8408960099999997
1.3960000000000008,0.8404735899999993
1.397000000000001,0.8397080299999989
1.398000000000001,0.838737069999999
1.399000000000001,0.8376154299999989
1.4000000000000008,0.8363805399999988
1.4010000000000007,0.8351371299999991
1.402000000000001,0.8338530099999986
1.403000000000001,0.8325427799999987
1.4040000000000008,0.8310698299999991
1.4050000000000007,0.8298122899999991
1.406000000000001,0.8285189899999988
1.407000000000001,0.827478860541945
1.4080000000000008,0.8265842799999995
1.4090000000000007,0.8258999599999995
1.410000000000001,0.8253157699999997
1.411000000000001,0.82505614
1.4120000000000008,0.8250393502039797
1.4130000000000007,0.8252413900000003
1.414000000000001,0.8257166100000006
1.415000000000001,0.8264255500000007
1.4160000000000008,0.8272466100000008
1.4170000000000007,0.8281579288681138
1.418000000000001,0.8291166400000007
1.419000000000001,0.8300264500000007
1.4200000000000008,0.8309228400000007
1.4210000000000007,0.8317250000000005
1.422000000000001,0.8323708154184589
1.423000000000001,0.8330341000000004
1.4240000000000008,0.8335682200000002
1.4250000000000007,0.8339396100000003
1.426000000000001,0.8342747700000003
1.427000000000001,0.8344919100000001
1.4280000000000008,0.83457112
1.4290000000000007,0.8345817299999999
1.430000000000001,0.8344595767623235
1.431000000000001,0.8342271999999997
1.4320000000000008,0.8339417599999996
1.4330000000000007,0.8335364499999998
1.434000000000001,0.8331417999999996
1.435000000000001,0.8327102219158079
1.4360000000000008,0.8322293799999996
1.4370000000000007,0.8317291699999995
1.438000000000001,0.8311530399999995
1.439000000000001,0.8304808099999994
1.4400000000000008,0.8298263654444551
1.4410000000000007,0.8291367899999993
1.442000000000001,0.8284164699999992
1.443000000000001,0.8276665199999993
1.4440000000000008,0.8269304599999994
1.4450000000000007,0.826136729373062
1.446000000000001,0.8253954099999993
1.447000000000001,0.8247170999999992
1.4480000000000008,0.8240007199999996
1.4490000000000007,0.8232707999999996
1.450000000000001,0.8225498199999992
1.451000000000001,0.8218426099999993
1.4520000000000008,0.8211200799999994
1.4530000000000007,0.8204218055264468
1.454000000000001,0.8197770699999993
1.455000000000001,0.8191640399999994
1.4560000000000008,0.8185678099999995
1.4570000000000007,0.8179899499999994
1.458000000000001,0.8173719618318162
1.459000000000001,0.8167902799999995
1.4600000000000009,0.8162715999999995
1.4610000000000007,0.8157744399999997
1.462000000000001,0.8153534499999996
1.463000000000001,0.8149288724577538
1.4640000000000009,0.8144112199999995
1.4650000000000007,0.8138852099999997
1.466000000000001,0.8133460899999994
1.467000000000001,0.8127087399999993
1.4680000000000009,0.812056305243475
1.4690000000000007,0.8113756799999996
1.470000000000001,0.8106724599999992
1.471000000000001,0.8098981399999992
1.4720000000000009,0.8090903199999993
1.4730000000000008,0.8082207399999993
1.474000000000001,0.807247099999999
1.475000000000001,0.8062992099999992
1.4760000000000009,0.8053272999999991
1.4770000000000008,0.8043610499999991
1.478000000000001,0.8034120799999991
1.479000000000001,0.8024248499999991
1.4800000000000009,0.801463839999999
1.4810000000000008,0.8003740367383253
1.482000000000001,0.7992414199999986
1.483000000000001,0.7980075499999988
1.4840000000000009,0.7966557699999988
1.4850000000000008,0.795249459999999
1.486000000000001,0.7937494778562126
1.487000000000001,0.7922280399999982
1.4880000000000009,0.7906276599999988
1.4890000000000008,0.7890139199999989
1.490000000000001,0.7874299899999982
1.491000000000001,0.7858565273462637
1.4920000000000009,0.7843471799999988
1.4930000000000008,0.7830108999999993
1.494000000000001,0.7818533199999989
1.495000000000001,0.7808186999999992
1.4960000000000009,0.7800030915608432
1.4970000000000008,0.7794108399999997
1.498000000000001,0.7789974199999998
1.499000000000001,0.77877998
1.5000000000000009,0.7787855300000001
1.5010000000000008,0.7789429400000002
1.5020000000000011,0.7792508000000006
1.503000000000001,0.7796987300000005
1.504000000000001,0.7802439296820323
1.5050000000000008,0.7808407500000005
1.5060000000000011,0.7814400800000008
1.507000000000001,0.7820925700000007
1.508000000000001,0.7826826600000004
1.5090000000000008,0.7831895337216283
1.5100000000000011,0.7837267500000006
1.511000000000001,0.7842233200000005
1.512000000000001,0.7846863300000005
1.5130000000000008,0.7851426600000002
1.5140000000000011,0.785489225343466
1.515000000000001,0.7857897300000003
1.516000000000001,0.7860710000000002
1.5170000000000008,0.7863004200000002
1.5180000000000011,0.7865191700000003
1.519000000000001,0.7866991020067995
1.520000000000001,0.7868737
1.5210000000000008,0.7870151400000001
1.5220000000000011,0.7871807800000002
1.523000000000001,0.7873735400000003
1.524000000000001,0.7875648700000001
1.5250000000000008,0.7877126900000002
1.5260000000000011,0.7879297700000003
1.527000000000001,0.7881883400000003
1.528000000000001,0.7884213300000003
1.5290000000000008,0.7886986700000003
1.5300000000000011,0.7889663000000003
1.531000000000001,0.7892178300000002
1.532000000000001,0.7894599059254077
1.5330000000000008,0.7897191600000001
1.5340000000000011,0.7899378500000002
1.535000000000001,0.7900837100000002
1.536000000000001,0.7903066900000002
1.5370000000000008,0.7905752345665435
1.5380000000000011,0.7908209000000003
1.539000000000001,0.7911135000000002
1.540000000000001,0.7913499500000001
1.5410000000000008,0.7915082000000001
1.5420000000000011,0.7916501658034197
1.543000000000001,0.7917394
1.544000000000001,0.79179174
1.5450000000000008,0.79182744
1.5460000000000012,0.79180682
1.547000000000001,0.7917870919728027
1.548000000000001,0.79176205
1.5490000000000008,0.79172409
1.5500000000000012,0.79171687
1.551000000000001,0.7917499500000001
1.552000000000001,0.7918281000000001
1.5530000000000008,0.79191095
1.5540000000000012,0.7919913500000001
1.555000000000001,0.7920829149285071
1.556000000000001,0.7921322000000001
1.5570000000000008,0.7921975300000001
1.5580000000000012,0.7923150700000001
1.559000000000001,0.7924160400000001
1.560000000000001,0.7925329356984303
1.5610000000000008,0.7926899200000002
1.5620000000000012,0.7927945900000001
1.563000000000001,0.7928422100000001
1.564000000000001,0.7929387700000001
1.5650000000000008,0.7930862152554746
1.5660000000000012,0.7932817900000003
1.567000000000001,0.7935150900000003
1.568000000000001,0.7937734100000002
1.5690000000000008,0.7940499800000004
1.5700000000000012,0.794365728425158
1.571000000000001,0.7947834100000005
1.572000000000001,0.7952864200000007
1.5730000000000008,0.7958879500000005
1.5740000000000012,0.7965292900000007
1.575000000000001,0.7971819000000007
1.576000000000001,0.7978010800000006
1.5770000000000008,0.7983353700000004
1.5780000000000012,0.7988452773872617
1.579000000000001,0.7993191500000005
1.580000000000001,0.7997857900000005
1.5810000000000008,0.8002924300000005
1.5820000000000012,0.8008022300000006
1.583000000000001,0.8012630713618643
1.584000000000001,0.8016766900000003
1.5850000000000009,0.8020883800000004
1.5860000000000012,0.8025122300000006
1.587000000000001,0.8029487700000005
1.588000000000001,0.8034227626007404
1.5890000000000009,0.8038567900000003
1.5900000000000012,0.8041878300000003
1.591000000000001,0.8044205900000002
1.592000000000001,0.8046160300000003
1.5930000000000009,0.8047777238306171
1.5940000000000012,0.8047547299999999
1.595000000000001,0.8046314699999998
1.596000000000001,0.8044297099999995
1.5970000000000009,0.8040305999999995
1.5980000000000012,0.8035491099999994
1.599000000000001,0.8030612499999995
1.600000000000001,0.8026210699999997
1.6010000000000009,0.8022155799999997
1.6020000000000012,0.8018115799999995
1.603000000000001,0.8014612799999997
1.604000000000001,0.8010383799999996
1.6050000000000009,0.8004851299999994
1.6060000000000012,0.7998537823547637
1.607000000000001,0.7990773299999989
1.608000000000001,0.798117819999999
1.6090000000000009,0.7969683999999988
1.6100000000000012,0.7956474399999983
1.611000000000001,0.7941880400309951
1.612000000000001,0.7925883499999982
1.6130000000000009,0.7909337299999989
1.6140000000000012,0.7891882699999978
1.615000000000001,0.7872191099999977
1.616000000000001,0.7851493069802998
1.6170000000000009,0.7829446199999978
1.6180000000000012,0.7804615499999971
1.619000000000001,0.7778534299999968
1.620000000000001,0.7750266199999972
1.6210000000000009,0.7718702756344339
1.6220000000000012,0.7684525299999949
1.623000000000001,0.7646161299999962
1.624000000000001,0.7603185199999956
1.6250000000000009,0.7553436199999949
1.6260000000000012,0.7495631599999916
1.6270000000000011,0.743211509999991
1.628000000000001,0.7364353499999937
1.629000000000001,0.7292700232826648
1.6300000000000012,0.7219028499999899
1.6310000000000011,0.7142916299999914
1.632000000000001,0.7065877899999915
1.633000000000001,0.6989025499999931
1.6340000000000012,0.691119912160775
1.6350000000000011,0.6834415199999916
1.636000000000001,0.6758302999999918
1.637000000000001,0.668289539999992
1.6380000000000012,0.6611121299999928
1.6390000000000011,0.6545815430586872
1.640000000000001,0.6488548499999948
1.641000000000001,0.6441703399999968
1.6420000000000012,0.6406984299999973
1.6430000000000011,0.6385876499999988
1.644000000000001,0.6375423545295459
1.645000000000001,0.6373585500000003
1.6460000000000012,0.6377630200000007
1.6470000000000011,0.6383581800000008
1.648000000000001,0.6389266800000003
1.649000000000001,0.6392726899999999
1.6500000000000012,0.6392044999999993
1.6510000000000011,0.6387232499999991
1.652000000000001,0.6379205599999986
1.653000000000001,0.6367610699999988
1.6540000000000012,0.6353911799999983
1.6550000000000011,0.633779469999998
1.656000000000001,0.6319315999999976
1.657000000000001,0.6298399990240952
1.6580000000000013,0.6273302399999967
1.6590000000000011,0.624350729999996
1.660000000000001,0.6207800499999951
1.661000000000001,0.6164282599999954
1.6620000000000013,0.6112527599289999
1.6630000000000011,0.605052049999992
1.664000000000001,0.5978038899999926
1.665000000000001,0.5894204999999914
1.6660000000000013,0.5796846699999856
1.6670000000000011,0.5688699614708416
1.668000000000001,0.5571451199999888
1.669000000000001,0.5444875999999884
1.6700000000000013,0.5313947799999821
1.6710000000000012,0.517952799999985
1.672000000000001,0.5044657387061152
1.673000000000001,0.4913293099999887
1.6740000000000013,0.4785641099999867
1.6750000000000012,0.4666133499999879
1.676000000000001,0.4557168499999891
1.677000000000001,0.44589521999999077
1.6780000000000013,0.43759378999999266
1.6790000000000012,0.4309942999999945
1.680000000000001,0.4260416816658305
1.681000000000001,0.422958339999999
1.6820000000000013,0.42180520000000093
1.6830000000000012,0.4224988800000027
1.684000000000001,0.4248817300000037
1.685000000000001,0.42903639386761877
1.6860000000000013,0.43487507000001
1.6870000000000012,0.4424038800000119
1.688000000000001,0.45133400000000895
1.689000000000001,0.46141791000001003
1.6900000000000013,0.4727048613048839
1.6910000000000012,0.4847840100000168
1.692000000000001,0.4974094600000145
1.693000000000001,0.5104450000000114
1.6940000000000013,0.5233787900000166
1.6950000000000012,0.535916986180398
1.696000000000001,0.5478664600000127
1.697000000000001,0.5592925500000121
1.6980000000000013,0.5701984800000112
1.6990000000000012,0.5803306100000107
1.700000000000001,0.5899950300000103
1.701000000000001,0.5992993700000098
1.7020000000000013,0.6081017900000113
1.7030000000000012,0.6165861774132682
1.704000000000001,0.6246603100000082
1.705000000000001,0.632059160000006
1.7060000000000013,0.6387965700000079
1.7070000000000012,0.6447270500000069
1.708000000000001,0.6498659560843968
1.709000000000001,0.6543268000000033
1.7100000000000013,0.6580539300000043
1.7110000000000012,0.6613045900000039
1.712000000000001,0.664262470000003
1.713000000000001,0.6669852977172311
1.7140000000000013,0.6695990600000031
1.7150000000000012,0.6719461700000026
1.716000000000001,0.6742206200000027
1.717000000000001,0.6766006900000026
1.7180000000000013,0.6789343966293401
1.7190000000000012,0.6814015500000028
1.720000000000001,0.6839058400000028
1.721000000000001,0.686414300000003
1.7220000000000013,0.6890739200000036
1.7230000000000012,0.691740510000003
1.724000000000001,0.6944583100000031
1.725000000000001,0.6972488200000024
1.7260000000000013,0.7000109000000037
1.7270000000000012,0.702786270000004
1.728000000000001,0.7057686400000024
1.729000000000001,0.7084680800000023
1.7300000000000013,0.7111551200000031
1.7310000000000012,0.713453253833619
1.732000000000001,0.7154915900000018
1.733000000000001,0.7172266200000013
1.7340000000000013,0.7185405500000016
1.7350000000000012,0.7197789000000011
1.736000000000001,0.7207083503049707
1.737000000000001,0.7217114000000009
1.7380000000000013,0.7225350100000012
1.7390000000000012,0.7236006900000013
1.740000000000001,0.7247139200000013
1.741000000000001,0.7259297984121601
1.7420000000000013,0.7273832600000016
1.7430000000000012,0.7286506300000013
1.744000000000001,0.7299002400000014
1.745000000000001,0.7311568900000011
1.7460000000000013,0.732390336655336
1.7470000000000012,0.7335177100000014
1.748000000000001,0.7345852900000007
1.749000000000001,0.7354949100000008
1.7500000000000013,0.736319540000001
1.7510000000000012,0.7370989300000008
1.7520000000000011,0.7377055900000006
1.753000000000001,0.7381547100000002
1.7540000000000013,0.7384557147565244
1.7550000000000012,0.7385032799999999
1.7560000000000011,0.7384570199999998
1.757000000000001,0.7382476299999997
1.7580000000000013,0.7379073499999997
1.7590000000000012,0.7377186886231375
1.7600000000000011,0.73760492
1.761000000000001,0.7376142100000004
1.7620000000000013,0.7378742700000006
1.7630000000000012,0.7382410200000006
1.7640000000000011,0.7387039837036301
1.765000000000001,0.7393388700000006
1.7660000000000013,0.7399309300000007
1.7670000000000012,0.7404595600000007
1.7680000000000011,0.7409569000000005
1.769000000000001,0.741380057684232
1.7700000000000014,0.7416759700000002
1.7710000000000012,0.7418757100000001
1.7720000000000011,0.74197239
1.773000000000001,0.7419453299999998
1.7740000000000014,0.7418156899999998
1.7750000000000012,0.7416268599999996
1.7760000000000011,0.7412868099999993
1.777000000000001,0.7407221799999995
1.7780000000000014,0.7402030199999993
1.7790000000000012,0.7396009599999993
1.7800000000000011,0.7389665199999992
1.781000000000001,0.7382936499999992
1.7820000000000014,0.737638634870512
1.7830000000000013,0.7368873399999993
1.7840000000000011,0.7362716199999993
1.785000000000001,0.7356442199999996
1.7860000000000014,0.7352983999999998
1.7870000000000013,0.7351246374902509
1.7880000000000011,0.7349995400000001
1.789000000000001,0.7350682000000001
1.7900000000000014,0.7352283000000004
1.7910000000000013,0.7354404900000004
1.7920000000000011,0.735748259223078
1.793000000000001,0.7363333100000002
1.7940000000000014,0.7366135700000003
1.7950000000000013,0.7367838000000002
1.7960000000000012,0.7368335699999999
1.797000000000001,0.736779875369463
1.7980000000000014,0.7366896899999998
1.7990000000000013,0.7365658899999995
1.8000000000000012,0.7361373299999999
1.801000000000001,0.7360787399999998
1.8020000000000014,0.7360281900000005
1.8030000000000013,0.7363522600000008
1.8040000000000012,0.737086000000001
1.805000000000001,0.7380272785891422
1.8060000000000014,0.739213170000002
1.8070000000000013,0.7406783700000027
1.8080000000000012,0.742679300000002
1.809000000000001,0.7444479500000017
1.8100000000000014,0.7463874819548071
1.8110000000000013,0.7482070300000022
1.8120000000000012,0.7499080900000022
1.813000000000001,0.7515590200000014
1.8140000000000014,0.7532343300000021
1.8150000000000013,0.7547825851744845
1.8160000000000012,0.7562328000000017
1.817000000000001,0.7575183500000012
1.8180000000000014,0.7586482800000015
1.8190000000000013,0.7598259400000015
1.8200000000000012,0.7609027723167696
1.821000000000001,0.7618763400000012
1.8220000000000014,0.7629022600000013
1.8230000000000013,0.7636702100000006
1.8240000000000012,0.7641466900000007
1.825000000000001,0.7647516700000005
1.8260000000000014,0.765292940000001
1.8270000000000013,0.7659116400000009
1.8280000000000012,0.766587025868414
1.829000000000001,0.767245710000001
1.8300000000000014,0.7681036000000028
1.8310000000000013,0.7701941100000018
1.8320000000000012,0.7715086900000019
1.833000000000001,0.7729284703629657
1.8340000000000014,0.7746321000000022
1.8350000000000013,0.7762157300000014
1.8360000000000012,0.7773048900000014
1.837000000000001,0.7782794800000006
1.8380000000000014,0.7787326746805326
1.8390000000000013,0.7791700400000005
1.8400000000000012,0.7795065599999998
1.841000000000001,0.7794521499999998
1.8420000000000014,0.7792556899999995
1.8430000000000013,0.7789856470042993
1.8440000000000012,0.7783881399999989
1.845000000000001,0.7773491099999993
1.8460000000000014,0.7767467499999994
1.8470000000000013,0.7762880899999992
1.8480000000000012,0.7757198199999997
1.849000000000001,0.7754702599999995
1.8500000000000014,0.775077399999999
1.8510000000000013,0.774286629999999
1.8520000000000012,0.773546099999999
1.853000000000001,0.7728514699999992
1.8540000000000014,0.7720211099999987
1.8550000000000013,0.7711119099999989
1.8560000000000012,0.7702649401429845
1.857000000000001,0.7692663699999988
1.8580000000000014,0.7681794199999991
1.8590000000000013,0.7675107099999995
1.8600000000000012,0.7670652299999997
1.861000000000001,0.766771783009699
1.8620000000000014,0.7667018800000002
1.8630000000000013,0.7668106000000003
1.8640000000000012,0.7671581500000005
1.865000000000001,0.7676547200000009
1.8660000000000014,0.7684395715148498
1.8670000000000013,0.7692967100000012
1.8680000000000012,0.7702247500000008
1.869000000000001,0.7709299300000002
1.8700000000000014,0.77117741
1.8710000000000013,0.7711370040405958
1.8720000000000012,0.7708744399999988
1.873000000000001,0.7699724999999994
1.8740000000000014,0.7692187999999989
1.8750000000000013,0.768413479999999
1.8760000000000012,0.7676560299999993
1.8770000000000011,0.7671033699999993
1.8780000000000014,0.7666042999999995
1.8790000000000013,0.7662000881251869
1.8800000000000012,0.7657813399999999
1.8810000000000011,0.7656606400000004
1.8820000000000014,0.7660282300000005
1.8830000000000013,0.7664020100000009
1.8840000000000012,0.7670533199690039
1.8850000000000011,0.7677530100000003
1.8860000000000015,0.7680240900000009
1.8870000000000013,0.7685738800000014
1.8880000000000012,0.7694565100000013
1.8890000000000011,0.7705724284081603
1.8900000000000015,0.7716744500000018
1.8910000000000013,0.7728199400000011
1.8920000000000012,0.7736820600000006
1.8930000000000011,0.7741461400000006
1.8940000000000015,0.7746856860453962
1.8950000000000014,0.7753121900000007
1.8960000000000012,0.7758638300000009
1.8970000000000011,0.7765186400000007
1.8980000000000015,0.7770270700000003
1.8990000000000014,0.7772113700000004
1.9000000000000012,0.7775389600000002
1.9010000000000011,0.77771759
1.9020000000000015,0.77769506
1.9030000000000014,0.7776942299999995
1.9040000000000012,0.7772504099999993
1.9050000000000011,0.776678499999999
1.9060000000000015,0.7758750899999988
1.9070000000000014,0.7750755954364553
1.9080000000000013,0.7743299599999991
1.9090000000000011,0.7735379899999992
1.9100000000000015,0.7728306099999986
1.9110000000000014,0.7719978099999988
1.9120000000000013,0.7710824001529833
1.9130000000000011,0.7698839299999982
1.9140000000000015,0.7683139399999978
1.9150000000000014,0.7666343999999979
1.9160000000000013,0.7650902299999979
1.9170000000000011,0.7635118778352148
1.9180000000000015,0.7619680799999985
1.9190000000000014,0.7607781299999982
1.9200000000000013,0.7594011399999978
1.9210000000000012,0.7577757799999982
1.9220000000000015,0.7561507625017473
1.9230000000000014,0.7543737299999975
1.9240000000000013,0.7525675899999981
1.9250000000000012,0.7509030099999982
1.9260000000000015,0.7491979599999974
1.9270000000000014,0.7474856999999975
1.9280000000000013,0.7458363199999982
1.9290000000000012,0.7442390899999982
1.9300000000000015,0.7426499964803498
1.9310000000000014,0.7411147999999979
1.9320000000000013,0.739522579999998
1.9330000000000012,0.7380610699999984
1.9340000000000015,0.7366929099999985
1.9350000000000014,0.7355240599680015
1.9360000000000013,0.7343237399999981
1.9370000000000012,0.7329463399999981
1.9380000000000015,0.7315624399999984
1.9390000000000014,0.7303118099999986
1.9400000000000013,0.7292646047205267
1.9410000000000012,0.7285243899999991
1.9420000000000015,0.7278698099999992
1.9430000000000014,0.7273516699999993
1.9440000000000013,0.7268593899999996
1.9450000000000012,0.7264941065283467
1.9460000000000015,0.7261506299999995
1.9470000000000014,0.7257884099999995
1.9480000000000013,0.7254528999999997
1.9490000000000012,0.7251299599999997
1.9500000000000015,0.7249027499999995
1.9510000000000014,0.7245523899999994
1.9520000000000013,0.7241485099999994
1.9530000000000012,0.7236121726647325
1.9540000000000015,0.7228388199999987
1.9550000000000014,0.7220069799999989
1.9560000000000013,0.7211782899999988
1.9570000000000012,0.7202663399999985
1.9580000000000015,0.7190652617388245
1.9590000000000014,0.7179826499999987
1.9600000000000013,0.7170364899999986
1.9610000000000012,0.7159784399999988
1.9620000000000015,0.715097249999999
1.9630000000000014,0.7144337363513639
1.9640000000000013,0.713708639999999
1.9650000000000012,0.7129878399999993
1.9660000000000015,0.712253269999999
1.9670000000000014,0.7115924399999988
1.9680000000000013,0.7107958996540336
1.9690000000000012,0.7099440099999988
1.9700000000000015,0.708969179999998
1.9710000000000014,0.707665499999998
1.9720000000000013,0.7063776299999983
1.9730000000000012,0.7051178199999985
1.9740000000000015,0.703700779999998
1.9750000000000014,0.7024506299999984
1.9760000000000013,0.7012648599999983
1.9770000000000012,0.7000101199999982
1.9780000000000015,0.6986911899999984
1.9790000000000014,0.6974796099999983
1.9800000000000013,0.6961389799999984
1.9810000000000012,0.6949886028257166
1.9820000000000015,0.6943168599999988
1.9830000000000014,0.6935501099999988
1.9840000000000013,0.692643879999999
1.9850000000000012,0.6918675299999993
1.9860000000000015,0.6913092547805207
1.9870000000000014,0.6905570599999986
1.9880000000000013,0.6896968499999993
1.9890000000000012,0.6890136599999992
1.9900000000000015,0.6883404299999986
1.9910000000000014,0.687434170625936
1.9920000000000013,0.6864566799999993
1.9930000000000012,0.6858618899999991
1.9940000000000015,0.6850123399999978
1.9950000000000014,0.6835573299999983
1.9960000000000013,0.6822818575472437
1.9970000000000012,0.6809610099999982
1.9980000000000016,0.6796250899999986
1.9990000000000014,0.6785076899999986
2.0000000000000013,0.6774200799999985
2.0010000000000012,0.6763105580663855
2.0020000000000016,0.6752912219336118
2.0030000000000014,0.6742269399999986
2.0040000000000013,0.6731733808558276
2.0050000000000012,0.67208193914417
2.0060000000000016,0.6709885599999976
2.0070000000000014,0.6697069999999973
2.0080000000000013,0.6682077347550472
2.0090000000000012,0.6667552852449495
2.0100000000000016,0.6650190899999973
2.0110000000000015,0.663445139678062
2.0120000000000013,0.6619419203219333
2.0130000000000012,0.6606733199999986
2.0140000000000016,0.6595640522795426
2.0150000000000015,0.6586868477204546
2.0160000000000013,0.6582023499999997
2.0170000000000012,0.6579841399999998
2.0180000000000016,0.6578118349100183
2.0190000000000015,0.6579609350899822
2.0200000000000014,0.6580134
2.0210000000000012,0.6579880701549691
2.0220000000000016,0.657989619845031
2.0230000000000015,0.6579262599999999
2.0240000000000014,0.6578782501919613
2.0250000000000012,0.657580169808038
2.0260000000000016,0.6575017600000003
2.0270000000000015,0.6576125600000003
2.0280000000000014,0.6578047707789224
2.0290000000000012,0.6581573500000009
2.0300000000000016,0.6588119300000013
2.0310000000000015,0.6594685980793853
2.0320000000000014,0.6601493919206168
2.0330000000000013,0.6609444600000016
2.0340000000000016,0.6621913086202775
2.0350000000000015,0.6631775113797255
2.0360000000000014,0.663872120000001
2.0370000000000013,0.6646187905278952
2.0380000000000016,0.6652240694721065
2.0390000000000015,0.6656771300000008
2.0400000000000014,0.6663320700000006
2.0410000000000013,0.6667573870925814
2.0420000000000016,0.6666283129074184
2.0430000000000015,0.6665591
2.0440000000000014,0.6665883002029592
2.0450000000000013,0.6664903297970405
2.0460000000000016,0.6662851599999995
2.0470000000000015,0.6659685843031391
2.0480000000000014,0.6658116156968603
2.0490000000000013,0.6657485399999997
2.0500000000000016,0.6655214999999999
2.0510000000000015,0.6654789442555743
2.0520000000000014,0.6653619399999996
2.0530000000000013,0.6649923299999994
2.0540000000000016,0.6644701564317128
2.0550000000000015,0.6640344735682856
2.0560000000000014,0.6633583299999988
2.0570000000000013,0.662406619533092
2.0580000000000016,0.6612019504669048
2.0590000000000015,0.6597409199999978
2.0600000000000014,0.6581201965266924
2.0610000000000013,0.6561854634733025
2.0620000000000016,0.6539543299999964
2.0630000000000015,0.6518870599999969
2.0640000000000014,0.649574510333931
2.0650000000000013,0.647677849666064
2.0660000000000016,0.6459445999999978
2.0670000000000015,0.6446908063967196
2.0680000000000014,0.6440547736032785
2.0690000000000013,0.6437247400000006
2.0700000000000016,0.6441587048620283
2.0710000000000015,0.6446073251379731
2.0720000000000014,0.645417750000001
2.0730000000000013,0.6461517800000007
2.0740000000000016,0.6467015066113395
2.0750000000000015,0.6471676200000009
2.0760000000000014,0.6478024100000004
2.0770000000000013,0.6480832005788841
2.0780000000000016,0.6479889894211157
2.0790000000000015,0.6477217099999991
2.0800000000000014,0.6470900218096362
2.0810000000000013,0.6459081181903602
2.0820000000000016,0.644505259999997
2.0830000000000015,0.6427869770445882
2.0840000000000014,0.6409574229554061
2.0850000000000013,0.6389766899999971
2.0860000000000016,0.6368468999999953
2.0870000000000015,0.6342450466046753
2.0880000000000014,0.6319110933953174
2.0890000000000013,0.629548729999997
2.0900000000000016,0.6273334179314111
2.0910000000000015,0.6257127320685839
2.0920000000000014,0.6241840699999981
2.0930000000000013,0.6227932422985386
2.0940000000000016,0.6214162277014577
2.0950000000000015,0.6202231599999984
2.0960000000000014,0.6190512799999979
2.0970000000000013,0.6175055686841296
2.0980000000000016,0.6158924099999973
2.0990000000000015,0.6138896299999965
2.1000000000000014,0.6113132538712215
2.1010000000000013,0.6086519661287703
2.1020000000000016,0.6053058499999947
2.1030000000000015,0.6023143952909368
2.1040000000000014,0.5991673047090534
2.1050000000000013,0.5965809199999973
2.1060000000000016,0.5946107798620252
2.1070000000000015,0.5931094001379702
2.1080000000000014,0.5925965299999995
2.1090000000000013,0.5922139900000003
2.1100000000000017,0.592504704987003
2.1110000000000015,0.5927545750129977
2.1120000000000014,0.5931404800000003
2.1130000000000013,0.5933532495780842
2.1140000000000017,0.5931490304219152
2.1150000000000015,0.5929436099999988
2.1160000000000014,0.5920799670785818
2.1170000000000013,0.5905507529214133
2.1180000000000017,0.5887122199999968
2.1190000000000015,0.5863179599999965
2.1200000000000014,0.5836176862967358
2.1210000000000013,0.5805806537032547
2.1220000000000017,0.5773158099999937
2.1230000000000016,0.5737617968786181
2.1240000000000014,0.5699305831213699
2.1250000000000013,0.5660055899999943
2.1260000000000017,0.5617447953009328
2.1270000000000016,0.5573978046990536
2.1280000000000014,0.5524182299999935
2.1290000000000013,0.5475377461287673
2.1300000000000017,0.5415990338712169
2.1310000000000016,0.5344379499999858
2.1320000000000014,0.5264435399999841
2.1330000000000013,0.517413416459696
2.1340000000000017,0.5070780135402765
2.1350000000000016,0.4966494699999791
2.1360000000000015,0.4849000677924244
2.1370000000000013,0.4742779922075426
2.1380000000000017,0.4633234699999841
2.1390000000000016,0.45434216313736014
2.1400000000000015,0.446673536862616
2.1410000000000013,0.44134303999999713
2.1420000000000017,0.43918624999999845
2.1430000000000016,0.438297705535896
2.1440000000000015,0.44025306446411006
2.1450000000000014,0.4429313500000057
2.1460000000000017,0.4472164469766114
2.1470000000000016,0.4513862130234016
2.1480000000000015,0.4565963100000061
2.1490000000000014,0.4611906275244992
2.1500000000000017,0.4646658724755101
2.1510000000000016,0.4676557500000039
2.1520000000000015,0.4698663400000028
2.1530000000000014,0.471473499284074
2.1540000000000017,0.4722561500000007
2.1550000000000016,0.4726470100000002
2.1560000000000015,0.47275771779444
2.1570000000000014,0.4720356622055578
2.1580000000000017,0.4712891299999989
2.1590000000000016,0.47065513130873665
2.1600000000000015,0.4696682186912603
2.1610000000000014,0.468556819999998
2.1620000000000017,0.4670620656628643
2.1630000000000016,0.4651186943371297
2.1640000000000015,0.4628745299999962
2.1650000000000014,0.4600042099999962
2.1660000000000017,0.4571182559358073
2.1670000000000016,0.45367761406418206
2.1680000000000015,0.4505064199999965
2.1690000000000014,0.44789456265846506
2.1700000000000017,0.4451211473415275
2.1710000000000016,0.44321247999999547
2.1720000000000015,0.4406344926794593
2.1730000000000014,0.4376612873205315
2.1740000000000017,0.4340096699999913
2.1750000000000016,0.4291026899999906
2.1760000000000015,0.4238264176272294
2.1770000000000014,0.416855449999991
2.1780000000000017,0.4100876499999894
2.1790000000000016,0.4041080511647561
2.1800000000000015,0.39731969883522283
2.1810000000000014,0.3919318299999948
2.1820000000000017,0.38805273853928696
2.1830000000000016,0.38483813146070306
2.1840000000000015,0.38333135999999784
2.1850000000000014,0.3817137904229145
2.1860000000000017,0.38091801957708304
2.1870000000000016,0.3796128599999965
2.1880000000000015,0.37764939999999725
2.1890000000000014,0.37555110345730436
2.1900000000000017,0.37198567654268455
2.1910000000000016,0.36924227999999454
2.1920000000000015,0.3661949020385894
2.1930000000000014,0.36441528796140504
2.1940000000000017,0.3637695900000013
2.1950000000000016,0.3645288358268394
2.1960000000000015,0.3674871041731698
2.1970000000000014,0.3712558200000081
2.1980000000000017,0.3773596300000111
2.1990000000000016,0.3835969102009912
2.2000000000000015,0.39059892000000895
2.2010000000000014,0.3973148500000086
2.2020000000000017,0.40375244025395873
2.2030000000000016,0.40965497974605963
2.2040000000000015,0.41474473000000606
2.2050000000000014,0.4192821344241214
2.2060000000000017,0.4231263755758923
2.2070000000000016,0.4258728300000047
2.2080000000000015,0.42852379893721626
2.2090000000000014,0.4308131710627909
2.2100000000000017,0.4327942400000028
2.2110000000000016,0.4343604400000031
2.2120000000000015,0.4360998193601302
2.2130000000000014,0.4374934206398741
2.2140000000000017,0.4391674400000036
2.2150000000000016,0.44118166837332934
2.2160000000000015,0.4436654016266784
2.2170000000000014,0.44646084000000424
2.2180000000000017,0.44964102837333225
2.2190000000000016,0.45392476162668105
2.2200000000000015,0.45812166000000604
2.2210000000000014,0.46266642000000574
2.2220000000000018,0.46695547312769375
2.2230000000000016,0.47098675000000506
2.2240000000000015,0.47477314000000426
2.2250000000000014,0.47798173322835935
2.2260000000000018,0.4811140167716517
2.2270000000000016,0.48357853000000484
2.2280000000000015,0.48629811347630947
2.2290000000000014,0.4892328765236996
2.2300000000000018,0.49225417000000726
2.2310000000000016,0.496350431250756
2.2320000000000015,0.5001629387492558
2.2330000000000014,0.5037663600000045
2.2340000000000018,0.507215080000005
2.2350000000000017,0.5100233602059627
2.2360000000000015,0.5124254197940448
2.2370000000000014,0.5140181200000011
2.2380000000000018,0.5148831298860234
2.2390000000000017,0.5151819901139777
2.2400000000000015,0.5143175699999986
2.2410000000000014,0.5132662840141956
2.2420000000000018,0.512306425985801
2.2430000000000017,0.510540659999997
2.2440000000000015,0.5083177099999963
2.2450000000000014,0.5054471650309872
2.2460000000000018,0.5013974749689983
2.2470000000000017,0.4970598799999912
2.2480000000000016,0.4920885534802958
2.2490000000000014,0.4870233565196885
2.2500000000000018,0.4812081199999906
2.2510000000000017,0.47588710172464654
2.2520000000000016,0.47060434827533704
2.2530000000000014,0.4660522599999946
2.254000000000002,0.462014397185558
2.2550000000000017,0.45898625281443256
2.2560000000000016,0.45719995999999813
2.2570000000000014,0.4561415000000002
2.258000000000002,0.45625891633873367
2.2590000000000017,0.45712230366126905
2.2600000000000016,0.45906460000000393
2.2610000000000015,0.46129399487802963
2.262000000000002,0.46454277512198183
2.2630000000000017,0.46774840000000656
2.2640000000000016,0.471391652814442
2.2650000000000015,0.4744197971855674
2.266000000000002,0.4773022800000036
2.2670000000000017,0.4793015700000022
2.2680000000000016,0.48050835945710857
2.2690000000000015,0.4805029305428914
2.270000000000002,0.478713809999995
2.2710000000000017,0.47588988611077243
2.2720000000000016,0.4725509938892172
2.2730000000000015,0.4672441199999939
2.274000000000002,0.4626465229044111
2.2750000000000017,0.45767556709557344
2.2760000000000016,0.45425992999999587
2.2770000000000015,0.4519399699999986
2.278000000000002,0.4511157524217562
2.2790000000000017,0.45241785000000445
2.2800000000000016,0.45491299000000784
2.2810000000000015,0.4593212027964485
2.282000000000002,0.4641491672035687
2.2830000000000017,0.4710291300000107
2.2840000000000016,0.47701531556089743
2.2850000000000015,0.4829709244391211
2.286000000000002,0.4876595700000058
2.2870000000000017,0.49095503263547635
2.2880000000000016,0.4930813873645302
2.2890000000000015,0.49317261999999945
2.290000000000002,0.49275716999999714
2.2910000000000017,0.49113756073784903
2.2920000000000016,0.48904493926214443
2.2930000000000015,0.48700716999999616
2.294000000000002,0.48411798140971224
2.2950000000000017,0.4805320785902766
2.2960000000000016,0.4761826999999912
2.2970000000000015,0.47122832059287156
2.298000000000002,0.4651342494071068
2.2990000000000017,0.45834233999998564
2.3000000000000016,0.450243259999982
2.3010000000000015,0.44010901342464237
2.302000000000002,0.42936938999997715
2.3030000000000017,0.4165011299999778
2.3040000000000016,0.4039886331003579
2.3050000000000015,0.39031963689959964
2.306000000000002,0.37810101999997886
2.3070000000000017,0.3661953761117623
2.3080000000000016,0.3566564938882081
2.3090000000000015,0.34997009999999384
2.310000000000002,0.3453757671055777
2.3110000000000017,0.3446468228944197
2.3120000000000016,0.3452595200000066
2.3130000000000015,0.34898862000000536
2.314000000000002,0.35300160356629406
2.3150000000000017,0.3575372664337221
2.3160000000000016,0.36244267000000613
2.3170000000000015,0.3658954914307208
2.318000000000002,0.3702097985692945
2.3190000000000017,0.3754108800000104
2.3200000000000016,0.38125914038693404
2.3210000000000015,0.38836300961308806
2.322000000000002,0.3962005700000163
2.3230000000000017,0.40537813000001643
2.3240000000000016,0.4146193872342925
2.3250000000000015,0.4244917300000136
2.326000000000002,0.4347135400000158
2.3270000000000017,0.44359884652370885
2.3280000000000016,0.4520640834763174
2.3290000000000015,0.4602454300000102
2.330000000000002,0.46789461630575485
2.3310000000000017,0.4756576736942762
2.3320000000000016,0.4831747100000121
2.3330000000000015,0.48997643459609136
2.334000000000002,0.49652239540393195
2.3350000000000017,0.5027139200000109
2.3360000000000016,0.5088111200000089
2.3370000000000015,0.5139000031143843
2.338000000000002,0.5183311468856314
2.3390000000000017,0.5217602300000028
2.3400000000000016,0.52334944706259
2.3410000000000015,0.5249200729374148
2.342000000000002,0.5263384600000013
2.3430000000000017,0.5270664400229959
2.3440000000000016,0.527366669977005
2.3450000000000015,0.5274815599999982
2.346000000000002,0.526127219999999
2.3470000000000018,0.5255718612608746
2.3480000000000016,0.5259844700000008
2.3490000000000015,0.5265593500000013
2.350000000000002,0.527578030870829
2.3510000000000018,0.529086739129177
2.3520000000000016,0.5312774200000034
2.3530000000000015,0.5332170752069625
2.354000000000002,0.5356691447930462
2.3550000000000018,0.5377634200000028
2.3560000000000016,0.5393174766406736
2.3570000000000015,0.5403838833593297
2.358000000000002,0.5414092500000002
2.3590000000000018,0.5415552899999985
2.3600000000000017,0.5406681473115351
2.3610000000000015,0.53904126268846
2.362000000000002,0.5364381099999944
2.3630000000000018,0.5332968613257278
2.3640000000000017,0.5289101186742586
2.3650000000000015,0.5246082499999944
2.366000000000002,0.520465505617867
2.3670000000000018,0.5158216843821145
2.3680000000000017,0.5110372899999934
2.3690000000000015,0.506098089999992
2.370000000000002,0.5000951742501385
2.3710000000000018,0.49453767574983926
2.3720000000000017,0.4896012499999912
2.3730000000000016,0.48466241643170604
2.374000000000002,0.47992673356827714
2.3750000000000018,0.4753887699999912
2.3760000000000017,0.47043401705158305
2.3770000000000016,0.4663045329484041
2.378000000000002,0.46312707999999486
2.379000000000002,0.46021053065286655
2.3800000000000017,0.4584170593471279
2.3810000000000016,0.4564911099999963
2.382000000000002,0.4544388399999953
2.383000000000002,0.45232394115276564
2.3840000000000017,0.449935468847227
2.3850000000000016,0.4476503399999968
2.386000000000002,0.4458802538082333
2.387000000000002,0.44341833619175686
2.3880000000000017,0.4406935299999944
2.3890000000000016,0.43754905418415596
2.390000000000002,0.4330908958158282
2.391000000000002,0.42861067999999175
2.3920000000000017,0.4239442899999918
2.3930000000000016,0.41932989090781037
2.394000000000002,0.4143389690921719
2.395000000000002,0.410022879999992
2.3960000000000017,0.405510424531089
2.3970000000000016,0.4025557354689018
2.398000000000002,0.40068515999999976
2.399000000000002,0.40054685338532686
2.4000000000000017,0.4029807066146807
2.4010000000000016,0.40668118000000886
2.4020000000000015,0.4116674100000118
2.403000000000002,0.4183006766733456
2.4040000000000017,0.4278432700000164
2.4050000000000016,0.437050910000018
2.406000000000002,0.4471727988652479
2.407000000000002,0.4573614511347928
2.4080000000000017,0.46605656000001644
2.4090000000000016,0.47531387328036223
2.4100000000000015,0.48664667671967304
2.411000000000002,0.49664313000001525
2.4120000000000017,0.5052436454049333
2.4130000000000016,0.5140976945950942
2.414000000000002,0.5218235300000137
2.415000000000002,0.529495540000016
2.4160000000000017,0.538484771873638
2.4170000000000016,0.5464035081263866
2.4180000000000015,0.5532048300000083
2.419000000000002,0.559480142164575
2.4200000000000017,0.5644017878354403
2.4210000000000016,0.5700360500000087
2.422000000000002,0.5748835698270418
2.423000000000002,0.5783818401729722
2.4240000000000017,0.5826116200000069
2.4250000000000016,0.5864636300000049
2.4260000000000015,0.5892197743855656
2.427000000000002,0.5911967800000043
2.4280000000000017,0.5936557100000049
2.4290000000000016,0.5964800828124406
2.430000000000002,0.5984082071875662
2.431000000000002,0.6004031300000028
2.4320000000000017,0.6019699649340133
2.4330000000000016,0.6020193050659869
2.4340000000000015,0.6013210999999979
2.435000000000002,0.5998332027054563
2.4360000000000017,0.5981602572945379
2.4370000000000016,0.5966906499999961
2.438000000000002,0.5944725899999964
2.439000000000002,0.5924643170785822
2.4400000000000017,0.5911351029214131
2.4410000000000016,0.5894455299999963
2.4420000000000015,0.5873920166556668
2.443000000000002,0.5860585733443285
2.4440000000000017,0.5843486199999948
2.4450000000000016,0.5814077859198122
2.446000000000002,0.5790669840801794
2.447000000000002,0.5759123599999902
2.4480000000000017,0.5704065599999921
2.4490000000000016,0.5659694575692343
2.4500000000000015,0.5605451499999916
2.451000000000002,0.5542236599999872
2.4520000000000017,0.5470123663487125
2.4530000000000016,0.5360758536512533
2.454000000000002,0.5247138699999787
2.455000000000002,0.5126864988422072
2.4560000000000017,0.5008749211577455
2.4570000000000016,0.48831057999998023
2.4580000000000015,0.47720029293739613
2.459000000000002,0.46702966706256777
2.4600000000000017,0.45818039999999044
2.4610000000000016,0.45279734999999127
2.462000000000002,0.4478932897070518
2.463000000000002,0.444590360292935
2.4640000000000017,0.4415234299999954
2.4650000000000016,0.438942206464702
2.4660000000000015,0.43580685353528825
2.467000000000002,0.43113809999999286
2.4680000000000017,0.4271768815676805
2.4690000000000016,0.42349255843230804
2.470000000000002,0.41941779999999507
2.471000000000002,0.41662272999999456
2.4720000000000018,0.413559343739615
2.4730000000000016,0.4066967399999952
2.4740000000000015,0.40310325999999996
2.475000000000002,0.4030698514397139
2.4760000000000018,0.4039842485602897
2.4770000000000016,0.41038013000000884
2.478000000000002,0.4153459157738546
2.479000000000002,0.4199036542261636
2.4800000000000018,0.4261396500000109
2.4810000000000016,0.43228196838733024
2.4820000000000015,0.43706584161268464
2.483000000000002,0.44293541000001196
2.4840000000000018,0.44968304000000825
2.4850000000000017,0.45433112282643945
2.486000000000002,0.45725938717357095
2.487000000000002,0.4551257799999904
2.4880000000000018,0.4497152143251262
2.4890000000000017,0.44425846567485683
2.4900000000000015,0.439996930000001
2.491000000000002,0.4407522360707851
2.4920000000000018,0.4404129439292135
2.4930000000000017,0.433886829999992
2.494000000000002,0.42787941999999163
2.495000000000002,0.42317158067184857
2.4960000000000018,0.4148782993281183
2.4970000000000017,0.40678092999998305
2.4980000000000016,0.3972438588422167
2.499000000000002,0.38803228115775057
2.5000000000000018,0.38803109999999996
2.5010000000000017,0.38803109999999996
2.502000000000002,0.38803109999999996
2.503000000000002,0.38803109999999996
2.504000000000002,0.38803109999999996
2.5050000000000017,0.38803109999999996
2.5060000000000016,0.38803109999999996
2.507000000000002,0.38803109999999996
2.508000000000002,0.38803109999999996
2.5090000000000017,0.38803109999999996
2.510000000000002,0.38803109999999996
2.511000000000002,0.38803109999999996
2.512000000000002,0.38803109999999996
2.5130000000000017,0.38803109999999996
2.5140000000000016,0.38803109999999996
2.515000000000002,0.38803109999999996
2.516000000000002,0.38803109999999996
2.5170000000000017,0.38803109999999996
2.518000000000002,0.38803109999999996
2.519000000000002,0.38803109999999996
2.520000000000002,0.38803109999999996
2.5210000000000017,0.38803109999999996
2.5220000000000016,0.38803109999999996
2.523000000000002,0.38803109999999996
2.524000000000002,0.38803109999999996
2.5250000000000017,0.38803109999999996
2.526000000000002,0.38803109999999996
2.527000000000002,0.38803109999999996
2.528000000000002,0.38803109999999996
2.5290000000000017,0.38803109999999996
2.5300000000000016,0.38803109999999996
2.531000000000002,0.38803109999999996
2.532000000000002,0.38803109999999996
2.5330000000000017,0.38803109999999996
2.534000000000002,0.38803109999999996
2.535000000000002,0.38803109999999996
2.536000000000002,0.38803109999999996
2.5370000000000017,0.38803109999999996
2.5380000000000016,0.38803109999999996
2.539000000000002,0.38803109999999996
2.540000000000002,0.38803109999999996
2.5410000000000017,0.38803109999999996
2.542000000000002,0.38803109999999996
2.543000000000002,0.38803109999999996
2.544000000000002,0.38803109999999996
2.5450000000000017,0.38803109999999996
2.5460000000000016,0.38803109999999996
2.547000000000002,0.38803109999999996
2.548000000000002,0.38803109999999996
2.5490000000000017,0.38803109999999996
2.550000000000002,0.38803109999999996
2.551000000000002,0.38803109999999996
2.552000000000002,0.38803109999999996
2.5530000000000017,0.38803109999999996
2.5540000000000016,0.38803109999999996
2.555000000000002,0.38803109999999996
2.556000000000002,0.38803109999999996
2.5570000000000017,0.38803109999999996
2.558000000000002,0.38803109999999996
2.559000000000002,0.38803109999999996
2.560000000000002,0.38803109999999996
2.5610000000000017,0.38803109999999996
2.5620000000000016,0.38803109999999996
2.563000000000002,0.38803109999999996
2.564000000000002,0.38803109999999996
2.5650000000000017,0.38803109999999996
2.566000000000002,0.38803109999999996
2.567000000000002,0.38803109999999996
2.568000000000002,0.38803109999999996
2.5690000000000017,0.38803109999999996
2.5700000000000016,0.38803109999999996
2.571000000000002,0.38803109999999996
2.572000000000002,0.38803109999999996
2.5730000000000017,0.38803109999999996
2.574000000000002,0.38803109999999996
2.575000000000002,0.38803109999999996
2.576000000000002,0.38803109999999996
2.5770000000000017,0.38803109999999996
2.5780000000000016,0.38803109999999996
2.579000000000002,0.38803109999999996
2.580000000000002,0.38803109999999996
2.5810000000000017,0.38803109999999996
2.582000000000002,0.38803109999999996
2.583000000000002,0.38803109999999996
2.584000000000002,0.38803109999999996
2.5850000000000017,0.38803109999999996
2.5860000000000016,0.38803109999999996
2.587000000000002,0.38803109999999996
2.588000000000002,0.38803109999999996
2.5890000000000017,0.38803109999999996
2.590000000000002,0.38803109999999996
2.591000000000002,0.38803109999999996
2.592000000000002,0.38803109999999996
2.5930000000000017,0.38803109999999996
2.5940000000000016,0.38803109999999996
2.595000000000002,0.38803109999999996
2.596000000000002,0.38803109999999996
2.5970000000000018,0.38803109999999996
2.598000000000002,0.38803109999999996
2.599000000000002,0.38803109999999996
