wave,r
0.4,0.6631045908934822
0.401,0.6628946707002861
0.402,0.662964699299714
0.403,0.66299057
0.404,0.663021329692403
0.405,0.66310877
0.406,0.6630526206245875
0.40700000000000003,0.6631150793754125
0.40800000000000003,0.6633264403081938
0.40900000000000003,0.6633572596918061
0.41000000000000003,0.66334707
0.41100000000000003,0.663337110099599
0.41200000000000003,0.66340959
0.41300000000000003,0.663478670206298
0.41400000000000003,0.6634993
0.41500000000000004,0.6634474419704606
0.41600000000000004,0.6636444880295395
0.41700000000000004,0.66367787
0.41800000000000004,0.6635795209834902
0.41900000000000004,0.66345966
0.42000000000000004,0.663587931904881
0.42100000000000004,0.66377842
0.42200000000000004,0.6639180789742205
0.42300000000000004,0.6638155010257795
0.42400000000000004,0.6637085692370153
0.42500000000000004,0.6636322707629848
0.42600000000000005,0.66368407
0.42700000000000005,0.6636702399893001
0.42800000000000005,0.66366917
0.42900000000000005,0.6637985704887902
0.43000000000000005,0.6638474495112098
0.43100000000000005,0.6639075309446811
0.43200000000000005,0.664001999055319
0.43300000000000005,0.66389471
0.43400000000000005,0.663877430392196
0.43500000000000005,0.66391665
0.43600000000000005,0.6639478801334974
0.43700000000000006,0.6639612298665026
0.43800000000000006,0.663970410101298
0.43900000000000006,0.663980539898702
0.44000000000000006,0.66395754
0.44100000000000006,0.6639894796806032
0.44200000000000006,0.66406339
0.44300000000000006,0.6640740594856103
0.44400000000000006,0.6640226205143898
0.44500000000000006,0.6639601597789044
0.44600000000000006,0.6639380502210955
0.44700000000000006,0.66401213
0.44800000000000006,0.6640091500297998
0.44900000000000007,0.66390276
0.45000000000000007,0.6639269003039939
0.45100000000000007,0.6639572996960061
0.45200000000000007,0.6639950904934901
0.45300000000000007,0.6640444395065098
0.45400000000000007,0.66404104
0.45500000000000007,0.664030310107299
0.45600000000000007,0.66402805
0.4570000000000001,0.6640185099082009
0.4580000000000001,0.66400933
0.4590000000000001,0.6640095705679887
0.4600000000000001,0.6640663694320114
0.4610000000000001,0.6640479
0.4620000000000001,0.664007600402996
0.4630000000000001,0.66397786
0.4640000000000001,0.6639327398498015
0.4650000000000001,0.66391772
0.4660000000000001,0.663932199751505
0.4670000000000001,0.663907350248495
0.4680000000000001,0.6638751597825043
0.4690000000000001,0.6638534102174957
0.4700000000000001,0.66387618
0.4710000000000001,0.6638354093628064
0.4720000000000001,0.66377169
0.4730000000000001,0.6636950999916001
0.4740000000000001,0.6636942600083998
0.4750000000000001,0.6636688096299074
0.4760000000000001,0.6636318003700926
0.4770000000000001,0.66362143
0.4780000000000001,0.6635853595083049
0.4790000000000001,0.66353619
0.4800000000000001,0.6634753305859883
0.4810000000000001,0.6635339294140118
0.4820000000000001,0.663526539352613
0.4830000000000001,0.663461800647387
0.4840000000000001,0.66343641
0.4850000000000001,0.6634407599565004
0.4860000000000001,0.66343015
0.4870000000000001,0.6633528497884043
0.4880000000000001,0.6633316902115958
0.4890000000000001,0.6633001594588108
0.4900000000000001,0.6632460405411892
0.4910000000000001,0.66319162
0.4920000000000001,0.6631197907182927
0.4930000000000001,0.66305012
0.4940000000000001,0.6630237698409016
0.4950000000000001,0.66300786
0.4960000000000001,0.6629723893050139
0.4970000000000001,0.6629028906949861
0.4980000000000001,0.66285038
0.4990000000000001,0.6628277902258978
0.5000000000000001,0.66281337
0.5010000000000001,0.6627267593782875
0.5020000000000001,0.6626645881280936
0.5030000000000001,0.6626021912479376
0.5040000000000001,0.6625207708142081
0.5050000000000001,0.66251975
0.5060000000000001,0.6624910786352682
0.5070000000000001,0.6624228420470976
0.5080000000000001,0.6622999324582245
0.5090000000000001,0.66224468
0.5100000000000001,0.6622053391487914
0.5110000000000001,0.662120219300428
0.5120000000000001,0.6620852406995721
0.5130000000000001,0.6620341505109051
0.5140000000000001,0.66195261
0.5150000000000001,0.6618757192126842
0.5160000000000001,0.6617969875968202
0.5170000000000001,0.6617168816021198
0.5180000000000001,0.6616343308255083
0.5190000000000001,0.6615914095493954
0.5200000000000001,0.6615463486124693
0.5210000000000001,0.661476972081296
0.5220000000000001,0.6613903608661172
0.5230000000000001,0.66131556
0.5240000000000001,0.6612489191243912
0.5250000000000001,0.6611613579628816
0.5260000000000001,0.6610595020371185
0.5270000000000001,0.6609643709513094
0.5280000000000001,0.6608972
0.5290000000000001,0.6608082083297833
0.5300000000000001,0.6607246977363131
0.5310000000000001,0.6606492415091245
0.5320000000000001,0.66054863100611
0.5330000000000001,0.6604385389568895
0.5340000000000001,0.6603342286542673
0.5350000000000001,0.660266942018599
0.5360000000000001,0.6601849208202163
0.5370000000000001,0.66008312
0.5380000000000001,0.6599572893144863
0.5390000000000001,0.6598887373484326
0.5400000000000001,0.6598003517677117
0.5410000000000001,0.6596952710508104
0.5420000000000001,0.6595816
0.5430000000000001,0.6594508274919254
0.5440000000000002,0.6593254237621119
0.5450000000000002,0.659220402100421
0.5460000000000002,0.65911329
0.5470000000000002,0.6590033188823887
0.5480000000000002,0.6588915579960802
0.5490000000000002,0.6587913620039199
0.5500000000000002,0.6586757311563115
0.5510000000000002,0.65855563
0.5520000000000002,0.6584414187316747
0.5530000000000002,0.6583145862216889
0.5540000000000002,0.658188642518874
0.5550000000000002,0.6580665112213122
0.5560000000000002,0.6579383588597887
0.5570000000000002,0.657824337680316
0.5580000000000002,0.657708353479526
0.5590000000000002,0.6575438432902329
0.5600000000000002,0.6574133000000001
0.5610000000000002,0.6572896187083871
0.5620000000000002,0.6571604572213111
0.5630000000000002,0.6570215227786889
0.5640000000000002,0.6568890813244133
0.5650000000000002,0.65675992
0.5660000000000002,0.6566159071175711
0.5670000000000002,0.6564717855494225
0.5680000000000002,0.6563234329670516
0.5690000000000002,0.6561651215831158
0.5700000000000002,0.6560041282791828
0.5710000000000002,0.6558320463345833
0.5720000000000002,0.6556487754981251
0.5730000000000002,0.6554744217435349
0.5740000000000002,0.65530783
0.5750000000000002,0.6551413481862818
0.5760000000000002,0.6549599765621374
0.5770000000000002,0.6547880834378624
0.5780000000000002,0.6546152817280173
0.5790000000000002,0.65443683
0.5800000000000002,0.6543070077337774
0.5810000000000002,0.6541936969692516
0.5820000000000002,0.654092672020499
0.5830000000000002,0.65399307
0.5840000000000002,0.6538504384352843
0.5850000000000002,0.6536939669031547
0.5860000000000002,0.6535391246452678
0.5870000000000002,0.6533879015122303
0.5880000000000002,0.65320212
0.5890000000000002,0.652987658202864
0.5900000000000002,0.6528079439439028
0.5910000000000002,0.6526060740373981
0.5920000000000002,0.6524027620331203
0.5930000000000002,0.6522246582290823
0.5940000000000002,0.6520475665205739
0.5950000000000002,0.651873595219139
0.5960000000000002,0.6517017534368343
0.5970000000000002,0.65150338
0.5980000000000002,0.6513066880574805
0.5990000000000002,0.6511124362521499
0.6000000000000002,0.65092504374785
0.6010000000000002,0.6507362718877189
0.6020000000000002,0.65054375
0.6030000000000002,0.6503440679811596
0.6040000000000002,0.6501421843926803
0.6050000000000002,0.649955273738213
0.6060000000000002,0.6497796817559175
0.6070000000000002,0.6495936480574805
0.6080000000000002,0.6493993958100095
0.6090000000000002,0.6491898962849858
0.6100000000000002,0.6489534423645472
0.6110000000000002,0.64873272
0.6120000000000002,0.6485339982159822
0.6130000000000002,0.6483555959565617
0.6140000000000002,0.6481534240434382
0.6150000000000002,0.647933962194622
0.6160000000000002,0.6476969099999998
0.6170000000000002,0.647431844605746
0.6180000000000002,0.6471621319733013
0.6190000000000002,0.6468945753511324
0.6200000000000002,0.64663333
0.6210000000000002,0.6464027174863748
0.6220000000000002,0.6461513547122643
0.6230000000000002,0.6458869679316034
0.6240000000000002,0.6456304225654513
0.6250000000000002,0.6453592799999999
0.6260000000000002,0.6450889673809476
0.6270000000000002,0.6448270621307933
0.6280000000000002,0.6445647552461377
0.6290000000000002,0.644314172505825
0.6300000000000002,0.6440716399999998
0.6310000000000002,0.643810204939853
0.6320000000000002,0.6435571975902205
0.6330000000000002,0.6433092449590495
0.6340000000000002,0.64306802
0.6350000000000002,0.6428308475883757
0.6360000000000002,0.642589685024399
0.6370000000000002,0.642340904975601
0.6380000000000002,0.6420964624444243
0.6390000000000002,0.6418288399999998
0.6400000000000002,0.6415489272170443
0.6410000000000002,0.6412706312350381
0.6420000000000002,0.6409784658433078
0.6430000000000002,0.6406921728629286
0.6440000000000002,0.6404207272003719
0.6450000000000002,0.6401407643938802
0.6460000000000002,0.6398604584091795
0.6470000000000002,0.639580012804456
0.6480000000000002,0.6392895
0.6490000000000002,0.6390030371842718
0.6500000000000002,0.6387214645070197
0.6510000000000002,0.6384468154929802
0.6520000000000002,0.6381231532366323
0.6530000000000002,0.6378150599999999
0.6540000000000002,0.6375294241849417
0.6550000000000002,0.6372386711045447
0.6560000000000002,0.6369421559303035
0.6570000000000003,0.6366399530220301
0.6580000000000003,0.6363273270876708
0.6590000000000003,0.6360360940374981
0.6600000000000003,0.6357379689437528
0.6610000000000003,0.6354238431412627
0.6620000000000003,0.6351188999999999
0.6630000000000003,0.6348086568349366
0.6640000000000003,0.634492150137093
0.6650000000000003,0.6341633865752712
0.6660000000000003,0.6338509931239311
0.6670000000000003,0.6335371099999999
0.6680000000000003,0.6332097039455027
0.6690000000000003,0.6329069790817458
0.6700000000000003,0.6326028760820608
0.6710000000000003,0.6322950699999998
0.6720000000000003,0.6319795766156661
0.6730000000000003,0.6316411434162633
0.6740000000000003,0.6313119565837365
0.6750000000000003,0.6310305028145281
0.6760000000000003,0.6307081599999999
0.6770000000000003,0.6303545761596231
0.6780000000000003,0.6299705381487924
0.6790000000000003,0.6295754979008049
0.6800000000000003,0.6292215035399353
0.6810000000000003,0.6288845463468633
0.6820000000000003,0.6285192332065396
0.6830000000000003,0.6281795601901904
0.6840000000000003,0.6278308069750698
0.6850000000000003,0.6274571999999998
0.6860000000000003,0.6271101163003628
0.6870000000000003,0.6267401522683091
0.6880000000000003,0.6263535677316906
0.6890000000000003,0.6259844936907368
0.6900000000000003,0.6256862299999999
0.6910000000000003,0.625459127407174
0.6920000000000003,0.6253294782723863
0.6930000000000003,0.624938557818409
0.6940000000000003,0.6243811255743555
0.6950000000000003,0.6236930445890457
0.6960000000000003,0.6231519499941001
0.6970000000000003,0.6226516550088493
0.6980000000000003,0.6221770647458947
0.6990000000000003,0.6217170999999998
0.7000000000000003,0.6212504453496533
0.7010000000000003,0.6207854107663693
0.7020000000000003,0.6203237292336305
0.7030000000000003,0.6198194650426503
0.7040000000000003,0.6193178299999998
0.7050000000000003,0.6188128493878937
0.7060000000000003,0.6182822441739911
0.7070000000000003,0.6177547105506723
0.7080000000000003,0.6172193899999998
0.7090000000000003,0.6166661942421422
0.7100000000000003,0.6160904083763811
0.7110000000000003,0.6155092274354281
0.7120000000000003,0.6149227658646171
0.7130000000000003,0.6143230799999998
0.7140000000000003,0.6137222039219783
0.7150000000000003,0.6131144012593369
0.7160000000000003,0.6124897124937752
0.7170000000000003,0.6118700561965619
0.7180000000000003,0.6112394835406352
0.7190000000000003,0.610593546456077
0.7200000000000003,0.609916350315884
0.7210000000000003,0.6092323836793365
0.7220000000000003,0.6085404799999998
0.7230000000000003,0.6078318326870267
0.7240000000000003,0.6071005354115833
0.7250000000000003,0.6063711145884162
0.7260000000000003,0.6056516271948716
0.7270000000000003,0.6048888599999998
0.7280000000000003,0.6041125621039418
0.7290000000000003,0.6033229555233236
0.7300000000000003,0.6025070663177838
0.7310000000000003,0.6016795082755826
0.7320000000000003,0.6008430015134149
0.7330000000000003,0.5999943421874903
0.7340000000000003,0.5991037167187637
0.7350000000000003,0.5981961590755813
0.7360000000000003,0.5972741199999997
0.7370000000000003,0.5963287303159029
0.7380000000000003,0.595360320443182
0.7390000000000003,0.5943824795568173
0.7400000000000003,0.5934070997537972
0.7410000000000003,0.5924133099999996
0.7420000000000003,0.591407819629196
0.7430000000000003,0.5903892773502321
0.7440000000000003,0.5893009517665112
0.7450000000000003,0.5882226199999997
0.7460000000000003,0.5871404886803864
0.7470000000000003,0.5860085275683212
0.7480000000000003,0.5848869436475174
0.7490000000000003,0.5837611712577249
0.7500000000000003,0.5826215699999996
0.7510000000000003,0.5814422882051637
0.7520000000000003,0.5802628045519719
0.7530000000000003,0.579081203632018
0.7540000000000003,0.5778563122489221
0.7550000000000003,0.5766174199999996
0.7560000000000003,0.575369984892255
0.7570000000000003,0.5741145976616167
0.7580000000000003,0.5728088861142606
0.7590000000000003,0.5714902299999995
0.7600000000000003,0.5701629364243637
0.7610000000000003,0.5688053727938879
0.7620000000000003,0.5674450672061112
0.7630000000000003,0.5660883935667351
0.7640000000000003,0.5647484699999995
0.7650000000000003,0.563412536419928
0.7660000000000003,0.5620545281793905
0.7670000000000003,0.5606605078804056
0.7680000000000003,0.5592608639964395
0.7690000000000003,0.5578500458008575
0.7700000000000004,0.5564301315592216
0.7710000000000004,0.5550080926611664
0.7720000000000004,0.5536071240096796
0.7730000000000004,0.5522143199999996
0.7740000000000004,0.550821465850358
0.7750000000000004,0.5494065020679167
0.7760000000000004,0.5480098979320822
0.7770000000000004,0.5466360537384368
0.7780000000000004,0.5452910699999995
0.7790000000000004,0.543958163649736
0.7800000000000004,0.5426406513010344
0.7810000000000004,0.5413506857993096
0.7820000000000004,0.5400840126667262
0.7830000000000004,0.5388443979233788
0.7840000000000004,0.5376367372715362
0.7850000000000004,0.5365003140926949
0.7860000000000004,0.5353960510426203
0.7870000000000004,0.5343248199999997
0.7880000000000004,0.5333008102908054
0.7890000000000004,0.5323298925174738
0.7900000000000004,0.5314138083216836
0.7910000000000004,0.5305672384656843
0.7920000000000004,0.5297941599999998
0.7930000000000004,0.5290703065490723
0.7940000000000004,0.5283977601763908
0.7950000000000004,0.5278080217947178
0.7960000000000004,0.5273122799999997
0.7970000000000004,0.5268764461572615
0.7980000000000004,0.5264921743926242
0.7990000000000004,0.5262118056073756
0.8000000000000004,0.5260034820832207
0.8010000000000004,0.52586597
0.8020000000000004,0.5258313403630073
0.8030000000000004,0.5258676432488376
0.8040000000000004,0.5259759378341083
0.8050000000000004,0.526196777791578
0.8060000000000004,0.5264972436413365
0.8070000000000004,0.5268613786351685
0.8080000000000004,0.5272931370472478
0.8090000000000004,0.5278513888348885
0.8100000000000004,0.5284735000000002
0.8110000000000004,0.5291584176974773
0.8120000000000004,0.5299281671285153
0.8130000000000004,0.5307845928714854
0.8140000000000004,0.5317068007779081
0.8150000000000004,0.5327003600000004
0.8160000000000004,0.5337695725892264
0.8170000000000004,0.5348990357270141
0.8180000000000004,0.5360899361819913
0.8190000000000004,0.5373622072772732
0.8200000000000004,0.5386771736698373
0.8210000000000004,0.5400441590843463
0.8220000000000004,0.541498376373482
0.8230000000000004,0.5429903750800023
0.8240000000000004,0.5445385000000006
0.8250000000000004,0.5461518364080646
0.8260000000000004,0.5477926435000607
0.8270000000000004,0.5494676464999407
0.8280000000000004,0.5511781428950296
0.8290000000000004,0.5529381000000005
0.8300000000000004,0.5547311061171619
0.8310000000000004,0.5565369642672874
0.8320000000000004,0.5583458738218098
0.8330000000000004,0.5602229200000008
0.8340000000000004,0.5621284992644934
0.8350000000000004,0.5640549483070855
0.8360000000000004,0.5659703025393739
0.8370000000000004,0.5679113105899126
0.8380000000000004,0.5698670700000009
0.8390000000000004,0.5718262398248973
0.8400000000000004,0.5738087294921261
0.8410000000000004,0.575791800338584
0.8420000000000004,0.5777724801932027
0.8430000000000004,0.5797639698562993
0.8440000000000004,0.5817495998950061
0.8450000000000004,0.5837443501574929
0.8460000000000004,0.5857701494839958
0.8470000000000004,0.5877802400000008
0.8480000000000004,0.5897933402032027
0.8490000000000004,0.5918136600301998
0.8500000000000004,0.5938151699698021
0.8510000000000004,0.5958106300454012
0.8520000000000004,0.5978060400000009
0.8530000000000004,0.599815810164004
0.8540000000000004,0.6018322103110852
0.8550000000000004,0.6038425797926112
0.8560000000000004,0.6058342300835017
0.8570000000000004,0.6078001495164959
0.8580000000000004,0.6097517987636626
0.8590000000000004,0.6116899818545081
0.8600000000000004,0.6136019008808183
0.8610000000000004,0.6154829300000008
0.8620000000000004,0.6173373081115818
0.8630000000000004,0.6191484659867613
0.8640000000000004,0.6209478040132403
0.8650000000000004,0.6227333921441222
0.8660000000000004,0.6245011700000008
0.8670000000000004,0.6261612528567292
0.8680000000000004,0.6278040887244646
0.8690000000000004,0.6294282375170249
0.8700000000000004,0.6310116100000006
0.8710000000000004,0.63259060592896
0.8720000000000004,0.6341835022575878
0.8730000000000004,0.63579638161362
0.8740000000000004,0.6373957840059808
0.8750000000000004,0.6389944000000007
0.8760000000000004,0.640603026613333
0.8770000000000004,0.642264361994601
0.8780000000000004,0.643997515336934
0.8790000000000004,0.6457756022191229
0.8800000000000004,0.6475837200000008
0.8810000000000004,0.6492646618964059
0.8820000000000005,0.6508594821553928
0.8830000000000005,0.6523732797240979
0.8840000000000005,0.6538381600000006
0.8850000000000005,0.6553467054777555
0.8860000000000005,0.656894481667734
0.8870000000000005,0.6584778683322675
0.8880000000000005,0.6601233935447363
0.8890000000000005,0.6617967500000008
0.8900000000000005,0.6634861960393216
0.8910000000000005,0.665090127735714
0.8920000000000005,0.6666813181761919
0.8930000000000005,0.6682422643905447
0.8940000000000005,0.6696938440966417
0.8950000000000005,0.6711035076146198
0.8960000000000005,0.6724842385780718
0.8970000000000005,0.6738281665607319
0.8980000000000005,0.6751233900000005
0.8990000000000005,0.6764164128830294
0.9000000000000005,0.6777047145156199
0.9010000000000005,0.6789304954843811
0.9020000000000005,0.6800836184687853
0.9030000000000005,0.6811853600000004
0.9040000000000005,0.6822284711824123
0.9050000000000005,0.6832875935116249
0.9060000000000005,0.6844046476589176
0.9070000000000005,0.6855916281301818
0.9080000000000005,0.6868561023639242
0.9090000000000005,0.6880924939742018
0.9100000000000005,0.6892912040386987
0.9110000000000005,0.6903997589144788
0.9120000000000005,0.6913918300000005
0.9130000000000005,0.6923398492334851
0.9140000000000005,0.6932631990772467
0.9150000000000005,0.6942324406151698
0.9160000000000005,0.6952491898324987
0.9170000000000005,0.6963207100000005
0.9180000000000005,0.6974841644437784
0.9190000000000005,0.698706353334334
0.9200000000000005,0.6999658648097487
0.9210000000000005,0.7012478100000007
0.9220000000000005,0.7025348028306289
0.9230000000000005,0.7038178655349792
0.9240000000000005,0.705094614465022
0.9250000000000005,0.706341437531776
0.9260000000000005,0.7075627400000006
0.9270000000000005,0.7087693918842383
0.9280000000000005,0.7099578122456882
0.9290000000000005,0.7110326685028754
0.9300000000000005,0.7120730195964965
0.9310000000000005,0.7130987694706953
0.9320000000000005,0.7140458388902561
0.9330000000000005,0.7149903516646173
0.9340000000000005,0.7159331811434118
0.9350000000000005,0.7168710200000005
0.9360000000000005,0.7177929392166926
0.9370000000000005,0.7187146084696617
0.9380000000000005,0.7196380915303392
0.9390000000000005,0.7205569008119086
0.9400000000000005,0.7214553400000004
0.9410000000000005,0.7223349373749742
0.9420000000000005,0.7232036856280191
0.9430000000000005,0.7240579529146547
0.9440000000000005,0.7249077515020155
0.9450000000000005,0.7257559385801863
0.9460000000000005,0.7266139571795415
0.9470000000000005,0.7274729342306888
0.9480000000000005,0.7283256514728299
0.9490000000000005,0.7291276500000003
0.9500000000000005,0.7299528183900843
0.9510000000000005,0.7307918264645419
0.9520000000000005,0.7316150535354591
0.9530000000000005,0.7323772223783241
0.9540000000000005,0.7331383800000003
0.9550000000000005,0.7339208252113525
0.9560000000000005,0.7346813916907158
0.9570000000000005,0.7354044155395234
0.9580000000000005,0.7360987100000005
0.9590000000000005,0.736799247067371
0.9600000000000005,0.7375059838873059
0.9610000000000005,0.738200349169042
0.9620000000000005,0.7388580334231688
0.9630000000000005,0.7395175700000003
0.9640000000000005,0.7401550461191226
0.9650000000000005,0.7407669584724766
0.9660000000000005,0.7413827076850161
0.9670000000000005,0.7420208436186365
0.9680000000000005,0.7426753066179665
0.9690000000000005,0.7433371036715168
0.9700000000000005,0.7440206794927257
0.9710000000000005,0.7446827167592679
0.9720000000000005,0.7453032700000003
0.9730000000000005,0.7459532664296645
0.9740000000000005,0.7465962325818971
0.9750000000000005,0.7472253274181035
0.9760000000000005,0.7478120841324417
0.9770000000000005,0.7484222100000003
0.9780000000000005,0.7490297658324169
0.9790000000000005,0.7496130070007503
0.9800000000000005,0.7501796986661671
0.9810000000000005,0.7507812339846401
0.9820000000000005,0.7514088255849561
0.9830000000000005,0.7519673209356535
0.9840000000000005,0.7525141035965204
0.9850000000000005,0.7530592045489912
0.9860000000000005,0.7536008400000004
0.9870000000000005,0.7541602354043543
0.9880000000000005,0.7547006702491903
0.9890000000000005,0.7552131297508102
0.9900000000000005,0.7557466546647469
0.9910000000000005,0.7562491900000002
0.9920000000000005,0.7567386100341006
0.9930000000000005,0.7572403137786113
0.9940000000000005,0.7576996008142595
0.9950000000000006,0.7581793100000004
0.9960000000000006,0.7587052644197445
0.9970000000000006,0.7591472385361734
0.9980000000000006,0.7595740471957405
0.9990000000000006,0.7599841958985182
1.0000000000000004,0.7603950500000002
1.0010000000000006,0.7608152600000002
1.0020000000000007,0.7612050200000002
1.0030000000000006,0.7614695400000002
1.0040000000000004,0.7617608698660137
1.0050000000000006,0.7621595300000003
1.0060000000000007,0.7625610200000006
1.0070000000000006,0.7633962600000005
1.0080000000000005,0.7643688900000002
1.0090000000000006,0.7648855669213079
1.0100000000000007,0.76515478
1.0110000000000006,0.76517516
1.0120000000000005,0.7651022100000001
1.0130000000000006,0.7654449900000005
1.0140000000000007,0.7662269318058199
1.0150000000000006,0.7668236500000002
1.0160000000000005,0.7671714400000003
1.0170000000000006,0.7676176400000002
1.0180000000000007,0.7680932900000003
1.0190000000000006,0.7685042789011102
1.0200000000000005,0.7687507900000001
1.0210000000000006,0.7690341500000003
1.0220000000000007,0.7696149900000004
1.0230000000000006,0.7702328600000002
1.0240000000000005,0.7706453200000001
1.0250000000000006,0.7709640300000002
1.0260000000000007,0.7712236600000002
1.0270000000000006,0.7715319400000002
1.0280000000000005,0.7719793900000003
1.0290000000000006,0.7724064000000002
1.0300000000000007,0.7725906400000001
1.0310000000000006,0.7728145100000003
1.0320000000000005,0.7732801873752627
1.0330000000000006,0.7737539400000003
1.0340000000000007,0.7743073700000006
1.0350000000000006,0.7750601800000004
1.0360000000000005,0.7757302500000001
1.0370000000000006,0.7760085057994202
1.0380000000000007,0.7761665000000001
1.0390000000000006,0.7763487100000002
1.0400000000000005,0.7765975000000003
1.0410000000000006,0.7771489600000004
1.0420000000000007,0.7778924556504354
1.0430000000000006,0.7784104300000002
1.0440000000000005,0.7786655400000002
1.0450000000000006,0.7790957100000004
1.0460000000000007,0.7797121400000002
1.0470000000000006,0.7801184293710631
1.0480000000000005,0.7803193900000001
1.0490000000000006,0.7805966700000002
1.0500000000000007,0.7811114200000003
1.0510000000000006,0.7815713300000001
1.0520000000000005,0.7817735700000001
1.0530000000000006,0.7819416500000003
1.0540000000000007,0.7822071300000002
1.0550000000000006,0.7825522786261376
1.0560000000000005,0.7829385400000001
1.0570000000000006,0.7832450300000001
1.0580000000000007,0.7834731900000003
1.0590000000000006,0.7838030500000002
1.0600000000000005,0.7842401061343867
1.0610000000000006,0.7846014500000003
1.0620000000000007,0.7849001300000003
1.0630000000000006,0.7852616300000003
1.0640000000000005,0.7855634700000002
1.0650000000000006,0.7857690794390563
1.0660000000000007,0.7861181500000004
1.0670000000000006,0.7866095900000002
1.0680000000000005,0.78695577
1.0690000000000006,0.7870637800000001
1.0700000000000007,0.7872271336646337
1.0710000000000006,0.7876052900000002
1.0720000000000005,0.7878986600000001
1.0730000000000006,0.7880525600000002
1.0740000000000007,0.7883620900000003
1.0750000000000006,0.7887951700000002
1.0760000000000005,0.7891591800000002
1.0770000000000006,0.7894465300000002
1.0780000000000007,0.7897761886551348
1.0790000000000006,0.7901627400000002
1.0800000000000005,0.7905110700000001
1.0810000000000006,0.79074615
1.0820000000000007,0.7908233400000001
1.0830000000000006,0.7909276216468356
1.0840000000000005,0.7912440900000001
1.0850000000000006,0.7916167400000002
1.0860000000000007,0.7918453800000003
1.0870000000000006,0.7920407700000001
1.0880000000000005,0.7922472793490654
1.0890000000000006,0.7922439599999999
1.0900000000000007,0.79214233
1.0910000000000006,0.7922247600000001
1.0920000000000005,0.79235852
1.0930000000000006,0.7923329525567443
1.0940000000000007,0.7922171999999998
1.0950000000000006,0.79208219
1.0960000000000005,0.7920024999999999
1.0970000000000006,0.7920683600000001
1.0980000000000008,0.7921825600000001
1.0990000000000006,0.79230678
1.1000000000000005,0.79238307
1.1010000000000006,0.7924848200000001
1.1020000000000008,0.79266661
1.1030000000000006,0.7926513
1.1040000000000005,0.79250652
1.1050000000000006,0.7924098999999999
1.1060000000000008,0.7923204565713426
1.1070000000000007,0.7919861699999997
1.1080000000000005,0.7914946099999997
1.1090000000000007,0.7909510699999995
1.1100000000000008,0.7903128299999996
1.1110000000000007,0.7897515424227574
1.1120000000000005,0.7892757699999998
1.1130000000000007,0.7887559499999997
1.1140000000000008,0.7881774299999996
1.1150000000000007,0.7877049999999999
1.1160000000000005,0.7876166188381162
1.1170000000000007,0.7875955700000002
1.1180000000000008,0.7878880500000003
1.1190000000000007,0.7882449000000004
1.1200000000000006,0.7888078700000002
1.1210000000000007,0.789386032183782
1.1220000000000008,0.7899880400000004
1.1230000000000007,0.7906352300000004
1.1240000000000006,0.7911456200000002
1.1250000000000007,0.7915621400000001
1.1260000000000008,0.7918041900000001
1.1270000000000007,0.79195362
1.1280000000000006,0.7919055799999998
1.1290000000000007,0.7916015446505346
1.1300000000000008,0.7910480499999992
1.1310000000000007,0.7902178799999995
1.1320000000000006,0.7893457999999995
1.1330000000000007,0.7881001199999991
1.1340000000000008,0.7867700042095779
1.1350000000000007,0.785212099999999
1.1360000000000006,0.7836835399999988
1.1370000000000007,0.7820575799999989
1.1380000000000008,0.7804232199999982
1.1390000000000007,0.7783795843635624
1.1400000000000006,0.776340189999999
1.1410000000000007,0.774810789999999
1.1420000000000008,0.7733750299999991
1.1430000000000007,0.771963179999999
1.1440000000000006,0.7705446118568134
1.1450000000000007,0.7696369899999995
1.1460000000000008,0.7689906399999996
1.1470000000000007,0.7685829399999999
1.1480000000000006,0.7683452399999999
1.1490000000000007,0.76819223
1.1500000000000008,0.76811266
1.1510000000000007,0.7681289900000001
1.1520000000000006,0.7683199600000001
1.1530000000000007,0.7685516500000003
1.1540000000000008,0.7688559300000002
1.1550000000000007,0.7692641000000006
1.1560000000000006,0.7701234800000005
1.1570000000000007,0.7710037196860323
1.1580000000000008,0.7722005800000011
1.1590000000000007,0.7734022100000011
1.1600000000000006,0.7750517700000011
1.1610000000000007,0.7766934000000011
1.1620000000000008,0.778405901142887
1.1630000000000007,0.7801173300000012
1.1640000000000006,0.7818672100000008
1.1650000000000007,0.7836221500000009
1.1660000000000008,0.7850211900000011
1.1670000000000007,0.7862773443845623
1.1680000000000006,0.7872437200000005
1.1690000000000007,0.7880318800000004
1.1700000000000008,0.7885829200000003
1.1710000000000007,0.7889276700000001
1.1720000000000006,0.7890292298440156
1.1730000000000007,0.7888254499999998
1.1740000000000008,0.7885527599999997
1.1750000000000007,0.7881523999999998
1.1760000000000006,0.7876724599999996
1.1770000000000007,0.7869574999999995
1.1780000000000008,0.7862341999999993
1.1790000000000007,0.7854602899999994
1.1800000000000006,0.78467443519548
1.1810000000000007,0.7837263899999993
1.1820000000000008,0.7827798699999993
1.1830000000000007,0.7818978399999994
1.1840000000000006,0.7810178399999995
1.1850000000000007,0.7799839549745018
1.1860000000000008,0.778933699999999
1.1870000000000007,0.7778565299999993
1.1880000000000006,0.7767740499999991
1.1890000000000007,0.7755013099999991
1.1900000000000008,0.7741531848125176
1.1910000000000007,0.7730374899999991
1.1920000000000006,0.7720722599999995
1.1930000000000007,0.7713270799999997
1.1940000000000008,0.7707754399999999
1.1950000000000007,0.7706666708769122
1.1960000000000006,0.7711289500000006
1.1970000000000007,0.771946130000001
1.1980000000000008,0.7733947000000013
1.1990000000000007,0.7750155900000014
1.2000000000000006,0.7771109900000015
1.2010000000000007,0.7793652400000024
1.2020000000000008,0.7821695800000025
1.2030000000000007,0.7849460469533065
1.2040000000000006,0.7875155800000017
1.2050000000000007,0.7900810800000015
1.2060000000000008,0.7924493000000021
1.2070000000000007,0.7948029600000011
1.2080000000000006,0.7965508600829929
1.2090000000000007,0.7982516900000011
1.2100000000000009,0.7999438600000014
1.2110000000000007,0.8016150600000013
1.2120000000000006,0.8029338700000008
1.2130000000000007,0.804145868800121
1.2140000000000009,0.805289860000001
1.2150000000000007,0.8064033400000007
1.2160000000000006,0.8073365700000006
1.2170000000000007,0.8081424200000006
1.2180000000000009,0.8089396702749732
1.2190000000000007,0.8097224800000005
1.2200000000000006,0.8103826000000003
1.2210000000000008,0.8108797100000004
1.2220000000000009,0.8113057000000002
1.2230000000000008,0.8116127300000002
1.2240000000000006,0.8118967400000001
1.2250000000000008,0.8120808600000001
1.2260000000000009,0.8122763000000003
1.2270000000000008,0.8125491100000001
1.2280000000000006,0.81278634
1.2290000000000008,0.81284004
1.2300000000000009,0.8128985800000001
1.2310000000000008,0.8129794680341966
1.2320000000000007,0.8130598100000002
1.2330000000000008,0.8132224700000001
1.2340000000000009,0.8133937100000003
1.2350000000000008,0.8135981600000001
1.2360000000000007,0.8138093053294672
1.2370000000000008,0.8140626000000002
1.2380000000000009,0.8143574600000003
1.2390000000000008,0.8146759900000002
1.2400000000000007,0.8150045900000003
1.2410000000000008,0.8152705734016601
1.2420000000000009,0.8154556800000002
1.2430000000000008,0.8156682800000002
1.2440000000000007,0.8158900700000001
1.2450000000000008,0.8160406900000001
1.2460000000000009,0.8161405200169983
1.2470000000000008,0.8162328000000002
1.2480000000000007,0.8163375300000001
1.2490000000000008,0.8164491100000001
1.2500000000000009,0.8165728400000001
1.2510000000000008,0.8167282300000002
1.2520000000000007,0.8168943500000001
1.2530000000000008,0.81702328
1.254000000000001,0.8170595836646336
1.2550000000000008,0.8170962300000001
1.2560000000000007,0.8172526400000001
1.2570000000000008,0.8174281100000002
1.258000000000001,0.8175264600000001
1.2590000000000008,0.8176043735176484
1.2600000000000007,0.8177395500000001
1.2610000000000008,0.8178799200000001
1.262000000000001,0.8179830300000002
1.2630000000000008,0.8180831100000001
1.2640000000000007,0.8181519431166884
1.2650000000000008,0.8182132200000001
1.266000000000001,0.8182969100000002
1.2670000000000008,0.8183842300000002
1.2680000000000007,0.8184767400000001
1.2690000000000008,0.8186022474492552
1.270000000000001,0.8187494300000001
1.2710000000000008,0.8188830600000001
1.2720000000000007,0.8189941600000001
1.2730000000000008,0.8190909000000002
1.274000000000001,0.81915563
1.2750000000000008,0.81915939
1.2760000000000007,0.81917399
1.2770000000000008,0.8191274399999999
1.278000000000001,0.8190051299999997
1.2790000000000008,0.8186965599999998
1.2800000000000007,0.8183388099999996
1.2810000000000008,0.8179151399999997
1.282000000000001,0.817498234246575
1.2830000000000008,0.8171406999999997
1.2840000000000007,0.8168244999999998
1.2850000000000008,0.8166158799999997
1.286000000000001,0.81642443
1.2870000000000008,0.8163738808889112
1.2880000000000007,0.8163827700000003
1.2890000000000008,0.8166339400000002
1.290000000000001,0.8169543100000003
1.2910000000000008,0.8173146200000003
1.2920000000000007,0.8176512363383664
1.2930000000000008,0.8181545100000003
1.294000000000001,0.8187110400000004
1.2950000000000008,0.8191581400000003
1.2960000000000007,0.8195424100000003
1.2970000000000008,0.8199040538356167
1.298000000000001,0.8202637400000002
1.2990000000000008,0.8205311300000001
1.3000000000000007,0.8207389100000001
1.3010000000000008,0.8209680900000003
1.302000000000001,0.8211892200000003
1.3030000000000008,0.8213546300000001
1.3040000000000007,0.8214999400000002
1.3050000000000008,0.8216276248515149
1.306000000000001,0.8216761400000001
1.3070000000000008,0.8217443800000002
1.3080000000000007,0.8218647800000001
1.3090000000000008,0.82196701
1.310000000000001,0.8220457471522848
1.3110000000000008,0.82211727
1.3120000000000007,0.8220807899999999
1.3130000000000008,0.8220094999999998
1.314000000000001,0.8219000099999999
1.3150000000000008,0.8217753324677531
1.3160000000000007,0.8216016899999999
1.3170000000000008,0.8214179899999998
1.318000000000001,0.8211560199999998
1.3190000000000008,0.8208525799999996
1.3200000000000007,0.8203946257954201
1.3210000000000008,0.8198760199999995
1.322000000000001,0.8192249499999992
1.3230000000000008,0.8185461199999995
1.3240000000000007,0.8177674399999995
1.3250000000000008,0.8169661199999992
1.326000000000001,0.8160410499999989
1.3270000000000008,0.8150837999999994
1.3280000000000007,0.8143264043215674
1.3290000000000008,0.8136696199999995
1.330000000000001,0.8131849799999996
1.3310000000000008,0.81285864
1.3320000000000007,0.8128204300000001
1.3330000000000009,0.8129707345315471
1.334000000000001,0.8133160500000004
1.3350000000000009,0.8138535600000005
1.3360000000000007,0.8144989000000006
1.3370000000000009,0.8151822100000007
1.338000000000001,0.8159267155494458
1.3390000000000009,0.8167222700000006
1.3400000000000007,0.8174141000000003
1.3410000000000009,0.8178324100000003
1.342000000000001,0.8181979700000004
1.3430000000000009,0.8185131784791524
1.3440000000000007,0.8187283299999999
1.3450000000000009,0.8186190099999998
1.346000000000001,0.8184313799999996
1.3470000000000009,0.8180223699999996
1.3480000000000008,0.8175061299999996
1.3490000000000009,0.8167622099999994
1.350000000000001,0.8159587399999991
1.3510000000000009,0.8149790799999991
1.3520000000000008,0.813932059999999
1.3530000000000009,0.8128299699999992
1.354000000000001,0.8117008199999988
1.3550000000000009,0.8103674699999988
1.3560000000000008,0.8089917297420249
1.3570000000000009,0.807789149999999
1.358000000000001,0.8066575499999988
1.3590000000000009,0.8054583699999989
1.3600000000000008,0.8042468399999994
1.3610000000000009,0.803256837610238
1.362000000000001,0.802332939999999
1.3630000000000009,0.8014126999999994
1.3640000000000008,0.8005202999999996
1.3650000000000009,0.7997906199999995
1.366000000000001,0.7991563734246568
1.3670000000000009,0.7986200999999996
1.3680000000000008,0.7980970699999996
1.3690000000000009,0.7976513499999996
1.370000000000001,0.7972544399999997
1.3710000000000009,0.7969152639176079
1.3720000000000008,0.7966258499999997
1.3730000000000009,0.7963341499999997
1.374000000000001,0.7960446499999998
1.3750000000000009,0.7957714799999998
1.3760000000000008,0.7954651099999998
1.377000000000001,0.7951675699999998
1.378000000000001,0.7949189499999998
1.379000000000001,0.794632998717128
1.3800000000000008,0.7943201699999998
1.381000000000001,0.7940217299999998
1.382000000000001,0.7937644099999998
1.383000000000001,0.7935534099999999
1.3840000000000008,0.7934632272342765
1.385000000000001,0.7934355700000001
1.386000000000001,0.7935006600000001
1.387000000000001,0.7936023500000002
1.3880000000000008,0.7938474400000002
1.389000000000001,0.7941543793060696
1.390000000000001,0.7945138800000003
1.391000000000001,0.7948322900000002
1.3920000000000008,0.7950237400000001
1.393000000000001,0.79516071
1.394000000000001,0.7951486712038796
1.395000000000001,0.7950896599999998
1.3960000000000008,0.7948884399999998
1.397000000000001,0.7946085299999995
1.398000000000001,0.7942469699999997
1.399000000000001,0.7938889299999997
1.4000000000000008,0.7935539499999997
1.4010000000000007,0.79329276
1.402000000000001,0.7932829300000002
1.403000000000001,0.7933443800000002
1.4040000000000008,0.7936486600000003
1.4050000000000007,0.7941123200000004
1.406000000000001,0.7948304400000009
1.407000000000001,0.7956116676712339
1.4080000000000008,0.7966883800000008
1.4090000000000007,0.7978602100000007
1.410000000000001,0.7990544400000014
1.411000000000001,0.8002320500000011
1.4120000000000008,0.8015006302889721
1.4130000000000007,0.8028035200000008
1.414000000000001,0.8039453600000009
1.415000000000001,0.8049578100000009
1.4160000000000008,0.8059779400000009
1.4170000000000007,0.8069999977942212
1.418000000000001,0.8078784900000007
1.419000000000001,0.8086201000000007
1.4200000000000008,0.8094418000000009
1.4210000000000007,0.8103772400000006
1.422000000000001,0.8112160361203888
1.423000000000001,0.8119590300000007
1.4240000000000008,0.8127562400000006
1.4250000000000007,0.8136121600000005
1.426000000000001,0.8143612700000006
1.427000000000001,0.8148813800000004
1.4280000000000008,0.8152955200000003
1.4290000000000007,0.8155559300000002
1.430000000000001,0.8157686682781723
1.431000000000001,0.81585145
1.4320000000000008,0.8158250499999998
1.4330000000000007,0.8156326399999999
1.434000000000001,0.8154321899999998
1.435000000000001,0.8152263595630436
1.4360000000000008,0.8150219899999999
1.4370000000000007,0.8148384699999999
1.438000000000001,0.8146946999999999
1.439000000000001,0.81469226
1.4400000000000008,0.8146979194340566
1.4410000000000007,0.81466436
1.442000000000001,0.81463492
1.443000000000001,0.81463581
1.4440000000000008,0.81464148
1.4450000000000007,0.8146488692610738
1.446000000000001,0.8146380799999999
1.447000000000001,0.8145608899999999
1.4480000000000008,0.8144648099999999
1.4490000000000007,0.81436968
1.450000000000001,0.8142994
1.451000000000001,0.8143100700000001
1.4520000000000008,0.8143742100000002
1.4530000000000007,0.8146554543585645
1.454000000000001,0.8149990400000005
1.455000000000001,0.8153952400000003
1.4560000000000008,0.8158197400000006
1.4570000000000007,0.8163884900000006
1.458000000000001,0.8169903201649842
1.459000000000001,0.8175919700000005
1.4600000000000009,0.8181850300000005
1.4610000000000007,0.8187558700000005
1.462000000000001,0.8193010700000004
1.463000000000001,0.8197218379232082
1.4640000000000009,0.8201146100000002
1.4650000000000007,0.8204037000000002
1.466000000000001,0.8206194600000002
1.467000000000001,0.8208518000000004
1.4680000000000009,0.821109984181582
1.4690000000000007,0.8213322200000001
1.470000000000001,0.8215319500000001
1.471000000000001,0.82161486
1.4720000000000009,0.82166058
1.4730000000000008,0.82170522
1.474000000000001,0.8217523699999999
1.475000000000001,0.8216896699999999
1.4760000000000009,0.8215699799999999
1.4770000000000008,0.8214075
1.478000000000001,0.8212327399999998
1.479000000000001,0.8209949099999998
1.4800000000000009,0.8207284799999996
1.4810000000000008,0.8203833887931204
1.482000000000001,0.8199713199999995
1.483000000000001,0.8195405599999996
1.4840000000000009,0.8191511599999995
1.4850000000000008,0.8187079399999997
1.486000000000001,0.818227299514048
1.487000000000001,0.8177224399999995
1.4880000000000009,0.8172193199999996
1.4890000000000008,0.8167525499999997
1.490000000000001,0.8162662999999996
1.491000000000001,0.8158300936206374
1.4920000000000009,0.8154869099999997
1.4930000000000008,0.8151894199999998
1.494000000000001,0.8149312099999998
1.495000000000001,0.8147701599999999
1.4960000000000009,0.8146874382721727
1.4970000000000008,0.81464463
1.498000000000001,0.81465918
1.499000000000001,0.8147202100000001
1.5000000000000009,0.8148427600000001
1.5010000000000008,0.8150228900000003
1.5020000000000011,0.8152622000000003
1.503000000000001,0.8155406100000002
1.504000000000001,0.8158052240535949
1.5050000000000008,0.8160457600000002
1.5060000000000011,0.8163143400000004
1.507000000000001,0.8165980600000003
1.508000000000001,0.8168737300000002
1.5090000000000008,0.8171660000739929
1.5100000000000011,0.8174667400000003
1.511000000000001,0.8177453900000003
1.512000000000001,0.8179999000000003
1.5130000000000008,0.8182592400000003
1.5140000000000011,0.8185195639676035
1.515000000000001,0.8187571800000002
1.516000000000001,0.8189336700000001
1.5170000000000008,0.81904072
1.5180000000000011,0.81904262
1.519000000000001,0.8190357106909308
1.520000000000001,0.81904942
1.5210000000000008,0.8190130599999998
1.5220000000000011,0.8188791299999999
1.523000000000001,0.8187660599999999
1.524000000000001,0.81869811
1.5250000000000008,0.81865382
1.5260000000000011,0.81867516
1.527000000000001,0.8187184900000001
1.528000000000001,0.8187971700000001
1.5290000000000008,0.8189323500000002
1.5300000000000011,0.8191970000000004
1.531000000000001,0.8194726100000004
1.532000000000001,0.8197495579582044
1.5330000000000008,0.8200291400000003
1.5340000000000011,0.8203030800000003
1.535000000000001,0.8205748200000004
1.536000000000001,0.8208461400000002
1.5370000000000008,0.8211150460683934
1.5380000000000011,0.8213757300000002
1.539000000000001,0.8215836900000001
1.540000000000001,0.8216898400000001
1.5410000000000008,0.8218355800000002
1.5420000000000011,0.8220291506429359
1.543000000000001,0.8221790200000001
1.544000000000001,0.8222465500000001
1.5450000000000008,0.8223267800000001
1.5460000000000012,0.8224765100000002
1.547000000000001,0.822631994451555
1.548000000000001,0.8227474700000001
1.5490000000000008,0.8228685300000002
1.5500000000000012,0.8229710500000001
1.551000000000001,0.8230562800000001
1.552000000000001,0.8231567700000001
1.5530000000000008,0.8232811700000001
1.5540000000000012,0.8234167700000001
1.555000000000001,0.8235306170452956
1.556000000000001,0.82360107
1.5570000000000008,0.8236630600000001
1.5580000000000012,0.82372904
1.559000000000001,0.82377893
1.560000000000001,0.8237854228547146
1.5610000000000008,0.82381397
1.5620000000000012,0.8238160599999999
1.563000000000001,0.8237671299999999
1.564000000000001,0.8236715199999999
1.5650000000000008,0.8235822989221078
1.5660000000000012,0.8234536099999997
1.567000000000001,0.8232983399999999
1.568000000000001,0.8231652399999999
1.5690000000000008,0.8230444199999999
1.5700000000000012,0.8229311813238676
1.571000000000001,0.8228360999999997
1.572000000000001,0.82278341
1.5730000000000008,0.8227766200000001
1.5740000000000012,0.8228605400000001
1.575000000000001,0.8229876800000003
1.576000000000001,0.8232819400000004
1.5770000000000008,0.8236537000000005
1.5780000000000012,0.8241299876192386
1.579000000000001,0.8246061800000005
1.580000000000001,0.8251081700000005
1.5810000000000008,0.8256304900000004
1.5820000000000012,0.8261456500000006
1.583000000000001,0.8266209798060198
1.584000000000001,0.8270190400000004
1.5850000000000009,0.8274299500000003
1.5860000000000012,0.8278520100000004
1.587000000000001,0.8282160800000004
1.588000000000001,0.8284737842295773
1.5890000000000009,0.8286783700000001
1.5900000000000012,0.8288120000000002
1.591000000000001,0.8289400300000002
1.592000000000001,0.82904673
1.5930000000000009,0.8290905956134386
1.5940000000000012,0.8290476799999998
1.595000000000001,0.8289670299999998
1.596000000000001,0.8288072899999996
1.5970000000000009,0.8285394899999997
1.5980000000000012,0.8281248799999995
1.599000000000001,0.8277006099999995
1.600000000000001,0.8272703299999996
1.6010000000000009,0.8267403199999994
1.6020000000000012,0.8260863999999991
1.603000000000001,0.8254609699999995
1.604000000000001,0.8249040799999996
1.6050000000000009,0.8243881499999995
1.6060000000000012,0.8238819366603335
1.607000000000001,0.8234485399999997
1.608000000000001,0.8231030099999996
1.6090000000000009,0.8226839899999996
1.6100000000000012,0.8221884999999994
1.611000000000001,0.821653539573042
1.612000000000001,0.821049269999999
1.6130000000000009,0.8201649199999992
1.6140000000000012,0.8190249199999985
1.615000000000001,0.8176421499999982
1.616000000000001,0.816077626452353
1.6170000000000009,0.8139704499999977
1.6180000000000012,0.8114064299999966
1.619000000000001,0.808271649999996
1.620000000000001,0.8047205199999952
1.6210000000000009,0.7991643156204333
1.6220000000000012,0.7923064199999883
1.623000000000001,0.7835581899999914
1.624000000000001,0.7737529299999877
1.6250000000000009,0.7598688599999859
1.6260000000000012,0.7439741499999778
1.6270000000000011,0.7273081499999775
1.628000000000001,0.7104212599999838
1.629000000000001,0.6921489642155608
1.6300000000000012,0.673491119999981
1.6310000000000011,0.6592555599999861
1.632000000000001,0.6467155199999913
1.633000000000001,0.6388747699999945
1.6340000000000012,0.6326293589441064
1.6350000000000011,0.633418800000003
1.636000000000001,0.6360512400000095
1.637000000000001,0.6445147400000109
1.6380000000000012,0.654269280000012
1.6390000000000011,0.6651297039576156
1.640000000000001,0.676078980000013
1.641000000000001,0.6877996900000104
1.6420000000000012,0.6995509900000115
1.6430000000000011,0.7081863300000091
1.644000000000001,0.7164127973532733
1.645000000000001,0.7228341700000055
1.6460000000000012,0.7290144600000052
1.6470000000000011,0.7328953100000049
1.648000000000001,0.7366012300000029
1.649000000000001,0.7398651200000029
1.6500000000000012,0.743052780000003
1.6510000000000011,0.7453123900000025
1.652000000000001,0.7475191400000021
1.653000000000001,0.7494427000000017
1.6540000000000012,0.7513146400000015
1.6550000000000011,0.7526195000000014
1.656000000000001,0.7538938500000011
1.657000000000001,0.7548821299820027
1.6580000000000013,0.7557819500000005
1.6590000000000011,0.7561442300000003
1.660000000000001,0.75644296
1.661000000000001,0.7564418899999998
1.6620000000000013,0.75637396479552
1.6630000000000011,0.7560219199999993
1.664000000000001,0.7553861699999986
1.665000000000001,0.7538423499999984
1.6660000000000013,0.7520395499999967
1.6670000000000011,0.7495567282821691
1.668000000000001,0.7465942499999965
1.669000000000001,0.7425888199999964
1.6700000000000013,0.7384313299999942
1.6710000000000012,0.7340087899999945
1.672000000000001,0.7291383270462903
1.673000000000001,0.7236043799999954
1.6740000000000013,0.7183762199999947
1.6750000000000012,0.7135751799999945
1.676000000000001,0.7087246799999946
1.677000000000001,0.7038332199999954
1.6780000000000013,0.6996535099999961
1.6790000000000012,0.6961871999999962
1.680000000000001,0.6928594464623506
1.681000000000001,0.6896240699999975
1.6820000000000013,0.6866949199999963
1.6830000000000012,0.6839682499999962
1.684000000000001,0.6804461499999964
1.685000000000001,0.6764181075722381
1.6860000000000013,0.6714938299999927
1.6870000000000012,0.6661068799999897
1.688000000000001,0.6584448799999923
1.689000000000001,0.6498224099999917
1.6900000000000013,0.640558986342354
1.6910000000000012,0.6310725199999854
1.692000000000001,0.6200849999999873
1.693000000000001,0.6086881799999919
1.6940000000000013,0.5995847599999885
1.6950000000000012,0.5908897295030385
1.696000000000001,0.5840950599999927
1.697000000000001,0.5775195399999961
1.6980000000000013,0.5738987299999962
1.6990000000000012,0.5704734899999975
1.700000000000001,0.5681256099999974
1.701000000000001,0.5658183699999983
1.7020000000000013,0.564318179999998
1.7030000000000012,0.5628314639376049
1.704000000000001,0.561670839999999
1.705000000000001,0.5607325400000006
1.7060000000000013,0.5614228200000019
1.7070000000000012,0.5628508900000065
1.708000000000001,0.5678040888771192
1.709000000000001,0.573692860000008
1.7100000000000013,0.582716760000014
1.7110000000000012,0.5932788300000194
1.712000000000001,0.6077956000000161
1.713000000000001,0.6222494646135538
1.7140000000000013,0.6364340200000191
1.7150000000000012,0.6507908100000163
1.716000000000001,0.6653636100000139
1.717000000000001,0.6778929800000109
1.7180000000000013,0.6876656127367388
1.7190000000000012,0.6961201400000078
1.720000000000001,0.7031570700000056
1.721000000000001,0.7081278000000035
1.7220000000000013,0.7113284500000028
1.7230000000000012,0.7134270700000015
1.724000000000001,0.7147746700000006
1.725000000000001,0.7153557500000001
1.7260000000000013,0.7155240799999995
1.7270000000000012,0.7151433799999992
1.728000000000001,0.714529809999999
1.729000000000001,0.7134590099999989
1.7300000000000013,0.7122399199999968
1.7310000000000012,0.7098455732606708
1.732000000000001,0.7071781799999964
1.733000000000001,0.7040175799999971
1.7340000000000013,0.7007678199999944
1.7350000000000012,0.6965521599999952
1.736000000000001,0.6922414740455911
1.737000000000001,0.6884819299999959
1.7380000000000013,0.6847377999999966
1.7390000000000012,0.6816238799999967
1.740000000000001,0.6787069999999985
1.741000000000001,0.6774037003299656
1.7420000000000013,0.6763551200000002
1.7430000000000012,0.6764814900000004
1.744000000000001,0.6768176600000011
1.745000000000001,0.677800600000001
1.7460000000000013,0.6789749925607454
1.7470000000000012,0.6805796600000023
1.748000000000001,0.6822060900000014
1.749000000000001,0.6838554700000019
1.7500000000000013,0.6860259800000038
1.7510000000000012,0.6888672100000045
1.7520000000000011,0.6922447100000052
1.753000000000001,0.6961597200000046
1.7540000000000013,0.70124429938407
1.7550000000000012,0.7072381400000082
1.7560000000000011,0.713419850000007
1.757000000000001,0.7197346100000075
1.7580000000000013,0.7264546200000093
1.7590000000000012,0.7333758419248138
1.7600000000000011,0.7386950900000054
1.761000000000001,0.743563710000004
1.7620000000000013,0.7471897600000054
1.7630000000000012,0.7506005200000014
1.7640000000000011,0.7518511949325081
1.765000000000001,0.7528778899999993
1.7660000000000013,0.752181529999999
1.7670000000000012,0.7513902199999978
1.7680000000000011,0.7497462599999981
1.769000000000001,0.7480125333726609
1.7700000000000014,0.7456321699999968
1.7710000000000012,0.7432544799999969
1.7720000000000011,0.7409269199999973
1.773000000000001,0.7388190599999986
1.7740000000000014,0.7373267999999988
1.7750000000000012,0.7365076500000006
1.7760000000000011,0.7370050500000018
1.777000000000001,0.7385923300000035
1.7780000000000014,0.7417299700000053
1.7790000000000012,0.7457122800000054
1.7800000000000011,0.7505827000000067
1.781000000000001,0.7566542600000078
1.7820000000000014,0.7636745470753015
1.7830000000000013,0.7701453000000069
1.7840000000000011,0.7763297600000065
1.785000000000001,0.7822126700000065
1.7860000000000014,0.7880106000000053
1.7870000000000013,0.7919989747375303
1.7880000000000011,0.7955463500000031
1.789000000000001,0.7983874700000024
1.7900000000000014,0.8011409600000021
1.7910000000000013,0.802692350000002
1.7920000000000011,0.8041853606989318
1.793000000000001,0.805365980000001
1.7940000000000014,0.8065116400000011
1.7950000000000013,0.8073064100000011
1.7960000000000012,0.8081313400000008
1.797000000000001,0.8088516479692038
1.7980000000000014,0.80919015
1.7990000000000013,0.8091547499999999
1.8000000000000012,0.809039
1.801000000000001,0.80895293
1.8020000000000014,0.8089542400000004
1.8030000000000013,0.8091473000000005
1.8040000000000012,0.8094185600000005
1.805000000000001,0.8098662023347671
1.8060000000000014,0.8105895500000011
1.8070000000000013,0.8113902200000014
1.8080000000000012,0.8123520000000012
1.809000000000001,0.813336370000001
1.8100000000000014,0.814508795865415
1.8110000000000013,0.8156674500000011
1.8120000000000012,0.8164631700000009
1.813000000000001,0.8170988000000003
1.8140000000000014,0.81744128
1.8150000000000013,0.8174218519428057
1.8160000000000012,0.8172211599999994
1.817000000000001,0.8167689399999993
1.8180000000000014,0.8161928099999987
1.8190000000000013,0.8151623599999984
1.8200000000000012,0.8140306431716814
1.821000000000001,0.8127745999999986
1.8220000000000014,0.811511869999998
1.8230000000000013,0.8102321599999985
1.8240000000000012,0.8089771299999989
1.825000000000001,0.8079318399999991
1.8260000000000014,0.807145829999999
1.8270000000000013,0.8064883899999996
1.8280000000000012,0.8061296635086488
1.829000000000001,0.8058647500000001
1.8300000000000014,0.8059687600000002
1.8310000000000013,0.8061751700000006
1.8320000000000012,0.8066244700000008
1.833000000000001,0.8072025856654342
1.8340000000000014,0.807859240000001
1.8350000000000013,0.8085790900000009
1.8360000000000012,0.809291420000001
1.837000000000001,0.8100453600000008
1.8380000000000014,0.8107865858774134
1.8390000000000013,0.8114945300000009
1.8400000000000012,0.8121969100000009
1.841000000000001,0.8129518000000009
1.8420000000000014,0.8137478200000012
1.8430000000000013,0.8145062141605849
1.8440000000000012,0.815254210000001
1.845000000000001,0.8161635400000012
1.8460000000000014,0.8172317100000015
1.8470000000000013,0.8182586400000014
1.8480000000000012,0.8192899800000011
1.849000000000001,0.8203322900000012
1.8500000000000014,0.8214237100000015
1.8510000000000013,0.8224861600000013
1.8520000000000012,0.8234723800000012
1.853000000000001,0.8244302900000008
1.8540000000000014,0.8252809000000011
1.8550000000000013,0.8260294800000008
1.8560000000000012,0.8266192396980306
1.857000000000001,0.8269162200000002
1.8580000000000014,0.8271547
1.8590000000000013,0.82719851
1.8600000000000012,0.8271911099999997
1.861000000000001,0.8268692647945199
1.8620000000000014,0.8264172099999985
1.8630000000000013,0.8253868199999984
1.8640000000000012,0.8240242599999981
1.865000000000001,0.8223444199999977
1.8660000000000014,0.8203037640655905
1.8670000000000013,0.817981899999996
1.8680000000000012,0.8149414099999969
1.869000000000001,0.8121052399999972
1.8700000000000014,0.8096042299999967
1.8710000000000013,0.8071181886041364
1.8720000000000012,0.8047172999999971
1.873000000000001,0.8024775999999988
1.8740000000000014,0.8010773099999988
1.8750000000000013,0.8001801399999994
1.8760000000000012,0.7996422099999999
1.8770000000000011,0.7995860000000001
1.8780000000000014,0.7996583600000008
1.8790000000000013,0.8002163117318275
1.8800000000000012,0.8007336300000009
1.8810000000000011,0.8013705600000006
1.8820000000000014,0.8019875900000009
1.8830000000000013,0.8025459100000008
1.8840000000000012,0.8030909921797827
1.8850000000000011,0.8037127900000007
1.8860000000000015,0.8044087900000011
1.8870000000000013,0.8051350700000012
1.8880000000000012,0.8059118400000009
1.8890000000000011,0.8067426469193089
1.8900000000000015,0.8077723400000014
1.8910000000000013,0.808727980000001
1.8920000000000012,0.809468750000001
1.8930000000000011,0.8101838800000006
1.8940000000000015,0.8108009082971711
1.8950000000000014,0.8113789000000005
1.8960000000000012,0.8117361700000002
1.8970000000000011,0.8119407300000002
1.8980000000000015,0.8121401100000002
1.8990000000000014,0.8123183800000001
1.9000000000000012,0.81244165
1.9010000000000011,0.81242055
1.9020000000000015,0.8123981999999998
1.9030000000000014,0.8123063999999999
1.9040000000000012,0.8121920199999998
1.9050000000000011,0.8119676099999996
1.9060000000000015,0.8116763799999991
1.9070000000000014,0.8111332595420448
1.9080000000000013,0.8104286799999991
1.9090000000000011,0.8096068499999989
1.9100000000000015,0.8086119899999984
1.9110000000000014,0.8076191499999985
1.9120000000000013,0.8065433655654423
1.9130000000000011,0.8054990199999988
1.9140000000000015,0.8045377099999987
1.9150000000000014,0.8035801099999987
1.9160000000000013,0.8026220199999988
1.9170000000000011,0.8017289893030688
1.9180000000000015,0.8012083199999995
1.9190000000000014,0.8008993299999998
1.9200000000000013,0.80073059
1.9210000000000012,0.8007401200000003
1.9220000000000015,0.8008907849335068
1.9230000000000014,0.8013780100000006
1.9240000000000013,0.8018773200000008
1.9250000000000012,0.8026250600000008
1.9260000000000015,0.803330540000001
1.9270000000000014,0.8040068100000011
1.9280000000000013,0.8046873800000007
1.9290000000000012,0.8054027600000008
1.9300000000000015,0.8061162767203288
1.9310000000000014,0.8066834800000006
1.9320000000000013,0.8071029200000004
1.9330000000000012,0.8074002300000002
1.9340000000000015,0.8074781300000001
1.9350000000000014,0.807550125679432
1.9360000000000013,0.8075069199999999
1.9370000000000012,0.8074644199999998
1.9380000000000015,0.8073715599999999
1.9390000000000014,0.8072786299999999
1.9400000000000013,0.8072264852144785
1.9410000000000012,0.80719268
1.9420000000000015,0.80718881
1.9430000000000014,0.80720454
1.9440000000000013,0.8072045999999999
1.9450000000000012,0.8071932211378863
1.9460000000000015,0.8071160899999996
1.9470000000000014,0.8068931099999995
1.9480000000000013,0.8066377599999995
1.9490000000000012,0.8061904899999994
1.9500000000000015,0.8057109699999988
1.9510000000000014,0.8049419499999987
1.9520000000000013,0.8041054599999988
1.9530000000000012,0.8031647997250264
1.9540000000000015,0.8021620499999984
1.9550000000000014,0.8011547899999987
1.9560000000000013,0.8001454499999988
1.9570000000000012,0.799225509999999
1.9580000000000015,0.7984927803829606
1.9590000000000014,0.7977966099999992
1.9600000000000013,0.7972361399999992
1.9610000000000012,0.7966461199999992
1.9620000000000015,0.7960362399999988
1.9630000000000014,0.7953521684071583
1.9640000000000013,0.7943941399999985
1.9650000000000012,0.7933500399999986
1.9660000000000015,0.792165879999998
1.9670000000000014,0.7908552899999977
1.9680000000000013,0.7893251530136968
1.9690000000000012,0.7875131399999978
1.9700000000000015,0.7856352299999968
1.9710000000000014,0.7835757099999968
1.9720000000000013,0.7814738799999967
1.9730000000000012,0.7790875999999974
1.9740000000000015,0.7768215499999971
1.9750000000000014,0.7749662399999977
1.9760000000000013,0.773197109999998
1.9770000000000012,0.7716909599999983
1.9780000000000015,0.770358499999999
1.9790000000000014,0.7695570599999996
1.9800000000000013,0.76920861
1.9810000000000012,0.7691957872492756
1.9820000000000015,0.7696682800000009
1.9830000000000014,0.7702131900000011
1.9840000000000013,0.7710540900000011
1.9850000000000012,0.7718768100000011
1.9860000000000015,0.7728411274782536
1.9870000000000014,0.7737159100000008
1.9880000000000013,0.7742690400000005
1.9890000000000012,0.7747597700000003
1.9900000000000015,0.7750738900000004
1.9910000000000014,0.7752546519238079
1.9920000000000013,0.7750652399999993
1.9930000000000012,0.7745755299999992
1.9940000000000015,0.7738441799999983
1.9950000000000014,0.7727429899999985
1.9960000000000013,0.7715911851804805
1.9970000000000012,0.770187799999998
1.9980000000000016,0.7686256199999971
1.9990000000000014,0.766421139999997
2.0000000000000013,0.7642021199999968
2.0010000000000012,0.7617699950439882
2.0020000000000016,0.759220434956005
2.0030000000000014,0.7560287099999955
2.0040000000000013,0.7526206043081345
2.0050000000000012,0.7492636856918581
2.0060000000000016,0.7459247699999938
2.0070000000000014,0.7424215699999934
2.0080000000000013,0.73872514668066
2.0090000000000012,0.7353919533193326
2.0100000000000016,0.7328071599999958
2.0110000000000015,0.7304048722525469
2.0120000000000013,0.7288273977474481
2.0130000000000012,0.7275007400000002
2.0140000000000016,0.7276263610897827
2.0150000000000015,0.7280372589102185
2.0160000000000013,0.7296926400000028
2.0170000000000012,0.7317616300000035
2.0180000000000016,0.734346621563692
2.0190000000000015,0.7372622584363171
2.0200000000000014,0.740553500000005
2.0210000000000012,0.7442686408638314
2.0220000000000016,0.7476772791361779
2.0230000000000015,0.7505912200000037
2.0240000000000014,0.7533753848980229
2.0250000000000012,0.7555243651019818
2.0260000000000016,0.7573569400000005
2.0270000000000015,0.7576836300000003
2.0280000000000014,0.7578260157614242
2.0290000000000012,0.7568083999999982
2.0300000000000016,0.7554945899999964
2.0310000000000015,0.7534770395850792
2.0320000000000014,0.7510728904149134
2.0330000000000013,0.7480716099999953
2.0340000000000016,0.7445969783363272
2.0350000000000015,0.7411803416636622
2.0360000000000014,0.7378022099999955
2.0370000000000013,0.7343615288322293
2.0380000000000016,0.730749851167761
2.0390000000000015,0.7272098699999957
2.0400000000000014,0.7239334599999956
2.0410000000000013,0.7205879735222914
2.0420000000000016,0.7170231964776992
2.0430000000000015,0.7137117399999969
2.0440000000000014,0.7113867313057367
2.0450000000000013,0.7094997886942592
2.0460000000000016,0.7084967499999993
2.0470000000000015,0.7081356650879834
2.0480000000000014,0.7087865449120185
2.0490000000000013,0.7105184200000038
2.0500000000000016,0.7133717500000083
2.0510000000000015,0.7180885683181752
2.0520000000000014,0.7230486900000079
2.0530000000000013,0.7289545500000081
2.0540000000000016,0.7350310608048506
2.0550000000000015,0.7421391091951716
2.0560000000000014,0.7489028000000074
2.0570000000000013,0.7545238817276608
2.0580000000000016,0.7599411582723535
2.0590000000000015,0.7648536000000061
2.0600000000000014,0.7694014556148808
2.0610000000000013,0.7726576043851279
2.0620000000000016,0.7751588200000035
2.0630000000000015,0.7771181500000017
2.0640000000000014,0.7784915999720068
2.0650000000000013,0.7794913200279959
2.0660000000000016,0.7799070500000006
2.0670000000000015,0.7802362375154969
2.0680000000000014,0.780211392484503
2.0690000000000013,0.7801459399999996
2.0700000000000016,0.7798334093991197
2.0710000000000015,0.7795274006008794
2.0720000000000014,0.7791446399999995
2.0730000000000013,0.7787681199999994
2.0740000000000016,0.7783377381021891
2.0750000000000015,0.7779187599999995
2.0760000000000014,0.7774752399999993
2.0770000000000013,0.7770108162587477
2.0780000000000016,0.7765734037412511
2.0790000000000015,0.7761462899999995
2.0800000000000014,0.7757520970035987
2.0810000000000013,0.7754221329964003
2.0820000000000016,0.7751792699999999
2.0830000000000015,0.7751239541721656
2.0840000000000014,0.7751656758278345
2.0850000000000013,0.7755436300000007
2.0860000000000016,0.7760036000000015
2.0870000000000015,0.7768436410217971
2.0880000000000014,0.7777538589782057
2.0890000000000013,0.7791465500000019
2.0900000000000016,0.780566875364929
2.0910000000000015,0.7818205246350749
2.0920000000000014,0.7829899800000015
2.0930000000000013,0.7841427139832046
2.0940000000000016,0.7851825460167982
2.0950000000000015,0.7858464100000003
2.0960000000000014,0.7860867999999999
2.0970000000000013,0.7858993122587731
2.0980000000000016,0.7850218999999983
2.0990000000000015,0.7837125099999969
2.1000000000000014,0.781367412870421
2.1010000000000013,0.7782961171295695
2.1020000000000016,0.7726193099999886
2.1030000000000015,0.7662685900959659
2.1040000000000014,0.7570695499040054
2.1050000000000013,0.7464287899999769
2.1060000000000016,0.7290830204638767
2.1070000000000015,0.7101876595360646
2.1080000000000014,0.6881067199999685
2.1090000000000013,0.6644862899999631
2.1100000000000017,0.6367276071805165
2.1110000000000015,0.607299412819392
2.1120000000000014,0.5811321099999696
2.1130000000000013,0.5583068031683426
2.1140000000000017,0.5379384868316032
2.1150000000000015,0.5219481599999848
2.1160000000000014,0.5105727983053372
2.1170000000000013,0.5094558516946595
2.1180000000000017,0.5109806700000169
2.1190000000000015,0.5236589900000176
2.1200000000000014,0.5368557823675567
2.1210000000000013,0.5555794576325015
2.1220000000000017,0.5748505600000428
2.1230000000000016,0.598914662970444
2.1240000000000014,0.6225443670296295
2.1250000000000013,0.6435429500000266
2.1260000000000017,0.6635660198680575
2.1270000000000016,0.6828647001320025
2.1280000000000014,0.70116562000002
2.1290000000000013,0.7161962399040338
2.1300000000000017,0.7286952800959995
2.1310000000000016,0.740518270000019
2.1320000000000014,0.7511909000000162
2.1330000000000013,0.7602538220765921
2.1340000000000017,0.7665745879234248
2.1350000000000016,0.7725380100000075
2.1360000000000015,0.7768191248210419
2.1370000000000013,0.7805673351789698
2.1380000000000017,0.7820846400000023
2.1390000000000016,0.7834067130103977
2.1400000000000015,0.7832368169896019
2.1410000000000013,0.7828195699999976
2.1420000000000017,0.7809779599999961
2.1430000000000016,0.7788204464726997
2.1440000000000015,0.775185173527289
2.1450000000000014,0.7712173499999949
2.1460000000000017,0.7673505967176504
2.1470000000000016,0.7636177732823379
2.1480000000000015,0.7600339699999956
2.1490000000000014,0.7567631143881197
2.1500000000000017,0.7545069956118743
2.1510000000000016,0.7534265499999991
2.1520000000000015,0.752905960000001
2.1530000000000014,0.7534443161643843
2.1540000000000017,0.7543053000000031
2.1550000000000016,0.7560019500000028
2.1560000000000015,0.7575457775404939
2.1570000000000014,0.75882118245951
2.1580000000000017,0.7594851299999976
2.1590000000000016,0.758163282606475
2.1600000000000015,0.7558893473935179
2.1610000000000014,0.7489479199999898
2.1620000000000017,0.7412959671745483
2.1630000000000016,0.7308677128254194
2.1640000000000015,0.7195781499999813
2.1650000000000014,0.7055304599999807
2.1660000000000017,0.6910430646800436
2.1670000000000016,0.678389865319917
2.1680000000000015,0.6672924199999886
2.1690000000000014,0.6586701348770178
2.1700000000000017,0.6528189051229666
2.1710000000000016,0.6507604100000045
2.1720000000000015,0.6533217895610952
2.1730000000000014,0.6579174004389191
2.1740000000000017,0.666461650000015
2.1750000000000016,0.6748835400000158
2.1760000000000015,0.6838078475692565
2.1770000000000014,0.6924383600000104
2.1780000000000017,0.7002182000000121
2.1790000000000016,0.707017827898425
2.1800000000000015,0.709896812101584
2.1810000000000014,0.7124894900000001
2.1820000000000017,0.7125994673775246
2.1830000000000016,0.7126732426224757
2.1840000000000015,0.7121205299999993
2.1850000000000014,0.7116572127894419
2.1860000000000017,0.7114851072105576
2.1870000000000016,0.711524720000001
2.1880000000000015,0.7120605700000009
2.1890000000000014,0.7127655183763254
2.1900000000000017,0.7133492816236765
2.1910000000000016,0.713677169999999
2.1920000000000015,0.7131279340341906
2.1930000000000014,0.7115682759658045
2.1940000000000017,0.7084398299999907
2.1950000000000016,0.7031634170295841
2.1960000000000015,0.6969337129703966
2.1970000000000014,0.6888305499999874
2.1980000000000017,0.6793284999999771
2.1990000000000016,0.6664576801309663
2.2000000000000015,0.6536589899999825
2.2010000000000014,0.6404788499999822
2.2020000000000017,0.627036042759425
2.2030000000000016,0.6127636372405305
2.2040000000000015,0.5995899399999888
2.2050000000000014,0.5911778458658147
2.2060000000000017,0.5836365041341586
2.2070000000000016,0.5806986099999971
2.2080000000000015,0.5790813356798695
2.2090000000000014,0.582438134320141
2.2100000000000017,0.5873503100000158
2.2110000000000016,0.5962054700000179
2.2120000000000015,0.6062579176594846
2.2130000000000014,0.616434512340547
2.2140000000000017,0.6264338500000165
2.2150000000000016,0.6357557602229686
2.2160000000000015,0.6439579897770569
2.2170000000000014,0.648966910000002
2.2180000000000017,0.6504754541021759
2.2190000000000016,0.6482164758978171
2.2200000000000015,0.6406415699999856
2.2210000000000014,0.6297877999999777
2.2220000000000018,0.6130549291090563
2.2230000000000016,0.5927460199999617
2.2240000000000015,0.5640231399999626
2.2250000000000014,0.5359298502049128
2.2260000000000018,0.5072318997949853
2.2270000000000016,0.47846587999994744
2.2280000000000015,0.4488682103758819
2.2290000000000014,0.4222719696240354
2.2300000000000018,0.40653439999997554
2.2310000000000016,0.3927512605388895
2.2320000000000015,0.39105664946110524
2.2330000000000014,0.3911599800000136
2.2340000000000018,0.40137240000002083
2.2350000000000017,0.41310150179866867
2.2360000000000015,0.43071948820138606
2.2370000000000014,0.4483951900000192
2.2380000000000018,0.462798712193581
2.2390000000000017,0.47502064780645703
2.2400000000000015,0.48197007000000475
2.2410000000000014,0.485542293007395
2.2420000000000018,0.4833723669925973
2.2430000000000017,0.4774540699999886
2.2440000000000015,0.4688785099999861
2.2450000000000014,0.4584212517616337
2.2460000000000018,0.44973886823833553
2.2470000000000017,0.4429497999999926
2.2480000000000016,0.438825719992001
2.2490000000000014,0.4384256400079977
2.2500000000000018,0.4403206700000105
2.2510000000000017,0.44621697160668966
2.2520000000000016,0.45303303839333153
2.2530000000000014,0.46238139000001066
2.254000000000002,0.47038406775745767
2.2550000000000017,0.47606164224256
2.2560000000000016,0.4803520399999996
2.2570000000000014,0.480147119999998
2.258000000000002,0.47902838869525105
2.2590000000000017,0.4729153413047299
2.2600000000000016,0.4663988399999805
2.2610000000000015,0.45543263364025527
2.262000000000002,0.44506903635970796
2.2630000000000017,0.4352696499999834
2.2640000000000016,0.4259311036792518
2.2650000000000015,0.41826789632072436
2.266000000000002,0.4114809299999945
2.2670000000000017,0.40839603999999624
2.2680000000000016,0.4062685973335342
2.2690000000000015,0.40684193266646757
2.270000000000002,0.4081672400000049
2.2710000000000017,0.41093957503699735
2.2720000000000016,0.41388994496301185
2.2730000000000015,0.41603434000000167
2.274000000000002,0.41729629828534065
2.2750000000000017,0.41587915171465495
2.2760000000000016,0.41232242999998664
2.2770000000000015,0.4047926699999811
2.278000000000002,0.39413451581539777
2.2790000000000017,0.3811025899999725
2.2800000000000016,0.36559959999996744
2.2810000000000015,0.3472870225084645
2.282000000000002,0.326312107491461
2.2830000000000017,0.3071165099999692
2.2840000000000016,0.28977055666964036
2.2850000000000015,0.27383725333031006
2.286000000000002,0.26045497999998274
2.2870000000000017,0.250726309163162
2.2880000000000016,0.2474179408368277
2.2890000000000015,0.2467734500000077
2.290000000000002,0.25255442000001166
2.2910000000000017,0.2591219081333894
2.2920000000000016,0.2691032418666416
2.2930000000000015,0.2789824300000146
2.294000000000002,0.28994435373126864
2.2950000000000017,0.2991816662687601
2.2960000000000016,0.30383432000000615
2.2970000000000015,0.30730679263746824
2.298000000000002,0.30463316736252233
2.2990000000000017,0.30154561999998586
2.3000000000000016,0.2935612799999857
2.3010000000000015,0.2855371224157464
2.302000000000002,0.2744415699999813
2.3030000000000017,0.26392000999998405
2.3040000000000016,0.2549448998010256
2.3050000000000015,0.24614291019894705
2.306000000000002,0.2381782099999869
2.3070000000000017,0.23081028045690136
2.3080000000000016,0.22631484954308462
2.3090000000000015,0.22252676999999801
2.310000000000002,0.22102243054588985
2.3110000000000017,0.22042788945410802
2.3120000000000016,0.22269978000000612
2.3130000000000015,0.22613062000000883
2.314000000000002,0.23274740569387325
2.3150000000000017,0.24020434430615326
2.3160000000000016,0.2478268600000133
2.3170000000000015,0.2553053618376428
2.318000000000002,0.26172373816238
2.3190000000000017,0.26727551000000527
2.3200000000000016,0.2702306204599104
2.3210000000000015,0.2717352195400942
2.322000000000002,0.27168765999999855
2.3230000000000017,0.27086749999999943
2.3240000000000016,0.2705173022937713
2.3250000000000015,0.2709402400000048
2.326000000000002,0.2745176300000112
2.3270000000000017,0.2808263790412069
2.3280000000000016,0.2902167909588223
2.3290000000000015,0.3026540000000205
2.330000000000002,0.3180771750840205
2.3310000000000017,0.33622801491605203
2.3320000000000016,0.35304430000002773
2.3330000000000015,0.36866468562289806
2.334000000000002,0.38272091437715183
2.3350000000000017,0.3944470900000128
2.3360000000000016,0.40167767000000215
2.3370000000000015,0.4029050147780404
2.338000000000002,0.4004527952219509
2.3390000000000017,0.39216440999998203
2.3400000000000016,0.38204632891219525
2.3410000000000015,0.3682354510877618
2.342000000000002,0.3526070999999663
2.3430000000000017,0.3336269406678384
2.3440000000000016,0.3162336193321076
2.3450000000000015,0.30086597999998055
2.346000000000002,0.28629976999997764
2.3470000000000018,0.2737214981051729
2.3480000000000016,0.26340254999999285
2.3490000000000015,0.25802370999999447
2.350000000000002,0.2538731374955002
2.3510000000000018,0.2535480925044985
2.3520000000000016,0.25419679000000694
2.3530000000000015,0.25811787636973355
2.354000000000002,0.262781573630283
2.3550000000000018,0.270157250000013
2.3560000000000016,0.27748082885524167
2.3570000000000015,0.28536938114478283
2.358000000000002,0.29371279000001715
2.3590000000000018,0.30336833000001656
2.3600000000000017,0.31267578812338903
2.3610000000000015,0.32115702187663736
2.362000000000002,0.33007637000001705
2.3630000000000018,0.3396763939562243
2.3640000000000017,0.3493159560438056
2.3650000000000015,0.3587745700000139
2.366000000000002,0.3691810438612548
2.3670000000000018,0.3823196561387977
2.3680000000000017,0.39537716000001755
2.3690000000000015,0.40856272000001853
2.370000000000002,0.4224646289942347
2.3710000000000018,0.43875457100583043
2.3720000000000017,0.45455825000002525
2.3730000000000016,0.4687700534093416
2.374000000000002,0.48330414659071
2.3750000000000018,0.4981512100000248
2.3760000000000017,0.5121337127844594
2.3770000000000016,0.522261557215572
2.378000000000002,0.5320078100000118
2.379000000000002,0.5386957851949702
2.3800000000000017,0.5443477348050475
2.3810000000000016,0.5446107399999986
2.382000000000002,0.5438377899999848
2.383000000000002,0.5369835682973284
2.3840000000000017,0.5294665417026483
2.3850000000000016,0.5174663699999774
2.386000000000002,0.5047657094380772
2.387000000000002,0.48766009056185444
2.3880000000000017,0.4714048199999757
2.3890000000000016,0.4577244800009782
2.390000000000002,0.4443244899989742
2.391000000000002,0.43317070999998253
2.3920000000000017,0.42333814999999436
2.3930000000000016,0.4201578562777402
2.394000000000002,0.4175206337222504
2.395000000000002,0.4195745900000038
2.3960000000000017,0.4216974612617543
2.3970000000000016,0.4258100787382585
2.398000000000002,0.4296428300000062
2.399000000000002,0.4331575614037236
2.4000000000000017,0.43587159859628477
2.4010000000000016,0.4354125599999975
2.4020000000000015,0.4339935199999894
2.403000000000002,0.42803162618936946
2.4040000000000017,0.42133140999998125
2.4050000000000016,0.4107773599999797
2.406000000000002,0.39938208434809797
2.407000000000002,0.3836255656518391
2.4080000000000017,0.3684646199999759
2.4090000000000016,0.3548778760787629
2.4100000000000015,0.34163866392119596
2.411000000000002,0.3301286099999822
2.4120000000000017,0.3201394465076927
2.4130000000000016,0.3166045234922963
2.414000000000002,0.31460515000000966
2.415000000000002,0.32004464000001137
2.4160000000000017,0.32645042502701405
2.4170000000000016,0.33850069497302343
2.4180000000000015,0.3519103800000264
2.419000000000002,0.3717009857718767
2.4200000000000017,0.39095870422818313
2.4210000000000016,0.4099086800000343
2.422000000000002,0.42920334503003543
2.423000000000002,0.4493536449700451
2.4240000000000017,0.46807936000002426
2.4250000000000016,0.4817338900000235
2.4260000000000015,0.49495343804521524
2.427000000000002,0.5046246600000154
2.4280000000000017,0.5133420800000071
2.4290000000000016,0.5173659199800105
2.430000000000002,0.5213657200200038
2.431000000000002,0.5234677800000039
2.4320000000000017,0.5256520784933038
2.4330000000000016,0.5271370115067009
2.4340000000000015,0.5293757300000047
2.435000000000002,0.5328549005998865
2.4360000000000017,0.5368608994001277
2.4370000000000016,0.5424405300000107
2.438000000000002,0.5484657900000125
2.439000000000002,0.555526016243761
2.4400000000000017,0.5614884537562603
2.4410000000000016,0.5657451700000061
2.4420000000000015,0.5691809833143392
2.443000000000002,0.5705141266856655
2.4440000000000017,0.5706702499999958
2.4450000000000016,0.5683008084623021
2.446000000000002,0.5649854315376861
2.447000000000002,0.5596750999999909
2.4480000000000017,0.5545206699999908
2.4490000000000016,0.5493572783511579
2.4500000000000015,0.5450407899999957
2.451000000000002,0.5417491799999943
2.4520000000000017,0.5384680442781392
2.4530000000000016,0.5353108257218508
2.454000000000002,0.5305654399999887
2.455000000000002,0.5242098919365987
2.4560000000000017,0.5174292580633741
2.4570000000000016,0.5096146499999824
2.4580000000000015,0.4997621943481119
2.459000000000002,0.4883056756518474
2.4600000000000017,0.47870349999998635
2.4610000000000016,0.47101136999999205
2.462000000000002,0.46654666256648447
2.463000000000002,0.4654723274335112
2.4640000000000017,0.4697669700000157
2.4650000000000016,0.478607188083406
2.4660000000000015,0.49268802191663774
2.467000000000002,0.5104368300000334
2.4680000000000017,0.5292621773585598
2.4690000000000016,0.5488357626415009
2.470000000000002,0.568188670000034
2.471000000000002,0.5873792800000259
2.4720000000000018,0.6019946687141494
2.4730000000000016,0.6148818100000151
2.4740000000000015,0.6262483600000137
2.475000000000002,0.6365603221355828
2.4760000000000018,0.6413816778644365
2.4770000000000016,0.6445686800000019
2.478000000000002,0.6456217865366928
2.479000000000002,0.6456871534633075
2.4800000000000018,0.6425427199999918
2.4810000000000016,0.637923072173549
2.4820000000000015,0.6278448078264197
2.483000000000002,0.6163682899999744
2.4840000000000018,0.6019495699999735
2.4850000000000017,0.5870228223615015
2.486000000000002,0.5707464376384407
2.487000000000002,0.5537739999999726
2.4880000000000018,0.5383529157538253
2.4890000000000017,0.5235104542461285
2.4900000000000015,0.5127524699999866
2.491000000000002,0.5026432631953495
2.4920000000000018,0.4970752168046283
2.4930000000000017,0.4923185399999993
2.494000000000002,0.49178319999999787
2.495000000000002,0.49056767208258023
2.4960000000000018,0.4889884979174135
2.4970000000000017,0.486162419999992
2.4980000000000016,0.4816666184023113
2.499000000000002,0.4765506415976706
2.5000000000000018,0.47007746
2.5010000000000017,0.47007746
2.502000000000002,0.47007746
2.503000000000002,0.47007746
2.504000000000002,0.47007746
2.5050000000000017,0.47007746
2.5060000000000016,0.47007746
2.507000000000002,0.47007746
2.508000000000002,0.47007746
2.5090000000000017,0.47007746
2.510000000000002,0.47007746
2.511000000000002,0.47007746
2.512000000000002,0.47007746
2.5130000000000017,0.47007746
2.5140000000000016,0.47007746
2.515000000000002,0.47007746
2.516000000000002,0.47007746
2.5170000000000017,0.47007746
2.518000000000002,0.47007746
2.519000000000002,0.47007746
2.520000000000002,0.47007746
2.5210000000000017,0.47007746
2.5220000000000016,0.47007746
2.523000000000002,0.47007746
2.524000000000002,0.47007746
2.5250000000000017,0.47007746
2.526000000000002,0.47007746
2.527000000000002,0.47007746
2.528000000000002,0.47007746
2.5290000000000017,0.47007746
2.5300000000000016,0.47007746
2.531000000000002,0.47007746
2.532000000000002,0.47007746
2.5330000000000017,0.47007746
2.534000000000002,0.47007746
2.535000000000002,0.47007746
2.536000000000002,0.47007746
2.5370000000000017,0.47007746
2.5380000000000016,0.47007746
2.539000000000002,0.47007746
2.540000000000002,0.47007746
2.5410000000000017,0.47007746
2.542000000000002,0.47007746
2.543000000000002,0.47007746
2.544000000000002,0.47007746
2.5450000000000017,0.47007746
2.5460000000000016,0.47007746
2.547000000000002,0.47007746
2.548000000000002,0.47007746
2.5490000000000017,0.47007746
2.550000000000002,0.47007746
2.551000000000002,0.47007746
2.552000000000002,0.47007746
2.5530000000000017,0.47007746
2.5540000000000016,0.47007746
2.555000000000002,0.47007746
2.556000000000002,0.47007746
2.5570000000000017,0.47007746
2.558000000000002,0.47007746
2.559000000000002,0.47007746
2.560000000000002,0.47007746
2.5610000000000017,0.47007746
2.5620000000000016,0.47007746
2.563000000000002,0.47007746
2.564000000000002,0.47007746
2.5650000000000017,0.47007746
2.566000000000002,0.47007746
2.567000000000002,0.47007746
2.568000000000002,0.47007746
2.5690000000000017,0.47007746
2.5700000000000016,0.47007746
2.571000000000002,0.47007746
2.572000000000002,0.47007746
2.5730000000000017,0.47007746
2.574000000000002,0.47007746
2.575000000000002,0.47007746
2.576000000000002,0.47007746
2.5770000000000017,0.47007746
2.5780000000000016,0.47007746
2.579000000000002,0.47007746
2.580000000000002,0.47007746
2.5810000000000017,0.47007746
2.582000000000002,0.47007746
2.583000000000002,0.47007746
2.584000000000002,0.47007746
2.5850000000000017,0.47007746
2.5860000000000016,0.47007746
2.587000000000002,0.47007746
2.588000000000002,0.47007746
2.5890000000000017,0.47007746
2.590000000000002,0.47007746
2.591000000000002,0.47007746
2.592000000000002,0.47007746
2.5930000000000017,0.47007746
2.5940000000000016,0.47007746
2.595000000000002,0.47007746
2.596000000000002,0.47007746
2.5970000000000018,0.47007746
2.598000000000002,0.47007746
2.599000000000002,0.47007746
