wave,r
0.4,0.8155591776025479
0.401,0.8179324446970062
0.402,0.8194021453029939
0.403,0.8201226
0.404,0.8204750364756352
0.405,0.82111967
0.406,0.8224141090746184
0.40700000000000003,0.8233215709253815
0.40800000000000003,0.8232455751196976
0.40900000000000003,0.8227575448803024
0.41000000000000003,0.82316726
0.41100000000000003,0.8234036576360236
0.41200000000000003,0.82293826
0.41300000000000003,0.823019679400406
0.41400000000000003,0.82295972
0.41500000000000004,0.8230958646729066
0.41600000000000004,0.8235631553270935
0.41700000000000004,0.8233304
0.41800000000000004,0.8234075292287077
0.41900000000000004,0.82377785
0.42000000000000004,0.8238368657464425
0.42100000000000004,0.82441151
0.42200000000000004,0.8246879593282135
0.42300000000000004,0.8246207806717866
0.42400000000000004,0.825277923451131
0.42500000000000004,0.825623036548869
0.42600000000000005,0.82556862
0.42700000000000005,0.8255068138301618
0.42800000000000005,0.82588983
0.42900000000000005,0.8259881078626428
0.43000000000000005,0.8257743721373573
0.43100000000000005,0.8257459407533849
0.43200000000000005,0.8258212792466151
0.43300000000000005,0.82588905
0.43400000000000005,0.8259167712367876
0.43500000000000005,0.82604045
0.43600000000000005,0.826129728900322
0.43700000000000006,0.826019761099678
0.43800000000000006,0.825744870450591
0.43900000000000006,0.825789929549409
0.44000000000000006,0.82609409
0.44100000000000006,0.826233858602314
0.44200000000000006,0.82588661
0.44300000000000006,0.8259691618351633
0.44400000000000006,0.8261526781648367
0.44500000000000006,0.8261575089849204
0.44600000000000006,0.8260560010150796
0.44700000000000006,0.82607114
0.44800000000000006,0.8262215284961151
0.44900000000000007,0.8263824000000001
0.45000000000000007,0.8264031402955941
0.45100000000000007,0.8264326997044058
0.45200000000000007,0.8264317488693226
0.45300000000000007,0.8263186811306773
0.45400000000000007,0.82636338
0.45500000000000007,0.8264946286875131
0.45600000000000007,0.82653213
0.4570000000000001,0.826348599787202
0.4580000000000001,0.82632732
0.4590000000000001,0.826426150747385
0.4600000000000001,0.826500889252615
0.4610000000000001,0.82653672
0.4620000000000001,0.826466380703393
0.4630000000000001,0.82640439
0.4640000000000001,0.8264843194266058
0.4650000000000001,0.82642698
0.4660000000000001,0.8263911607438852
0.4670000000000001,0.8264655492561149
0.4680000000000001,0.8265498907920842
0.4690000000000001,0.8266290992079157
0.4700000000000001,0.82670933
0.4710000000000001,0.8267584991686082
0.4720000000000001,0.82667536
0.4730000000000001,0.8266049006401873
0.4740000000000001,0.8266689193598128
0.4750000000000001,0.8268527999720006
0.4760000000000001,0.8268500000279995
0.4770000000000001,0.82675296
0.4780000000000001,0.8267229809732902
0.4790000000000001,0.82682031
0.4800000000000001,0.8268473703921921
0.4810000000000001,0.8268865896078078
0.4820000000000001,0.8270119998194037
0.4830000000000001,0.8269939401805965
0.4840000000000001,0.82696807
0.4850000000000001,0.8270805488752113
0.4860000000000001,0.82732987
0.4870000000000001,0.8273171190624188
0.4880000000000001,0.8272233609375812
0.4890000000000001,0.8272705114548708
0.4900000000000001,0.8274159985451291
0.4910000000000001,0.82747197
0.4920000000000001,0.8274717900018
0.4930000000000001,0.82756263
0.4940000000000001,0.8276967991167089
0.4950000000000001,0.82760847
0.4960000000000001,0.8274328119329614
0.4970000000000001,0.8276261080670386
0.4980000000000001,0.8277722
0.4990000000000001,0.8278827088949111
0.5000000000000001,0.82795614
0.5010000000000001,0.8279164997865958
0.5020000000000001,0.8278951615950202
0.5030000000000001,0.8279483289366532
0.5040000000000001,0.8280498389848899
0.5050000000000001,0.82811517
0.5060000000000001,0.8281732811849408
0.5070000000000001,0.8282325282225889
0.5080000000000001,0.8282807490355903
0.5090000000000001,0.82839006
0.5100000000000001,0.8284388795558956
0.5110000000000001,0.8283944724653014
0.5120000000000001,0.8285177375346986
0.5130000000000001,0.8286318188591887
0.5140000000000001,0.82870013
0.5150000000000001,0.8287813108243165
0.5160000000000001,0.8288637429341532
0.5170000000000001,0.8289615480438979
0.5180000000000001,0.8290634789806898
0.5190000000000001,0.8291261202783028
0.5200000000000001,0.8291539507201641
0.5210000000000001,0.829189958919754
0.5220000000000001,0.8292678592209844
0.5230000000000001,0.82933658
0.5240000000000001,0.8294377908303082
0.5250000000000001,0.8295208197640095
0.5260000000000001,0.8295090202359906
0.5270000000000001,0.8295937191529915
0.5280000000000001,0.82968718
0.5290000000000001,0.829714120603206
0.5300000000000001,0.8297442805954702
0.5310000000000001,0.8297641296030199
0.5320000000000001,0.8297621000203002
0.5330000000000001,0.8297276495034951
0.5340000000000001,0.8296779991036448
0.5350000000000001,0.8296331813445328
0.5360000000000001,0.8295984903469069
0.5370000000000001,0.82960844
0.5380000000000001,0.829834703353967
0.5390000000000001,0.8301700992818359
0.5400000000000001,0.8304794938121095
0.5410000000000001,0.8308277665172652
0.5420000000000001,0.83113879
0.5430000000000001,0.8314077952925354
0.5440000000000002,0.831672422061197
0.5450000000000002,0.8319030353877539
0.5460000000000002,0.83210605
0.5470000000000002,0.8322839714800148
0.5480000000000002,0.83243197274889
0.5490000000000002,0.83256941725111
0.5500000000000002,0.8327670080240802
0.5510000000000002,0.83303988
0.5520000000000002,0.833195211200424
0.5530000000000002,0.8333152541553922
0.5540000000000002,0.8334537672297385
0.5550000000000002,0.833615298384684
0.5560000000000002,0.8338231418084181
0.5570000000000002,0.8340039822958852
0.5580000000000002,0.8341187765561722
0.5590000000000002,0.8342555172651727
0.5600000000000002,0.83435512
0.5610000000000002,0.8344062602873028
0.5620000000000002,0.8344349908569657
0.5630000000000002,0.8344778391430343
0.5640000000000002,0.8345554492238922
0.5650000000000002,0.83464247
0.5660000000000002,0.8346540888163881
0.5670000000000002,0.8345949093721313
0.5680000000000002,0.8345739804185791
0.5690000000000002,0.8346881888578886
0.5700000000000002,0.8348114510204102
0.5710000000000002,0.8349134919847008
0.5720000000000002,0.8350127270229488
0.5730000000000002,0.8351893382338648
0.5740000000000002,0.8354513000000002
0.5750000000000002,0.8357267418519185
0.5760000000000002,0.835911930973961
0.5770000000000002,0.835960629026039
0.5780000000000002,0.835950610100201
0.5790000000000002,0.83591044
0.5800000000000002,0.8358907125880259
0.5810000000000002,0.8360201123941803
0.5820000000000002,0.8360999184038799
0.5830000000000002,0.83608973
0.5840000000000002,0.8362025614037141
0.5850000000000002,0.8363429313767312
0.5860000000000002,0.8364117679349032
0.5870000000000002,0.8363080610371207
0.5880000000000002,0.83606869
0.5890000000000002,0.8358337887637752
0.5900000000000002,0.8357101710082496
0.5910000000000002,0.8357437793278336
0.5920000000000002,0.8358958984787849
0.5930000000000002,0.836096881595616
0.5940000000000002,0.8362564414079297
0.5950000000000002,0.8363268378881056
0.5960000000000002,0.836371959097591
0.5970000000000002,0.83633739
0.5980000000000002,0.8361535677665777
0.5990000000000002,0.8359302252067917
0.6000000000000002,0.8356905647932081
0.6010000000000002,0.8354588723169231
0.6020000000000002,0.8352377399999998
0.6030000000000002,0.8349741067765355
0.6040000000000002,0.8346517586101695
0.6050000000000002,0.8342720975932203
0.6060000000000002,0.8338282144388443
0.6070000000000002,0.833245452518325
0.6080000000000002,0.8324972820848956
0.6090000000000002,0.8316015268726562
0.6100000000000002,0.8306088499267984
0.6110000000000002,0.8296714399999999
0.6120000000000002,0.8290010084311843
0.6130000000000002,0.8288441394994202
0.6140000000000002,0.82931911050058
0.6150000000000002,0.8303391197997982
0.6160000000000002,0.8315960200000002
0.6170000000000002,0.8326774970375705
0.6180000000000002,0.83352936840258
0.6190000000000002,0.8341427877316135
0.6200000000000002,0.83452958
0.6210000000000002,0.8347355713685137
0.6220000000000002,0.8348724230434478
0.6230000000000002,0.8350245954348282
0.6240000000000002,0.8351536987089742
0.6250000000000002,0.8352375
0.6260000000000002,0.8352879902408048
0.6270000000000002,0.8353120681046947
0.6280000000000002,0.8352488912635369
0.6290000000000002,0.8352000704882049
0.6300000000000002,0.83520687
0.6310000000000002,0.8351932190320484
0.6320000000000002,0.8351448214519274
0.6330000000000002,0.8351482699309993
0.6340000000000002,0.83521938
0.6350000000000002,0.83513682899209
0.6360000000000002,0.8350360392358306
0.6370000000000002,0.8349978307641694
0.6380000000000002,0.8350021199570995
0.6390000000000002,0.83488929
0.6400000000000002,0.8347572092894858
0.6410000000000002,0.8346861583746812
0.6420000000000002,0.8346319810835459
0.6430000000000002,0.834571960600206
0.6440000000000002,0.8345327398926989
0.6450000000000002,0.8345220080592971
0.6460000000000002,0.8344249729110544
0.6470000000000002,0.8343186410633212
0.6480000000000002,0.83424991
0.6490000000000002,0.8342040792191922
0.6500000000000002,0.8341259981986721
0.6510000000000002,0.834035931801328
0.6520000000000002,0.8339636307230072
0.6530000000000002,0.83389735
0.6540000000000002,0.8338336285219852
0.6550000000000002,0.8337597275110245
0.6560000000000002,0.833676761659317
0.6570000000000003,0.8336334804328044
0.6580000000000003,0.8335698190105901
0.6590000000000003,0.8334708784038798
0.6600000000000003,0.8333910723941803
0.6610000000000003,0.8333166807439149
0.6620000000000003,0.83320314
0.6630000000000003,0.8330383288662774
0.6640000000000003,0.832924958219289
0.6650000000000003,0.8328656011871405
0.6660000000000003,0.8328399102569026
0.6670000000000003,0.83280396
0.6680000000000003,0.8327410180104995
0.6690000000000003,0.8326415429842507
0.6700000000000003,0.8325352121266212
0.6710000000000003,0.83247828
0.6720000000000003,0.8324257698599985
0.6730000000000003,0.8324117706471741
0.6740000000000003,0.8324441293528259
0.6750000000000003,0.8323979404619046
0.6760000000000003,0.83230412
0.6770000000000003,0.8321761487834757
0.6780000000000003,0.8320545005129744
0.6790000000000003,0.8320715996580171
0.6800000000000003,0.8321115995999959
0.6810000000000003,0.8320465685676857
0.6820000000000003,0.8319033381892905
0.6830000000000003,0.8318128027160642
0.6840000000000003,0.8318007002420024
0.6850000000000003,0.83180726
0.6860000000000003,0.8317627298324983
0.6870000000000003,0.8317459792466301
0.6880000000000003,0.8317083107533698
0.6890000000000003,0.8315122119610195
0.6900000000000003,0.8313476999999999
0.6910000000000003,0.8311914763343633
0.6920000000000003,0.8310081945801711
0.6930000000000003,0.8308275336132193
0.6940000000000003,0.8306625516498165
0.6950000000000003,0.8304765774566745
0.6960000000000003,0.8302222444832758
0.6970000000000003,0.8299464082750861
0.6980000000000003,0.8296475429886596
0.6990000000000003,0.8293547599999999
0.7000000000000003,0.8290879662860627
0.7010000000000003,0.8287165703193871
0.7020000000000003,0.8282325396806126
0.7030000000000003,0.8276757055683556
0.7040000000000003,0.8270784599999998
0.7050000000000003,0.8263529921912217
0.7060000000000003,0.8254625480635965
0.7070000000000003,0.8243980012909351
0.7080000000000003,0.8231160599999995
0.7090000000000003,0.8215474907910074
0.7100000000000003,0.8196265833223332
0.7110000000000003,0.8172927000164985
0.7120000000000003,0.8144190587365739
0.7130000000000003,0.8109037299999986
0.7140000000000003,0.8066824209289173
0.7150000000000003,0.8017752981778897
0.7160000000000003,0.7963812278814041
0.7170000000000003,0.7909129246830453
0.7180000000000003,0.7861160310211094
0.7190000000000003,0.7832181962117893
0.7200000000000003,0.7830287856823158
0.7210000000000003,0.7858370538328393
0.7220000000000003,0.791041080000002
0.7230000000000003,0.7971444696868986
0.7240000000000003,0.8031131433360682
0.7250000000000003,0.8082799466639352
0.7260000000000003,0.81259120688757
0.7270000000000003,0.8160486200000009
0.7280000000000003,0.8186655185660717
0.7290000000000003,0.8205221123053851
0.7300000000000003,0.8219322917964107
0.7310000000000003,0.8230278990439908
0.7320000000000003,0.8238737660701608
0.7330000000000003,0.8244807792097396
0.7340000000000003,0.8249412661853909
0.7350000000000003,0.8252915064976301
0.7360000000000003,0.8255709400000001
0.7370000000000003,0.825821701605716
0.7380000000000003,0.8259822719943203
0.7390000000000003,0.8260819880056799
0.7400000000000003,0.826172289096991
0.7410000000000003,0.82621402
0.7420000000000003,0.8262366103050031
0.7430000000000003,0.8262518595923203
0.7440000000000003,0.8262382702717864
0.7450000000000003,0.82617301
0.7460000000000003,0.8261486301800018
0.7470000000000003,0.8261666282440878
0.7480000000000003,0.8260788326338683
0.7490000000000003,0.8260318604697093
0.7500000000000003,0.82600725
0.7510000000000003,0.8259471092363847
0.7520000000000003,0.8258707458428078
0.7530000000000003,0.8257321727714614
0.7540000000000003,0.8255477018447183
0.7550000000000003,0.82539153
0.7560000000000003,0.8252643871607419
0.7570000000000003,0.825122424258887
0.7580000000000003,0.8249449135502355
0.7590000000000003,0.82477778
0.7600000000000003,0.8246407485473854
0.7610000000000003,0.8244954865013399
0.7620000000000003,0.8243205534986601
0.7630000000000003,0.8241840013655136
0.7640000000000003,0.8240479799999999
0.7650000000000003,0.8238714277189543
0.7660000000000003,0.8236433244049797
0.7670000000000003,0.8234568237300134
0.7680000000000003,0.8233206913613135
0.7690000000000003,0.8231864577271771
0.7700000000000004,0.8229591743200839
0.7710000000000004,0.8226751785198739
0.7720000000000004,0.8224223325284504
0.7730000000000004,0.8222235999999998
0.7740000000000004,0.8219479866764666
0.7750000000000004,0.821615632771289
0.7760000000000004,0.8212541972287107
0.7770000000000004,0.8209258932830328
0.7780000000000004,0.8206626799999999
0.7790000000000004,0.820339312414724
0.7800000000000004,0.819960050217489
0.7810000000000004,0.8196339665216738
0.7820000000000004,0.8193538828008279
0.7830000000000004,0.8191107476646765
0.7840000000000004,0.8188772152676365
0.7850000000000004,0.818640597098545
0.7860000000000004,0.8184489019169383
0.7870000000000004,0.8182535199999998
0.7880000000000004,0.8180083572617451
0.7890000000000004,0.817734530757462
0.7900000000000004,0.8174264461616918
0.7910000000000004,0.8170638736257362
0.7920000000000004,0.8166555199999999
0.7930000000000004,0.8162816720323982
0.7940000000000004,0.8158832919514023
0.7950000000000004,0.8154853079596794
0.7960000000000004,0.8151776799999999
0.7970000000000004,0.8149486782362823
0.7980000000000004,0.8147723070139195
0.7990000000000004,0.8146230029860805
0.8000000000000004,0.8144662415676156
0.8010000000000004,0.8142160799999999
0.8020000000000004,0.8139582882183642
0.8030000000000004,0.8137801259823009
0.8040000000000004,0.813646202678466
0.8050000000000004,0.8135275811862118
0.8060000000000004,0.8134247693526935
0.8070000000000004,0.8133600395528223
0.8080000000000004,0.8133376806707664
0.8090000000000004,0.8133320201132012
0.8100000000000004,0.81332392
0.8110000000000004,0.8133174204637046
0.8120000000000004,0.8133637925974961
0.8130000000000004,0.8134936674025038
0.8140000000000004,0.8136770081665817
0.8150000000000004,0.8138290600000001
0.8160000000000004,0.8139623427144272
0.8170000000000004,0.8140980636208189
0.8180000000000004,0.8142187575861207
0.8190000000000004,0.8142646595409954
0.8200000000000004,0.8143037594873949
0.8210000000000004,0.8142524975241237
0.8220000000000004,0.8141287037138142
0.8230000000000004,0.8141931293556872
0.8240000000000004,0.8143583500000001
0.8250000000000004,0.8145322214657147
0.8260000000000004,0.8146787950613976
0.8270000000000004,0.8149318649386026
0.8280000000000004,0.8152240470781709
0.8290000000000004,0.8154857200000001
0.8300000000000004,0.8156862339862399
0.8310000000000004,0.8158855426893656
0.8320000000000004,0.8159751882070897
0.8330000000000004,0.81597966
0.8340000000000004,0.816040220198502
0.8350000000000004,0.8160600692262387
0.8360000000000004,0.8160213811606419
0.8370000000000004,0.8159456307575151
0.8380000000000004,0.8158986
0.8390000000000004,0.8158296282845656
0.8400000000000004,0.815658082157792
0.8410000000000004,0.8153966752281385
0.8420000000000004,0.8151921020457203
0.8430000000000004,0.8148930062853628
0.8440000000000004,0.8145215422457875
0.8450000000000004,0.8141338316313182
0.8460000000000004,0.8136646793830936
0.8470000000000004,0.8130076499999996
0.8480000000000004,0.8121781811135108
0.8490000000000004,0.8112895330788765
0.8500000000000004,0.8104434769211227
0.8510000000000004,0.8096817176175759
0.8520000000000004,0.8089103099999996
0.8530000000000004,0.8080098508785172
0.8540000000000004,0.8070976987520619
0.8550000000000004,0.8060561008319579
0.8560000000000004,0.8046957436036356
0.8570000000000004,0.8028676283549827
0.8580000000000004,0.8007031172144381
0.8590000000000004,0.79806383917834
0.8600000000000004,0.7948946716918326
0.8610000000000004,0.7912466499999982
0.8620000000000004,0.7870156918353165
0.8630000000000004,0.7821992114739387
0.8640000000000004,0.7767729085260565
0.8650000000000004,0.770608781641414
0.8660000000000004,0.7633881599999962
0.8670000000000004,0.7549037108958047
0.8680000000000004,0.7449484516646112
0.8690000000000004,0.7333372722235836
0.8700000000000004,0.7201909399999934
0.8710000000000004,0.7055116483135752
0.8720000000000004,0.6893429817202065
0.8730000000000004,0.671928992419672
0.8740000000000004,0.6536318129720523
0.8750000000000004,0.6351938199999922
0.8760000000000004,0.6176739567933284
0.8770000000000004,0.6023533970676409
0.8780000000000004,0.5905889852882302
0.8790000000000004,0.5835194706942042
0.8800000000000004,0.5818361000000015
0.8810000000000004,0.5853736856819195
0.8820000000000005,0.5936577814771294
0.8830000000000005,0.606146030232508
0.8840000000000005,0.6220033800000079
0.8850000000000005,0.6396679336431454
0.8860000000000005,0.6580322398808126
0.8870000000000005,0.6760262801192034
0.8880000000000005,0.6928145421176296
0.8890000000000005,0.7082484400000062
0.8900000000000005,0.722288316085428
0.8910000000000005,0.7348968145621773
0.8920000000000005,0.7460488869585571
0.8930000000000005,0.7559074414147192
0.8940000000000005,0.7644273729449331
0.8950000000000005,0.7717218456593198
0.8960000000000005,0.7780048115110277
0.8970000000000005,0.7832987970604439
0.8980000000000005,0.7879124300000019
0.8990000000000005,0.7920531374261761
0.9000000000000005,0.7957957491278363
0.9010000000000005,0.7992521408721667
0.9020000000000005,0.8023793387280889
0.9030000000000005,0.8051298900000011
0.9040000000000005,0.8075239535248362
0.9050000000000005,0.8097001915251247
0.9060000000000005,0.8117510289832518
0.9070000000000005,0.8136531509788107
0.9080000000000005,0.8153374965887666
0.9090000000000005,0.8169963714720271
0.9100000000000005,0.8185699727919612
0.9110000000000005,0.8199874658251172
0.9120000000000005,0.8212559200000006
0.9130000000000005,0.8225106125768521
0.9140000000000005,0.8237682929947509
0.9150000000000005,0.8248681180035004
0.9160000000000005,0.8257042716385168
0.9170000000000005,0.8267821700000004
0.9180000000000005,0.8277918865787715
0.9190000000000005,0.8286208251318438
0.9200000000000005,0.8294694230280306
0.9210000000000005,0.8302423400000004
0.9220000000000005,0.8310456374428747
0.9230000000000005,0.8317899209047641
0.9240000000000005,0.8323351590952365
0.9250000000000005,0.8330259830917313
0.9260000000000005,0.8335920000000002
0.9270000000000005,0.8340408859016183
0.9280000000000005,0.834631045226939
0.9290000000000005,0.8351386098487078
0.9300000000000005,0.8356785746003462
0.9310000000000005,0.8361882632425326
0.9320000000000005,0.8365125165084748
0.9330000000000005,0.8368379402372883
0.9340000000000005,0.8371513437319374
0.9350000000000005,0.8373720600000001
0.9360000000000005,0.8375287740882411
0.9370000000000005,0.8379375963273471
0.9380000000000005,0.8382539636726533
0.9390000000000005,0.838383968699987
0.9400000000000005,0.8385078900000001
0.9410000000000005,0.838647900500805
0.9420000000000005,0.8386729436850159
0.9430000000000005,0.8387957775433229
0.9440000000000005,0.8391441665160653
0.9450000000000005,0.8391077498128982
0.9460000000000005,0.8390890429538523
0.9470000000000005,0.8392367355692216
0.9480000000000005,0.8393807385599712
0.9490000000000005,0.83924782
0.9500000000000005,0.8391839296118961
0.9510000000000005,0.8391451174003038
0.9520000000000005,0.839015132599696
0.9530000000000005,0.8389350208011079
0.9540000000000005,0.8387163899999999
0.9550000000000005,0.8384754066823668
0.9560000000000005,0.8383095232731362
0.9570000000000005,0.8380852944845756
0.9580000000000005,0.8378906299999997
0.9590000000000005,0.8375137954885548
0.9600000000000005,0.8370626578721063
0.9610000000000005,0.8369562631918404
0.9620000000000005,0.8364719748429966
0.9630000000000005,0.8358314599999997
0.9640000000000005,0.8353947975549509
0.9650000000000005,0.8351502799559019
0.9660000000000005,0.8344821433627315
0.9670000000000005,0.8335930188912885
0.9680000000000005,0.8327323115509151
0.9690000000000005,0.8318873954394274
0.9700000000000005,0.8306593668408574
0.9710000000000005,0.8289909733681327
0.9720000000000005,0.8272873799999992
0.9730000000000005,0.8258879024248234
0.9740000000000005,0.8241303850979952
0.9750000000000005,0.8223852849020029
0.9760000000000005,0.82067681708467
0.9770000000000005,0.818904519999999
0.9780000000000005,0.8171378821373418
0.9790000000000005,0.8153516250751455
0.9800000000000005,0.8138541299499017
0.9810000000000005,0.812767990861308
0.9820000000000005,0.811638347858378
0.9830000000000005,0.8104241856932146
0.9840000000000005,0.8092088464601763
0.9850000000000005,0.8078659934285679
0.9860000000000005,0.8062609399999995
0.9870000000000005,0.805200748257682
0.9880000000000005,0.8040265157503693
0.9890000000000005,0.8028140342496293
0.9900000000000005,0.8021069870703704
0.9910000000000005,0.8009698999999993
0.9920000000000005,0.7997692574095735
0.9930000000000005,0.798639741428828
0.9940000000000005,0.7976873690474471
0.9950000000000006,0.7970629899999996
0.9960000000000006,0.7962974276241761
0.9970000000000006,0.7960598589663519
0.9980000000000006,0.7965081765504727
0.9990000000000006,0.7962529725522509
1.0000000000000004,0.7964651599999996
1.0010000000000006,0.7955679899999996
1.0020000000000007,0.7949404099999996
1.0030000000000006,0.7943072899999997
1.0040000000000004,0.7938055260733923
1.0050000000000006,0.7930662599999994
1.0060000000000007,0.7920660999999994
1.0070000000000006,0.7913091199999996
1.0080000000000005,0.7905444499999996
1.0090000000000006,0.7898708547035294
1.0100000000000007,0.7892178899999996
1.0110000000000006,0.7887617899999999
1.0120000000000005,0.7885321999999997
1.0130000000000006,0.7881514999999998
1.0140000000000007,0.7877808570642933
1.0150000000000006,0.7875199299999998
1.0160000000000005,0.7871591999999998
1.0170000000000006,0.7869622699999999
1.0180000000000007,0.78669965
1.0190000000000006,0.7866656234026597
1.0200000000000005,0.7863230099999998
1.0210000000000006,0.7857180199999998
1.0220000000000007,0.7853340499999998
1.0230000000000006,0.7849324299999998
1.0240000000000005,0.7846085399999999
1.0250000000000006,0.7843197599999999
1.0260000000000007,0.78415352
1.0270000000000006,0.7841667499999999
1.0280000000000005,0.7840157699999999
1.0290000000000006,0.78373158
1.0300000000000007,0.78371811
1.0310000000000006,0.78372455
1.0320000000000005,0.7837301200439958
1.0330000000000006,0.7840305600000004
1.0340000000000007,0.7845976900000005
1.0350000000000006,0.7852833900000005
1.0360000000000005,0.7859392200000006
1.0370000000000006,0.7871049931796827
1.0380000000000007,0.7885367900000012
1.0390000000000006,0.7903013200000011
1.0400000000000005,0.7927075600000009
1.0410000000000006,0.7947738200000016
1.0420000000000007,0.7972864387381277
1.0430000000000006,0.7991975500000011
1.0440000000000005,0.8008785800000006
1.0450000000000006,0.8022336400000006
1.0460000000000007,0.8032051900000006
1.0470000000000006,0.8039694835706434
1.0480000000000005,0.8045818200000001
1.0490000000000006,0.8047602200000002
1.0500000000000007,0.8053112000000001
1.0510000000000006,0.8055624400000007
1.0520000000000005,0.8065295800000005
1.0530000000000006,0.8077577400000011
1.0540000000000007,0.8093667600000013
1.0550000000000006,0.8113259062963716
1.0560000000000005,0.8136888700000012
1.0570000000000006,0.816502390000002
1.0580000000000007,0.8194248100000022
1.0590000000000006,0.8227546800000015
1.0600000000000005,0.826277934175584
1.0610000000000006,0.8295196900000021
1.0620000000000007,0.832661090000002
1.0630000000000006,0.8356399500000018
1.0640000000000005,0.8383706800000011
1.0650000000000006,0.8409527917888227
1.0660000000000007,0.8434731400000018
1.0670000000000006,0.8456296300000014
1.0680000000000005,0.8475607600000008
1.0690000000000006,0.8492010200000009
1.0700000000000007,0.8505571943825628
1.0710000000000006,0.8517403600000006
1.0720000000000005,0.8527012500000003
1.0730000000000006,0.8534625800000003
1.0740000000000007,0.8539816700000002
1.0750000000000006,0.8543359600000002
1.0760000000000005,0.8547297100000001
1.0770000000000006,0.8549720000000001
1.0780000000000007,0.8551202325267473
1.0790000000000006,0.8550454999999998
1.0800000000000005,0.8547811499999998
1.0810000000000006,0.8541976199999997
1.0820000000000007,0.8536430599999996
1.0830000000000006,0.8530197564023593
1.0840000000000005,0.8522837799999997
1.0850000000000006,0.8514916899999994
1.0860000000000007,0.850482999999999
1.0870000000000006,0.8494067199999991
1.0880000000000005,0.848073203351664
1.0890000000000006,0.846575199999999
1.0900000000000007,0.8448502999999987
1.0910000000000006,0.8429006899999985
1.0920000000000005,0.8405177599999988
1.0930000000000006,0.8378859431816802
1.0940000000000007,0.835203949999998
1.0950000000000006,0.832130129999998
1.0960000000000005,0.829146739999998
1.0970000000000006,0.826101899999998
1.0980000000000008,0.822997209999997
1.0990000000000006,0.8196440899999978
1.1000000000000005,0.8163397899999983
1.1010000000000006,0.8126876399999975
1.1020000000000008,0.8088085099999972
1.1030000000000006,0.8047000799999972
1.1040000000000005,0.800371709999998
1.1050000000000006,0.7958825799999969
1.1060000000000008,0.7912843106769288
1.1070000000000007,0.7863910799999966
1.1080000000000005,0.7812302099999964
1.1090000000000007,0.775654489999996
1.1100000000000008,0.7696049199999958
1.1110000000000007,0.7632066374282522
1.1120000000000005,0.7563809199999968
1.1130000000000007,0.7491332299999945
1.1140000000000008,0.7409455799999942
1.1150000000000007,0.7322031299999935
1.1160000000000005,0.7224453357794162
1.1170000000000007,0.7117746499999924
1.1180000000000008,0.7004684799999893
1.1190000000000007,0.6884756699999914
1.1200000000000006,0.6757173499999939
1.1210000000000007,0.6620624654884428
1.1220000000000008,0.6479191199999903
1.1230000000000007,0.6333578799999899
1.1240000000000006,0.6182487599999931
1.1250000000000007,0.602657379999989
1.1260000000000008,0.5861295499999843
1.1270000000000007,0.5685568499999875
1.1280000000000006,0.5497941399999866
1.1290000000000007,0.5296890831286721
1.1300000000000008,0.5089203699999818
1.1310000000000007,0.48837169999998553
1.1320000000000006,0.466561439999991
1.1330000000000007,0.44626387999998673
1.1340000000000008,0.42635747111787453
1.1350000000000007,0.407468649999988
1.1360000000000006,0.3895057999999884
1.1370000000000007,0.37206911999998843
1.1380000000000008,0.35476234999998446
1.1390000000000007,0.3372471515198374
1.1400000000000006,0.31913133999998755
1.1410000000000007,0.30047195999998777
1.1420000000000008,0.2821701499999883
1.1430000000000007,0.2645544099999893
1.1440000000000006,0.2484551199289973
1.1450000000000007,0.23482839999999292
1.1460000000000008,0.22417442999999365
1.1470000000000007,0.21701777999999752
1.1480000000000006,0.21332768
1.1490000000000007,0.21334507000000166
1.1500000000000008,0.215850400000005
1.1510000000000007,0.2214892200000054
1.1520000000000006,0.22960395000000441
1.1530000000000007,0.23951821000000767
1.1540000000000008,0.2510277900000086
1.1550000000000007,0.26395491000000904
1.1560000000000006,0.27755076000000933
1.1570000000000007,0.29158935642936745
1.1580000000000008,0.3059536500000129
1.1590000000000007,0.3204301900000097
1.1600000000000006,0.33499548000000967
1.1610000000000007,0.34953082000000973
1.1620000000000008,0.3641085020298078
1.1630000000000007,0.3790288000000101
1.1640000000000006,0.3941588700000068
1.1650000000000007,0.4095245600000108
1.1660000000000008,0.4257974000000138
1.1670000000000007,0.4413348362563838
1.1680000000000006,0.45692480000000996
1.1690000000000007,0.4719061000000094
1.1700000000000008,0.48597294000001123
1.1710000000000007,0.4986130600000076
1.1720000000000006,0.51003335797021
1.1730000000000007,0.5199473500000059
1.1740000000000008,0.5287559000000054
1.1750000000000007,0.536834600000005
1.1760000000000006,0.544448260000005
1.1770000000000007,0.5519470000000051
1.1780000000000008,0.5594586100000069
1.1790000000000007,0.5671809900000053
1.1800000000000006,0.5751847140066036
1.1810000000000007,0.5836247800000057
1.1820000000000008,0.5923618100000081
1.1830000000000007,0.601456580000006
1.1840000000000006,0.610373500000004
1.1850000000000007,0.6194421464703593
1.1860000000000008,0.6282068500000073
1.1870000000000007,0.6364298500000047
1.1880000000000006,0.6436749700000041
1.1890000000000007,0.6499168900000033
1.1900000000000008,0.6548433173572684
1.1910000000000007,0.658864200000003
1.1920000000000006,0.662244260000002
1.1930000000000007,0.665205600000002
1.1940000000000008,0.668267070000003
1.1950000000000007,0.6715920175052522
1.1960000000000006,0.6753414900000028
1.1970000000000007,0.679558400000003
1.1980000000000008,0.6841130300000041
1.1990000000000007,0.688712360000003
1.2000000000000006,0.6932157900000028
1.2010000000000007,0.6973511000000033
1.2020000000000008,0.701094150000003
1.2030000000000007,0.7044208756454376
1.2040000000000006,0.7074773300000019
1.2050000000000007,0.7103163000000019
1.2060000000000008,0.7132145800000027
1.2070000000000007,0.7162002300000021
1.2080000000000006,0.7193358469173107
1.2090000000000007,0.7228050200000025
1.2100000000000009,0.7264830500000035
1.2110000000000007,0.7303925200000035
1.2120000000000006,0.7343376300000025
1.2130000000000007,0.7381740563573674
1.2140000000000009,0.7418053200000029
1.2150000000000007,0.7450123400000019
1.2160000000000006,0.7477642900000016
1.2170000000000007,0.7500570400000013
1.2180000000000009,0.7520046052434773
1.2190000000000007,0.753680710000001
1.2200000000000006,0.7552297700000011
1.2210000000000008,0.7569382800000015
1.2220000000000009,0.7586321800000017
1.2230000000000008,0.7604944700000019
1.2240000000000006,0.7625570900000015
1.2250000000000008,0.7647150800000015
1.2260000000000009,0.766995550000002
1.2270000000000008,0.7692059900000013
1.2280000000000006,0.7711851000000013
1.2290000000000008,0.7731173000000013
1.2300000000000009,0.7749095600000016
1.2310000000000008,0.7766147300589954
1.2320000000000007,0.7784153200000012
1.2330000000000008,0.7802587700000017
1.2340000000000009,0.7821715500000017
1.2350000000000008,0.7840701900000012
1.2360000000000007,0.7859264636356378
1.2370000000000008,0.7877628200000011
1.2380000000000009,0.7894687700000015
1.2390000000000008,0.791044650000001
1.2400000000000007,0.7925028800000009
1.2410000000000008,0.793790271260875
1.2420000000000009,0.795044780000001
1.2430000000000008,0.796205040000001
1.2440000000000007,0.7973051700000007
1.2450000000000008,0.7983626700000007
1.2460000000000009,0.7993631599510057
1.2470000000000008,0.8002889800000006
1.2480000000000007,0.8011639700000005
1.2490000000000008,0.8019783500000004
1.2500000000000009,0.8027218600000007
1.2510000000000008,0.8034590500000005
1.2520000000000007,0.8040840000000005
1.2530000000000008,0.8046784400000005
1.254000000000001,0.8053441584191586
1.2550000000000008,0.8059283500000005
1.2560000000000007,0.8065162300000004
1.2570000000000008,0.8071159700000002
1.258000000000001,0.8075013800000003
1.2590000000000008,0.807721026830317
1.2600000000000007,0.80778933
1.2610000000000008,0.8077495699999999
1.262000000000001,0.8075777299999997
1.2630000000000008,0.8072221299999995
1.2640000000000007,0.8067553466783319
1.2650000000000008,0.8060873199999993
1.266000000000001,0.805169169999999
1.2670000000000008,0.8040690399999991
1.2680000000000007,0.802818359999999
1.2690000000000008,0.8013820936266361
1.270000000000001,0.7997738699999984
1.2710000000000008,0.7979924699999982
1.2720000000000007,0.7959550599999986
1.2730000000000008,0.7937354999999978
1.274000000000001,0.7913227099999978
1.2750000000000008,0.7887743099999976
1.2760000000000007,0.7861287599999983
1.2770000000000008,0.7835777399999985
1.278000000000001,0.7812360499999981
1.2790000000000008,0.7790612599999989
1.2800000000000007,0.7773272999999992
1.2810000000000008,0.775992569999999
1.282000000000001,0.7749017492090785
1.2830000000000008,0.7742938399999996
1.2840000000000007,0.7736786599999997
1.2850000000000008,0.7733484499999996
1.286000000000001,0.7729872499999996
1.2870000000000008,0.7725418125637431
1.2880000000000007,0.7718674499999992
1.2890000000000008,0.7707657199999989
1.290000000000001,0.7690584099999979
1.2910000000000008,0.7666788099999974
1.2920000000000007,0.7636599018908091
1.2930000000000008,0.759807229999997
1.294000000000001,0.755242939999995
1.2950000000000008,0.7496768799999943
1.2960000000000007,0.743243039999995
1.2970000000000008,0.7358073835656372
1.298000000000001,0.7276468899999923
1.2990000000000008,0.718879459999994
1.3000000000000007,0.7098267699999944
1.3010000000000008,0.7013267899999919
1.302000000000001,0.6921764599999919
1.3030000000000008,0.6848841899999956
1.3040000000000007,0.6781480899999967
1.3050000000000008,0.6731652408189158
1.306000000000001,0.6699734299999978
1.3070000000000008,0.6674517399999991
1.3080000000000007,0.6664696299999997
1.3090000000000008,0.6659253799999998
1.310000000000001,0.6656279211178878
1.3110000000000008,0.6652390999999991
1.3120000000000007,0.6642335699999988
1.3130000000000008,0.6628568799999986
1.314000000000001,0.6608796699999978
1.3150000000000008,0.6583455334136565
1.3160000000000007,0.655375479999997
1.3170000000000008,0.6519854099999965
1.318000000000001,0.6481575399999963
1.3190000000000008,0.6438890699999955
1.3200000000000007,0.6389389850084951
1.3210000000000008,0.6334448499999945
1.322000000000001,0.6272680199999923
1.3230000000000008,0.6202626799999952
1.3240000000000007,0.6130273899999946
1.3250000000000008,0.6050120599999932
1.326000000000001,0.597336169999991
1.3270000000000008,0.5891327299999934
1.3280000000000007,0.5816994297850162
1.3290000000000008,0.574497279999994
1.330000000000001,0.5677766199999944
1.3310000000000008,0.5615215299999948
1.3320000000000007,0.555637659999995
1.3330000000000009,0.5500504840945853
1.334000000000001,0.5445914299999952
1.3350000000000009,0.5391763999999953
1.3360000000000007,0.5339278599999953
1.3370000000000009,0.5285998599999955
1.338000000000001,0.5235169882871659
1.3390000000000009,0.5188428799999963
1.3400000000000007,0.5147188899999979
1.3410000000000009,0.511542379999998
1.342000000000001,0.5093019599999993
1.3430000000000009,0.5085587043255668
1.3440000000000007,0.5088936100000011
1.3450000000000009,0.510571000000002
1.346000000000001,0.5128305000000013
1.3470000000000009,0.513961610000002
1.3480000000000008,0.5162264699999992
1.3490000000000009,0.515123719999998
1.350000000000001,0.5129208599999958
1.3510000000000009,0.5081165999999927
1.3520000000000008,0.49989494999999323
1.3530000000000009,0.49229049999999275
1.354000000000001,0.48142960999999346
1.3550000000000009,0.47402828999999386
1.3560000000000008,0.4671039836606305
1.3570000000000009,0.4623405899999986
1.358000000000001,0.46075276000000015
1.3590000000000009,0.4609440900000019
1.3600000000000008,0.4631059800000017
1.3610000000000009,0.4656539409989019
1.362000000000001,0.4675639300000009
1.3630000000000009,0.46836909999999904
1.3640000000000008,0.4669666899999979
1.3650000000000009,0.4637906299999954
1.366000000000001,0.45859468959403515
1.3670000000000009,0.4522525999999933
1.3680000000000008,0.44471325999999467
1.3690000000000009,0.4367206099999926
1.370000000000001,0.4284073999999928
1.3710000000000009,0.42020123061693154
1.3720000000000008,0.4135864099999938
1.3730000000000009,0.4065567299999977
1.374000000000001,0.403152439999998
1.3750000000000009,0.40088633000000135
1.3760000000000008,0.4023694700000042
1.377000000000001,0.4070985600000071
1.378000000000001,0.41351780000000954
1.379000000000001,0.4242692437746311
1.3800000000000008,0.4333069900000106
1.381000000000001,0.4452248800000071
1.382000000000001,0.45322052000000834
1.383000000000001,0.4607151200000035
1.3840000000000008,0.4646833847765232
1.385000000000001,0.46593114999999896
1.386000000000001,0.4647385799999959
1.387000000000001,0.4610479499999945
1.3880000000000008,0.45607661999999594
1.389000000000001,0.44998223943805116
1.390000000000001,0.44330533999999244
1.391000000000001,0.43651741999999394
1.3920000000000008,0.4296983199999941
1.393000000000001,0.4229901399999944
1.394000000000001,0.4166930697070227
1.395000000000001,0.4111298899999959
1.3960000000000008,0.40650432999999747
1.397000000000001,0.40362858999999857
1.398000000000001,0.4023137100000007
1.399000000000001,0.40313914000000206
1.4000000000000008,0.4054474800000028
1.4010000000000007,0.40856633000000353
1.402000000000001,0.4139207300000046
1.403000000000001,0.4180692100000046
1.4040000000000008,0.42317978000000234
1.4050000000000007,0.42664966000000176
1.406000000000001,0.4293479000000024
1.407000000000001,0.43151823323267763
1.4080000000000008,0.4324505600000009
1.4090000000000007,0.4338427500000008
1.410000000000001,0.4349782800000013
1.411000000000001,0.43618324000000164
1.4120000000000008,0.43798227150984953
1.4130000000000007,0.4386973700000003
1.414000000000001,0.43918999999999964
1.415000000000001,0.43878569999999845
1.4160000000000008,0.43702274999999785
1.4170000000000007,0.4345738048945091
1.418000000000001,0.43127610999999716
1.419000000000001,0.4281147099999979
1.4200000000000008,0.42573591999999877
1.4210000000000007,0.4243796500000004
1.422000000000001,0.424962191745826
1.423000000000001,0.4268919500000032
1.4240000000000008,0.43046382000000283
1.4250000000000007,0.43467751000000293
1.426000000000001,0.43910688000000453
1.427000000000001,0.4432181100000031
1.4280000000000008,0.4460009600000012
1.4290000000000007,0.44784993000000023
1.430000000000001,0.44814171689131027
1.431000000000001,0.4475106299999993
1.4320000000000008,0.446678309999998
1.4330000000000007,0.44445439999999936
1.434000000000001,0.443531779999999
1.435000000000001,0.4423849700719929
1.4360000000000008,0.44248569000000104
1.4370000000000007,0.44364843000000104
1.438000000000001,0.44484732000000227
1.439000000000001,0.447436300000001
1.4400000000000008,0.44858465516448454
1.4410000000000007,0.45025237999999956
1.442000000000001,0.4497696499999983
1.443000000000001,0.4482026399999972
1.4440000000000008,0.4450886799999953
1.4450000000000007,0.4397826706009355
1.446000000000001,0.4344010699999918
1.447000000000001,0.4270002199999931
1.4480000000000008,0.42080601999999573
1.4490000000000007,0.4143526899999962
1.450000000000001,0.4086300699999951
1.451000000000001,0.4042147099999965
1.4520000000000008,0.4010814699999987
1.4530000000000007,0.3996183784021597
1.454000000000001,0.39950240000000176
1.455000000000001,0.40104187000000263
1.4560000000000008,0.4039736100000039
1.4570000000000007,0.4084143300000049
1.458000000000001,0.4139151360604017
1.459000000000001,0.4205757400000064
1.4600000000000009,0.4278407400000067
1.4610000000000007,0.43541393000000667
1.462000000000001,0.4429380000000074
1.463000000000001,0.44958721507849914
1.4640000000000009,0.4553662500000037
1.4650000000000007,0.459555270000002
1.466000000000001,0.46256340000000185
1.467000000000001,0.4642027300000007
1.4680000000000009,0.4648215181211884
1.4690000000000007,0.46496086999999936
1.470000000000001,0.4639473299999991
1.471000000000001,0.4631267499999984
1.4720000000000009,0.46171563999999893
1.4730000000000008,0.460556209999999
1.474000000000001,0.459038849999999
1.475000000000001,0.45812087999999895
1.4760000000000009,0.45694634000000006
1.4770000000000008,0.4570151000000005
1.478000000000001,0.45758101000000145
1.479000000000001,0.45921731000000277
1.4800000000000009,0.4623430100000026
1.4810000000000008,0.46529515253075027
1.482000000000001,0.46992046000000304
1.483000000000001,0.4726639100000027
1.4840000000000009,0.4756529900000006
1.4850000000000008,0.4763714999999992
1.486000000000001,0.4752370182851691
1.487000000000001,0.47321986999999566
1.4880000000000009,0.46929805999999713
1.4890000000000008,0.4649553599999971
1.490000000000001,0.4606070799999962
1.491000000000001,0.4572093297750189
1.4920000000000009,0.45568374000000045
1.4930000000000008,0.45620006000000224
1.494000000000001,0.4595405500000059
1.495000000000001,0.4648497100000069
1.4960000000000009,0.47257426754425197
1.4970000000000008,0.4820022000000096
1.498000000000001,0.49281281000001037
1.499000000000001,0.5045009300000107
1.5000000000000009,0.5166850100000108
1.5010000000000008,0.5288724300000103
1.5020000000000011,0.5404653500000145
1.503000000000001,0.5513427300000084
1.504000000000001,0.5609031558254255
1.5050000000000008,0.5694614100000064
1.5060000000000011,0.5766513300000069
1.507000000000001,0.5829006400000061
1.508000000000001,0.5884194400000045
1.5090000000000008,0.5933719278502184
1.5100000000000011,0.5981504300000051
1.511000000000001,0.602726220000005
1.512000000000001,0.6072287000000046
1.5130000000000008,0.6114601500000024
1.5140000000000011,0.6152097450404999
1.515000000000001,0.6184490300000027
1.516000000000001,0.6209240000000016
1.5170000000000008,0.622715650000001
1.5180000000000011,0.6238649500000002
1.519000000000001,0.6240622802669736
1.520000000000001,0.6242861199999995
1.5210000000000008,0.62369734
1.5220000000000011,0.6236993699999998
1.523000000000001,0.6235347400000003
1.524000000000001,0.6239515500000008
1.5250000000000008,0.6247867300000008
1.5260000000000011,0.6257863000000018
1.527000000000001,0.6273804900000013
1.528000000000001,0.6285387900000012
1.5290000000000008,0.6299505800000006
1.5300000000000011,0.6307067300000005
1.531000000000001,0.6311869000000001
1.532000000000001,0.6311799860083985
1.5330000000000008,0.6305400699999996
1.5340000000000011,0.6298451999999984
1.535000000000001,0.6285273999999991
1.536000000000001,0.627586779999999
1.5370000000000008,0.6264221110918904
1.5380000000000011,0.6258330299999997
1.539000000000001,0.6255053300000001
1.540000000000001,0.6255757200000005
1.5410000000000008,0.6261906600000009
1.5420000000000011,0.6271349455714438
1.543000000000001,0.6284631500000013
1.544000000000001,0.6299747800000013
1.5450000000000008,0.6315330900000014
1.5460000000000012,0.6330288600000015
1.547000000000001,0.6343038025057507
1.548000000000001,0.6352679700000006
1.5490000000000008,0.6358954300000004
1.5500000000000012,0.6363439000000004
1.551000000000001,0.6366030600000001
1.552000000000001,0.63668561
1.5530000000000008,0.6366451999999998
1.5540000000000012,0.6363984299999993
1.555000000000001,0.6358462948215171
1.556000000000001,0.634994509999999
1.5570000000000008,0.6338170199999986
1.5580000000000012,0.6322591299999979
1.559000000000001,0.630330379999998
1.560000000000001,0.6280856466393336
1.5610000000000008,0.6254520399999973
1.5620000000000012,0.6223980199999954
1.563000000000001,0.6189818399999967
1.564000000000001,0.6152441499999963
1.5650000000000008,0.6111450699080058
1.5660000000000012,0.6068248199999939
1.567000000000001,0.6022120699999947
1.568000000000001,0.5973707399999955
1.5690000000000008,0.5923079799999953
1.5700000000000012,0.5870190788901043
1.571000000000001,0.5816520499999942
1.572000000000001,0.5764133899999946
1.5730000000000008,0.571467579999997
1.5740000000000012,0.5670142199999959
1.575000000000001,0.5633414399999966
1.576000000000001,0.5603093499999975
1.5770000000000008,0.5580220199999985
1.5780000000000012,0.5563157753614625
1.579000000000001,0.5550693899999988
1.580000000000001,0.5539849999999993
1.5810000000000008,0.5530873499999992
1.5820000000000012,0.5522224899999987
1.583000000000001,0.5512232899390048
1.584000000000001,0.5501226799999988
1.5850000000000009,0.5487404499999985
1.5860000000000012,0.546956539999997
1.587000000000001,0.5446843499999967
1.588000000000001,0.541684569977999
1.5890000000000009,0.5375106899999952
1.5900000000000012,0.5321826299999923
1.591000000000001,0.5252855999999911
1.592000000000001,0.51729273999999
1.5930000000000009,0.5083280264713453
1.5940000000000012,0.498595419999989
1.595000000000001,0.488676999999989
1.596000000000001,0.47875001999998923
1.5970000000000009,0.4690328499999916
1.5980000000000012,0.45962136999999
1.599000000000001,0.4505965999999902
1.600000000000001,0.4417845899999923
1.6010000000000009,0.4331474599999924
1.6020000000000012,0.424612639999989
1.603000000000001,0.416383089999993
1.604000000000001,0.4085125299999935
1.6050000000000009,0.40120887999999405
1.6060000000000012,0.3945479915518378
1.607000000000001,0.38856350999999395
1.608000000000001,0.38311197999999536
1.6090000000000009,0.3778921099999953
1.6100000000000012,0.3725793999999936
1.611000000000001,0.36683653734425853
1.612000000000001,0.3608099799999928
1.6130000000000009,0.35437041999999586
1.6140000000000012,0.3480947599999938
1.615000000000001,0.3424713299999947
1.616000000000001,0.33766759037395755
1.6170000000000009,0.3344317699999984
1.6180000000000012,0.3326329899999999
1.619000000000001,0.3325377700000011
1.620000000000001,0.33352545000000156
1.6210000000000009,0.3352874537996215
1.6220000000000012,0.3371919700000016
1.623000000000001,0.3383828100000002
1.624000000000001,0.33862301999999866
1.6250000000000009,0.33713444999999703
1.6260000000000012,0.3337924799999925
1.6270000000000011,0.32815986999999
1.628000000000001,0.3206093599999913
1.629000000000001,0.31081072215177385
1.6300000000000012,0.2992322399999825
1.6310000000000011,0.2861143599999844
1.632000000000001,0.27207838999998407
1.633000000000001,0.25774117999998736
1.6340000000000012,0.24351555077690712
1.6350000000000011,0.2305233199999871
1.636000000000001,0.21888793999998937
1.637000000000001,0.2093023999999918
1.6380000000000012,0.20192010999999446
1.6390000000000011,0.19693017899309545
1.640000000000001,0.19381992999999845
1.641000000000001,0.19241985999999972
1.6420000000000012,0.19209884000000002
1.6430000000000011,0.19212834999999986
1.644000000000001,0.1919947533596639
1.645000000000001,0.1910250499999983
1.6460000000000012,0.18912472999999586
1.6470000000000011,0.1860257499999948
1.648000000000001,0.18212609999999585
1.649000000000001,0.1774627999999955
1.6500000000000012,0.17239117999999334
1.6510000000000011,0.16739907999999476
1.652000000000001,0.1626844899999953
1.653000000000001,0.15845977999999664
1.6540000000000012,0.15468705999999602
1.6550000000000011,0.151110869999996
1.656000000000001,0.14750626999999591
1.657000000000001,0.14383880775522095
1.6580000000000013,0.14011635999999608
1.6590000000000011,0.13657964999999656
1.660000000000001,0.13347002999999735
1.661000000000001,0.13109991999999876
1.6620000000000013,0.12969246175782387
1.6630000000000011,0.1294100400000006
1.664000000000001,0.1299362000000008
1.665000000000001,0.13084765000000054
1.6660000000000013,0.13144950999999952
1.6670000000000011,0.13108775617538207
1.668000000000001,0.12940074999999698
1.669000000000001,0.12600329999999565
1.6700000000000013,0.1210920399999917
1.6710000000000012,0.11486107999999234
1.672000000000001,0.10796701940605215
1.673000000000001,0.10083519999999388
1.6740000000000013,0.09394954899999311
1.6750000000000012,0.08774935499999381
1.676000000000001,0.08217925599999451
1.677000000000001,0.07724141299999512
1.6780000000000013,0.07286002499999547
1.6790000000000012,0.06877956499999563
1.680000000000001,0.0648462411268838
1.681000000000001,0.06112750999999694
1.6820000000000013,0.057685642999996144
1.6830000000000012,0.05478815699999778
1.684000000000001,0.05279020999999924
1.685000000000001,0.051939274278072635
1.6860000000000013,0.05241205500000263
1.6870000000000012,0.054384906000004236
1.688000000000001,0.05756598300000387
1.689000000000001,0.06192565700000473
1.6900000000000013,0.06724408715699108
1.6910000000000012,0.07298670700000762
1.692000000000001,0.07870429000000609
1.693000000000001,0.08419238800000424
1.6940000000000013,0.08895202700000493
1.6950000000000012,0.09266121808089664
1.696000000000001,0.09531904800000122
1.697000000000001,0.09642358899999945
1.6980000000000013,0.09591943799999772
1.6990000000000012,0.09386368099999634
1.700000000000001,0.0905575009999953
1.701000000000001,0.08632255299999501
1.7020000000000013,0.08182596399999456
1.7030000000000012,0.07773890571212516
1.704000000000001,0.07463602699999843
1.705000000000001,0.07320541100000057
1.7060000000000013,0.07383880000000369
1.7070000000000012,0.07659827900000618
1.708000000000001,0.0812362570970976
1.709000000000001,0.0874872280000063
1.7100000000000013,0.09456674000000982
1.7110000000000012,0.10194483000000933
1.712000000000001,0.10893998000000678
1.713000000000001,0.11503982001600481
1.7140000000000013,0.12014354000000506
1.7150000000000012,0.12395011000000297
1.716000000000001,0.12662573000000188
1.717000000000001,0.12833311000000103
1.7180000000000013,0.12925409790121103
1.7190000000000012,0.1296437200000003
1.720000000000001,0.12992929000000053
1.721000000000001,0.13039474000000092
1.7220000000000013,0.13121760000000215
1.7230000000000012,0.13282055000000273
1.724000000000001,0.13527784000000384
1.725000000000001,0.13873090000000418
1.7260000000000013,0.1434358800000061
1.7270000000000012,0.14801998000000754
1.728000000000001,0.15368299000000413
1.729000000000001,0.15832581000000412
1.7300000000000013,0.16294689000000473
1.7310000000000012,0.166488283520651
1.732000000000001,0.1691234900000024
1.733000000000001,0.17129262000000098
1.7340000000000013,0.1723939200000018
1.7350000000000012,0.17375475000000073
1.736000000000001,0.17439476960604128
1.737000000000001,0.17599083000000185
1.7380000000000013,0.17766482000000297
1.7390000000000012,0.18034680000000367
1.740000000000001,0.18367232000000475
1.741000000000001,0.1879358236496395
1.7420000000000013,0.19307932000000774
1.7430000000000012,0.19889076000000774
1.744000000000001,0.20585608000000769
1.745000000000001,0.21277995000000702
1.7460000000000013,0.22069635835917417
1.7470000000000012,0.22795223000000875
1.748000000000001,0.23451407000000463
1.749000000000001,0.23973605000000314
1.7500000000000013,0.2432789700000021
1.7510000000000012,0.24483198999999953
1.7520000000000011,0.244474949999997
1.753000000000001,0.24221883999999683
1.7540000000000013,0.23865558752024224
1.7550000000000012,0.2345307899999945
1.7560000000000011,0.2303975699999963
1.757000000000001,0.22707072999999756
1.7580000000000013,0.22487478999999916
1.7590000000000012,0.22424535561943906
1.7600000000000011,0.22510155000000262
1.761000000000001,0.227457340000004
1.7620000000000013,0.2310677300000068
1.7630000000000012,0.23544329000000538
1.7640000000000011,0.24030027430157497
1.765000000000001,0.24522980000000502
1.7660000000000013,0.24978362000000534
1.7670000000000012,0.25379056000000383
1.7680000000000011,0.2566708900000018
1.769000000000001,0.2583081862703747
1.7700000000000014,0.25801085999999696
1.7710000000000012,0.2557248199999954
1.7720000000000011,0.2522563899999919
1.773000000000001,0.24615840999999516
1.7740000000000014,0.24072429999999026
1.7750000000000012,0.23340983999999337
1.7760000000000011,0.22842671999999475
1.777000000000001,0.22370497999999753
1.7780000000000014,0.22147996999999994
1.7790000000000012,0.22144452000000114
1.7800000000000011,0.2224571600000042
1.781000000000001,0.22624795000000292
1.7820000000000014,0.22887090163084237
1.7830000000000013,0.23278721000000208
1.7840000000000011,0.23467153000000116
1.785000000000001,0.23572540000000006
1.7860000000000014,0.23577725999999788
1.7870000000000013,0.2341873783621626
1.7880000000000011,0.23317099999999777
1.789000000000001,0.2311428599999996
1.7900000000000014,0.23067652999999988
1.7910000000000013,0.23059241000000136
1.7920000000000011,0.23161360788021304
1.793000000000001,0.23381208000000225
1.7940000000000014,0.23633082000000363
1.7950000000000013,0.2390686700000032
1.7960000000000012,0.24147038000000254
1.797000000000001,0.2437490321347889
1.7980000000000014,0.24540864000000132
1.7990000000000013,0.24639781000000052
1.8000000000000012,0.24687818000000022
1.801000000000001,0.24709009999999962
1.8020000000000014,0.2467663399999993
1.8030000000000013,0.246317179999999
1.8040000000000012,0.24542481999999913
1.805000000000001,0.24464665288970963
1.8060000000000014,0.24317554999999955
1.8070000000000013,0.2428467899999992
1.8080000000000012,0.24223806000000167
1.809000000000001,0.24374132000000243
1.8100000000000014,0.24647214089391675
1.8110000000000013,0.2508810800000088
1.8120000000000012,0.2575070300000094
1.813000000000001,0.2645390000000081
1.8140000000000014,0.2736927600000105
1.8150000000000013,0.2815969995760525
1.8160000000000012,0.29043034000000895
1.817000000000001,0.29712689000000647
1.8180000000000014,0.3029783400000056
1.8190000000000013,0.30717802000000344
1.8200000000000012,0.309753992402763
1.821000000000001,0.3114177600000001
1.8220000000000014,0.3115000999999997
1.8230000000000013,0.31133380999999843
1.8240000000000012,0.309954909999999
1.825000000000001,0.30904623999999853
1.8260000000000014,0.30768489999999854
1.8270000000000013,0.3067214799999988
1.8280000000000012,0.30583817250574835
1.829000000000001,0.3049632299999992
1.8300000000000014,0.3042406699999981
1.8310000000000013,0.30281102999999915
1.8320000000000012,0.3021687599999986
1.833000000000001,0.30111114946905193
1.8340000000000014,0.3001058399999984
1.8350000000000013,0.29889654999999876
1.8360000000000012,0.2979603699999996
1.837000000000001,0.2976852099999997
1.8380000000000014,0.2974427542455751
1.8390000000000013,0.29724720000000004
1.8400000000000012,0.29725751000000056
1.841000000000001,0.2977399200000003
1.8420000000000014,0.29806370000000165
1.8430000000000013,0.29910050631936935
1.8440000000000012,0.30118999000000285
1.845000000000001,0.30371502000000306
1.8460000000000014,0.3064445300000048
1.8470000000000013,0.30955046000000414
1.8480000000000012,0.31263566000000315
1.849000000000001,0.31549680000000335
1.8500000000000014,0.3185311300000037
1.8510000000000013,0.3213233900000025
1.8520000000000012,0.3231935200000024
1.853000000000001,0.32500362000000066
1.8540000000000014,0.3257295499999993
1.8550000000000013,0.3252224299999982
1.8560000000000012,0.3238285108649106
1.857000000000001,0.321337159999996
1.8580000000000014,0.3177606199999937
1.8590000000000013,0.31304889999999164
1.8600000000000012,0.30675023999999207
1.861000000000001,0.29959493028895984
1.8620000000000014,0.28999781999998614
1.8630000000000013,0.28107133999998857
1.8640000000000012,0.27078526999999025
1.865000000000001,0.26198192999999187
1.8660000000000014,0.2546914990430848
1.8670000000000013,0.24855865999999469
1.8680000000000012,0.24458863999999825
1.869000000000001,0.24301571000000072
1.8700000000000014,0.2436630900000035
1.8710000000000013,0.24629779652935044
1.8720000000000012,0.2496779300000074
1.873000000000001,0.2552462500000048
1.8740000000000014,0.2606292400000082
1.8750000000000013,0.2667920300000075
1.8760000000000012,0.2724212100000068
1.8770000000000011,0.27751049000000627
1.8780000000000014,0.2822364000000047
1.8790000000000013,0.28579559800620313
1.8800000000000012,0.28847566000000213
1.8810000000000011,0.29004136000000047
1.8820000000000014,0.290426519999999
1.8830000000000013,0.28977637999999717
1.8840000000000012,0.28764239650834605
1.8850000000000011,0.28500747999999565
1.8860000000000015,0.2810986899999935
1.8870000000000013,0.2769290499999929
1.8880000000000012,0.27236419999999467
1.8890000000000011,0.26755852056793816
1.8900000000000015,0.26284729999999357
1.8910000000000013,0.25870146999999577
1.8920000000000012,0.2555237399999971
1.8930000000000011,0.25334250999999863
1.8940000000000015,0.2521015740935888
1.8950000000000014,0.25223863000000074
1.8960000000000012,0.2527636900000024
1.8970000000000011,0.2545432700000023
1.8980000000000015,0.25630677000000257
1.8990000000000014,0.25822759000000256
1.9000000000000012,0.26016158000000206
1.9010000000000011,0.26170808000000145
1.9020000000000015,0.2630046300000015
1.9030000000000014,0.2639723100000012
1.9040000000000012,0.2648777400000011
1.9050000000000011,0.2658720600000009
1.9060000000000015,0.2666684700000016
1.9070000000000014,0.2676887182871725
1.9080000000000013,0.26857159000000147
1.9090000000000011,0.2698609200000021
1.9100000000000015,0.27176604000000326
1.9110000000000014,0.27387244000000294
1.9120000000000013,0.2760968263033725
1.9130000000000011,0.2785598600000024
1.9140000000000015,0.2807049500000022
1.9150000000000014,0.2823296200000006
1.9160000000000013,0.28277974999999994
1.9170000000000011,0.2827190260723927
1.9180000000000015,0.28142764999999537
1.9190000000000014,0.27795177999999504
1.9200000000000013,0.27423586999999283
1.9210000000000012,0.26885872999999444
1.9220000000000015,0.26383796207678484
1.9230000000000014,0.2589228999999937
1.9240000000000013,0.25420456999999597
1.9250000000000012,0.25055080999999707
1.9260000000000015,0.24792500999999814
1.9270000000000014,0.2467319200000002
1.9280000000000013,0.24685135000000083
1.9290000000000012,0.24761124000000212
1.9300000000000015,0.24951632406759663
1.9310000000000014,0.2519570000000041
1.9320000000000013,0.2549967500000046
1.9330000000000012,0.2584564700000044
1.9340000000000015,0.262428160000006
1.9350000000000014,0.2669308813248742
1.9360000000000013,0.27174413000000675
1.9370000000000012,0.2768332400000066
1.9380000000000015,0.28180179000000644
1.9390000000000014,0.2866297400000051
1.9400000000000013,0.2904411288611188
1.9410000000000012,0.29367879000000296
1.9420000000000015,0.2958819000000015
1.9430000000000014,0.2967938800000003
1.9440000000000013,0.2969940599999982
1.9450000000000012,0.29563687571842645
1.9460000000000015,0.29407003999999654
1.9470000000000014,0.29185908999999627
1.9480000000000013,0.2894730299999977
1.9490000000000012,0.287382419999998
1.9500000000000015,0.2855218399999976
1.9510000000000014,0.28393554999999826
1.9520000000000013,0.2828287199999984
1.9530000000000012,0.2816620676652323
1.9540000000000015,0.28063871999999834
1.9550000000000014,0.2795545199999984
1.9560000000000013,0.2783724399999984
1.9570000000000012,0.2771620999999977
1.9580000000000015,0.27545873418357947
1.9590000000000014,0.27410056999999827
1.9600000000000013,0.27281584999999875
1.9610000000000012,0.2718544599999994
1.9620000000000015,0.27139672999999986
1.9630000000000014,0.27133152652034787
1.9640000000000013,0.2715479400000007
1.9650000000000012,0.27210930000000083
1.9660000000000015,0.2728764400000019
1.9670000000000014,0.27410391000000184
1.9680000000000013,0.2752825021407874
1.9690000000000012,0.2767939000000014
1.9700000000000015,0.27805877000000173
1.9710000000000014,0.27918243000000137
1.9720000000000013,0.28008980000000083
1.9730000000000012,0.2807549200000004
1.9740000000000015,0.2810866199999999
1.9750000000000014,0.2810137299999996
1.9760000000000013,0.2806661999999993
1.9770000000000012,0.2801339899999984
1.9780000000000015,0.27893378999999874
1.9790000000000014,0.27797618999999835
1.9800000000000013,0.276739239999999
1.9810000000000012,0.2759943149425056
1.9820000000000015,0.2758437400000001
1.9830000000000014,0.2759248000000011
1.9840000000000013,0.27671957000000125
1.9850000000000012,0.27763185000000123
1.9860000000000015,0.2787303544295589
1.9870000000000014,0.27987465000000195
1.9880000000000013,0.28113645000000154
1.9890000000000012,0.28253219000000124
1.9900000000000015,0.2836217000000019
1.9910000000000014,0.2848515170183
1.9920000000000013,0.2855087500000001
1.9930000000000012,0.2856064699999998
1.9940000000000015,0.28541889999999814
1.9950000000000014,0.2842161399999986
1.9960000000000013,0.2831899326207366
1.9970000000000012,0.28217231999999864
1.9980000000000016,0.28117817999999856
1.9990000000000014,0.280091049999999
2.0000000000000013,0.27934774999999956
2.0010000000000012,0.27899672199660047
2.0020000000000016,0.27881668800339904
2.0030000000000014,0.27874014000000064
2.0040000000000013,0.2791999997300545
2.0050000000000012,0.27959730026994645
2.0060000000000016,0.2796644600000004
2.0070000000000014,0.27988988000000115
2.0080000000000013,0.2805417021405724
2.0090000000000012,0.2809631078594286
2.0100000000000016,0.2813342500000005
2.0110000000000015,0.2816272509568083
2.0120000000000013,0.28143681904319107
2.0130000000000012,0.28132420999999996
2.0140000000000016,0.2812672226514696
2.0150000000000015,0.28119373734853015
2.0160000000000013,0.28130060000000023
2.0170000000000012,0.28148653999999973
2.0180000000000016,0.281275349774045
2.0190000000000015,0.28117309022595466
2.0200000000000014,0.28045489999999834
2.0210000000000012,0.2791556420085962
2.0220000000000016,0.2773757279913991
2.0230000000000015,0.27494394999999616
2.0240000000000014,0.27208693767646036
2.0250000000000012,0.2683637023235314
2.0260000000000016,0.26461970999999146
2.0270000000000015,0.25981682999999245
2.0280000000000014,0.2555741442685668
2.0290000000000012,0.2517824799999954
2.0300000000000016,0.2483659099999956
2.0310000000000015,0.2458930635972782
2.0320000000000014,0.24442903640271726
2.0330000000000013,0.24391292000000103
2.0340000000000016,0.24469190217256728
2.0350000000000015,0.24581362782743618
2.0360000000000014,0.24818705000000296
2.0370000000000013,0.25041630527794717
2.0380000000000016,0.2527690847220591
2.0390000000000015,0.25492886000000253
2.0400000000000014,0.2568343600000022
2.0410000000000013,0.2585082881203775
2.0420000000000016,0.2598894918796261
2.0430000000000015,0.26105165000000097
2.0440000000000014,0.26175085222355604
2.0450000000000013,0.26237308777644536
2.0460000000000016,0.2629329000000005
2.0470000000000015,0.2632208207378529
2.0480000000000014,0.263528199262148
2.0490000000000013,0.2638753700000004
2.0500000000000016,0.26417503000000025
2.0510000000000015,0.2643468228207182
2.0520000000000014,0.2646091300000005
2.0530000000000013,0.26498398000000045
2.0540000000000016,0.2653166473435319
2.0550000000000015,0.26569008265646926
2.0560000000000014,0.2660451200000004
2.0570000000000013,0.2663408477524498
2.0580000000000016,0.2666183722475509
2.0590000000000015,0.26692435000000037
2.0600000000000014,0.2672142035832836
2.0610000000000013,0.267450036416717
2.0620000000000016,0.2676995100000002
2.0630000000000015,0.26782504000000007
2.0640000000000014,0.2678539762417516
2.0650000000000013,0.2678163937582483
2.0660000000000016,0.26769631999999954
2.0670000000000015,0.26743519139572036
2.0680000000000014,0.26714914860427874
2.0690000000000013,0.266704589999999
2.0700000000000016,0.26594771031593556
2.0710000000000015,0.26515086968406204
2.0720000000000014,0.2643099699999988
2.0730000000000013,0.2634128299999982
2.0740000000000016,0.26209025493850446
2.0750000000000015,0.26103963999999874
2.0760000000000014,0.260088319999999
2.0770000000000013,0.2593377277374519
2.0780000000000016,0.2588151022625467
2.0790000000000015,0.2587093100000004
2.0800000000000014,0.258998504977006
2.0810000000000013,0.2598482750229967
2.0820000000000016,0.2604915800000023
2.0830000000000015,0.26176516209558204
2.0840000000000014,0.2624861179044202
2.0850000000000013,0.2625225799999996
2.0860000000000016,0.26222368999999857
2.0870000000000015,0.26141798719155984
2.0880000000000014,0.26028990280843667
2.0890000000000013,0.2585318099999975
2.0900000000000016,0.2566689096920581
2.0910000000000015,0.2544658303079351
2.0920000000000014,0.2522754399999966
2.0930000000000013,0.24971219645270684
2.0940000000000016,0.2474767235472872
2.0950000000000015,0.24558549999999776
2.0960000000000014,0.24390795999999823
2.0970000000000013,0.24256820979001983
2.0980000000000016,0.24156610999999928
2.0990000000000015,0.24101958999999992
2.1000000000000014,0.24095069414717063
2.1010000000000013,0.2409921658528295
2.1020000000000016,0.24175553000000102
2.1030000000000015,0.2423268531563699
2.1040000000000014,0.24305841684363236
2.1050000000000013,0.24327304999999988
2.1060000000000016,0.24318701552589395
2.1070000000000015,0.24264227447410436
2.1080000000000014,0.24146048999999764
2.1090000000000013,0.23969548999999699
2.1100000000000017,0.23741955280443464
2.1110000000000015,0.23464759719555672
2.1120000000000014,0.2310349499999946
2.1130000000000013,0.22700115898119871
2.1140000000000017,0.2226909710187898
2.1150000000000015,0.21764119999999348
2.1160000000000014,0.21271654544390275
2.1170000000000013,0.20747098455608093
2.1180000000000017,0.20254353999999378
2.1190000000000015,0.19786950999999417
2.1200000000000014,0.19350015081883012
2.1210000000000013,0.1897083391811581
2.1220000000000017,0.18590712999999426
2.1230000000000016,0.18266542501199187
2.1240000000000014,0.1791155449879971
2.1250000000000013,0.1757097099999947
2.1260000000000017,0.17173234196759846
2.1270000000000016,0.16675201803238607
2.1280000000000014,0.16172341999999226
2.1290000000000013,0.15590133886721977
2.1300000000000017,0.15009001113276474
2.1310000000000016,0.14436032999999007
2.1320000000000014,0.1387621499999907
2.1330000000000013,0.13352776621875012
2.1340000000000017,0.12828995378123592
2.1350000000000016,0.12305674999999096
2.1360000000000015,0.11795995065186174
2.1370000000000013,0.11306646934812305
2.1380000000000017,0.10764765999999193
2.1390000000000016,0.1031004076615612
2.1400000000000015,0.0990770233384263
2.1410000000000013,0.09588645399999766
2.1420000000000017,0.09413126899999721
2.1430000000000016,0.09255753556028784
2.1440000000000015,0.09249313843971196
2.1450000000000014,0.09181605299999882
2.1460000000000017,0.0909319660470884
2.1470000000000016,0.0895824369529074
2.1480000000000015,0.08650492899999629
2.1490000000000014,0.08370986789481678
2.1500000000000017,0.08007881610517352
2.1510000000000016,0.07708345399999611
2.1520000000000015,0.07488544999999709
2.1530000000000014,0.07324848269672789
2.1540000000000017,0.07306219600000032
2.1550000000000016,0.07324365500000037
2.1560000000000015,0.07344891014087422
2.1570000000000014,0.07493031885913039
2.1580000000000017,0.07542557300000069
2.1590000000000016,0.07581547963377186
2.1600000000000015,0.07495181736622546
2.1610000000000014,0.07250745599999586
2.1620000000000017,0.06940814782482697
2.1630000000000016,0.06440639617515748
2.1640000000000015,0.05953909499999287
2.1650000000000014,0.054186667999993186
2.1660000000000017,0.04906968029883213
2.1670000000000016,0.04404266870115225
2.1680000000000015,0.0395722239999946
2.1690000000000014,0.03551359492031184
2.1700000000000017,0.03201279807967883
2.1710000000000016,0.029554988999996226
2.1720000000000015,0.0274306853612255
2.1730000000000014,0.02603429763877016
2.1740000000000017,0.02482567499999779
2.1750000000000016,0.023581115999998428
2.1760000000000015,0.0226944286687318
2.1770000000000014,0.022045138999999433
2.1780000000000017,0.021619928999999687
2.1790000000000016,0.021443936319636626
2.1800000000000015,0.021787132680364443
2.1810000000000014,0.022150816000000392
2.1820000000000017,0.022445734025895676
2.1830000000000016,0.022975992974105974
2.1840000000000015,0.0237429010000011
2.1850000000000014,0.02456836735712975
2.1860000000000017,0.025571938642873375
2.1870000000000016,0.026638452000002363
2.1880000000000015,0.027966902000001445
2.1890000000000014,0.02905235351729788
2.1900000000000017,0.030197526482705683
2.1910000000000016,0.031063266000000898
2.1920000000000015,0.03156601720515923
2.1930000000000014,0.031728068794841274
2.1940000000000017,0.03162439199999924
2.1950000000000016,0.031192732360725988
2.1960000000000015,0.030036339639270417
2.1970000000000014,0.02884450399999752
2.1980000000000017,0.026982403999997212
2.1990000000000016,0.025412979677730416
2.2000000000000015,0.02428975699999864
2.2010000000000014,0.023267954999999323
2.2020000000000017,0.022758903108777703
2.2030000000000016,0.02241999089122125
2.2040000000000015,0.0221355019999998
2.2050000000000014,0.021984953043591087
2.2060000000000017,0.021865388956408483
2.2070000000000016,0.021946901000000057
2.2080000000000015,0.021979026323535024
2.2090000000000014,0.021812261676464457
2.2100000000000017,0.02181539500000034
2.2110000000000016,0.022006549000000285
2.2120000000000015,0.022167629816436822
2.2130000000000014,0.02223579418356339
2.2140000000000017,0.02258918400000054
2.2150000000000016,0.022891899009199145
2.2160000000000015,0.023501990990802753
2.2170000000000014,0.02470188400000177
2.2180000000000017,0.026030074291244595
2.2190000000000016,0.027792986708760885
2.2200000000000015,0.029437155000002553
2.2210000000000014,0.03135507600000221
2.2220000000000018,0.033010034512850256
2.2230000000000016,0.03396516300000136
2.2240000000000015,0.03498394800000138
2.2250000000000014,0.03602017367826571
2.2260000000000018,0.036866956321737296
2.2270000000000016,0.0376399460000014
2.2280000000000015,0.03842706146160875
2.2290000000000014,0.039091677538393314
2.2300000000000018,0.039565273000001705
2.2310000000000016,0.04052498043611366
2.2320000000000015,0.041069341563888036
2.2330000000000014,0.04107844099999955
2.2340000000000018,0.040742247999998454
2.2350000000000017,0.039870994282840695
2.2360000000000015,0.038173822717154034
2.2370000000000014,0.03642808299999696
2.2380000000000018,0.034149349131870385
2.2390000000000017,0.03214066786812337
2.2400000000000015,0.03023946099999784
2.2410000000000014,0.02862068743391105
2.2420000000000018,0.02727502656608417
2.2430000000000017,0.026311790999999495
2.2440000000000015,0.025932875999999598
2.2450000000000014,0.025630595842331756
2.2460000000000018,0.025769019157668736
2.2470000000000017,0.025922007999999917
2.2480000000000016,0.025875535179264362
2.2490000000000014,0.02600732782073605
2.2500000000000018,0.026230846000000675
2.2510000000000017,0.026611482525995794
2.2520000000000016,0.02722674247400612
2.2530000000000014,0.027941378000001127
2.254000000000002,0.028788080968907764
2.2550000000000017,0.029747770031095216
2.2560000000000016,0.03094110800000204
2.2570000000000014,0.03208947900000244
2.258000000000002,0.0334644671922635
2.2590000000000017,0.034676389807740265
2.2600000000000016,0.035606224000001546
2.2610000000000015,0.03647600606378816
2.262000000000002,0.03704664393621387
2.2630000000000017,0.037690967000000034
2.2640000000000016,0.03771091739642164
2.2650000000000015,0.03828488160358014
2.266000000000002,0.03956546300000269
2.2670000000000017,0.04107826900000423
2.2680000000000016,0.04346172176805072
2.2690000000000015,0.04614940223195763
2.270000000000002,0.04915821900000552
2.2710000000000017,0.052262154626679366
2.2720000000000016,0.05517842137332969
2.2730000000000015,0.05867068500000367
2.274000000000002,0.06142432532793735
2.2750000000000017,0.06323760467206829
2.2760000000000016,0.06499901400000271
2.2770000000000015,0.06651944700000174
2.278000000000002,0.06750037390731117
2.2790000000000017,0.06823550200000075
2.2800000000000016,0.06866071399999946
2.2810000000000015,0.06835743725684768
2.282000000000002,0.0677600057431502
2.2830000000000017,0.0670935809999983
2.2840000000000016,0.0661370559923982
2.2850000000000015,0.0640769800075954
2.286000000000002,0.06253556899999776
2.2870000000000017,0.06127911271185603
2.2880000000000016,0.060296231288140906
2.2890000000000015,0.06004878499999985
2.290000000000002,0.05993341300000082
2.2910000000000017,0.06039296519606099
2.2920000000000016,0.06051492580393939
2.2930000000000015,0.06086020199999981
2.294000000000002,0.0607132705944789
2.2950000000000017,0.05934921540551687
2.2960000000000016,0.05811682299999706
2.2970000000000015,0.0564653294771022
2.298000000000002,0.05499010052289256
2.2990000000000017,0.05377528399999823
2.3000000000000016,0.05277481699999915
2.3010000000000015,0.052292477233975884
2.302000000000002,0.051741868000000045
2.3030000000000017,0.051765884999999505
2.3040000000000016,0.05148729642431309
2.3050000000000015,0.05022153957568297
2.306000000000002,0.04924230999999808
2.3070000000000017,0.048162367874723507
2.3080000000000016,0.0472011151252735
2.3090000000000015,0.046616084999999634
2.310000000000002,0.046339077322135415
2.3110000000000017,0.046242298677864245
2.3120000000000016,0.04635815700000132
2.3130000000000015,0.04710262300000108
2.314000000000002,0.047911822827736615
2.3150000000000017,0.04925010017226814
2.3160000000000016,0.050252013000001185
2.3170000000000015,0.05091958436352806
2.318000000000002,0.05139321963647362
2.3190000000000017,0.05148121299999937
2.3200000000000016,0.05112775292671362
2.3210000000000015,0.050487020073284386
2.322000000000002,0.04960654299999626
2.3230000000000017,0.04749931799999651
2.3240000000000016,0.045534724030894175
2.3250000000000015,0.043835032999997685
2.326000000000002,0.04209380599999753
2.3270000000000017,0.04070509882333436
2.3280000000000016,0.04010333217666377
2.3290000000000015,0.03988287199999989
2.330000000000002,0.039798832518597116
2.3310000000000017,0.04020401848140451
2.3320000000000016,0.040728156000001105
2.3330000000000015,0.04135088848510439
2.334000000000002,0.04222573951489872
2.3350000000000017,0.04321169100000242
2.3360000000000016,0.04457094100000193
2.3370000000000015,0.045658734092283
2.338000000000002,0.0465596569077202
2.3390000000000017,0.04748598100000127
2.3400000000000016,0.04820654932143662
2.3410000000000015,0.04876976367856513
2.342000000000002,0.049508318000000745
2.3430000000000017,0.049924411035093465
2.3440000000000016,0.050224761964907466
2.3450000000000015,0.049833848999998605
2.346000000000002,0.04878175299999774
2.3470000000000018,0.047511678908605186
2.3480000000000016,0.04506076499999714
2.3490000000000015,0.04290765899999755
2.350000000000002,0.04106792048969845
2.3510000000000018,0.039312817510294536
2.3520000000000016,0.03794903299999745
2.3530000000000015,0.03651167954938762
2.354000000000002,0.03495717345060686
2.3550000000000018,0.03366865999999735
2.3560000000000016,0.03217497378064218
2.3570000000000015,0.031122780219354555
2.358000000000002,0.03115353899999937
2.3590000000000018,0.030797922999999325
2.3600000000000017,0.030416511050989043
2.3610000000000015,0.029947020949009497
2.362000000000002,0.028513114999998382
2.3630000000000018,0.02760233684033156
2.3640000000000017,0.02737074015966772
2.3650000000000015,0.02707701400000028
2.366000000000002,0.027287492778844267
2.3670000000000018,0.027305281221155803
2.3680000000000017,0.02676118399999967
2.3690000000000015,0.026513430999999643
2.370000000000002,0.026246328984403305
2.3710000000000018,0.02633617301559706
2.3720000000000017,0.027099287000001093
2.3730000000000016,0.02771273265547087
2.374000000000002,0.028929287344533455
2.3750000000000018,0.029523061999999132
2.3760000000000017,0.029030164836932323
2.3770000000000016,0.028848534163067117
2.378000000000002,0.02855658299999906
2.379000000000002,0.028028200937312404
2.3800000000000017,0.02794757406268734
2.3810000000000016,0.027574911999997606
2.382000000000002,0.026225210999997712
2.383000000000002,0.025195055739450897
2.3840000000000017,0.024442450260546762
2.3850000000000016,0.023687714999999183
2.386000000000002,0.023227551709957012
2.387000000000002,0.022744651290041055
2.3880000000000017,0.021867649999999367
2.3890000000000016,0.021512117398420884
2.390000000000002,0.02186610160158037
2.391000000000002,0.02190507000000094
2.3920000000000017,0.022433795000000315
2.3930000000000016,0.022611287363225926
2.394000000000002,0.021724919636770926
2.395000000000002,0.021087785999999033
2.3960000000000017,0.02054371621485624
2.3970000000000016,0.020055864785142243
2.398000000000002,0.01988604699999951
2.399000000000002,0.01961125435872726
2.4000000000000017,0.018994841641270823
2.4010000000000016,0.018745649999999784
2.4020000000000015,0.018623671000000338
2.403000000000002,0.018812712095890777
2.4040000000000017,0.01953896500000153
2.4050000000000016,0.020400284000002235
2.406000000000002,0.02165756710658093
2.407000000000002,0.02274863289342343
2.4080000000000017,0.024194025000002072
2.4090000000000016,0.025359193272045725
2.4100000000000015,0.02544191372795453
2.411000000000002,0.02616858900000238
2.4120000000000017,0.027508843793642837
2.4130000000000016,0.02847678020636018
2.414000000000002,0.02999853300000209
2.415000000000002,0.031173512000000368
2.4160000000000017,0.031380726268546745
2.4170000000000016,0.031663411731454136
2.4180000000000015,0.03188812400000119
2.419000000000002,0.032784996915517055
2.4200000000000017,0.032884152084483254
2.4210000000000016,0.03287525500000068
2.422000000000002,0.033259722490399435
2.423000000000002,0.03205462650959574
2.4240000000000017,0.030625286999997673
2.4250000000000016,0.02931454599999599
2.4260000000000015,0.02705604085051157
2.427000000000002,0.025616911999998274
2.4280000000000017,0.02464578699999938
2.4290000000000016,0.02429802786472731
2.430000000000002,0.024456675135273255
2.431000000000002,0.023226879999998878
2.4320000000000017,0.022595944461707394
2.4330000000000016,0.022430561538292093
2.4340000000000015,0.021480120999999616
2.435000000000002,0.021191975059787205
2.4360000000000017,0.02067257294021095
2.4370000000000016,0.019183732999998124
2.438000000000002,0.018127338999999954
2.439000000000002,0.01810189560707856
2.4400000000000017,0.01808796639292139
2.4410000000000016,0.01866633800000247
2.4420000000000015,0.020057815997601525
2.443000000000002,0.02070779200240078
2.4440000000000017,0.02141615400000015
2.4450000000000016,0.02150042009178087
2.446000000000002,0.02102133790821743
2.447000000000002,0.02159623400000132
2.4480000000000017,0.022339556000001207
2.4490000000000016,0.02301846169793091
2.4500000000000015,0.02345544099999968
2.451000000000002,0.023215602999999252
2.4520000000000017,0.022793062952908255
2.4530000000000016,0.022072592047089504
2.454000000000002,0.02120799799999828
2.455000000000002,0.020240779135970832
2.4560000000000017,0.019282138864025335
2.4570000000000016,0.018083622999998612
2.4580000000000015,0.017301434277043323
2.459000000000002,0.016514204722953882
2.4600000000000017,0.015618496999999036
2.4610000000000016,0.01507544899999989
2.462000000000002,0.015014141993902927
2.463000000000002,0.015844081006100387
2.4640000000000017,0.016717535000002035
2.4650000000000016,0.017864587631275207
2.4660000000000015,0.01877090036872761
2.467000000000002,0.01969495800000007
2.4680000000000017,0.019735799935809883
2.4690000000000016,0.017905158064184426
2.470000000000002,0.017133099999999016
2.471000000000002,0.016579636999999016
2.4720000000000018,0.016024631190484213
2.4730000000000016,0.018046536000001615
2.4740000000000015,0.019260603999997513
2.475000000000002,0.017394054675864246
2.4760000000000018,0.017110813324134624
2.4770000000000016,0.019313231000002387
2.478000000000002,0.020656198368225253
2.479000000000002,0.020119880631772606
2.4800000000000018,0.021678537000000386
2.4810000000000016,0.021895692753343424
2.4820000000000015,0.018233226246645192
2.483000000000002,0.019370589000002103
2.4840000000000018,0.02055495599999217
2.4850000000000017,0.016146677408920965
2.486000000000002,0.01785076659108509
2.487000000000002,0.022113235999994454
2.4880000000000018,0.018990985497600196
2.4890000000000017,0.01881596150239926
2.4900000000000015,0.018572324999995272
2.491000000000002,0.015023238339844073
2.4920000000000018,0.02087663666017932
2.4930000000000017,0.02612173600000326
2.494000000000002,0.02856995700000585
2.495000000000002,0.03185797224523388
2.4960000000000018,0.023560424754732953
2.4970000000000017,0.017441517000006693
2.4980000000000016,0.021209221906120852
2.499000000000002,0.022498283093883725
2.5000000000000018,0.022498395
2.5010000000000017,0.022498395
2.502000000000002,0.022498395
2.503000000000002,0.022498395
2.504000000000002,0.022498395
2.5050000000000017,0.022498395
2.5060000000000016,0.022498395
2.507000000000002,0.022498395
2.508000000000002,0.022498395
2.5090000000000017,0.022498395
2.510000000000002,0.022498395
2.511000000000002,0.022498395
2.512000000000002,0.022498395
2.5130000000000017,0.022498395
2.5140000000000016,0.022498395
2.515000000000002,0.022498395
2.516000000000002,0.022498395
2.5170000000000017,0.022498395
2.518000000000002,0.022498395
2.519000000000002,0.022498395
2.520000000000002,0.022498395
2.5210000000000017,0.022498395
2.5220000000000016,0.022498395
2.523000000000002,0.022498395
2.524000000000002,0.022498395
2.5250000000000017,0.022498395
2.526000000000002,0.022498395
2.527000000000002,0.022498395
2.528000000000002,0.022498395
2.5290000000000017,0.022498395
2.5300000000000016,0.022498395
2.531000000000002,0.022498395
2.532000000000002,0.022498395
2.5330000000000017,0.022498395
2.534000000000002,0.022498395
2.535000000000002,0.022498395
2.536000000000002,0.022498395
2.5370000000000017,0.022498395
2.5380000000000016,0.022498395
2.539000000000002,0.022498395
2.540000000000002,0.022498395
2.5410000000000017,0.022498395
2.542000000000002,0.022498395
2.543000000000002,0.022498395
2.544000000000002,0.022498395
2.5450000000000017,0.022498395
2.5460000000000016,0.022498395
2.547000000000002,0.022498395
2.548000000000002,0.022498395
2.5490000000000017,0.022498395
2.550000000000002,0.022498395
2.551000000000002,0.022498395
2.552000000000002,0.022498395
2.5530000000000017,0.022498395
2.5540000000000016,0.022498395
2.555000000000002,0.022498395
2.556000000000002,0.022498395
2.5570000000000017,0.022498395
2.558000000000002,0.022498395
2.559000000000002,0.022498395
2.560000000000002,0.022498395
2.5610000000000017,0.022498395
2.5620000000000016,0.022498395
2.563000000000002,0.022498395
2.564000000000002,0.022498395
2.5650000000000017,0.022498395
2.566000000000002,0.022498395
2.567000000000002,0.022498395
2.568000000000002,0.022498395
2.5690000000000017,0.022498395
2.5700000000000016,0.022498395
2.571000000000002,0.022498395
2.572000000000002,0.022498395
2.5730000000000017,0.022498395
2.574000000000002,0.022498395
2.575000000000002,0.022498395
2.576000000000002,0.022498395
2.5770000000000017,0.022498395
2.5780000000000016,0.022498395
2.579000000000002,0.022498395
2.580000000000002,0.022498395
2.5810000000000017,0.022498395
2.582000000000002,0.022498395
2.583000000000002,0.022498395
2.584000000000002,0.022498395
2.5850000000000017,0.022498395
2.5860000000000016,0.022498395
2.587000000000002,0.022498395
2.588000000000002,0.022498395
2.5890000000000017,0.022498395
2.590000000000002,0.022498395
2.591000000000002,0.022498395
2.592000000000002,0.022498395
2.5930000000000017,0.022498395
2.5940000000000016,0.022498395
2.595000000000002,0.022498395
2.596000000000002,0.022498395
2.5970000000000018,0.022498395
2.598000000000002,0.022498395
2.599000000000002,0.022498395
