wave,r
0.4,0.8608098653535929
0.401,0.8607848811929761
0.402,0.8599041788070239
0.403,0.86037219
0.404,0.8609405143167568
0.405,0.8599062
0.406,0.860250345852283
0.40700000000000003,0.859835574147717
0.40800000000000003,0.8591049423307534
0.40900000000000003,0.8603380176692466
0.41000000000000003,0.86037618
0.41100000000000003,0.86047636899811
0.41200000000000003,0.86086023
0.41300000000000003,0.8598518471494285
0.41400000000000003,0.86056679
0.41500000000000004,0.8613473688809223
0.41600000000000004,0.8602354611190776
0.41700000000000004,0.86035335
0.41800000000000004,0.8606779567539324
0.41900000000000004,0.86092764
0.42000000000000004,0.8612666104339957
0.42100000000000004,0.86131001
0.42200000000000004,0.8615725627376453
0.42300000000000004,0.8618463272623548
0.42400000000000004,0.8612801429957401
0.42500000000000004,0.86157971700426
0.42600000000000005,0.86194223
0.42700000000000005,0.861708166498635
0.42800000000000005,0.86235803
0.42900000000000005,0.8623118955469891
0.43000000000000005,0.861866594453011
0.43100000000000005,0.8622615912862743
0.43200000000000005,0.8623902187137257
0.43300000000000005,0.86253482
0.43400000000000005,0.8627266302568974
0.43500000000000005,0.86275232
0.43600000000000005,0.8630986223162537
0.43700000000000006,0.8633302476837463
0.43800000000000006,0.8631750918751625
0.43900000000000006,0.8633626081248376
0.44000000000000006,0.86349475
0.44100000000000006,0.8636084188633114
0.44200000000000006,0.86385477
0.44300000000000006,0.8638298505554889
0.44400000000000006,0.863885399444511
0.44500000000000006,0.8640806701310974
0.44600000000000006,0.8640937798689027
0.44700000000000006,0.8643175999999999
0.44800000000000006,0.8644918182578174
0.44900000000000007,0.86446488
0.45000000000000007,0.8646802305834884
0.45100000000000007,0.8647385794165117
0.45200000000000007,0.8647974731822363
0.45300000000000007,0.8651156968177636
0.45400000000000007,0.8650279000000001
0.45500000000000007,0.8651211890671093
0.45600000000000007,0.86542684
0.4570000000000001,0.8652813421582785
0.4580000000000001,0.86549717
0.4590000000000001,0.8656758089116218
0.4600000000000001,0.8655669710883783
0.4610000000000001,0.86589521
0.4620000000000001,0.86579490100309
0.4630000000000001,0.86558783
0.4640000000000001,0.8659963581487186
0.4650000000000001,0.86581123
0.4660000000000001,0.8657881030702386
0.4670000000000001,0.8660951269297614
0.4680000000000001,0.8659960029748404
0.4690000000000001,0.8662934870251595
0.4700000000000001,0.86645031
0.4710000000000001,0.8661255224211758
0.4720000000000001,0.86636764
0.4730000000000001,0.8663485090934181
0.4740000000000001,0.8662578509065818
0.4750000000000001,0.8667117991565169
0.4760000000000001,0.8666274508434831
0.4770000000000001,0.86657906
0.4780000000000001,0.866824390206198
0.4790000000000001,0.86684501
0.4800000000000001,0.8669272100243994
0.4810000000000001,0.8669296499756005
0.4820000000000001,0.8668245121313575
0.4830000000000001,0.8670376478686427
0.4840000000000001,0.8669796000000001
0.4850000000000001,0.8667905918900811
0.4860000000000001,0.86705881
0.4870000000000001,0.8670516601680966
0.4880000000000001,0.8670684698319033
0.4890000000000001,0.8672364396632067
0.4900000000000001,0.8672027603367932
0.4910000000000001,0.86724514
0.4920000000000001,0.8672478199732002
0.4930000000000001,0.86714482
0.4940000000000001,0.8673565399773002
0.4950000000000001,0.86735427
0.4960000000000001,0.8672261828121437
0.4970000000000001,0.8675073971878563
0.4980000000000001,0.86737972
0.4990000000000001,0.8673436603605964
0.5000000000000001,0.86763179
0.5010000000000001,0.8675438810132203
0.5020000000000001,0.8676452036925153
0.5030000000000001,0.8677682875383231
0.5040000000000001,0.8675780319026191
0.5050000000000001,0.86762619
0.5060000000000001,0.8675776679665016
0.5070000000000001,0.8674759930502475
0.5080000000000001,0.8677275749681498
0.5090000000000001,0.86773235
0.5100000000000001,0.8677066010234101
0.5110000000000001,0.8678089366359345
0.5120000000000001,0.8676407333640654
0.5130000000000001,0.8677172092351924
0.5140000000000001,0.86789787
0.5150000000000001,0.8677460006997139
0.5160000000000001,0.8678159693259337
0.5170000000000001,0.8677935004493775
0.5180000000000001,0.8676668412666126
0.5190000000000001,0.8678656799469995
0.5200000000000001,0.8678603790308485
0.5210000000000001,0.8678119214537272
0.5220000000000001,0.8679466186529731
0.5230000000000001,0.86791623
0.5240000000000001,0.8680238711683117
0.5250000000000001,0.8681406949946001
0.5260000000000001,0.8678904250053998
0.5270000000000001,0.867870750196702
0.5280000000000001,0.8679077
0.5290000000000001,0.8678830322780228
0.5300000000000001,0.8679969308690566
0.5310000000000001,0.868025899420629
0.5320000000000001,0.8679910903481034
0.5330000000000001,0.867986739203092
0.5340000000000001,0.8679070503765812
0.5350000000000001,0.8679258794351283
0.5360000000000001,0.8680177290814817
0.5370000000000001,0.86796278
0.5380000000000001,0.8680150500370007
0.5390000000000001,0.8680187460929952
0.5400000000000001,0.8678885126046697
0.5410000000000001,0.8679250496345964
0.5420000000000001,0.86789697
0.5430000000000001,0.8678345709905505
0.5440000000000002,0.8678840985141744
0.5450000000000002,0.8678106714686147
0.5460000000000002,0.86784244
0.5470000000000002,0.8679606884240842
0.5480000000000002,0.8678031011931522
0.5490000000000002,0.8678627588068477
0.5500000000000002,0.8679737388901889
0.5510000000000002,0.86786205
0.5520000000000002,0.8678841600167003
0.5530000000000002,0.8678858295671216
0.5540000000000002,0.8678714002885856
0.5550000000000002,0.8679681390325903
0.5560000000000002,0.8679831605317053
0.5570000000000002,0.8680363322386881
0.5580000000000002,0.868148266641968
0.5590000000000002,0.8680601117632176
0.5600000000000002,0.86803722
0.5610000000000002,0.8680444387505876
0.5620000000000002,0.8679194985410583
0.5630000000000002,0.8678465514589416
0.5640000000000002,0.8677268611969119
0.5650000000000002,0.86757165
0.5660000000000002,0.8675475100084
0.5670000000000002,0.867547933080846
0.5680000000000002,0.8676506279461027
0.5690000000000002,0.8678655578506785
0.5700000000000002,0.8679209904834049
0.5710000000000002,0.8679693313137343
0.5720000000000002,0.8680350180293985
0.5730000000000002,0.8680229801204024
0.5740000000000002,0.86799157
0.5750000000000002,0.8678191871752716
0.5760000000000002,0.867536718077277
0.5770000000000002,0.8674405819227231
0.5780000000000002,0.8673223911819118
0.5790000000000002,0.86727482
0.5800000000000002,0.8674265705758057
0.5810000000000002,0.8674553618668067
0.5820000000000002,0.8675175887554621
0.5830000000000002,0.86761922
0.5840000000000002,0.8675828602169021
0.5850000000000002,0.867604549361232
0.5860000000000002,0.8675726109581521
0.5870000000000002,0.8674581611445229
0.5880000000000002,0.86755878
0.5890000000000002,0.8675827996154925
0.5900000000000002,0.8675443521349933
0.5910000000000002,0.8676155185766712
0.5920000000000002,0.8674899912553126
0.5930000000000002,0.867364409800898
0.5940000000000002,0.8673444986088695
0.5950000000000002,0.8672749420866958
0.5960000000000002,0.8673384787291873
0.5970000000000002,0.86745089
0.5980000000000002,0.8675046017428175
0.5990000000000002,0.8676788811633536
0.6000000000000002,0.8677370488366466
0.6010000000000002,0.867666780702707
0.6020000000000002,0.86769354
0.6030000000000002,0.8676438897591952
0.6040000000000002,0.8676198102057897
0.6050000000000002,0.8676266698628069
0.6060000000000002,0.8674370618961189
0.6070000000000002,0.8673561800793008
0.6080000000000002,0.8673641080784961
0.6090000000000002,0.8672680328822558
0.6100000000000002,0.867243230248005
0.6110000000000002,0.86720937
0.6120000000000002,0.8671431496668967
0.6130000000000002,0.8671098381164754
0.6140000000000002,0.8670156618835246
0.6150000000000002,0.8669115910407104
0.6160000000000002,0.86684924
0.6170000000000002,0.8667283683189831
0.6180000000000002,0.8666443173751313
0.6190000000000002,0.8665568217499124
0.6200000000000002,0.86636066
0.6210000000000002,0.86628376899989
0.6220000000000002,0.8661837567791609
0.6230000000000002,0.8660227148312584
0.6240000000000002,0.8660398098289965
0.6250000000000002,0.86599994
0.6260000000000002,0.8659947516350328
0.6270000000000002,0.8661582497228139
0.6280000000000002,0.8661490101847907
0.6290000000000002,0.8661432300578006
0.6300000000000002,0.8661983
0.6310000000000002,0.8662155934782262
0.6320000000000002,0.8663895047826609
0.6330000000000002,0.8665581266275664
0.6340000000000002,0.86661911
0.6350000000000002,0.8668229608499085
0.6360000000000002,0.8669079498464062
0.6370000000000002,0.8669002701535938
0.6380000000000002,0.8669990290123901
0.6390000000000002,0.86701202
0.6400000000000002,0.8670278802122042
0.6410000000000002,0.8670490977936103
0.6420000000000002,0.8669755514709265
0.6430000000000002,0.8670225095303953
0.6440000000000002,0.8670695391446914
0.6450000000000002,0.8669840108105595
0.6460000000000002,0.8670245387841607
0.6470000000000002,0.8670111901335027
0.6480000000000002,0.86695677
0.6490000000000002,0.8670229894819949
0.6500000000000002,0.8669711890202392
0.6510000000000002,0.8669222009797608
0.6520000000000002,0.8669312599093991
0.6530000000000002,0.86682355
0.6540000000000002,0.8667978002302024
0.6550000000000002,0.866809307739913
0.6560000000000002,0.8667339715067246
0.6570000000000003,0.8667224001157011
0.6580000000000003,0.8666959994748946
0.6590000000000003,0.8666434897436128
0.6600000000000003,0.8666306703845809
0.6610000000000003,0.8665835904708094
0.6620000000000003,0.86651379
0.6630000000000003,0.8664144282237644
0.6640000000000003,0.8662368070640467
0.6650000000000003,0.8661389419573021
0.6660000000000003,0.8660928004614046
0.6670000000000003,0.86598259
0.6680000000000003,0.8659661996268186
0.6690000000000003,0.865947540559772
0.6700000000000003,0.8658703015448155
0.6710000000000003,0.86577892
0.6720000000000003,0.8656352189836899
0.6730000000000003,0.8655335895328187
0.6740000000000003,0.8655102304671813
0.6750000000000003,0.8653674714276143
0.6760000000000003,0.86529261
0.6770000000000003,0.8652364580455608
0.6780000000000003,0.8650410198104095
0.6790000000000003,0.8650347001263936
0.6800000000000003,0.864984450502505
0.6810000000000003,0.8648045697203972
0.6820000000000003,0.8647766077291135
0.6830000000000003,0.8646630634063297
0.6840000000000003,0.8645553621540215
0.6850000000000003,0.8645618
0.6860000000000003,0.8644378195821958
0.6870000000000003,0.8643960406531739
0.6880000000000003,0.8644286993468262
0.6890000000000003,0.8643434008530086
0.6900000000000003,0.86435336
0.6910000000000003,0.86434149899259
0.6920000000000003,0.864291133261437
0.6930000000000003,0.8643998478257087
0.6940000000000003,0.864388760110901
0.6950000000000003,0.8643240905222053
0.6960000000000003,0.864376310119194
0.6970000000000003,0.8643822698212089
0.6980000000000003,0.8644211896107922
0.6990000000000003,0.86447018
0.7000000000000003,0.8644325702337023
0.7010000000000003,0.8644559401369946
0.7020000000000003,0.8644627898630055
0.7030000000000003,0.8644153504744048
0.7040000000000003,0.86442447
0.7050000000000003,0.8643585986351863
0.7060000000000003,0.8642903607277637
0.7070000000000003,0.8643146195148244
0.7080000000000003,0.86422008
0.7090000000000003,0.8641459896453965
0.7100000000000003,0.8641105277279136
0.7110000000000003,0.8639969234081295
0.7120000000000003,0.863937020599012
0.7130000000000003,0.86386061
0.7140000000000003,0.8637120684454689
0.7150000000000003,0.8635566134504274
0.7160000000000003,0.8633382943663815
0.7170000000000003,0.8631665717172171
0.7180000000000003,0.8631120272575725
0.7190000000000003,0.862837782479576
0.7200000000000003,0.8624617612806359
0.7210000000000003,0.8620174588860887
0.7220000000000003,0.8614448299999998
0.7230000000000003,0.8609265646241461
0.7240000000000003,0.8603889777398902
0.7250000000000003,0.8597759722601094
0.7260000000000003,0.8591685360743606
0.7270000000000003,0.8584086899999996
0.7280000000000003,0.8575304612707252
0.7290000000000003,0.8566575345936701
0.7300000000000003,0.8558106569375528
0.7310000000000003,0.8551599465070648
0.7320000000000003,0.8547905089896898
0.7330000000000003,0.8546894833556323
0.7340000000000003,0.8548572649665517
0.7350000000000003,0.8550512780598613
0.7360000000000003,0.85507464
0.7370000000000003,0.8550093189651896
0.7380000000000003,0.8549058414055438
0.7390000000000003,0.8549761185944562
0.7400000000000003,0.8554140256208563
0.7410000000000003,0.8560717100000004
0.7420000000000003,0.8569407679399798
0.7430000000000003,0.8578377607733616
0.7440000000000003,0.8585302061510927
0.7450000000000003,0.8592721800000003
0.7460000000000003,0.8599399351099513
0.7470000000000003,0.8604509287399632
0.7480000000000003,0.8608879268900557
0.7490000000000003,0.861218926690034
0.7500000000000003,0.8614986500000001
0.7510000000000003,0.8617752222352447
0.7520000000000003,0.8619987470376482
0.7530000000000003,0.8622333353082346
0.7540000000000003,0.8624087582457826
0.7550000000000003,0.8624502400000001
0.7560000000000003,0.8626222627620619
0.7570000000000003,0.8627603658569073
0.7580000000000003,0.8628195488163882
0.7590000000000003,0.86295938
0.7600000000000003,0.8629995000352004
0.7610000000000003,0.8630030210119595
0.7620000000000003,0.8630536189880404
0.7630000000000003,0.8630946295898959
0.7640000000000003,0.86311978
0.7650000000000003,0.8631036894289885
0.7660000000000003,0.863046589118344
0.7670000000000003,0.8630172005877704
0.7680000000000003,0.862966540506605
0.7690000000000003,0.862932740504305
0.7700000000000004,0.8629831681320934
0.7710000000000004,0.8628897728018599
0.7720000000000004,0.8627836110616213
0.7730000000000004,0.86272609
0.7740000000000004,0.8625799996268961
0.7750000000000004,0.8625426898426063
0.7760000000000004,0.8625348201573937
0.7770000000000004,0.8624369509787098
0.7780000000000004,0.86235875
0.7790000000000004,0.8622525282119821
0.7800000000000004,0.8621631289038548
0.7810000000000004,0.8621265907307635
0.7820000000000004,0.8619743015229152
0.7830000000000004,0.8618595592727927
0.7840000000000004,0.8617868361867906
0.7850000000000004,0.861596175719814
0.7860000000000004,0.8614920410413208
0.7870000000000004,0.8613217499999999
0.7880000000000004,0.8610482186230725
0.7890000000000004,0.8609105217876105
0.7900000000000004,0.8606367754749262
0.7910000000000004,0.8603697426703266
0.7920000000000004,0.8602554199999999
0.7930000000000004,0.8599613243724813
0.7940000000000004,0.8596799484412778
0.7950000000000004,0.8593869858592585
0.7960000000000004,0.8589944799999999
0.7970000000000004,0.8587731078178781
0.7980000000000004,0.858554894375825
0.7990000000000004,0.8582736856241749
0.8000000000000004,0.8580306224306242
0.8010000000000004,0.8577246099999999
0.8020000000000004,0.8574309273905477
0.8030000000000004,0.8571699808288585
0.8040000000000004,0.8568642761140942
0.8050000000000004,0.856692791714817
0.8060000000000004,0.8564995464582644
0.8070000000000004,0.8561453749720512
0.8080000000000004,0.8558939775419228
0.8090000000000004,0.8556257553644535
0.8100000000000004,0.8553580599999999
0.8110000000000004,0.8551540974911748
0.8120000000000004,0.8549032138084475
0.8130000000000004,0.8545936361915523
0.8140000000000004,0.8542243836925368
0.8150000000000004,0.8538288499999999
0.8160000000000004,0.853482062816328
0.8170000000000004,0.8531228794075295
0.8180000000000004,0.8527697970616468
0.8190000000000004,0.8525086626113261
0.8200000000000004,0.852071335322253
0.8210000000000004,0.8516035627129642
0.8220000000000004,0.8512392109305533
0.8230000000000004,0.8508200641914837
0.8240000000000004,0.8504433599999999
0.8250000000000004,0.8500527054956548
0.8260000000000004,0.8496022721123154
0.8270000000000004,0.8492078878876843
0.8280000000000004,0.8487402246766467
0.8290000000000004,0.8482467499999999
0.8300000000000004,0.8478351706897067
0.8310000000000004,0.847369658356382
0.8320000000000004,0.8469815377624117
0.8330000000000004,0.8466283699999998
0.8340000000000004,0.8461617167741676
0.8350000000000004,0.8458391355300234
0.8360000000000004,0.8456156367049646
0.8370000000000004,0.8454763313930278
0.8380000000000004,0.8454285899999999
0.8390000000000004,0.8452796893765875
0.8400000000000004,0.8452173541643918
0.8410000000000004,0.8453561672237389
0.8420000000000004,0.8454820487411875
0.8430000000000004,0.8456716518889189
0.8440000000000004,0.8458605436906156
0.8450000000000004,0.8460450744640768
0.8460000000000004,0.846341244076541
0.8470000000000004,0.8464927700000001
0.8480000000000004,0.8466593634553347
0.8490000000000004,0.8470048917249311
0.8500000000000004,0.847091138275069
0.8510000000000004,0.8471435294760947
0.8520000000000004,0.84721023
0.8530000000000004,0.8472673918030361
0.8540000000000004,0.8474476924784761
0.8550000000000004,0.8475303083476826
0.8560000000000004,0.8475422298807987
0.8570000000000004,0.8476775299862999
0.8580000000000004,0.8476761606079696
0.8590000000000004,0.8477065590880456
0.8600000000000004,0.8476958301073022
0.8610000000000004,0.8473702099999999
0.8620000000000004,0.8470993565196651
0.8630000000000004,0.8467513206519738
0.8640000000000004,0.8462839193480259
0.8650000000000004,0.8458420644185439
0.8660000000000004,0.8452981699999997
0.8670000000000004,0.8448547644615445
0.8680000000000004,0.8445778391339431
0.8690000000000004,0.8442156372440376
0.8700000000000004,0.8439640999999999
0.8710000000000004,0.8436855066376663
0.8720000000000004,0.8433492775647217
0.8730000000000004,0.8432275136529173
0.8740000000000004,0.8429780024951499
0.8750000000000004,0.8426342599999997
0.8760000000000004,0.8422293027059538
0.8770000000000004,0.8414998936193185
0.8780000000000004,0.8406205375871202
0.8790000000000004,0.839345942746027
0.8800000000000004,0.8375398499999992
0.8810000000000004,0.8357678280342974
0.8820000000000005,0.8336695429485517
0.8830000000000005,0.8312890376102751
0.8840000000000005,0.8288202899999988
0.8850000000000005,0.8261323332700314
0.8860000000000005,0.8234593372817076
0.8870000000000005,0.8208234227182901
0.8880000000000005,0.8182273759604584
0.8890000000000005,0.815942879999999
0.8900000000000005,0.813571845859616
0.8910000000000005,0.8111578147469616
0.8920000000000005,0.8089827135020239
0.8930000000000005,0.8067474023531224
0.8940000000000005,0.8048403147976472
0.8950000000000005,0.8033200844844752
0.8960000000000005,0.8020443082732857
0.8970000000000005,0.8013459469834393
0.8980000000000005,0.8009296699999999
0.8990000000000005,0.8007814328461286
0.9000000000000005,0.8010660462249511
0.9010000000000005,0.8013772937750491
0.9020000000000005,0.8019173645992462
0.9030000000000005,0.8027074900000004
0.9040000000000005,0.8037421467097678
0.9050000000000005,0.8055776452548383
0.9060000000000005,0.8077528064967762
0.9070000000000005,0.8102206353216544
0.9080000000000005,0.8133126799934014
0.9090000000000005,0.8163120180614981
0.9100000000000005,0.8192150929077562
0.9110000000000005,0.8218447937030754
0.9120000000000005,0.8239720500000008
0.9130000000000005,0.825986286606733
0.9140000000000005,0.8276469516688173
0.9150000000000005,0.8290359122207897
0.9160000000000005,0.8304909954491553
0.9170000000000005,0.8316472200000006
0.9180000000000005,0.8327967113685321
0.9190000000000005,0.8338651379472032
0.9200000000000005,0.8345081071408716
0.9210000000000005,0.8351765900000002
0.9220000000000005,0.8356015728461286
0.9230000000000005,0.8358861884742612
0.9240000000000005,0.8363099015257391
0.9250000000000005,0.8362736703624035
0.9260000000000005,0.8363394700000001
0.9270000000000005,0.8364640470673412
0.9280000000000005,0.8361707900305986
0.9290000000000005,0.8361718099796009
0.9300000000000005,0.8360413313048131
0.9310000000000005,0.8358315205126052
0.9320000000000005,0.8358827761115943
0.9330000000000005,0.8356883558326083
0.9340000000000005,0.8356158714496145
0.9350000000000005,0.83566284
0.9360000000000005,0.8355972809477096
0.9370000000000005,0.835692050202592
0.9380000000000005,0.835702179797408
0.9390000000000005,0.8356710703111031
0.9400000000000005,0.8357127299999999
0.9410000000000005,0.8355621116176163
0.9420000000000005,0.8356429941877906
0.9430000000000005,0.8357825872081397
0.9440000000000005,0.8357150006759068
0.9450000000000005,0.8359831007540075
0.9460000000000005,0.836058499978401
0.9470000000000005,0.8360574200323985
0.9480000000000005,0.8362575179989601
0.9490000000000005,0.83632982
0.9500000000000005,0.8364486094706948
0.9510000000000005,0.8363956755525778
0.9520000000000005,0.836173304447422
0.9530000000000005,0.8363591381415815
0.9540000000000005,0.83637726
0.9550000000000005,0.8363291602086022
0.9560000000000005,0.8363395858338083
0.9570000000000005,0.836200712777461
0.9580000000000005,0.8362165099999999
0.9590000000000005,0.8360499671002709
0.9600000000000005,0.8357600032578373
0.9610000000000005,0.8359228951132444
0.9620000000000005,0.8356226730023599
0.9630000000000005,0.8353771000000001
0.9640000000000005,0.8353089058341164
0.9650000000000005,0.8348923255263235
0.9660000000000005,0.8347432029824507
0.9670000000000005,0.834553001902019
0.9680000000000005,0.8343191676861768
0.9690000000000005,0.8340877737168138
0.9700000000000005,0.8332736144247783
0.9710000000000005,0.8330051953680535
0.9720000000000005,0.8328971899999995
0.9730000000000005,0.8321202392602925
0.9740000000000005,0.8320462556203748
0.9750000000000005,0.8313272743796244
0.9760000000000005,0.8304674685980856
0.9770000000000005,0.8302856099999997
0.9780000000000005,0.8297236553286064
0.9790000000000005,0.8292565099508021
0.9800000000000005,0.8285882033661313
0.9810000000000005,0.8278003378786783
0.9820000000000005,0.8275268609692092
0.9830000000000005,0.8266237852461374
0.9840000000000005,0.8258860921307931
0.9850000000000005,0.8254042948178961
0.9860000000000005,0.8243567899999998
0.9870000000000005,0.8241340996054956
0.9880000000000005,0.8230946381818719
0.9890000000000005,0.8215037318181264
0.9900000000000005,0.8210553544835446
0.9910000000000005,0.8202480699999996
0.9920000000000005,0.8195128228994285
0.9930000000000005,0.8186577913946297
0.9940000000000005,0.8177042790702459
0.9950000000000006,0.8174824699999996
0.9960000000000006,0.8168984024217237
0.9970000000000006,0.8161405817238137
0.9980000000000006,0.815726772414279
0.9990000000000006,0.8153439838278763
1.0000000000000004,0.8147969799999994
1.0010000000000006,0.8134224399999996
1.0020000000000007,0.8128786099999996
1.0030000000000006,0.8123575999999997
1.0040000000000004,0.8118876789591037
1.0050000000000006,0.8112772699999996
1.0060000000000007,0.8106546999999995
1.0070000000000006,0.8100230699999995
1.0080000000000005,0.8091458099999997
1.0090000000000006,0.8086088474222576
1.0100000000000007,0.8081830699999998
1.0110000000000006,0.8079004299999999
1.0120000000000005,0.8077938
1.0130000000000006,0.8077574400000002
1.0140000000000007,0.80791042470153
1.0150000000000006,0.8080192200000001
1.0160000000000005,0.8082154400000001
1.0170000000000006,0.8083859100000002
1.0180000000000007,0.8085430300000002
1.0190000000000006,0.8086711071922809
1.0200000000000005,0.8088327600000002
1.0210000000000006,0.8090155700000001
1.0220000000000007,0.8091737
1.0230000000000006,0.8093724800000001
1.0240000000000005,0.80948138
1.0250000000000006,0.8094735100000001
1.0260000000000007,0.8095832500000001
1.0270000000000006,0.80972803
1.0280000000000005,0.8098310800000001
1.0290000000000006,0.81008315
1.0300000000000007,0.81015146
1.0310000000000006,0.8101364999999998
1.0320000000000005,0.8100110078652133
1.0330000000000006,0.8097896599999997
1.0340000000000007,0.8094871599999997
1.0350000000000006,0.8090696899999996
1.0360000000000005,0.8084927199999998
1.0370000000000006,0.8079568001929804
1.0380000000000007,0.8072587299999997
1.0390000000000006,0.8067351599999998
1.0400000000000005,0.8062725699999997
1.0410000000000006,0.8058350699999998
1.0420000000000007,0.8054853449725026
1.0430000000000006,0.8051270799999998
1.0440000000000005,0.8048268599999999
1.0450000000000006,0.8044604099999998
1.0460000000000007,0.8041620299999998
1.0470000000000006,0.8037466215408456
1.0480000000000005,0.8031638899999997
1.0490000000000006,0.8024021999999996
1.0500000000000007,0.8017409999999996
1.0510000000000006,0.8010482199999994
1.0520000000000005,0.8002247799999996
1.0530000000000006,0.7994492699999993
1.0540000000000007,0.7985036999999992
1.0550000000000006,0.7972874088901104
1.0560000000000005,0.7961763099999996
1.0570000000000006,0.7951760899999992
1.0580000000000007,0.7939563999999991
1.0590000000000006,0.7926027199999994
1.0600000000000005,0.791234001003899
1.0610000000000006,0.789844039999999
1.0620000000000007,0.7884210899999992
1.0630000000000006,0.7871355399999991
1.0640000000000005,0.7858819399999993
1.0650000000000006,0.7845041977742216
1.0660000000000007,0.7830738399999987
1.0670000000000006,0.7815968999999989
1.0680000000000005,0.7800087299999994
1.0690000000000006,0.778483629999999
1.0700000000000007,0.7769693414288559
1.0710000000000006,0.775427039999999
1.0720000000000005,0.7739101099999993
1.0730000000000006,0.772355199999999
1.0740000000000007,0.7707753799999989
1.0750000000000006,0.769094999999999
1.0760000000000005,0.767537359999999
1.0770000000000006,0.766086099999999
1.0780000000000007,0.7646374575952395
1.0790000000000006,0.7633134099999991
1.0800000000000005,0.7620313799999995
1.0810000000000006,0.7607399199999992
1.0820000000000007,0.7596014699999993
1.0830000000000006,0.7585563347845208
1.0840000000000005,0.7576041799999996
1.0850000000000006,0.7568097099999994
1.0860000000000007,0.7559729799999992
1.0870000000000006,0.7550639499999996
1.0880000000000005,0.7544162947655231
1.0890000000000006,0.7538084999999997
1.0900000000000007,0.7533885799999999
1.0910000000000006,0.75322115
1.0920000000000005,0.7532927400000001
1.0930000000000006,0.7534760016738328
1.0940000000000007,0.7537404900000003
1.0950000000000006,0.7542364600000004
1.0960000000000005,0.7548965200000005
1.0970000000000006,0.7556496300000006
1.0980000000000008,0.7566118200000008
1.0990000000000006,0.7575243700000006
1.1000000000000005,0.7585143400000004
1.1010000000000006,0.7594913800000007
1.1020000000000008,0.7604798100000006
1.1030000000000006,0.7615047100000006
1.1040000000000005,0.7625680000000005
1.1050000000000006,0.7636529200000006
1.1060000000000008,0.7646918066753332
1.1070000000000007,0.7656585600000005
1.1080000000000005,0.7664799700000005
1.1090000000000007,0.7672127500000004
1.1100000000000008,0.7679498800000003
1.1110000000000007,0.7685301240795924
1.1120000000000005,0.7690709200000002
1.1130000000000007,0.7696113600000002
1.1140000000000008,0.7699228500000002
1.1150000000000007,0.77014798
1.1160000000000005,0.7701317716208379
1.1170000000000007,0.7701032199999995
1.1180000000000008,0.7695130099999993
1.1190000000000007,0.7686228799999992
1.1200000000000006,0.7674057499999992
1.1210000000000007,0.7657270878662124
1.1220000000000008,0.7637966299999985
1.1230000000000007,0.7616228499999985
1.1240000000000006,0.7595296499999991
1.1250000000000007,0.7576181299999989
1.1260000000000008,0.755911349999999
1.1270000000000007,0.7547718299999995
1.1280000000000006,0.7539507699999997
1.1290000000000007,0.7533700077202277
1.1300000000000008,0.7529472099999994
1.1310000000000007,0.7523669599999997
1.1320000000000006,0.7519498499999997
1.1330000000000007,0.7511692599999993
1.1340000000000008,0.750096040052994
1.1350000000000007,0.7490965699999992
1.1360000000000006,0.7479659299999992
1.1370000000000007,0.7468158599999993
1.1380000000000008,0.7458201099999991
1.1390000000000007,0.7448147305379457
1.1400000000000006,0.743677079999999
1.1410000000000007,0.7421664599999986
1.1420000000000008,0.7401676799999982
1.1430000000000007,0.7375171199999978
1.1440000000000006,0.7341409676152364
1.1450000000000007,0.7300715999999967
1.1460000000000008,0.7252516699999955
1.1470000000000007,0.7201012999999968
1.1480000000000006,0.7152043599999962
1.1490000000000007,0.7096105799999971
1.1500000000000008,0.7052658199999965
1.1510000000000007,0.7012840499999979
1.1520000000000006,0.6981188099999991
1.1530000000000007,0.6960269799999991
1.1540000000000008,0.6946771099999995
1.1550000000000007,0.6939833799999997
1.1560000000000006,0.6935508299999995
1.1570000000000007,0.6929090119778015
1.1580000000000008,0.6918287899999983
1.1590000000000007,0.6899824699999982
1.1600000000000006,0.6872346399999976
1.1610000000000007,0.6835514299999967
1.1620000000000008,0.6787616644835472
1.1630000000000007,0.6728064999999953
1.1640000000000006,0.6658238199999966
1.1650000000000007,0.6582143299999937
1.1660000000000008,0.6489085599999925
1.1670000000000007,0.6405337474812468
1.1680000000000006,0.6316441299999946
1.1690000000000007,0.6235797999999956
1.1700000000000008,0.6168737999999958
1.1710000000000007,0.6121710499999985
1.1720000000000006,0.6098538617188267
1.1730000000000007,0.6098263300000015
1.1740000000000008,0.6121259300000027
1.1750000000000007,0.6161810800000036
1.1760000000000006,0.6214556700000041
1.1770000000000007,0.6276149200000042
1.1780000000000008,0.6339715100000057
1.1790000000000007,0.6404539900000045
1.1800000000000006,0.6470511442555776
1.1810000000000007,0.6534937000000041
1.1820000000000008,0.6595944800000051
1.1830000000000007,0.6654025300000036
1.1840000000000006,0.6707459700000022
1.1850000000000007,0.6756937072042828
1.1860000000000008,0.6800657500000036
1.1870000000000007,0.6840042500000023
1.1880000000000006,0.6875096000000019
1.1890000000000007,0.6905455000000018
1.1900000000000008,0.6932673078192203
1.1910000000000007,0.6959536100000023
1.1920000000000006,0.6986256200000017
1.1930000000000007,0.7012953200000018
1.1940000000000008,0.7040340300000024
1.1950000000000007,0.7067998834146608
1.1960000000000006,0.7095624800000019
1.1970000000000007,0.712439540000002
1.1980000000000008,0.7154849200000027
1.1990000000000007,0.7186512400000022
1.2000000000000006,0.7220205700000023
1.2010000000000007,0.725518050000003
1.2020000000000008,0.7289401900000031
1.2030000000000007,0.7324209598560169
1.2040000000000006,0.7358195200000021
1.2050000000000007,0.7389786200000019
1.2060000000000008,0.7418778500000023
1.2070000000000007,0.7444900900000015
1.2080000000000006,0.7467613323727642
1.2090000000000007,0.748685060000001
1.2100000000000009,0.7502466400000011
1.2110000000000007,0.7514739000000009
1.2120000000000006,0.7524217400000004
1.2130000000000007,0.7531522369503056
1.2140000000000009,0.7537111000000003
1.2150000000000007,0.7540812500000001
1.2160000000000006,0.7543305800000001
1.2170000000000007,0.7545408000000001
1.2180000000000009,0.7547308609939007
1.2190000000000007,0.7548884200000001
1.2200000000000006,0.75499171
1.2210000000000008,0.7550004699999999
1.2220000000000009,0.7549376499999998
1.2230000000000008,0.7547481699999999
1.2240000000000006,0.7545629699999999
1.2250000000000008,0.7543923299999999
1.2260000000000009,0.7541697599999999
1.2270000000000008,0.7540188399999999
1.2280000000000006,0.7539068499999999
1.2290000000000008,0.7537288699999999
1.2300000000000009,0.7535751499999999
1.2310000000000008,0.7534302781441854
1.2320000000000007,0.7531117199999997
1.2330000000000008,0.7526394699999995
1.2340000000000009,0.7521446299999994
1.2350000000000008,0.7515168799999995
1.2360000000000007,0.75075720449455
1.2370000000000008,0.7500021499999995
1.2380000000000009,0.7492083899999992
1.2390000000000008,0.7483396499999995
1.2400000000000007,0.7474651899999994
1.2410000000000008,0.7466219943195673
1.2420000000000009,0.7457008399999991
1.2430000000000008,0.7447410799999992
1.2440000000000007,0.7437137999999993
1.2450000000000008,0.7425599699999991
1.2460000000000009,0.7412523107659224
1.2470000000000008,0.7397684499999989
1.2480000000000007,0.7381194199999987
1.2490000000000008,0.7363540499999986
1.2500000000000009,0.7344213699999981
1.2510000000000008,0.732341169999998
1.2520000000000007,0.7300493699999984
1.2530000000000008,0.7275369199999977
1.254000000000001,0.72493167717428
1.2550000000000008,0.7221034199999974
1.2560000000000007,0.719121929999998
1.2570000000000008,0.716146469999998
1.258000000000001,0.7131081799999972
1.2590000000000008,0.7100122993360641
1.2600000000000007,0.7069056599999979
1.2610000000000008,0.7036948199999972
1.262000000000001,0.700416029999997
1.2630000000000008,0.6970220799999969
1.2640000000000007,0.6935207201359843
1.2650000000000008,0.6899269199999968
1.266000000000001,0.6863033199999968
1.2670000000000008,0.6827303799999976
1.2680000000000007,0.6792392099999978
1.2690000000000008,0.67591349257174
1.270000000000001,0.6727505899999974
1.2710000000000008,0.6697483099999975
1.2720000000000007,0.6669294199999982
1.2730000000000008,0.6643072999999979
1.274000000000001,0.661895039999998
1.2750000000000008,0.6596443099999981
1.2760000000000007,0.6575342399999987
1.2770000000000008,0.6555622799999988
1.278000000000001,0.6537167399999985
1.2790000000000008,0.652002039999999
1.2800000000000007,0.650444029999999
1.2810000000000008,0.6489968899999989
1.282000000000001,0.647772983180681
1.2830000000000008,0.6467047899999995
1.2840000000000007,0.6458659199999995
1.2850000000000008,0.6452356599999997
1.286000000000001,0.6448146699999998
1.2870000000000008,0.6445749328777122
1.2880000000000007,0.6445037100000001
1.2890000000000008,0.6446200600000003
1.290000000000001,0.6449336400000004
1.2910000000000008,0.6454342600000006
1.2920000000000007,0.6460411493110693
1.2930000000000008,0.6467491400000005
1.294000000000001,0.6475188100000007
1.2950000000000008,0.6482928400000006
1.2960000000000007,0.6491041800000005
1.2970000000000008,0.64983712670533
1.298000000000001,0.6505368400000007
1.2990000000000008,0.6512358200000005
1.3000000000000007,0.6518797300000004
1.3010000000000008,0.6524900800000005
1.302000000000001,0.6530935800000005
1.3030000000000008,0.6536026600000003
1.3040000000000007,0.6540216800000004
1.3050000000000008,0.6544475382021802
1.306000000000001,0.6548295600000004
1.3070000000000008,0.6552012600000003
1.3080000000000007,0.6555750400000002
1.3090000000000008,0.6558762800000001
1.310000000000001,0.6561240162703731
1.3110000000000008,0.6562867200000001
1.3120000000000007,0.6563993100000001
1.3130000000000008,0.6564976
1.314000000000001,0.65655375
1.3150000000000008,0.6565498103939607
1.3160000000000007,0.6565224499999999
1.3170000000000008,0.6564475899999999
1.318000000000001,0.6563258199999998
1.3190000000000008,0.6562522099999999
1.3200000000000007,0.6561810471162883
1.3210000000000008,0.6560555699999999
1.322000000000001,0.6559412499999999
1.3230000000000008,0.6558311599999999
1.3240000000000007,0.6557112899999998
1.3250000000000008,0.6555699699999998
1.326000000000001,0.6554495099999998
1.3270000000000008,0.6553432899999999
1.3280000000000007,0.6552154286521347
1.3290000000000008,0.6551019499999999
1.330000000000001,0.6549605699999999
1.3310000000000008,0.6548249699999997
1.3320000000000007,0.6546305399999998
1.3330000000000009,0.6543707477042293
1.334000000000001,0.6540477899999997
1.3350000000000009,0.6536608899999996
1.3360000000000007,0.6532073599999996
1.3370000000000009,0.6526873099999995
1.338000000000001,0.6520303556954298
1.3390000000000009,0.6511265599999989
1.3400000000000007,0.6499227899999989
1.3410000000000009,0.6483350399999982
1.342000000000001,0.6463408499999973
1.3430000000000009,0.6439179822867693
1.3440000000000007,0.641147549999998
1.3450000000000009,0.6381289399999972
1.346000000000001,0.635036229999997
1.3470000000000009,0.6322959099999974
1.3480000000000008,0.6294460299999985
1.3490000000000009,0.6272724899999984
1.350000000000001,0.6255012799999987
1.3510000000000009,0.6240490699999992
1.3520000000000008,0.6232008899999991
1.3530000000000009,0.6222131799999997
1.354000000000001,0.621725559999999
1.3550000000000009,0.620647189999999
1.3560000000000008,0.6195097259664022
1.3570000000000009,0.6179693899999981
1.358000000000001,0.6158176099999977
1.3590000000000009,0.6131791499999971
1.3600000000000008,0.6099457699999975
1.3610000000000009,0.6061847986981264
1.362000000000001,0.6021717799999957
1.3630000000000009,0.5982879999999978
1.3640000000000008,0.5949354799999983
1.3650000000000009,0.592502359999999
1.366000000000001,0.5913495352824706
1.3670000000000009,0.591339230000001
1.3680000000000008,0.5924512100000012
1.3690000000000009,0.5943121900000019
1.370000000000001,0.5963861900000017
1.3710000000000009,0.5983203465843432
1.3720000000000008,0.5992867900000006
1.3730000000000009,0.6000170099999996
1.374000000000001,0.5995390399999987
1.3750000000000009,0.5980683599999983
1.3760000000000008,0.5961329899999973
1.377000000000001,0.5930787899999969
1.378000000000001,0.5902977599999968
1.379000000000001,0.5867206063173657
1.3800000000000008,0.5839837799999973
1.381000000000001,0.5810286999999984
1.382000000000001,0.5792199399999985
1.383000000000001,0.5779250899999997
1.3840000000000008,0.5775772234306573
1.385000000000001,0.5781115300000012
1.386000000000001,0.5794142500000021
1.387000000000001,0.5813071700000023
1.3880000000000008,0.5834498400000014
1.389000000000001,0.5856361013738645
1.390000000000001,0.5876009500000018
1.391000000000001,0.5892150400000011
1.3920000000000008,0.5905173400000009
1.393000000000001,0.5915561900000009
1.394000000000001,0.5924956460543956
1.395000000000001,0.5933842700000008
1.3960000000000008,0.5943028900000008
1.397000000000001,0.595215260000001
1.398000000000001,0.5961371100000009
1.399000000000001,0.5970969200000009
1.4000000000000008,0.5981242100000014
1.4010000000000007,0.599562350000001
1.402000000000001,0.6010811300000024
1.403000000000001,0.6032499100000024
1.4040000000000008,0.605951070000002
1.4050000000000007,0.6088919600000025
1.406000000000001,0.6126024700000037
1.407000000000001,0.6158546912698765
1.4080000000000008,0.6195673900000019
1.4090000000000007,0.6223691100000016
1.410000000000001,0.624933720000002
1.411000000000001,0.6266952200000009
1.4120000000000008,0.6276466960053999
1.4130000000000007,0.62830675
1.414000000000001,0.6283048399999998
1.415000000000001,0.6280997399999998
1.4160000000000008,0.6278120299999999
1.4170000000000007,0.6276414570572941
1.418000000000001,0.6277501600000003
1.419000000000001,0.6281807400000007
1.4200000000000008,0.6289138200000007
1.4210000000000007,0.6298354900000007
1.422000000000001,0.630850688480153
1.423000000000001,0.6317806200000008
1.4240000000000008,0.6325958400000005
1.4250000000000007,0.6332142400000003
1.426000000000001,0.6335769300000003
1.427000000000001,0.6337856700000001
1.4280000000000008,0.6338712000000001
1.4290000000000007,0.6339623900000002
1.430000000000001,0.6342261856764327
1.431000000000001,0.6346829500000005
1.4320000000000008,0.6353000400000007
1.4330000000000007,0.6361833200000006
1.434000000000001,0.6370241600000008
1.435000000000001,0.6380775824907516
1.4360000000000008,0.6389024900000008
1.4370000000000007,0.6397324800000006
1.438000000000001,0.6403762700000003
1.439000000000001,0.6407767500000005
1.4400000000000008,0.6412967480002005
1.4410000000000007,0.6416376200000006
1.442000000000001,0.6422541700000007
1.443000000000001,0.6429514300000008
1.4440000000000008,0.6438565300000011
1.4450000000000007,0.6450526103919617
1.446000000000001,0.6462085200000015
1.447000000000001,0.6476522700000014
1.4480000000000008,0.6488143200000008
1.4490000000000007,0.6499592700000005
1.450000000000001,0.6508668700000007
1.451000000000001,0.6514996300000003
1.4520000000000008,0.6517931799999999
1.4530000000000007,0.651690036457354
1.454000000000001,0.6513546099999993
1.455000000000001,0.6507856799999995
1.4560000000000008,0.6501014199999996
1.4570000000000007,0.6495390499999997
1.458000000000001,0.6491302127097288
1.459000000000001,0.6489573100000001
1.4600000000000009,0.6490975600000003
1.4610000000000007,0.6495194400000005
1.462000000000001,0.6501449300000008
1.463000000000001,0.6509203124617546
1.4640000000000009,0.6517086000000005
1.4650000000000007,0.6523917300000003
1.466000000000001,0.6528864500000003
1.467000000000001,0.6531486500000001
1.4680000000000009,0.6532083640285972
1.4690000000000007,0.6531382199999998
1.470000000000001,0.6527875699999998
1.471000000000001,0.6525455699999996
1.4720000000000009,0.6521774499999998
1.4730000000000008,0.6519276499999999
1.474000000000001,0.6517327999999998
1.475000000000001,0.6515558399999999
1.4760000000000009,0.6514463399999999
1.4770000000000008,0.6512747999999999
1.478000000000001,0.6511388399999998
1.479000000000001,0.6508904699999998
1.4800000000000009,0.6505976299999997
1.4810000000000008,0.6502067508849111
1.482000000000001,0.6497155999999994
1.483000000000001,0.6492041899999994
1.4840000000000009,0.6485930699999994
1.4850000000000008,0.6479977999999995
1.486000000000001,0.6473388706329359
1.487000000000001,0.6467451999999992
1.4880000000000009,0.6461366399999997
1.4890000000000008,0.6456180799999997
1.490000000000001,0.6451695599999996
1.491000000000001,0.6447505219038092
1.4920000000000009,0.6443669199999996
1.4930000000000008,0.6439539799999997
1.494000000000001,0.6434857199999995
1.495000000000001,0.6429851099999995
1.4960000000000009,0.6423796405469447
1.4970000000000008,0.6415839799999992
1.498000000000001,0.640635789999999
1.499000000000001,0.6395425199999989
1.5000000000000009,0.6382501699999987
1.5010000000000008,0.6368217499999986
1.5020000000000011,0.6353252499999978
1.503000000000001,0.6337461499999986
1.504000000000001,0.6321577059913993
1.5050000000000008,0.6306176199999987
1.5060000000000011,0.6290957899999984
1.507000000000001,0.6276128299999983
1.508000000000001,0.6261499499999986
1.5090000000000008,0.6246738684471542
1.5100000000000011,0.6231583399999983
1.511000000000001,0.6215760699999981
1.512000000000001,0.619903209999998
1.5130000000000008,0.6180977799999988
1.5140000000000011,0.6162185179262054
1.515000000000001,0.6142745599999978
1.516000000000001,0.6122943199999981
1.5170000000000008,0.6102117299999982
1.5180000000000011,0.6082010899999977
1.519000000000001,0.6061117989291049
1.520000000000001,0.6042281999999983
1.5210000000000008,0.6024514999999985
1.5220000000000011,0.6007146199999979
1.523000000000001,0.5991504199999985
1.524000000000001,0.5974830399999985
1.5250000000000008,0.5958252499999984
1.5260000000000011,0.5941209799999981
1.527000000000001,0.5924653999999979
1.528000000000001,0.5906143199999982
1.5290000000000008,0.5886724599999986
1.5300000000000011,0.5865982199999975
1.531000000000001,0.5843785399999974
1.532000000000001,0.582072199257072
1.5330000000000008,0.5796647699999984
1.5340000000000011,0.5771534999999971
1.535000000000001,0.574508189999997
1.536000000000001,0.5718066099999976
1.5370000000000008,0.5689985229137066
1.5380000000000011,0.5661276599999968
1.539000000000001,0.5632078099999973
1.540000000000001,0.5601760099999972
1.5410000000000008,0.5570369999999972
1.5420000000000011,0.5538940042995667
1.543000000000001,0.550641829999997
1.544000000000001,0.5472543199999969
1.5450000000000008,0.5437918299999968
1.5460000000000012,0.5402108999999959
1.547000000000001,0.536550176072389
1.548000000000001,0.5328236799999966
1.5490000000000008,0.5289874099999974
1.5500000000000012,0.5250218499999955
1.551000000000001,0.5209457299999954
1.552000000000001,0.5167989699999952
1.5530000000000008,0.5125314599999972
1.5540000000000012,0.5081810399999951
1.555000000000001,0.5038028015318426
1.556000000000001,0.4993181199999959
1.5570000000000008,0.49475907999999597
1.5580000000000012,0.4901754599999948
1.559000000000001,0.48545953999999575
1.560000000000001,0.48064836297069835
1.5610000000000008,0.47577806999999556
1.5620000000000012,0.47077261999999326
1.563000000000001,0.46571891999999543
1.564000000000001,0.46061643999999535
1.5650000000000008,0.45539512213178246
1.5660000000000012,0.4500922299999928
1.567000000000001,0.444716069999994
1.568000000000001,0.43930068999999516
1.5690000000000008,0.4338929699999951
1.5700000000000012,0.42842114718227486
1.571000000000001,0.42291569999999384
1.572000000000001,0.41736515999999374
1.5730000000000008,0.4116964599999962
1.5740000000000012,0.4060028499999936
1.575000000000001,0.40021958999999346
1.576000000000001,0.39432292999999335
1.5770000000000008,0.38834055999999456
1.5780000000000012,0.3822460906159313
1.579000000000001,0.3761522499999933
1.580000000000001,0.37007927999999457
1.5810000000000008,0.3639647099999946
1.5820000000000012,0.3578707599999919
1.583000000000001,0.35180455219877316
1.584000000000001,0.34582653999999485
1.5850000000000009,0.340023549999995
1.5860000000000012,0.33439176999999287
1.587000000000001,0.3290489899999944
1.588000000000001,0.3240099539036043
1.5890000000000009,0.3192965099999962
1.5900000000000012,0.31505548999999583
1.591000000000001,0.31132938999999643
1.592000000000001,0.3081267199999972
1.5930000000000009,0.3055674559264052
1.5940000000000012,0.3036005499999986
1.595000000000001,0.30227639999999917
1.596000000000001,0.3015436499999997
1.5970000000000009,0.3013181100000002
1.5980000000000012,0.3015609100000007
1.599000000000001,0.3021500700000009
1.600000000000001,0.3029731500000009
1.6010000000000009,0.30395663000000095
1.6020000000000012,0.3050482900000014
1.603000000000001,0.3061007000000009
1.604000000000001,0.3070823600000008
1.6050000000000009,0.3079407500000006
1.6060000000000012,0.30860124761323926
1.607000000000001,0.30907738000000035
1.608000000000001,0.30938414
1.6090000000000009,0.30941497999999984
1.6100000000000012,0.3092126799999996
1.611000000000001,0.3087955079902003
1.612000000000001,0.3081754099999991
1.6130000000000009,0.3073655999999994
1.6140000000000012,0.3064098699999988
1.615000000000001,0.30534177999999873
1.616000000000001,0.3042097931986789
1.6170000000000009,0.30311944999999907
1.6180000000000012,0.30208095999999895
1.619000000000001,0.30112534999999907
1.620000000000001,0.30027475999999936
1.6210000000000009,0.2995614813278666
1.6220000000000012,0.29907434999999977
1.623000000000001,0.2989088000000001
1.624000000000001,0.2990045200000004
1.6250000000000009,0.2994337100000007
1.6260000000000012,0.3001897300000013
1.6270000000000011,0.30118534000000174
1.628000000000001,0.3024678500000013
1.629000000000001,0.30393955576142534
1.6300000000000012,0.30549717000000215
1.6310000000000011,0.30711392000000176
1.632000000000001,0.30873832000000173
1.633000000000001,0.3102988600000013
1.6340000000000012,0.3117447633486667
1.6350000000000011,0.31307825000000133
1.636000000000001,0.3142961900000011
1.637000000000001,0.315302400000001
1.6380000000000012,0.3161385400000008
1.6390000000000011,0.31682469138486224
1.640000000000001,0.3172978200000004
1.641000000000001,0.3176672800000003
1.6420000000000012,0.3179822300000003
1.6430000000000011,0.3182219000000003
1.644000000000001,0.3184478674032599
1.645000000000001,0.31868920000000023
1.6460000000000012,0.31894585000000036
1.6470000000000011,0.3192205400000004
1.648000000000001,0.31952059000000027
1.649000000000001,0.3198424300000003
1.6500000000000012,0.32015753000000047
1.6510000000000011,0.32048500000000035
1.652000000000001,0.3208232800000003
1.653000000000001,0.32112065000000023
1.6540000000000012,0.3213817200000002
1.6550000000000011,0.3215863400000001
1.656000000000001,0.3216565299999999
1.657000000000001,0.3215633574112586
1.6580000000000013,0.3212374699999992
1.6590000000000011,0.32050245999999866
1.660000000000001,0.31930601999999797
1.661000000000001,0.3174409299999976
1.6620000000000013,0.31473501878411736
1.6630000000000011,0.31112285999999495
1.664000000000001,0.3065762799999954
1.665000000000001,0.30143010999999503
1.6660000000000013,0.2958561199999928
1.6670000000000011,0.29044986062593176
1.668000000000001,0.28581392999999694
1.669000000000001,0.2823454699999985
1.6700000000000013,0.2806423900000002
1.6710000000000012,0.28077278000000216
1.672000000000001,0.28273157412058997
1.673000000000001,0.28606066000000385
1.6740000000000013,0.2903581600000052
1.6750000000000012,0.2950760100000049
1.676000000000001,0.29949275000000436
1.677000000000001,0.3034247800000034
1.6780000000000013,0.30645594000000226
1.6790000000000012,0.3085170700000012
1.680000000000001,0.30961488217578254
1.681000000000001,0.30973663999999934
1.6820000000000013,0.3089952799999979
1.6830000000000012,0.30743234999999747
1.684000000000001,0.30511897999999743
1.685000000000001,0.3022296954044564
1.6860000000000013,0.2988837399999953
1.6870000000000012,0.2953326999999955
1.688000000000001,0.29196220999999734
1.689000000000001,0.2889777699999979
1.6900000000000013,0.2866187958974073
1.6910000000000012,0.28492933999999864
1.692000000000001,0.2839395699999994
1.693000000000001,0.28345170999999986
1.6940000000000013,0.28329527000000015
1.6950000000000012,0.28342379714728544
1.696000000000001,0.2836065300000003
1.697000000000001,0.2838809200000004
1.6980000000000013,0.2842829800000006
1.6990000000000012,0.2847612200000006
1.700000000000001,0.2853162000000003
1.701000000000001,0.2855886499999998
1.7020000000000013,0.28538754999999844
1.7030000000000012,0.28422955054094307
1.704000000000001,0.2818349599999959
1.705000000000001,0.2781477899999953
1.7060000000000013,0.2728103399999915
1.7070000000000012,0.2664401799999905
1.708000000000001,0.2592631855614355
1.709000000000001,0.2521187999999945
1.7100000000000013,0.24584364999999372
1.7110000000000012,0.24113931999999674
1.712000000000001,0.2386967799999998
1.713000000000001,0.2385229373842614
1.7140000000000013,0.24111082000000605
1.7150000000000012,0.24565808000000675
1.716000000000001,0.25174290000000776
1.717000000000001,0.2587675800000079
1.7180000000000013,0.26589220753725534
1.7190000000000012,0.27281871000000696
1.720000000000001,0.27905270000000637
1.721000000000001,0.2848025600000058
1.7220000000000013,0.29004836000000667
1.7230000000000012,0.29504925000000554
1.724000000000001,0.30007061000000546
1.725000000000001,0.3049949700000046
1.7260000000000013,0.31016880000000546
1.7270000000000012,0.3142724000000055
1.728000000000001,0.31839487000000205
1.729000000000001,0.3207117600000012
1.7300000000000013,0.32205211999999933
1.7310000000000012,0.32156257607538985
1.732000000000001,0.31932332999999613
1.733000000000001,0.3158384599999949
1.7340000000000013,0.31009286999999264
1.7350000000000012,0.30456596999999197
1.736000000000001,0.2973277819797954
1.737000000000001,0.2916475799999932
1.7380000000000013,0.28551941999999597
1.7390000000000012,0.28186580999999716
1.740000000000001,0.27932613999999956
1.741000000000001,0.27892027058694085
1.7420000000000013,0.2809499800000033
1.7430000000000012,0.28347045000000515
1.744000000000001,0.2881051900000043
1.745000000000001,0.2919440000000042
1.7460000000000013,0.2966787565243536
1.7470000000000012,0.30021000000000403
1.748000000000001,0.30323672000000196
1.749000000000001,0.3054295500000015
1.7500000000000013,0.30709630000000204
1.7510000000000012,0.3086229900000019
1.7520000000000011,0.3100518600000024
1.753000000000001,0.3118235200000018
1.7540000000000013,0.31383397016698655
1.7550000000000012,0.3161356400000032
1.7560000000000011,0.3185707300000028
1.757000000000001,0.3210472500000027
1.7580000000000013,0.3234805500000029
1.7590000000000012,0.3256825225497475
1.7600000000000011,0.3278080200000021
1.761000000000001,0.32972118000000206
1.7620000000000013,0.3315551900000031
1.7630000000000012,0.33354232000000233
1.7640000000000011,0.3356387303589663
1.765000000000001,0.3379502900000027
1.7660000000000013,0.3404123500000034
1.7670000000000012,0.3429754400000034
1.7680000000000011,0.3455020800000028
1.769000000000001,0.3480490852994727
1.7700000000000014,0.3502873500000028
1.7710000000000012,0.35236749000000245
1.7720000000000011,0.35419318000000205
1.773000000000001,0.35571739000000124
1.7740000000000014,0.3570887700000015
1.7750000000000012,0.35822180000000137
1.7760000000000011,0.35924459000000086
1.777000000000001,0.3600365800000008
1.7780000000000014,0.3608008900000007
1.7790000000000012,0.3613254700000008
1.7800000000000011,0.3620623600000008
1.781000000000001,0.3627510400000011
1.7820000000000014,0.3636894109819033
1.7830000000000013,0.36479923000000136
1.7840000000000011,0.36604762000000163
1.785000000000001,0.36748871000000166
1.7860000000000014,0.36898345000000227
1.7870000000000013,0.3707000355404478
1.7880000000000011,0.37225544000000177
1.789000000000001,0.3738726700000013
1.7900000000000014,0.37529594000000177
1.7910000000000013,0.3766428800000015
1.7920000000000011,0.3777849157964216
1.793000000000001,0.3787576300000008
1.7940000000000014,0.379652620000001
1.7950000000000013,0.3803822100000008
1.7960000000000012,0.38097748000000065
1.797000000000001,0.38156167158084253
1.7980000000000014,0.38197929000000047
1.7990000000000013,0.3823299100000003
1.8000000000000012,0.38260257000000036
1.801000000000001,0.38294405000000026
1.8020000000000014,0.38318712000000066
1.8030000000000013,0.3836075100000006
1.8040000000000012,0.38414541000000074
1.805000000000001,0.38479041316368445
1.8060000000000014,0.3856220500000011
1.8070000000000013,0.38644701000000126
1.8080000000000012,0.387384740000001
1.809000000000001,0.3882751200000008
1.8100000000000014,0.38923444158484266
1.8110000000000013,0.3900502900000011
1.8120000000000012,0.3908288500000009
1.813000000000001,0.3914907300000005
1.8140000000000014,0.3920829300000005
1.8150000000000013,0.3924680314898515
1.8160000000000012,0.39278331
1.817000000000001,0.3927827199999996
1.8180000000000014,0.39244040999999963
1.8190000000000013,0.3921304899999992
1.8200000000000012,0.39156513653534575
1.821000000000001,0.39117922999999954
1.8220000000000014,0.3907565199999997
1.8230000000000013,0.39057236999999984
1.8240000000000012,0.3904335200000002
1.825000000000001,0.39065233000000055
1.8260000000000014,0.39114112000000134
1.8270000000000013,0.3919826100000009
1.8280000000000012,0.392666212749726
1.829000000000001,0.39349371000000066
1.8300000000000014,0.39408758000000144
1.8310000000000013,0.3951850200000003
1.8320000000000012,0.3953933400000001
1.833000000000001,0.395482173649635
1.8340000000000014,0.39541867
1.8350000000000013,0.3954155099999999
1.8360000000000012,0.39534678999999967
1.837000000000001,0.3951147799999997
1.8380000000000014,0.39485790568743084
1.8390000000000013,0.3945132799999994
1.8400000000000012,0.39407374999999956
1.841000000000001,0.3936728799999996
1.8420000000000014,0.3932980299999994
1.8430000000000013,0.3929220176012394
1.8440000000000012,0.39249622999999956
1.845000000000001,0.39212053999999963
1.8460000000000014,0.39179525
1.8470000000000013,0.3917852900000006
1.8480000000000012,0.3922504200000007
1.849000000000001,0.39289042000000085
1.8500000000000014,0.39362249000000105
1.8510000000000013,0.3944346900000012
1.8520000000000012,0.39536402000000137
1.853000000000001,0.396402180000001
1.8540000000000014,0.39751402000000174
1.8550000000000013,0.39880082000000183
1.8560000000000012,0.4001737046335382
1.857000000000001,0.4015200400000014
1.8580000000000014,0.4027551400000015
1.8590000000000013,0.40389389000000164
1.8600000000000012,0.40515277000000127
1.861000000000001,0.40631359255474586
1.8620000000000014,0.4074391400000015
1.8630000000000013,0.408416750000001
1.8640000000000012,0.4092991100000008
1.865000000000001,0.40998119000000055
1.8660000000000014,0.4104565824607546
1.8670000000000013,0.4107555700000001
1.8680000000000012,0.41084036
1.869000000000001,0.4108364
1.8700000000000014,0.4108056400000001
1.8710000000000013,0.4108599945645437
1.8720000000000012,0.41087612999999995
1.873000000000001,0.41084960000000004
1.8740000000000014,0.41083308999999985
1.8750000000000013,0.4107125099999998
1.8760000000000012,0.4106063199999999
1.8770000000000011,0.41052237
1.8780000000000014,0.41050577
1.8790000000000013,0.4105101236926308
1.8800000000000012,0.4105470500000002
1.8810000000000011,0.41065484000000024
1.8820000000000014,0.41083801000000014
1.8830000000000013,0.41093813999999995
1.8840000000000012,0.410914478090191
1.8850000000000011,0.41089538000000014
1.8860000000000015,0.4110352399999999
1.8870000000000013,0.41096567999999956
1.8880000000000012,0.4106752899999997
1.8890000000000011,0.4103978877402257
1.8900000000000015,0.40997397999999885
1.8910000000000013,0.409227939999999
1.8920000000000012,0.4084768599999992
1.8930000000000011,0.40789603999999957
1.8940000000000015,0.40750518908509087
1.8950000000000014,0.40719159999999976
1.8960000000000012,0.40703231000000034
1.8970000000000011,0.4072992200000003
1.8980000000000015,0.40752307000000026
1.8990000000000014,0.4077200900000003
1.9000000000000012,0.4079883400000003
1.9010000000000011,0.40819573000000003
1.9020000000000015,0.40823491999999983
1.9030000000000014,0.4081283199999997
1.9040000000000012,0.40790870999999945
1.9050000000000011,0.40741419999999917
1.9060000000000015,0.40664261999999857
1.9070000000000014,0.40570788262273594
1.9080000000000013,0.40443410999999846
1.9090000000000011,0.4030466399999983
1.9100000000000015,0.4015111299999975
1.9110000000000014,0.39990055999999763
1.9120000000000013,0.3981244942875692
1.9130000000000011,0.3963673699999982
1.9140000000000015,0.3947700299999981
1.9150000000000014,0.3933449099999987
1.9160000000000013,0.39238389999999934
1.9170000000000011,0.39182534585541384
1.9180000000000015,0.39162302000000043
1.9190000000000014,0.39197230000000066
1.9200000000000013,0.39249259000000153
1.9210000000000012,0.3936643900000012
1.9220000000000015,0.39474047239176246
1.9230000000000014,0.39585239000000144
1.9240000000000013,0.3969319500000008
1.9250000000000012,0.3976814700000003
1.9260000000000015,0.3979674600000001
1.9270000000000014,0.3980301299999999
1.9280000000000013,0.3980016999999997
1.9290000000000012,0.39772590999999935
1.9300000000000015,0.3971398160173974
1.9310000000000014,0.39649998999999875
1.9320000000000013,0.39553579999999866
1.9330000000000012,0.39454191999999894
1.9340000000000015,0.3936007299999987
1.9350000000000014,0.3925839033336653
1.9360000000000013,0.3916172399999988
1.9370000000000012,0.390738789999999
1.9380000000000015,0.3899734899999992
1.9390000000000014,0.38938715999999923
1.9400000000000013,0.38878599011698756
1.9410000000000012,0.3882764899999992
1.9420000000000015,0.387687239999999
1.9430000000000014,0.3870557499999991
1.9440000000000013,0.3863755799999989
1.9450000000000012,0.3855453630216968
1.9460000000000015,0.38469591999999864
1.9470000000000014,0.3837888199999986
1.9480000000000013,0.3829125199999989
1.9490000000000012,0.38194596999999897
1.9500000000000015,0.38097211999999875
1.9510000000000014,0.3801441199999986
1.9520000000000013,0.3792343099999991
1.9530000000000012,0.37851829440755874
1.9540000000000015,0.3780623699999994
1.9550000000000014,0.3776885299999999
1.9560000000000013,0.37761175999999985
1.9570000000000012,0.3774789600000001
1.9580000000000015,0.3775759820227976
1.9590000000000014,0.3774962099999995
1.9600000000000013,0.37713384999999944
1.9610000000000012,0.37670462999999926
1.9620000000000015,0.3761583299999987
1.9630000000000014,0.3753271331196868
1.9640000000000013,0.37434502999999864
1.9650000000000012,0.37330185999999865
1.9660000000000015,0.3721217199999977
1.9670000000000014,0.37066772999999764
1.9680000000000013,0.3691572610468934
1.9690000000000012,0.36758151999999816
1.9700000000000015,0.3659428999999973
1.9710000000000014,0.3642051199999972
1.9720000000000013,0.36242126999999774
1.9730000000000012,0.36072015999999796
1.9740000000000015,0.3588652599999969
1.9750000000000014,0.3568705899999973
1.9760000000000013,0.35485740999999726
1.9770000000000012,0.35283299999999723
1.9780000000000015,0.3507623999999972
1.9790000000000014,0.3486241399999972
1.9800000000000013,0.3465069199999971
1.9810000000000012,0.3443234269603012
1.9820000000000015,0.3419930299999963
1.9830000000000014,0.3396192199999968
1.9840000000000013,0.3371896699999967
1.9850000000000012,0.3347430199999972
1.9860000000000015,0.3322411008859072
1.9870000000000014,0.3296499599999963
1.9880000000000013,0.3272489299999975
1.9890000000000012,0.32500361999999755
1.9900000000000015,0.32280513999999677
1.9910000000000014,0.3207465358604109
1.9920000000000013,0.3187434999999973
1.9930000000000012,0.31671183999999786
1.9940000000000015,0.3147760299999972
1.9950000000000014,0.3129913799999977
1.9960000000000013,0.3112899601419836
1.9970000000000012,0.3096900599999979
1.9980000000000016,0.30811315999999794
1.9990000000000014,0.30658679999999805
2.0000000000000013,0.305115789999998
2.0010000000000012,0.30360959291241596
2.0020000000000016,0.30223871708758043
2.0030000000000014,0.30088978999999827
2.0040000000000013,0.29959259785942655
2.0050000000000012,0.29827119214057046
2.0060000000000016,0.29691707999999756
2.0070000000000014,0.29553806999999754
2.0080000000000013,0.29415047766846464
2.0090000000000012,0.2927271623315322
2.0100000000000016,0.2912637599999974
2.0110000000000015,0.28980552572685214
2.0120000000000013,0.28826279427314305
2.0130000000000012,0.28674494999999806
2.0140000000000016,0.2852814821085759
2.0150000000000015,0.2838025678914195
2.0160000000000013,0.2823410299999981
2.0170000000000012,0.280916119999998
2.0180000000000016,0.27942498871825394
2.0190000000000015,0.2779121712817414
2.0200000000000014,0.27633645999999784
2.0210000000000012,0.2747172204829014
2.0220000000000016,0.273022049517094
2.0230000000000015,0.2712958499999975
2.0240000000000014,0.2694311193071362
2.0250000000000012,0.26742419069285933
2.0260000000000016,0.26531379999999594
2.0270000000000015,0.26302629999999577
2.0280000000000014,0.26065671695830067
2.0290000000000012,0.2582490099999966
2.0300000000000016,0.2557023499999954
2.0310000000000015,0.25311273492900993
2.0320000000000014,0.2504620250709818
2.0330000000000013,0.24770971999999625
2.0340000000000016,0.2449028896950563
2.0350000000000015,0.24199984030493468
2.0360000000000014,0.23895506999999588
2.0370000000000013,0.23587156214756677
2.0380000000000016,0.23269303785242476
2.0390000000000015,0.22947087999999566
2.0400000000000014,0.22621681999999557
2.0410000000000013,0.22288648852729068
2.0420000000000016,0.21957176147270052
2.0430000000000015,0.21616786999999546
2.0440000000000014,0.21274996487002185
2.0450000000000013,0.20919866512997026
2.0460000000000016,0.20545145999999312
2.0470000000000015,0.20158169393620637
2.0480000000000014,0.19762105606378133
2.0490000000000013,0.19350115999999437
2.0500000000000016,0.1892797599999925
2.0510000000000015,0.18505770220577308
2.0520000000000014,0.18068204999999388
2.0530000000000013,0.17608671999999378
2.0540000000000016,0.17142971510697078
2.0550000000000015,0.16658078489301412
2.0560000000000014,0.16169985999999342
2.0570000000000013,0.15675840744550515
2.0580000000000016,0.15183286255448172
2.0590000000000015,0.14688185999999345
2.0600000000000014,0.14197548693560724
2.0610000000000013,0.13714484306437988
2.0620000000000016,0.13231265999999162
2.0630000000000015,0.1275973599999938
2.0640000000000014,0.12295673849329605
2.0650000000000013,0.11844167150669191
2.0660000000000016,0.11397308999999244
2.0670000000000015,0.10971769426314083
2.0680000000000014,0.10566032573684657
2.0690000000000013,0.10176429999999506
2.0700000000000016,0.09805383691691098
2.0710000000000015,0.09456300608307816
2.0720000000000014,0.09120880799999583
2.0730000000000013,0.08806914099999635
2.0740000000000016,0.08534301665852992
2.0750000000000015,0.08271960199999653
2.0760000000000014,0.08011756099999683
2.0770000000000013,0.07774041400099717
2.0780000000000016,0.07549042399899684
2.0790000000000015,0.0734329599999975
2.0800000000000014,0.07154577826254493
2.0810000000000013,0.06996840373745014
2.0820000000000016,0.06843092299999737
2.0830000000000015,0.06694378838352102
2.0840000000000014,0.0655376236164746
2.0850000000000013,0.06418747499999831
2.0860000000000016,0.06292911599999783
2.0870000000000015,0.06170744261597502
2.0880000000000014,0.06060360238402154
2.0890000000000013,0.059612828999998826
2.0900000000000016,0.0587229677631462
2.0910000000000015,0.05800059923685155
2.0920000000000014,0.05735477799999919
2.0930000000000013,0.05674627782303483
2.0940000000000016,0.056264508176963886
2.0950000000000015,0.05582924899999962
2.0960000000000014,0.055546231999999786
2.0970000000000013,0.055382401378462155
2.0980000000000016,0.055386186000000046
2.0990000000000015,0.05542152400000018
2.1000000000000014,0.05554886374025217
2.1010000000000013,0.055686266259748256
2.1020000000000016,0.05585331100000027
2.1030000000000015,0.056005225186662976
2.1040000000000014,0.05619709181333762
2.1050000000000013,0.05632549200000017
2.1060000000000016,0.0564474874068187
2.1070000000000015,0.056481555593181416
2.1080000000000014,0.05633406699999978
2.1090000000000013,0.05616925699999981
2.1100000000000017,0.05602975673865186
2.1110000000000015,0.055777143261347355
2.1120000000000014,0.055452752999999494
2.1130000000000013,0.05507396656098729
2.1140000000000017,0.054639576439011545
2.1150000000000015,0.05396482299999928
2.1160000000000014,0.05342450878184293
2.1170000000000013,0.05299232721815572
2.1180000000000017,0.05260718199999962
2.1190000000000015,0.052321016999999706
2.1200000000000014,0.05210365393801217
2.1210000000000013,0.05196303406198739
2.1220000000000017,0.051865986999999864
2.1230000000000016,0.05178773343441317
2.1240000000000014,0.05182207756558693
2.1250000000000013,0.05194239300000023
2.1260000000000017,0.05211199165307005
2.1270000000000016,0.05252852234693125
2.1280000000000014,0.05291064100000039
2.1290000000000013,0.05320379740321973
2.1300000000000017,0.05352782959678113
2.1310000000000016,0.05379519200000051
2.1320000000000014,0.054084066000000645
2.1330000000000013,0.054454243474505525
2.1340000000000017,0.054818988525495445
2.1350000000000016,0.0552431160000009
2.1360000000000015,0.055745275591982425
2.1370000000000013,0.05625119540801915
2.1380000000000017,0.05678452200000102
2.1390000000000016,0.057358876552190526
2.1400000000000015,0.057964398447811344
2.1410000000000013,0.058570258000000874
2.1420000000000017,0.05922617800000116
2.1430000000000016,0.05988435837252658
2.1440000000000015,0.06055808362747551
2.1450000000000014,0.06118825800000079
2.1460000000000017,0.06178333217446606
2.1470000000000016,0.06237507682553577
2.1480000000000015,0.06293772900000069
2.1490000000000014,0.06345734878174428
2.1500000000000017,0.06399516621825715
2.1510000000000016,0.06449031100000074
2.1520000000000015,0.06491065800000066
2.1530000000000014,0.06528627843795676
2.1540000000000017,0.06559415200000052
2.1550000000000016,0.06588283200000049
2.1560000000000015,0.06615992540122011
2.1570000000000014,0.06637393759878057
2.1580000000000017,0.06658247900000053
2.1590000000000016,0.06687826223835262
2.1600000000000015,0.06706064576164796
2.1610000000000014,0.0670540110000001
2.1620000000000017,0.0671217309122176
2.1630000000000016,0.06714085308778248
2.1640000000000015,0.06717851000000025
2.1650000000000014,0.06736443900000025
2.1660000000000017,0.06754694656968616
2.1670000000000016,0.06760264343031402
2.1680000000000015,0.06775720400000028
2.1690000000000014,0.06796532128284379
2.1700000000000017,0.06826814971715701
2.1710000000000016,0.0687046870000009
2.1720000000000015,0.06921592704169267
2.1730000000000014,0.06984634395830928
2.1740000000000017,0.0705410020000014
2.1750000000000016,0.07131841000000147
2.1760000000000015,0.07214366547445378
2.1770000000000014,0.07310391200000128
2.1780000000000017,0.07405776500000161
2.1790000000000016,0.07496330940212115
2.1800000000000015,0.07593733059788188
2.1810000000000014,0.07682213200000111
2.1820000000000017,0.07765933543601396
2.1830000000000016,0.07837369556398827
2.1840000000000015,0.07893580200000071
2.1850000000000014,0.07946231340262003
2.1860000000000017,0.07992633959738142
2.1870000000000016,0.08027372500000056
2.1880000000000015,0.08058520400000031
2.1890000000000014,0.08081212274145158
2.1900000000000017,0.08069953725854806
2.1910000000000016,0.08068008700000012
2.1920000000000015,0.08074892969226166
2.1930000000000014,0.08081585230773855
2.1940000000000017,0.08099276600000034
2.1950000000000016,0.08119034844271171
2.1960000000000015,0.08134477555728878
2.1970000000000014,0.08152252400000044
2.1980000000000017,0.08185669000000048
2.1990000000000016,0.08213148068523181
2.2000000000000015,0.08233833300000026
2.2010000000000014,0.0825359520000001
2.2020000000000017,0.08261703696860638
2.2030000000000016,0.08268672303139382
2.2040000000000015,0.08276504300000015
2.2050000000000014,0.08287810905088988
2.2060000000000017,0.08291861794911025
2.2070000000000016,0.08287189199999996
2.2080000000000015,0.08284590533623241
2.2090000000000014,0.08263926766376693
2.2100000000000017,0.08261244000000038
2.2110000000000016,0.08283373000000034
2.2120000000000015,0.08302600610148006
2.2130000000000014,0.08324702089852062
2.2140000000000017,0.08360149000000061
2.2150000000000016,0.08394731407888491
2.2160000000000015,0.08437810292111642
2.2170000000000014,0.08515250700000095
2.2180000000000017,0.0858679459418128
2.2190000000000016,0.08658736405818943
2.2200000000000015,0.0872375370000006
2.2210000000000014,0.08769789300000067
2.2220000000000018,0.08819011721187967
2.2230000000000016,0.08872223600000058
2.2240000000000015,0.08915567400000071
2.2250000000000014,0.08969054726424781
2.2260000000000018,0.09010318973575365
2.2270000000000016,0.09029202200000015
2.2280000000000015,0.09037832026064783
2.2290000000000014,0.0903609267393521
2.2300000000000018,0.09021880499999953
2.2310000000000016,0.08995629761407656
2.2320000000000015,0.08957243838592224
2.2330000000000014,0.08906043299999915
2.2340000000000018,0.08841454199999867
2.2350000000000017,0.08766316647030474
2.2360000000000015,0.08691786952969295
2.2370000000000014,0.08584605899999839
2.2380000000000018,0.08463614869225898
2.2390000000000017,0.08304307130773607
2.2400000000000015,0.08098607499999687
2.2410000000000014,0.07863021935662427
2.2420000000000018,0.07590378564336603
2.2430000000000017,0.07291040599999524
2.2440000000000015,0.06933731599999536
2.2450000000000014,0.06585332084092568
2.2460000000000018,0.06206173015906083
2.2470000000000017,0.058561667999993655
2.2480000000000016,0.05499103100879358
2.2490000000000014,0.05210111899119744
2.2500000000000018,0.049717436999996895
2.2510000000000017,0.04796659455708737
2.2520000000000016,0.047212165442910285
2.2530000000000014,0.04700142100000057
2.254000000000002,0.04742724844961158
2.2550000000000017,0.048361744550391314
2.2560000000000016,0.049946733000003546
2.2570000000000014,0.05194391300000473
2.258000000000002,0.05460302583833691
2.2590000000000017,0.05744140916167192
2.2600000000000016,0.06079739000000595
2.2610000000000015,0.06414828507868993
2.262000000000002,0.06765907192132255
2.2630000000000017,0.07097937900000588
2.2640000000000016,0.07428250945251426
2.2650000000000015,0.07723703454749493
2.266000000000002,0.07992646100000396
2.2670000000000017,0.0821608600000029
2.2680000000000016,0.08379578834263343
2.2690000000000015,0.08500921465737034
2.270000000000002,0.08576002700000042
2.2710000000000017,0.0860042696265743
2.2720000000000016,0.08576053537342494
2.2730000000000015,0.08507091599999846
2.274000000000002,0.08391463423175072
2.2750000000000017,0.08209695176824364
2.2760000000000016,0.0800033059999954
2.2770000000000015,0.07741559999999527
2.278000000000002,0.0747513754224526
2.2790000000000017,0.07146591699999516
2.2800000000000016,0.06874015899999517
2.2810000000000015,0.06601021048499993
2.282000000000002,0.0641050605149933
2.2830000000000017,0.06313707699999947
2.2840000000000016,0.06283890832633611
2.2850000000000015,0.06369217167366654
2.286000000000002,0.06483678500000363
2.2870000000000017,0.06688456600090299
2.2880000000000016,0.06885457499910314
2.2890000000000015,0.07114379100000257
2.290000000000002,0.07306567600000302
2.2910000000000017,0.0747698977975425
2.2920000000000016,0.07601787320246138
2.2930000000000015,0.0765297410000003
2.294000000000002,0.07675941815206919
2.2950000000000017,0.07651093884793005
2.2960000000000016,0.07598659399999846
2.2970000000000015,0.0751176283362311
2.298000000000002,0.07410099066376527
2.2990000000000017,0.07250053399999748
2.3000000000000016,0.07108225699999757
2.3010000000000015,0.06971835539015894
2.302000000000002,0.06851194799999859
2.3030000000000017,0.0677184239999988
2.3040000000000016,0.06704390895550794
2.3050000000000015,0.06645346404449021
2.306000000000002,0.06601549700000008
2.3070000000000017,0.06605742390711838
2.3080000000000016,0.06593649509288124
2.3090000000000015,0.06589768799999976
2.310000000000002,0.06572268563887108
2.3110000000000017,0.06501907436112642
2.3120000000000016,0.06430493999999835
2.3130000000000015,0.06337719399999889
2.314000000000002,0.06253870657298385
2.3150000000000017,0.06157443642701273
2.3160000000000016,0.06088693399999934
2.3170000000000015,0.06051493735152952
2.318000000000002,0.060398452648470075
2.3190000000000017,0.06063891900000105
2.3200000000000016,0.06122182911907761
2.3210000000000015,0.062103019880925134
2.322000000000002,0.0632723420000033
2.3230000000000017,0.06513305800000348
2.3240000000000016,0.06709268325227795
2.3250000000000015,0.069065206000003
2.326000000000002,0.07132937000000401
2.3270000000000017,0.0735909546155801
2.3280000000000016,0.0755871103844261
2.3290000000000015,0.07744313000000222
2.330000000000002,0.07911140028194627
2.3310000000000017,0.0804042197180589
2.3320000000000016,0.08145866500000172
2.3330000000000015,0.08242511231053949
2.334000000000002,0.08341821768946404
2.3350000000000017,0.08433590100000143
2.3360000000000016,0.08514528700000147
2.3370000000000015,0.08597854852649585
2.338000000000002,0.08668381347350668
2.3390000000000017,0.08749220500000193
2.3400000000000016,0.08857720495411064
2.3410000000000015,0.08948674604589217
2.342000000000002,0.09031084200000132
2.3430000000000017,0.09105294832453617
2.3440000000000016,0.09171619367546589
2.3450000000000015,0.09213790300000019
2.346000000000002,0.09228797300000036
2.3470000000000018,0.09248850698440135
2.3480000000000016,0.09235835100000002
2.3490000000000015,0.09236919900000061
2.350000000000002,0.09282994425654918
2.3510000000000018,0.09307250974345178
2.3520000000000016,0.09335726499999994
2.3530000000000015,0.09332776088432243
2.354000000000002,0.09288660411567602
2.3550000000000018,0.09228107299999874
2.3560000000000016,0.09156649717626285
2.3570000000000015,0.0903882598237335
2.358000000000002,0.08863449099999696
2.3590000000000018,0.08692498499999622
2.3600000000000017,0.08480108864726711
2.3610000000000015,0.08267756135272628
2.362000000000002,0.08063866199999682
2.3630000000000018,0.07884855713806906
2.3640000000000017,0.07677993786192451
2.3650000000000015,0.075259290999999
2.366000000000002,0.07451456274205072
2.3670000000000018,0.07409198325794758
2.3680000000000017,0.07402812700000062
2.3690000000000015,0.07450112700000137
2.370000000000002,0.07553340013407601
2.3710000000000018,0.07690474086592947
2.3720000000000017,0.0792002230000039
2.3730000000000016,0.08139264661858027
2.374000000000002,0.08385883238142851
2.3750000000000018,0.08594441400000316
2.3760000000000017,0.08771500132163786
2.3770000000000016,0.08906821767836635
2.378000000000002,0.08976706900000087
2.379000000000002,0.09024979439802033
2.3800000000000017,0.09020377460197954
2.3810000000000016,0.0900800449999996
2.382000000000002,0.0898542929999992
2.383000000000002,0.08949465001309649
2.3840000000000017,0.0889447809869018
2.3850000000000016,0.08848270799999894
2.386000000000002,0.08787788828404236
2.387000000000002,0.08747072871595603
2.3880000000000017,0.08718586000000006
2.3890000000000016,0.08721360901819679
2.390000000000002,0.08747379098180413
2.391000000000002,0.08802687400000211
2.3920000000000017,0.08921477900000234
2.3930000000000016,0.09052628014407367
2.394000000000002,0.0920677208559318
2.395000000000002,0.09369134200000369
2.3960000000000017,0.09577166943641523
2.3970000000000016,0.0973260335635896
2.398000000000002,0.09851428900000185
2.399000000000002,0.09955076840521908
2.4000000000000017,0.09962482059478116
2.4010000000000016,0.09993499500000208
2.4020000000000015,0.10110514000000076
2.403000000000002,0.1015352069933015
2.4040000000000017,0.10079367000000013
2.4050000000000016,0.10086550999999994
2.406000000000002,0.10083022377724483
2.407000000000002,0.10096799622275571
2.4080000000000017,0.10272360000000279
2.4090000000000016,0.10428638728054498
2.4100000000000015,0.10495919271945711
2.411000000000002,0.10609581000000323
2.4120000000000017,0.1079128516416741
2.4130000000000016,0.1094292683583306
2.414000000000002,0.11098788000000254
2.415000000000002,0.11242062000000232
2.4160000000000017,0.11372803053289504
2.4170000000000016,0.11473335946710808
2.4180000000000015,0.11563306000000027
2.419000000000002,0.11584393812637404
2.4200000000000017,0.11542520187362465
2.4210000000000016,0.1147623599999993
2.422000000000002,0.1143698451589677
2.423000000000002,0.11412143484103132
2.4240000000000017,0.11330029999999734
2.4250000000000016,0.11180607999999671
2.4260000000000015,0.10995841476652059
2.427000000000002,0.10781039999999666
2.4280000000000017,0.105931479999998
2.4290000000000016,0.10480901608678081
2.430000000000002,0.10366988391321515
2.431000000000002,0.1027150599999993
2.4320000000000017,0.10232414640171832
2.4330000000000016,0.10148816359827909
2.4340000000000015,0.10089621000000051
2.435000000000002,0.10128506945910866
2.4360000000000017,0.10157966054089239
2.4370000000000016,0.10283341000000418
2.438000000000002,0.10518236000000321
2.439000000000002,0.10698764610578249
2.4400000000000017,0.10924870389422553
2.4410000000000016,0.11133739000000172
2.4420000000000015,0.11230601925515202
2.443000000000002,0.11419857074485469
2.4440000000000017,0.11632732000000218
2.4450000000000016,0.11755485500800025
2.446000000000002,0.11870493499200384
2.447000000000002,0.11902105999999886
2.4480000000000017,0.11838049999999974
2.4490000000000016,0.11823527591740916
2.4500000000000015,0.11879445000000127
2.451000000000002,0.11974799000000201
2.4520000000000017,0.1208834168246384
2.4530000000000016,0.12295166317536803
2.454000000000002,0.12490784000000313
2.455000000000002,0.12666734383223713
2.4560000000000017,0.1284056661677698
2.4570000000000016,0.1298299300000026
2.4580000000000015,0.13128837812137858
2.459000000000002,0.13306959187862774
2.4600000000000017,0.1345410200000019
2.4610000000000016,0.13560647000000178
2.462000000000002,0.13660233329634244
2.463000000000002,0.1374352967036609
2.4640000000000017,0.1380138
2.4650000000000016,0.13801503825734882
2.4660000000000015,0.13819761174265174
2.467000000000002,0.13891239000000047
2.4680000000000017,0.1391758188242345
2.4690000000000016,0.13876406117576423
2.470000000000002,0.1389061399999995
2.471000000000002,0.13861885999999946
2.4720000000000018,0.13830483159984358
2.4730000000000016,0.1405208300000016
2.4740000000000015,0.141704839999998
2.475000000000002,0.14020981502999205
2.4760000000000018,0.13926011497000418
2.4770000000000016,0.1378782499999991
2.478000000000002,0.1373694979564093
2.479000000000002,0.1376490620435918
2.4800000000000018,0.13867152999999824
2.4810000000000016,0.1376913262317502
2.4820000000000015,0.13555364376824316
2.483000000000002,0.13471149999999846
2.4840000000000018,0.13384115999999602
2.4850000000000017,0.13159946745350248
2.486000000000002,0.12737400254648248
2.487000000000002,0.12409379999999401
2.4880000000000018,0.12072122723554816
2.4890000000000017,0.11779358276444273
2.4900000000000015,0.11842218000000074
2.491000000000002,0.11897549875925162
2.4920000000000018,0.12066309124075512
2.4930000000000017,0.12310704000000158
2.494000000000002,0.124293720000002
2.495000000000002,0.12542207788442142
2.4960000000000018,0.1246009221155753
2.4970000000000017,0.12689446000001442
2.4980000000000016,0.1350208883743375
2.499000000000002,0.14270463162568975
2.5000000000000018,0.14270532
2.5010000000000017,0.14270532
2.502000000000002,0.14270532
2.503000000000002,0.14270532
2.504000000000002,0.14270532
2.5050000000000017,0.14270532
2.5060000000000016,0.14270532
2.507000000000002,0.14270532
2.508000000000002,0.14270532
2.5090000000000017,0.14270532
2.510000000000002,0.14270532
2.511000000000002,0.14270532
2.512000000000002,0.14270532
2.5130000000000017,0.14270532
2.5140000000000016,0.14270532
2.515000000000002,0.14270532
2.516000000000002,0.14270532
2.5170000000000017,0.14270532
2.518000000000002,0.14270532
2.519000000000002,0.14270532
2.520000000000002,0.14270532
2.5210000000000017,0.14270532
2.5220000000000016,0.14270532
2.523000000000002,0.14270532
2.524000000000002,0.14270532
2.5250000000000017,0.14270532
2.526000000000002,0.14270532
2.527000000000002,0.14270532
2.528000000000002,0.14270532
2.5290000000000017,0.14270532
2.5300000000000016,0.14270532
2.531000000000002,0.14270532
2.532000000000002,0.14270532
2.5330000000000017,0.14270532
2.534000000000002,0.14270532
2.535000000000002,0.14270532
2.536000000000002,0.14270532
2.5370000000000017,0.14270532
2.5380000000000016,0.14270532
2.539000000000002,0.14270532
2.540000000000002,0.14270532
2.5410000000000017,0.14270532
2.542000000000002,0.14270532
2.543000000000002,0.14270532
2.544000000000002,0.14270532
2.5450000000000017,0.14270532
2.5460000000000016,0.14270532
2.547000000000002,0.14270532
2.548000000000002,0.14270532
2.5490000000000017,0.14270532
2.550000000000002,0.14270532
2.551000000000002,0.14270532
2.552000000000002,0.14270532
2.5530000000000017,0.14270532
2.5540000000000016,0.14270532
2.555000000000002,0.14270532
2.556000000000002,0.14270532
2.5570000000000017,0.14270532
2.558000000000002,0.14270532
2.559000000000002,0.14270532
2.560000000000002,0.14270532
2.5610000000000017,0.14270532
2.5620000000000016,0.14270532
2.563000000000002,0.14270532
2.564000000000002,0.14270532
2.5650000000000017,0.14270532
2.566000000000002,0.14270532
2.567000000000002,0.14270532
2.568000000000002,0.14270532
2.5690000000000017,0.14270532
2.5700000000000016,0.14270532
2.571000000000002,0.14270532
2.572000000000002,0.14270532
2.5730000000000017,0.14270532
2.574000000000002,0.14270532
2.575000000000002,0.14270532
2.576000000000002,0.14270532
2.5770000000000017,0.14270532
2.5780000000000016,0.14270532
2.579000000000002,0.14270532
2.580000000000002,0.14270532
2.5810000000000017,0.14270532
2.582000000000002,0.14270532
2.583000000000002,0.14270532
2.584000000000002,0.14270532
2.5850000000000017,0.14270532
2.5860000000000016,0.14270532
2.587000000000002,0.14270532
2.588000000000002,0.14270532
2.5890000000000017,0.14270532
2.590000000000002,0.14270532
2.591000000000002,0.14270532
2.592000000000002,0.14270532
2.5930000000000017,0.14270532
2.5940000000000016,0.14270532
2.595000000000002,0.14270532
2.596000000000002,0.14270532
2.5970000000000018,0.14270532
2.598000000000002,0.14270532
2.599000000000002,0.14270532
