wave,r
0.4,0.6787998586640267
0.401,0.6796962120691586
0.402,0.6809031279308414
0.403,0.6823905700000001
0.404,0.6837974659310406
0.405,0.68466717
0.406,0.68525863750345
0.40700000000000003,0.6860089824965501
0.40800000000000003,0.6869116479588409
0.40900000000000003,0.6877075320411592
0.41000000000000003,0.6890448300000002
0.41100000000000003,0.6901539489088109
0.41200000000000003,0.69079804
0.41300000000000003,0.6918757113807862
0.41400000000000003,0.69301379
0.41500000000000004,0.6938273355407891
0.41600000000000004,0.6943814144592109
0.41700000000000004,0.69566411
0.41800000000000004,0.6969032776083239
0.41900000000000004,0.69779021
0.42000000000000004,0.6985514305426946
0.42100000000000004,0.6996057
0.42200000000000004,0.7005792982705346
0.42300000000000004,0.7014063517294654
0.42400000000000004,0.7024156576214475
0.42500000000000004,0.7031778023785525
0.42600000000000005,0.7040191300000002
0.42700000000000005,0.7051159184960151
0.42800000000000005,0.70596552
0.42900000000000005,0.7067669691754166
0.43000000000000005,0.7076845108245836
0.43100000000000005,0.7087457290829184
0.43200000000000005,0.7096540209170817
0.43300000000000005,0.7106743500000001
0.43400000000000005,0.7117847884608154
0.43500000000000005,0.71263087
0.43600000000000005,0.713361509799404
0.43700000000000006,0.714341450200596
0.43800000000000006,0.7155762982574349
0.43900000000000006,0.7164020417425652
0.44000000000000006,0.71732956
0.44100000000000006,0.7182883504120959
0.44200000000000006,0.71908319
0.44300000000000006,0.7200356810683787
0.44400000000000006,0.7211425189316214
0.44500000000000006,0.7222143485298294
0.44600000000000006,0.7230673314701705
0.44700000000000006,0.7242027500000001
0.44800000000000006,0.7252554194733054
0.44900000000000007,0.72604424
0.45000000000000007,0.7269923192051159
0.45100000000000007,0.7279128307948841
0.45200000000000007,0.7288497200461991
0.45300000000000007,0.729854339953801
0.45400000000000007,0.7307899600000001
0.45500000000000007,0.7317050608489916
0.45600000000000007,0.73262787
0.4570000000000001,0.7335273682069179
0.4580000000000001,0.7343480600000001
0.4590000000000001,0.735299480652887
0.4600000000000001,0.7363647693471131
0.4610000000000001,0.7371763000000001
0.4620000000000001,0.7381694200687994
0.4630000000000001,0.7391842000000001
0.4640000000000001,0.7400121201862983
0.4650000000000001,0.74103075
0.4660000000000001,0.7418931172454551
0.4670000000000001,0.742617662754545
0.4680000000000001,0.7435699800324995
0.4690000000000001,0.7445732299675007
0.4700000000000001,0.7454302300000001
0.4710000000000001,0.746150269304107
0.4720000000000001,0.74708068
0.4730000000000001,0.747864906953961
0.4740000000000001,0.7485603030460392
0.4750000000000001,0.7493458478128439
0.4760000000000001,0.7501271321871563
0.4770000000000001,0.75096148
0.4780000000000001,0.7517770566095339
0.4790000000000001,0.7524380100000001
0.4800000000000001,0.7531188170415593
0.4810000000000001,0.7538229729584409
0.4820000000000001,0.7545681680238396
0.4830000000000001,0.7553705519761605
0.4840000000000001,0.7560286500000001
0.4850000000000001,0.7566673736127639
0.4860000000000001,0.7574600600000001
0.4870000000000001,0.7581267459972801
0.4880000000000001,0.75872647400272
0.4890000000000001,0.7593467268520631
0.4900000000000001,0.760031933147937
0.4910000000000001,0.7606431200000001
0.4920000000000001,0.7612514439167609
0.4930000000000001,0.7619001300000001
0.4940000000000001,0.7624808556332437
0.4950000000000001,0.7630441800000001
0.4960000000000001,0.7636644271417572
0.4970000000000001,0.7643786028582429
0.4980000000000001,0.7650409900000001
0.4990000000000001,0.7656788136217638
0.5000000000000001,0.7662961500000001
0.5010000000000001,0.7668615054181084
0.5020000000000001,0.7674033168150594
0.5030000000000001,0.7679638187899606
0.5040000000000001,0.7685507441307413
0.5050000000000001,0.7691218900000001
0.5060000000000001,0.7697941832255388
0.5070000000000001,0.770455460161692
0.5080000000000001,0.7709153808017081
0.5090000000000001,0.7714192300000001
0.5100000000000001,0.7719546656815569
0.5110000000000001,0.7725228216545339
0.5120000000000001,0.7731055483454662
0.5130000000000001,0.773536855686957
0.5140000000000001,0.7740199600000001
0.5150000000000001,0.7746848545228905
0.5160000000000001,0.7751371454273287
0.5170000000000001,0.7756513897151143
0.5180000000000001,0.7762474340395406
0.5190000000000001,0.7767304245997461
0.5200000000000001,0.7771903995695216
0.5210000000000001,0.7776688756457177
0.5220000000000001,0.7781608050807017
0.5230000000000001,0.77858543
0.5240000000000001,0.7790299747409475
0.5250000000000001,0.7795040695150195
0.5260000000000001,0.7799798204849807
0.5270000000000001,0.7804480753174532
0.5280000000000001,0.78094047
0.5290000000000001,0.7814083771072711
0.5300000000000001,0.7817637429188541
0.5310000000000001,0.7821943713874306
0.5320000000000001,0.782745894484745
0.5330000000000001,0.7833259739607397
0.5340000000000001,0.7837220484527774
0.5350000000000001,0.784144687320834
0.5360000000000001,0.7846286251606034
0.5370000000000001,0.78508586
0.5380000000000001,0.7855103642838858
0.5390000000000001,0.78593875280066
0.5400000000000001,0.7863654414662268
0.5410000000000001,0.7867245664087641
0.5420000000000001,0.78708011
0.5430000000000001,0.7874678484443779
0.5440000000000002,0.7878900673334335
0.5450000000000002,0.7882875120511206
0.5460000000000002,0.78868461
0.5470000000000002,0.7890789537670376
0.5480000000000002,0.7894556582228711
0.5490000000000002,0.789866801777129
0.5500000000000002,0.7903141355266553
0.5510000000000002,0.79077572
0.5520000000000002,0.7912305051726036
0.5530000000000002,0.7917477670703466
0.5540000000000002,0.7923167786197691
0.5550000000000002,0.7928789843779438
0.5560000000000002,0.7934166255122552
0.5570000000000002,0.7939678512386382
0.5580000000000002,0.794529783142043
0.5590000000000002,0.7950474496466966
0.5600000000000002,0.795546
0.5610000000000002,0.7960014339465395
0.5620000000000002,0.7963960874515019
0.5630000000000002,0.7967686625484981
0.5640000000000002,0.7971557361292614
0.5650000000000002,0.7975224300000001
0.5660000000000002,0.7977976250426505
0.5670000000000002,0.7980497580086996
0.5680000000000002,0.798316714660867
0.5690000000000002,0.7986097870692708
0.5700000000000002,0.7988849323359234
0.5710000000000002,0.7991185232434379
0.5720000000000002,0.7992806951348432
0.5730000000000002,0.7993642691642833
0.5740000000000002,0.79944062
0.5750000000000002,0.7995917824188242
0.5760000000000002,0.7998336655429783
0.5770000000000002,0.8001108144570218
0.5780000000000002,0.8004630164779649
0.5790000000000002,0.8009411700000001
0.5800000000000002,0.8014941279584796
0.5810000000000002,0.801892049421329
0.5820000000000002,0.802206093719114
0.5830000000000002,0.80246091
0.5840000000000002,0.8026600517071171
0.5850000000000002,0.8028307645867707
0.5860000000000002,0.803060103119844
0.5870000000000002,0.8033727368736375
0.5880000000000002,0.8036891200000001
0.5890000000000002,0.8039962130905618
0.5900000000000002,0.8043052699985002
0.5910000000000002,0.8046385533343333
0.5920000000000002,0.8049749666358663
0.5930000000000002,0.8052729427156272
0.5940000000000002,0.805544506341483
0.5950000000000002,0.8058615804877757
0.5960000000000002,0.8062411424087241
0.5970000000000002,0.8066259600000001
0.5980000000000002,0.8069322720379204
0.5990000000000002,0.8071360644630216
0.6000000000000002,0.8073592155369786
0.6010000000000002,0.8075900076920769
0.6020000000000002,0.80777597
0.6030000000000002,0.8080003925606513
0.6040000000000002,0.8082564589188541
0.6050000000000002,0.8085537540540974
0.6060000000000002,0.8088869466680667
0.6070000000000002,0.8091283418192182
0.6080000000000002,0.809310264077796
0.6090000000000002,0.8095141538833058
0.6100000000000002,0.8097739174023482
0.6110000000000002,0.8100734400000001
0.6120000000000002,0.8103631123395235
0.6130000000000002,0.8105970649030039
0.6140000000000002,0.8108422150969962
0.6150000000000002,0.8111080473416734
0.6160000000000002,0.8113840200000001
0.6170000000000002,0.8116341844322443
0.6180000000000002,0.8118557967373632
0.6190000000000002,0.8120803755084247
0.6200000000000002,0.8123410300000001
0.6210000000000002,0.8126111030977311
0.6220000000000002,0.8129208761996901
0.6230000000000002,0.8132308607004651
0.6240000000000002,0.813456587742755
0.6250000000000002,0.81367922
0.6260000000000002,0.8139245524617492
0.6270000000000002,0.814170725299835
0.6280000000000002,0.8143473864667767
0.6290000000000002,0.8145393080807809
0.6300000000000002,0.81476098
0.6310000000000002,0.814977823921804
0.6320000000000002,0.8151739141172941
0.6330000000000002,0.815414065196952
0.6340000000000002,0.81567162
0.6350000000000002,0.8158192617476175
0.6360000000000002,0.8159940238718452
0.6370000000000002,0.8161876161281549
0.6380000000000002,0.8163863980121803
0.6390000000000002,0.8166216
0.6400000000000002,0.8168136517279345
0.6410000000000002,0.8169864470859457
0.6420000000000002,0.8172226452760363
0.6430000000000002,0.8174165480609806
0.6440000000000002,0.8175919117744178
0.6450000000000002,0.8177693534592271
0.6460000000000002,0.8179423148111595
0.6470000000000002,0.8181509379137584
0.6480000000000002,0.81839013
0.6490000000000002,0.8186110313619137
0.6500000000000002,0.8187472226654934
0.6510000000000002,0.8188804973345066
0.6520000000000002,0.8190588982159822
0.6530000000000002,0.81923968
0.6540000000000002,0.819343451499615
0.6550000000000002,0.8194184338353083
0.6560000000000002,0.8195462774431278
0.6570000000000003,0.8197463179995801
0.6580000000000003,0.8199279313775137
0.6590000000000003,0.8200656826522674
0.6600000000000003,0.820198296021599
0.6610000000000003,0.8203821781611632
0.6620000000000003,0.82056594
0.6630000000000003,0.8206975509518191
0.6640000000000003,0.8207927352677367
0.6650000000000003,0.8209683264881756
0.6660000000000003,0.8211477382058822
0.6670000000000003,0.82124102
0.6680000000000003,0.8213312622624869
0.6690000000000003,0.8214443866062697
0.6700000000000003,0.8216068667503675
0.6710000000000003,0.82178718
0.6720000000000003,0.8218606108392084
0.6730000000000003,0.8219445330684773
0.6740000000000003,0.8220979569315228
0.6750000000000003,0.8222275387041871
0.6760000000000003,0.82236844
0.6770000000000003,0.8224585102914058
0.6780000000000003,0.8224876539928004
0.6790000000000003,0.8226207473381332
0.6800000000000003,0.8227498487089872
0.6810000000000003,0.822873771808418
0.6820000000000003,0.8230546125306736
0.6830000000000003,0.8231811462039899
0.6840000000000003,0.8233705762113621
0.6850000000000003,0.82362479
0.6860000000000003,0.8237291609435095
0.6870000000000003,0.8238235119395224
0.6880000000000003,0.8239204880604776
0.6890000000000003,0.8240035791690917
0.6900000000000003,0.82411486
0.6910000000000003,0.824262322399824
0.6920000000000003,0.824382310419979
0.6930000000000003,0.824396309720014
0.6940000000000003,0.8244750492125922
0.6950000000000003,0.8246272219515196
0.6960000000000003,0.8248223734950253
0.6970000000000003,0.8249971247574621
0.6980000000000003,0.8250881990892818
0.6990000000000003,0.82511717
0.7000000000000003,0.8251677212064121
0.7010000000000003,0.825288362702292
0.7020000000000003,0.8254234772977082
0.7030000000000003,0.8255191990427904
0.7040000000000003,0.82555223
0.7050000000000003,0.8255505009094091
0.7060000000000003,0.8255959729539523
0.7070000000000003,0.8256944380306985
0.7080000000000003,0.82569277
0.7090000000000003,0.8256744704715048
0.7100000000000003,0.8257216231732414
0.7110000000000003,0.825880285240138
0.7120000000000003,0.8260561782410649
0.7130000000000003,0.8262511500000002
0.7140000000000003,0.826475982444449
0.7150000000000003,0.8267204250385481
0.7160000000000003,0.826888376640968
0.7170000000000003,0.8270030588531886
0.7180000000000003,0.8271473123365234
0.7190000000000003,0.8273809635474227
0.7200000000000003,0.8275583346788661
0.7210000000000003,0.8276825475157752
0.7220000000000003,0.82782286
0.7230000000000003,0.8279321209036091
0.7240000000000003,0.8280224812349506
0.7250000000000003,0.8280842287650494
0.7260000000000003,0.8281101597406975
0.7270000000000003,0.82816619
0.7280000000000003,0.8281906794462889
0.7290000000000003,0.828135308380081
0.7300000000000003,0.828081311079946
0.7310000000000003,0.8281101597114972
0.7320000000000003,0.828188420196102
0.7330000000000003,0.8282080290522473
0.7340000000000003,0.8281606414216289
0.7350000000000003,0.8281633299730995
0.7360000000000003,0.82824206
0.7370000000000003,0.8283194312440124
0.7380000000000003,0.8284438320657174
0.7390000000000003,0.8285471179342826
0.7400000000000003,0.8285818096530965
0.7410000000000003,0.82859564
0.7420000000000003,0.8286228815974159
0.7430000000000003,0.828702753840708
0.7440000000000003,0.828830777439528
0.7450000000000003,0.82891601
0.7460000000000003,0.8289969011396116
0.7470000000000003,0.8291108633078347
0.7480000000000003,0.8292762550382481
0.7490000000000003,0.8294426783357668
0.7500000000000003,0.82952899
0.7510000000000003,0.8295626015092303
0.7520000000000003,0.8297135248564572
0.7530000000000003,0.8298754067623619
0.7540000000000003,0.830025548498585
0.7550000000000003,0.83016557
0.7560000000000003,0.8302903817891105
0.7570000000000003,0.8303798373163341
0.7580000000000003,0.8304693682093821
0.7590000000000003,0.8305831
0.7600000000000003,0.8306019903368034
0.7610000000000003,0.8306356717581298
0.7620000000000003,0.8307235782418704
0.7630000000000003,0.8307755594801948
0.7640000000000003,0.83080393
0.7650000000000003,0.8308371303624073
0.7660000000000003,0.83087336900225
0.7670000000000003,0.8308401106651667
0.7680000000000003,0.8307987504136042
0.7690000000000003,0.8308160308720088
0.7700000000000004,0.8309032307641618
0.7710000000000004,0.8309414388537574
0.7720000000000004,0.8310306691076822
0.7730000000000004,0.83113563
0.7740000000000004,0.8311151895802958
0.7750000000000004,0.8310732191216351
0.7760000000000004,0.8310293008783648
0.7770000000000004,0.8310239300537005
0.7780000000000004,0.83107996
0.7790000000000004,0.8310834795909959
0.7800000000000004,0.8310630302897856
0.7810000000000004,0.8310726898068096
0.7820000000000004,0.8310762599642997
0.7830000000000004,0.8310629098718987
0.7840000000000004,0.8310501000499975
0.7850000000000004,0.8310525999250038
0.7860000000000004,0.8310063504625093
0.7870000000000004,0.83093178
0.7880000000000004,0.8308712798783976
0.7890000000000004,0.8308591195638217
0.7900000000000004,0.8308445802907856
0.7910000000000004,0.8308786196595966
0.7920000000000004,0.83095902
0.7930000000000004,0.8309717190928453
0.7940000000000004,0.830926361360732
0.7950000000000004,0.830856321400814
0.7960000000000004,0.83079916
0.7970000000000004,0.8307503501955019
0.7980000000000004,0.8307699010883566
0.7990000000000004,0.8308243189116435
0.8000000000000004,0.8308276499666997
0.8010000000000004,0.83078492
0.8020000000000004,0.8307078494718895
0.8030000000000004,0.8306550406275687
0.8040000000000004,0.8306759595816209
0.8050000000000004,0.8306561101985019
0.8060000000000004,0.8306135497544975
0.8070000000000004,0.8305890002145891
0.8080000000000004,0.8305997296781161
0.8090000000000004,0.8305929901348014
0.8100000000000004,0.83056808
0.8110000000000004,0.8305630704089041
0.8120000000000004,0.8306039594624215
0.8130000000000004,0.8305770805375785
0.8140000000000004,0.8305554402164022
0.8150000000000004,0.8306541999999999
0.8160000000000004,0.8307446804174042
0.8170000000000004,0.8307655488681566
0.8180000000000004,0.8307278207545623
0.8190000000000004,0.8307212000662006
0.8200000000000004,0.8307468296470965
0.8210000000000004,0.8307115381262937
0.8220000000000004,0.8306178528105594
0.8230000000000004,0.8306017501610032
0.8240000000000004,0.83061528
0.8250000000000004,0.8305677190534905
0.8260000000000004,0.8304730710095597
0.8270000000000004,0.8305235489904405
0.8280000000000004,0.8306243389920899
0.8290000000000004,0.83070123
0.8300000000000004,0.8307042097723978
0.8310000000000004,0.8306928305756712
0.8320000000000004,0.8307120196162192
0.8330000000000004,0.83076936
0.8340000000000004,0.8308191300310003
0.8350000000000004,0.830822231220539
0.8360000000000004,0.8308832581691916
0.8370000000000004,0.8309810190223804
0.8380000000000004,0.83101201
0.8390000000000004,0.8310290603600072
0.8400000000000004,0.8310650619133044
0.8410000000000004,0.8311288387244637
0.8420000000000004,0.8311904693836939
0.8430000000000004,0.831241370395204
0.8440000000000004,0.83128089060197
0.8450000000000004,0.8313109890970451
0.8460000000000004,0.8313307196053961
0.8470000000000004,0.83133864
0.8480000000000004,0.8313144398497985
0.8490000000000004,0.8312994216165354
0.8500000000000004,0.8313802483834647
0.8510000000000004,0.831390559896899
0.8520000000000004,0.83132613
0.8530000000000004,0.8312579396852937
0.8540000000000004,0.8312264672641368
0.8550000000000004,0.8311352718239088
0.8560000000000004,0.830994371409014
0.8570000000000004,0.8308549483572835
0.8580000000000004,0.8306906754966251
0.8590000000000004,0.8304655067550623
0.8600000000000004,0.8301976926781535
0.8610000000000004,0.8298908499999997
0.8620000000000004,0.8294287248346481
0.8630000000000004,0.8289121887816485
0.8640000000000004,0.8283512712183511
0.8650000000000004,0.8277012165005647
0.8660000000000004,0.8270429999999998
0.8670000000000004,0.8263603869704693
0.8680000000000004,0.8257089160743961
0.8690000000000004,0.8252447292837356
0.8700000000000004,0.8251203300000001
0.8710000000000004,0.8253922554949553
0.8720000000000004,0.8259417524341786
0.8730000000000004,0.8265634613487328
0.8740000000000004,0.8274044915896321
0.8750000000000004,0.8283108500000004
0.8760000000000004,0.8291404870287409
0.8770000000000004,0.8298433556151196
0.8780000000000004,0.8303638595899208
0.8790000000000004,0.8307483761548616
0.8800000000000004,0.8310796600000001
0.8810000000000004,0.8313794132924355
0.8820000000000005,0.831544035061347
0.8830000000000005,0.8316600876789768
0.8840000000000005,0.83179682
0.8850000000000005,0.8318715700751007
0.8860000000000005,0.8318790776718931
0.8870000000000005,0.8317626723281069
0.8880000000000005,0.8315466621601215
0.8890000000000005,0.8313570599999999
0.8900000000000005,0.8310416263647271
0.8910000000000005,0.8306780995917202
0.8920000000000005,0.830331156938853
0.8930000000000005,0.8298878144334441
0.8940000000000005,0.8294996561697615
0.8950000000000005,0.8291166305948701
0.8960000000000005,0.8286463741076944
0.8970000000000005,0.828160234861397
0.8980000000000005,0.8277237399999998
0.8990000000000005,0.8273470365375653
0.9000000000000005,0.8270007938812446
0.9010000000000005,0.826694856118755
0.9020000000000005,0.8264951719968198
0.9030000000000005,0.8263401999999999
0.9040000000000005,0.8261850500668007
0.9050000000000005,0.8261883928642568
0.9060000000000005,0.8262838680904956
0.9070000000000005,0.8263623092155923
0.9080000000000005,0.8264379536418366
0.9090000000000005,0.826802139843908
0.9100000000000005,0.8272943352341385
0.9110000000000005,0.8278535544077884
0.9120000000000005,0.8285176800000005
0.9130000000000005,0.8294065711665239
0.9140000000000005,0.8305232239676021
0.9150000000000005,0.8316554773549327
0.9160000000000005,0.8325891406634071
0.9170000000000005,0.8335212500000004
0.9180000000000005,0.8344994972021402
0.9190000000000005,0.8353596041967907
0.9200000000000005,0.8359163288656889
0.9210000000000005,0.8363839400000004
0.9220000000000005,0.8368993452172524
0.9230000000000005,0.8374210672273111
0.9240000000000005,0.8377824327726893
0.9250000000000005,0.8379693581307814
0.9260000000000005,0.8381848300000001
0.9270000000000005,0.8384466826112523
0.9280000000000005,0.8387078086740666
0.9290000000000005,0.8389969442172892
0.9300000000000005,0.8391777881915821
0.9310000000000005,0.8393250724748249
0.9320000000000005,0.8395725557479128
0.9330000000000005,0.8398599513781312
0.9340000000000005,0.8400520661577617
0.9350000000000005,0.8402181900000001
0.9360000000000005,0.8404332414752148
0.9370000000000005,0.840580762376905
0.9380000000000005,0.8406996076230951
0.9390000000000005,0.8407418695773958
0.9400000000000005,0.8407434200000001
0.9410000000000005,0.8408909438732388
0.9420000000000005,0.841084601019049
0.9430000000000005,0.841118569320634
0.9440000000000005,0.8409711114746147
0.9450000000000005,0.8409626507319073
0.9460000000000005,0.8410358435940204
0.9470000000000005,0.8412155446089696
0.9480000000000005,0.8414328078273566
0.9490000000000005,0.8415744900000001
0.9500000000000005,0.8417300002444025
0.9510000000000005,0.8417544394218232
0.9520000000000005,0.8417255305781769
0.9530000000000005,0.8418729285259853
0.9540000000000005,0.8418232199999999
0.9550000000000005,0.8416388587411874
0.9560000000000005,0.8415759283788812
0.9570000000000005,0.8418552244140795
0.9580000000000005,0.84205443
0.9590000000000005,0.8420280190588906
0.9600000000000005,0.8419339126152693
0.9610000000000005,0.8420646760770962
0.9620000000000005,0.842199858648173
0.9630000000000005,0.84221935
0.9640000000000005,0.8421301193073861
0.9650000000000005,0.8420608610889456
0.9660000000000005,0.8420971592740363
0.9670000000000005,0.8421826991445914
0.9680000000000005,0.8420576974149739
0.9690000000000005,0.841799204081596
0.9700000000000005,0.8420032838776061
0.9710000000000005,0.8420100798641986
0.9720000000000005,0.8418178599999999
0.9730000000000005,0.8416911408738088
0.9740000000000005,0.8417785183822646
0.9750000000000005,0.8416976316177353
0.9760000000000005,0.8415620313560135
0.9770000000000005,0.84150404
0.9780000000000005,0.8415586910008201
0.9790000000000005,0.8416587609470525
0.9800000000000005,0.841356996035298
0.9810000000000005,0.8410036035339351
0.9820000000000005,0.8410924650074498
0.9830000000000005,0.8405932156562171
0.9840000000000005,0.8403760265156741
0.9850000000000005,0.8404757990021801
0.9860000000000005,0.8403162399999998
0.9870000000000005,0.83983957900159
0.9880000000000005,0.839739741850126
0.9890000000000005,0.839832248149874
0.9900000000000005,0.8396151721708216
0.9910000000000005,0.83916527
0.9920000000000005,0.8390656664665646
0.9930000000000005,0.8388889899799008
0.9940000000000005,0.8385549866800658
0.9950000000000006,0.83858335
0.9960000000000006,0.8385215383256832
0.9970000000000006,0.8383541031697413
0.9980000000000006,0.8380125902453875
0.9990000000000006,0.8376673534523689
1.0000000000000004,0.83778101
1.0010000000000006,0.83781642
1.0020000000000007,0.83781719
1.0030000000000006,0.83775395
1.0040000000000004,0.8377860023527647
1.0050000000000006,0.8376095299999998
1.0060000000000007,0.8373389199999998
1.0070000000000006,0.8370463799999998
1.0080000000000005,0.8364993899999998
1.0090000000000006,0.8361780949455053
1.0100000000000007,0.8359275499999999
1.0110000000000006,0.83576769
1.0120000000000005,0.8357317399999998
1.0130000000000006,0.8355931599999998
1.0140000000000007,0.8353986894470552
1.0150000000000006,0.83535856
1.0160000000000005,0.8354228700000002
1.0170000000000006,0.83561254
1.0180000000000007,0.8356930600000001
1.0190000000000006,0.8358210172042796
1.0200000000000005,0.8360264900000001
1.0210000000000006,0.8361682900000001
1.0220000000000007,0.8364149900000003
1.0230000000000006,0.8369585300000002
1.0240000000000005,0.8372229900000001
1.0250000000000006,0.83736259
1.0260000000000007,0.8374042500000001
1.0270000000000006,0.8375502200000001
1.0280000000000005,0.8378087300000001
1.0290000000000006,0.8380267600000001
1.0300000000000007,0.8383106000000001
1.0310000000000006,0.8385417500000001
1.0320000000000005,0.8386899287021298
1.0330000000000006,0.83877695
1.0340000000000007,0.8388548500000002
1.0350000000000006,0.8389953400000001
1.0360000000000005,0.83908671
1.0370000000000006,0.8392084372782722
1.0380000000000007,0.8393812200000001
1.0390000000000006,0.8395301100000001
1.0400000000000005,0.83973289
1.0410000000000006,0.8397993399999999
1.0420000000000007,0.8396675131826815
1.0430000000000006,0.8397188199999999
1.0440000000000005,0.8396199299999999
1.0450000000000006,0.83945537
1.0460000000000007,0.83951563
1.0470000000000006,0.8395149700659934
1.0480000000000005,0.83944094
1.0490000000000006,0.8393964799999999
1.0500000000000007,0.8391235499999997
1.0510000000000006,0.8386945099999997
1.0520000000000005,0.8382801999999996
1.0530000000000006,0.8376348599999996
1.0540000000000007,0.8371663099999999
1.0550000000000006,0.8369947483241674
1.0560000000000005,0.83677799
1.0570000000000006,0.8368331800000002
1.0580000000000007,0.8370969900000002
1.0590000000000006,0.8372714500000001
1.0600000000000005,0.8374240624747527
1.0610000000000006,0.8376488100000001
1.0620000000000007,0.8377986
1.0630000000000006,0.83786386
1.0640000000000005,0.8378057500000001
1.0650000000000006,0.8379421663583643
1.0660000000000007,0.8380673500000001
1.0670000000000006,0.8382440800000002
1.0680000000000005,0.8386484400000002
1.0690000000000006,0.8388573500000001
1.0700000000000007,0.839000445690431
1.0710000000000006,0.8390344999999999
1.0720000000000005,0.83910489
1.0730000000000006,0.83921468
1.0740000000000007,0.8391829699999999
1.0750000000000006,0.8390369999999999
1.0760000000000005,0.8389282799999999
1.0770000000000006,0.8387646699999999
1.0780000000000007,0.8385999768173182
1.0790000000000006,0.83856815
1.0800000000000005,0.83854413
1.0810000000000006,0.8385806099999998
1.0820000000000007,0.8384878
1.0830000000000006,0.8383519513828617
1.0840000000000005,0.83826578
1.0850000000000006,0.8381542599999998
1.0860000000000007,0.83788973
1.0870000000000006,0.83784324
1.0880000000000005,0.8378853157924209
1.0890000000000006,0.83776575
1.0900000000000007,0.8377074599999998
1.0910000000000006,0.8375718599999998
1.0920000000000005,0.83740485
1.0930000000000006,0.8373150289821018
1.0940000000000007,0.83725911
1.0950000000000006,0.83726138
1.0960000000000005,0.8372118499999999
1.0970000000000006,0.8371225599999998
1.0980000000000008,0.8370101499999999
1.0990000000000006,0.8368667999999999
1.1000000000000005,0.8366545399999998
1.1010000000000006,0.8364933699999999
1.1020000000000008,0.8363903199999998
1.1030000000000006,0.8361031399999997
1.1040000000000005,0.8358010599999999
1.1050000000000006,0.8354962499999998
1.1060000000000008,0.8351899769773021
1.1070000000000007,0.8349597499999998
1.1080000000000005,0.8345666499999996
1.1090000000000007,0.8341487099999998
1.1100000000000008,0.8337641399999997
1.1110000000000007,0.8332377731426853
1.1120000000000005,0.8326691999999996
1.1130000000000007,0.8320378699999994
1.1140000000000008,0.8312601999999992
1.1150000000000007,0.8303046799999994
1.1160000000000005,0.8292261878492144
1.1170000000000007,0.8281536699999992
1.1180000000000008,0.8269519799999988
1.1190000000000007,0.825545249999999
1.1200000000000006,0.8240655699999994
1.1210000000000007,0.8224566408929098
1.1220000000000008,0.8207461799999988
1.1230000000000007,0.8189856399999987
1.1240000000000006,0.8171177499999991
1.1250000000000007,0.8152177899999987
1.1260000000000008,0.8132464299999981
1.1270000000000007,0.8111622299999984
1.1280000000000006,0.8088716899999984
1.1290000000000007,0.8063911539576023
1.1300000000000008,0.8037307299999974
1.1310000000000007,0.8008345399999981
1.1320000000000006,0.7979643899999986
1.1330000000000007,0.794981419999998
1.1340000000000008,0.7920544889860994
1.1350000000000007,0.7892443499999985
1.1360000000000006,0.7868378199999987
1.1370000000000007,0.784917119999999
1.1380000000000008,0.7833800899999991
1.1390000000000007,0.7823394340655928
1.1400000000000006,0.78189307
1.1410000000000007,0.7819522000000003
1.1420000000000008,0.7823947100000007
1.1430000000000007,0.7833114300000008
1.1440000000000006,0.7844268784551552
1.1450000000000007,0.7855953600000009
1.1460000000000008,0.7869539900000012
1.1470000000000007,0.7883806800000008
1.1480000000000006,0.7897897400000009
1.1490000000000007,0.791196110000001
1.1500000000000008,0.7926823500000012
1.1510000000000007,0.7940386500000007
1.1520000000000006,0.7951653000000005
1.1530000000000007,0.7961266600000003
1.1540000000000008,0.7967061400000001
1.1550000000000007,0.7968091999999998
1.1560000000000006,0.7965341799999994
1.1570000000000007,0.7957711625417448
1.1580000000000008,0.7943965799999986
1.1590000000000007,0.7927350399999986
1.1600000000000006,0.7908175599999987
1.1610000000000007,0.7888266399999989
1.1620000000000008,0.7871099899720015
1.1630000000000007,0.7855097099999991
1.1640000000000006,0.7841301599999996
1.1650000000000007,0.7830293199999993
1.1660000000000008,0.7818396699999991
1.1670000000000007,0.7807921047565237
1.1680000000000006,0.7795389899999992
1.1690000000000007,0.778284249999999
1.1700000000000008,0.7767677899999984
1.1710000000000007,0.7750351399999987
1.1720000000000006,0.773215951918807
1.1730000000000007,0.7712857099999988
1.1740000000000008,0.7693706199999988
1.1750000000000007,0.7675042699999989
1.1760000000000006,0.7657547599999989
1.1770000000000007,0.7640317099999989
1.1780000000000008,0.7622828499999985
1.1790000000000007,0.7606161799999988
1.1800000000000006,0.7588357242365753
1.1810000000000007,0.7569780899999988
1.1820000000000008,0.7551900099999985
1.1830000000000007,0.7535991699999988
1.1840000000000006,0.7517528499999996
1.1850000000000007,0.7507998029567037
1.1860000000000008,0.7499293700000003
1.1870000000000007,0.7501568800000007
1.1880000000000006,0.7510881400000012
1.1890000000000007,0.7528423700000019
1.1900000000000008,0.7556296812688754
1.1910000000000007,0.7592383000000039
1.1920000000000006,0.7635967100000032
1.1930000000000007,0.7684275500000033
1.1940000000000008,0.7733827200000043
1.1950000000000007,0.7782368545865453
1.1960000000000006,0.7828467500000028
1.1970000000000007,0.7870356400000024
1.1980000000000008,0.7905193600000027
1.1990000000000007,0.7935625900000016
1.2000000000000006,0.7960228300000013
1.2010000000000007,0.7980650700000018
1.2020000000000008,0.8000844100000015
1.2030000000000007,0.8018121676102403
1.2040000000000006,0.8035882700000011
1.2050000000000007,0.8052548800000011
1.2060000000000008,0.8069483600000015
1.2070000000000007,0.8086333300000011
1.2080000000000006,0.8102579484671544
1.2090000000000007,0.811842620000001
1.2100000000000009,0.813284280000001
1.2110000000000007,0.814470350000001
1.2120000000000006,0.8155528900000005
1.2130000000000007,0.8164064046485359
1.2140000000000009,0.8169807800000003
1.2150000000000007,0.8173894300000001
1.2160000000000006,0.81753045
1.2170000000000007,0.81754112
1.2180000000000009,0.817587315380462
1.2190000000000007,0.8174946299999999
1.2200000000000006,0.8172875599999999
1.2210000000000008,0.8170716199999996
1.2220000000000009,0.8166305999999998
1.2230000000000008,0.8164274699999999
1.2240000000000006,0.81627595
1.2250000000000008,0.8162846
1.2260000000000009,0.8164196000000002
1.2270000000000008,0.8166993300000002
1.2280000000000006,0.8171067200000002
1.2290000000000008,0.8175109600000003
1.2300000000000009,0.8179691400000004
1.2310000000000008,0.8184417335966406
1.2320000000000007,0.8188777000000003
1.2330000000000008,0.8193031000000003
1.2340000000000009,0.8197081100000003
1.2350000000000008,0.8200370100000002
1.2360000000000007,0.8203296925457456
1.2370000000000008,0.8205551500000001
1.2380000000000009,0.8207435000000002
1.2390000000000008,0.82096291
1.2400000000000007,0.82103199
1.2410000000000008,0.8209781653824617
1.2420000000000009,0.8209223699999998
1.2430000000000008,0.8207340799999999
1.2440000000000007,0.8206073599999999
1.2450000000000008,0.8204761699999998
1.2460000000000009,0.8203626413528646
1.2470000000000008,0.82022566
1.2480000000000007,0.82017386
1.2490000000000008,0.82016498
1.2500000000000009,0.82017523
1.2510000000000008,0.8202285800000001
1.2520000000000007,0.8203213800000001
1.2530000000000008,0.8204972700000001
1.254000000000001,0.8206492108939106
1.2550000000000008,0.8206581499999999
1.2560000000000007,0.8205910299999999
1.2570000000000008,0.8204139499999998
1.258000000000001,0.8202120699999998
1.2590000000000008,0.8200859395060494
1.2600000000000007,0.8200809999999998
1.2610000000000008,0.8199352599999999
1.262000000000001,0.8197659899999998
1.2630000000000008,0.8195541499999998
1.2640000000000007,0.8192994254724526
1.2650000000000008,0.8189993499999997
1.266000000000001,0.8186252699999996
1.2670000000000008,0.8182479699999998
1.2680000000000007,0.8178622099999997
1.2690000000000008,0.8173931069103085
1.270000000000001,0.8168565599999995
1.2710000000000008,0.8163347799999994
1.2720000000000007,0.8156411099999995
1.2730000000000008,0.8148925899999995
1.274000000000001,0.8142054099999994
1.2750000000000008,0.8134868699999994
1.2760000000000007,0.8128202599999995
1.2770000000000008,0.8121605499999995
1.278000000000001,0.8114564999999994
1.2790000000000008,0.8107768299999997
1.2800000000000007,0.8101935999999996
1.2810000000000008,0.8096722999999997
1.282000000000001,0.8091617949135083
1.2830000000000008,0.8087109299999998
1.2840000000000007,0.8083177199999998
1.2850000000000008,0.8079417299999997
1.286000000000001,0.8075948399999998
1.2870000000000008,0.8073472132936704
1.2880000000000007,0.8070801499999998
1.2890000000000008,0.8067812899999999
1.290000000000001,0.8065646299999999
1.2910000000000008,0.8064485799999997
1.2920000000000007,0.8062606687911208
1.2930000000000008,0.8060601899999998
1.294000000000001,0.8058577799999997
1.2950000000000008,0.8055958199999997
1.2960000000000007,0.8052958299999998
1.2970000000000008,0.805002059377062
1.298000000000001,0.8046966799999997
1.2990000000000008,0.8043446499999998
1.3000000000000007,0.8040303599999998
1.3010000000000008,0.8037457499999998
1.302000000000001,0.8034756799999998
1.3030000000000008,0.8032365999999999
1.3040000000000007,0.8030626199999998
1.3050000000000008,0.8028594755764422
1.306000000000001,0.8027152399999998
1.3070000000000008,0.8024808799999997
1.3080000000000007,0.8021869699999998
1.3090000000000008,0.8018816099999998
1.310000000000001,0.8015399251704827
1.3110000000000008,0.8011916299999997
1.3120000000000007,0.8008465199999997
1.3130000000000008,0.8004535999999998
1.314000000000001,0.8000414999999995
1.3150000000000008,0.7995630978402156
1.3160000000000007,0.7990585599999995
1.3170000000000008,0.7985899999999995
1.318000000000001,0.7980968399999996
1.3190000000000008,0.7975773799999994
1.3200000000000007,0.7970012976082388
1.3210000000000008,0.7963934499999995
1.322000000000001,0.7958750099999995
1.3230000000000008,0.7953601499999997
1.3240000000000007,0.7948623299999997
1.3250000000000008,0.7944577299999995
1.326000000000001,0.7939887599999994
1.3270000000000008,0.7934674599999996
1.3280000000000007,0.7929778791030894
1.3290000000000008,0.7924689099999995
1.330000000000001,0.7920165699999997
1.3310000000000008,0.7916208499999997
1.3320000000000007,0.7911999199999996
1.3330000000000009,0.7908392062613735
1.334000000000001,0.7904018199999996
1.3350000000000009,0.7899103199999996
1.3360000000000007,0.7893962299999996
1.3370000000000009,0.7889047299999995
1.338000000000001,0.7883061798550138
1.3390000000000009,0.7876232299999995
1.3400000000000007,0.7869498099999995
1.3410000000000009,0.7862467799999994
1.342000000000001,0.7854598199999991
1.3430000000000009,0.7846252534566536
1.3440000000000007,0.7836709599999993
1.3450000000000009,0.7825023499999988
1.346000000000001,0.7811338299999984
1.3470000000000009,0.7796285199999985
1.3480000000000008,0.7779176199999988
1.3490000000000009,0.7760202299999981
1.350000000000001,0.773944019999998
1.3510000000000009,0.7717311399999978
1.3520000000000008,0.7692808499999978
1.3530000000000009,0.7668358099999982
1.354000000000001,0.7641825699999978
1.3550000000000009,0.7616915699999977
1.3560000000000008,0.7590310140725911
1.3570000000000009,0.756771739999998
1.358000000000001,0.7545028899999985
1.3590000000000009,0.7527950999999988
1.3600000000000008,0.7514448799999993
1.3610000000000009,0.750419445264473
1.362000000000001,0.7498720899999995
1.3630000000000009,0.7494427599999999
1.3640000000000008,0.74932796
1.3650000000000009,0.74931896
1.366000000000001,0.7493451773782622
1.3670000000000009,0.7493532899999997
1.3680000000000008,0.7491013999999996
1.3690000000000009,0.748479249999999
1.370000000000001,0.7473808499999987
1.3710000000000009,0.7459340346815306
1.3720000000000008,0.743926699999998
1.3730000000000009,0.7417989999999985
1.374000000000001,0.7397127699999984
1.3750000000000009,0.737844049999999
1.3760000000000008,0.7367371899999994
1.377000000000001,0.7360215199999999
1.378000000000001,0.7359333600000006
1.379000000000001,0.7366321793310675
1.3800000000000008,0.7373254900000012
1.381000000000001,0.7386641500000007
1.382000000000001,0.7395812300000012
1.383000000000001,0.7406848700000006
1.3840000000000008,0.741369700312969
1.385000000000001,0.7417728300000004
1.386000000000001,0.74211168
1.387000000000001,0.7421310500000002
1.3880000000000008,0.7423043300000001
1.389000000000001,0.7424486755654436
1.390000000000001,0.7426351300000003
1.391000000000001,0.7428456500000002
1.3920000000000008,0.7430956400000002
1.393000000000001,0.7433547400000002
1.394000000000001,0.7436405714168586
1.395000000000001,0.7440263600000004
1.3960000000000008,0.7445352100000006
1.397000000000001,0.7451257700000007
1.398000000000001,0.7457419000000006
1.399000000000001,0.7464686000000007
1.4000000000000008,0.747339790000001
1.4010000000000007,0.7484205400000009
1.402000000000001,0.7496741400000014
1.403000000000001,0.7509639900000014
1.4040000000000008,0.7524348500000009
1.4050000000000007,0.753835860000001
1.406000000000001,0.7552822200000016
1.407000000000001,0.7566867125477466
1.4080000000000008,0.7581121900000009
1.4090000000000007,0.7595089700000008
1.410000000000001,0.7608491200000016
1.411000000000001,0.7622453000000013
1.4120000000000008,0.7637170745735437
1.4130000000000007,0.765062810000001
1.414000000000001,0.766532780000001
1.415000000000001,0.7676634200000009
1.4160000000000008,0.7686727000000007
1.4170000000000007,0.7694071365563449
1.418000000000001,0.7698702200000003
1.419000000000001,0.7701772500000001
1.4200000000000008,0.7702532399999998
1.4210000000000007,0.7701903599999997
1.422000000000001,0.769853203715628
1.423000000000001,0.7695246899999996
1.4240000000000008,0.7690643699999997
1.4250000000000007,0.7685760899999997
1.426000000000001,0.7680435799999994
1.427000000000001,0.7675272799999994
1.4280000000000008,0.7669693799999997
1.4290000000000007,0.7664771099999997
1.430000000000001,0.7662018391240875
1.431000000000001,0.7660930800000001
1.4320000000000008,0.7662539500000003
1.4330000000000007,0.7666026900000004
1.434000000000001,0.7671322800000004
1.435000000000001,0.7676638201329871
1.4360000000000008,0.7680651500000004
1.4370000000000007,0.7685676800000001
1.438000000000001,0.7687026899999999
1.439000000000001,0.7686171499999999
1.4400000000000008,0.7684610056144384
1.4410000000000007,0.7680029299999998
1.442000000000001,0.7677159299999996
1.443000000000001,0.7673394099999998
1.4440000000000008,0.7671476599999999
1.4450000000000007,0.7669797067953203
1.446000000000001,0.7670356000000002
1.447000000000001,0.7672423700000003
1.4480000000000008,0.7675665600000003
1.4490000000000007,0.7681329300000004
1.450000000000001,0.7686487400000007
1.451000000000001,0.7692894300000007
1.4520000000000008,0.7698450100000006
1.4530000000000007,0.7704218510288975
1.454000000000001,0.7709321400000005
1.455000000000001,0.7714310300000004
1.4560000000000008,0.7718426600000003
1.4570000000000007,0.7721988000000003
1.458000000000001,0.7724557061453857
1.459000000000001,0.7726171600000001
1.4600000000000009,0.7727229
1.4610000000000007,0.77277106
1.462000000000001,0.7727463799999997
1.463000000000001,0.772510913546645
1.4640000000000009,0.7721472399999996
1.4650000000000007,0.7716495999999997
1.466000000000001,0.7711453399999996
1.467000000000001,0.7707202999999996
1.4680000000000009,0.7703561564143583
1.4690000000000007,0.7700925499999999
1.470000000000001,0.76989728
1.471000000000001,0.7699397200000002
1.4720000000000009,0.7701820700000004
1.4730000000000008,0.7705668800000003
1.474000000000001,0.7711119100000007
1.475000000000001,0.7716855400000006
1.4760000000000009,0.7723420900000006
1.4770000000000008,0.7730510200000007
1.478000000000001,0.7738548500000008
1.479000000000001,0.7746828800000009
1.4800000000000009,0.7756305900000008
1.4810000000000008,0.7764667563643642
1.482000000000001,0.7773304000000008
1.483000000000001,0.7780747400000005
1.4840000000000009,0.7787575700000006
1.4850000000000008,0.7793552300000003
1.486000000000001,0.7798594071902816
1.487000000000001,0.7803313100000004
1.4880000000000009,0.7807286400000002
1.4890000000000008,0.7810737500000002
1.490000000000001,0.7813950800000002
1.491000000000001,0.7816384756604342
1.4920000000000009,0.7817972900000001
1.4930000000000008,0.78191257
1.494000000000001,0.78196776
1.495000000000001,0.7819694299999999
1.4960000000000009,0.7818625106919307
1.4970000000000008,0.7818069499999999
1.498000000000001,0.78172135
1.499000000000001,0.7816624
1.5000000000000009,0.78165829
1.5010000000000008,0.78160071
1.5020000000000011,0.7815649499999998
1.503000000000001,0.7814235099999999
1.504000000000001,0.7812413990390958
1.5050000000000008,0.7810317899999997
1.5060000000000011,0.7806582499999996
1.507000000000001,0.7802438699999993
1.508000000000001,0.7796600499999994
1.5090000000000008,0.7788970273602633
1.5100000000000011,0.778070629999999
1.511000000000001,0.777176919999999
1.512000000000001,0.776284869999999
1.5130000000000008,0.7753702399999993
1.5140000000000011,0.7744198150424948
1.515000000000001,0.7734169399999988
1.516000000000001,0.7723439299999991
1.5170000000000008,0.7712930999999991
1.5180000000000011,0.7702484699999987
1.519000000000001,0.7691749173552633
1.520000000000001,0.768117189999999
1.5210000000000008,0.767031549999999
1.5220000000000011,0.7658721799999985
1.523000000000001,0.764726399999999
1.524000000000001,0.763629499999999
1.5250000000000008,0.762562389999999
1.5260000000000011,0.7614393799999988
1.527000000000001,0.7603641699999987
1.528000000000001,0.7592049199999988
1.5290000000000008,0.7579492899999992
1.5300000000000011,0.7567237599999986
1.531000000000001,0.7555125399999986
1.532000000000001,0.7542368674162571
1.5330000000000008,0.7529110299999991
1.5340000000000011,0.7515944799999985
1.535000000000001,0.7502664899999985
1.536000000000001,0.7488934399999988
1.5370000000000008,0.7475414631846804
1.5380000000000011,0.7460733099999983
1.539000000000001,0.7445297199999985
1.540000000000001,0.7429217699999985
1.5410000000000008,0.7411926999999984
1.5420000000000011,0.7394917500949888
1.543000000000001,0.7378048899999985
1.544000000000001,0.7360015499999983
1.5450000000000008,0.7341580999999984
1.5460000000000012,0.7322552199999978
1.547000000000001,0.7302444210798898
1.548000000000001,0.7282081199999981
1.5490000000000008,0.7261278599999985
1.5500000000000012,0.7240123699999975
1.551000000000001,0.7218196399999975
1.552000000000001,0.7196187999999976
1.5530000000000008,0.7173870199999985
1.5540000000000012,0.7151785499999975
1.555000000000001,0.7129301001289851
1.556000000000001,0.710731389999998
1.5570000000000008,0.7085066399999981
1.5580000000000012,0.7064003899999978
1.559000000000001,0.7043765799999983
1.560000000000001,0.7023920308099172
1.5610000000000008,0.7005001299999983
1.5620000000000012,0.6986368899999975
1.563000000000001,0.6968165599999985
1.564000000000001,0.6950079199999983
1.5650000000000008,0.6931265681351849
1.5660000000000012,0.6912712499999975
1.567000000000001,0.6893247399999978
1.568000000000001,0.6872902499999982
1.5690000000000008,0.6853405799999983
1.5700000000000012,0.6834231117468229
1.571000000000001,0.6815223699999979
1.572000000000001,0.679629799999998
1.5730000000000008,0.6777311599999988
1.5740000000000012,0.675819399999998
1.575000000000001,0.6739156199999979
1.576000000000001,0.6720413599999979
1.5770000000000008,0.6701435399999982
1.5780000000000012,0.6682049416558321
1.579000000000001,0.6662214999999978
1.580000000000001,0.6642126999999982
1.5810000000000008,0.6621818499999982
1.5820000000000012,0.6601281199999972
1.583000000000001,0.6580561103499626
1.584000000000001,0.6559596099999981
1.5850000000000009,0.6538075199999981
1.5860000000000012,0.6517035399999973
1.587000000000001,0.6497396199999979
1.588000000000001,0.6477902649355044
1.5890000000000009,0.6458849299999984
1.5900000000000012,0.6440518499999979
1.591000000000001,0.642174779999998
1.592000000000001,0.6403747799999983
1.5930000000000009,0.6387368337946192
1.5940000000000012,0.6371431399999984
1.595000000000001,0.6356043199999984
1.596000000000001,0.6341804899999985
1.5970000000000009,0.6328491599999989
1.5980000000000012,0.6315961499999987
1.599000000000001,0.6304281399999987
1.600000000000001,0.629276809999999
1.6010000000000009,0.6282029699999991
1.6020000000000012,0.6272137799999988
1.603000000000001,0.6262755999999992
1.604000000000001,0.6253554199999992
1.6050000000000009,0.6244221299999992
1.6060000000000012,0.6235260116918298
1.607000000000001,0.6226429299999992
1.608000000000001,0.6218306999999992
1.6090000000000009,0.6210005299999992
1.6100000000000012,0.620105089999999
1.611000000000001,0.619248663539645
1.612000000000001,0.618384059999999
1.6130000000000009,0.6174665099999994
1.6140000000000012,0.616576309999999
1.615000000000001,0.6156803399999989
1.616000000000001,0.6146681112228767
1.6170000000000009,0.6136586099999991
1.6180000000000012,0.6126247599999988
1.619000000000001,0.6115229099999988
1.620000000000001,0.610449189999999
1.6210000000000009,0.6093663482841706
1.6220000000000012,0.6083238699999985
1.623000000000001,0.607270839999999
1.624000000000001,0.606108729999999
1.6250000000000009,0.604967829999999
1.6260000000000012,0.6038092999999984
1.6270000000000011,0.6025521199999985
1.628000000000001,0.6013508399999989
1.629000000000001,0.6001130125777409
1.6300000000000012,0.5987387899999981
1.6310000000000011,0.5973220499999985
1.632000000000001,0.5958924899999983
1.633000000000001,0.5943881899999987
1.6340000000000012,0.5928439244835499
1.6350000000000011,0.5913887599999983
1.636000000000001,0.5899363199999984
1.637000000000001,0.5884920399999986
1.6380000000000012,0.5871580799999986
1.6390000000000011,0.5858219436136373
1.640000000000001,0.5845328599999987
1.641000000000001,0.583335099999999
1.6420000000000012,0.5821832999999988
1.6430000000000011,0.5812259899999991
1.644000000000001,0.5804080617928199
1.645000000000001,0.5797564999999996
1.6460000000000012,0.5792330499999994
1.6470000000000011,0.5787217599999993
1.648000000000001,0.5782569599999996
1.649000000000001,0.5778149399999996
1.6500000000000012,0.5773081199999992
1.6510000000000011,0.5766889999999992
1.652000000000001,0.575944239999999
1.653000000000001,0.575031099999999
1.6540000000000012,0.5739547599999986
1.6550000000000011,0.5727037799999983
1.656000000000001,0.571197389999998
1.657000000000001,0.569349731500848
1.6580000000000013,0.5672647399999974
1.6590000000000011,0.5648686299999971
1.660000000000001,0.5622888199999969
1.661000000000001,0.5595210199999975
1.6620000000000013,0.5567050993030667
1.6630000000000011,0.5540981299999973
1.664000000000001,0.5516779999999982
1.665000000000001,0.5496635399999986
1.6660000000000013,0.5481125099999986
1.6670000000000011,0.5470661346375352
1.668000000000001,0.5463337299999997
1.669000000000001,0.5460391
1.6700000000000013,0.5460054899999999
1.6710000000000012,0.5459430199999998
1.672000000000001,0.5458208422177782
1.673000000000001,0.545338209999999
1.6740000000000013,0.544240059999998
1.6750000000000012,0.5424485799999973
1.676000000000001,0.5400865099999965
1.677000000000001,0.5369796799999961
1.6780000000000013,0.533506329999996
1.6790000000000012,0.529861089999996
1.680000000000001,0.5262300693650606
1.681000000000001,0.5230237199999976
1.6820000000000013,0.5204303899999977
1.6830000000000012,0.5187187199999989
1.684000000000001,0.5176951299999998
1.685000000000001,0.5174044902969702
1.6860000000000013,0.5173074599999995
1.6870000000000012,0.5168654899999986
1.688000000000001,0.515807329999998
1.689000000000001,0.5135194099999969
1.6900000000000013,0.5099934925917363
1.6910000000000012,0.5051492499999928
1.692000000000001,0.49972614999999393
1.693000000000001,0.494290229999996
1.6940000000000013,0.4898200599999966
1.6950000000000012,0.4872812738786089
1.696000000000001,0.48688936000000266
1.697000000000001,0.4892913700000054
1.6980000000000013,0.49412671000000774
1.6990000000000012,0.5010691300000089
1.700000000000001,0.5090889900000093
1.701000000000001,0.517525370000009
1.7020000000000013,0.5256606900000096
1.7030000000000012,0.5327912608259244
1.704000000000001,0.5387995200000052
1.705000000000001,0.543457690000003
1.7060000000000013,0.5467872000000026
1.7070000000000012,0.5488111400000018
1.708000000000001,0.5501324532886719
1.709000000000001,0.5507653400000001
1.7100000000000013,0.5508961699999999
1.7110000000000012,0.5508521199999996
1.712000000000001,0.5506264599999997
1.713000000000001,0.5503623764083588
1.7140000000000013,0.5501544499999997
1.7150000000000012,0.5499908899999999
1.716000000000001,0.5498548699999999
1.717000000000001,0.5497440699999998
1.7180000000000013,0.5495212322837714
1.7190000000000012,0.5491025399999993
1.720000000000001,0.5483534899999986
1.721000000000001,0.5470425499999978
1.7220000000000013,0.5450118199999964
1.7230000000000012,0.5422891399999963
1.724000000000001,0.5390144599999958
1.725000000000001,0.5351878399999963
1.7260000000000013,0.5310904399999945
1.7270000000000012,0.5269617399999944
1.728000000000001,0.5227556199999969
1.729000000000001,0.5192979599999973
1.7300000000000013,0.516351279999997
1.7310000000000012,0.5140631342855695
1.732000000000001,0.5124059899999988
1.733000000000001,0.5112677799999995
1.7340000000000013,0.51078439
1.7350000000000012,0.5108172300000005
1.736000000000001,0.5111789783891619
1.737000000000001,0.5118628700000012
1.7380000000000013,0.5129708600000017
1.7390000000000012,0.5144944800000023
1.740000000000001,0.516561150000003
1.741000000000001,0.5192439817168311
1.7420000000000013,0.5222894500000045
1.7430000000000012,0.525632020000004
1.744000000000001,0.5292804200000041
1.745000000000001,0.5329882500000034
1.7460000000000013,0.536687480076997
1.7470000000000012,0.5402101900000041
1.748000000000001,0.5433080200000023
1.749000000000001,0.5459255600000019
1.7500000000000013,0.548018160000002
1.7510000000000012,0.5495451700000015
1.7520000000000011,0.550609950000001
1.753000000000001,0.5513561400000003
1.7540000000000013,0.5517734530046998
1.7550000000000012,0.5520034999999999
1.7560000000000011,0.5519316199999995
1.757000000000001,0.5515356099999992
1.7580000000000013,0.5508778699999987
1.7590000000000012,0.5498727057604227
1.7600000000000011,0.5487303099999986
1.761000000000001,0.5474532799999986
1.7620000000000013,0.5461344699999985
1.7630000000000012,0.5451388999999992
1.7640000000000011,0.5444135825317461
1.765000000000001,0.5441578000000005
1.7660000000000013,0.5445695500000013
1.7670000000000012,0.5455977900000024
1.7680000000000011,0.5474233600000028
1.769000000000001,0.5499172106149411
1.7700000000000014,0.5530388400000047
1.7710000000000012,0.5565173600000048
1.7720000000000011,0.5602104700000053
1.773000000000001,0.5642185200000029
1.7740000000000014,0.5675958400000044
1.7750000000000012,0.5709399000000037
1.7760000000000011,0.5737211100000026
1.777000000000001,0.5759737500000021
1.7780000000000014,0.577918950000002
1.7790000000000012,0.5794036400000014
1.7800000000000011,0.580752130000001
1.781000000000001,0.5816822100000011
1.7820000000000014,0.5826611702139797
1.7830000000000013,0.5834633100000004
1.7840000000000011,0.5839049200000005
1.785000000000001,0.5843146400000004
1.7860000000000014,0.5846973100000002
1.7870000000000013,0.5848642331786824
1.7880000000000011,0.5851960200000005
1.789000000000001,0.5855540000000001
1.7900000000000014,0.5856998000000004
1.7910000000000013,0.5859220600000004
1.7920000000000011,0.5861890632996702
1.793000000000001,0.5864813900000003
1.7940000000000014,0.5868722200000008
1.7950000000000013,0.5874429300000009
1.7960000000000012,0.5880796300000006
1.797000000000001,0.5887234756154391
1.7980000000000014,0.5895762400000012
1.7990000000000013,0.5904653100000011
1.8000000000000012,0.5914808500000012
1.801000000000001,0.5925670300000009
1.8020000000000014,0.5933957700000014
1.8030000000000013,0.594356600000001
1.8040000000000012,0.5953037100000009
1.805000000000001,0.5960825408639145
1.8060000000000014,0.5969911800000008
1.8070000000000013,0.5976223900000003
1.8080000000000012,0.5978730300000005
1.809000000000001,0.5982535500000004
1.8100000000000014,0.5985842204849521
1.8110000000000013,0.5989890700000006
1.8120000000000012,0.5994288300000005
1.813000000000001,0.5997679200000003
1.8140000000000014,0.6001475500000003
1.8150000000000013,0.6003777769773027
1.8160000000000012,0.6004549900000004
1.817000000000001,0.6006859500000002
1.8180000000000014,0.6009125100000002
1.8190000000000013,0.6011127200000003
1.8200000000000012,0.6012583854334568
1.821000000000001,0.6014740500000002
1.8220000000000014,0.6016526200000002
1.8230000000000013,0.6018078900000002
1.8240000000000012,0.6020230100000001
1.825000000000001,0.6021636700000002
1.8260000000000014,0.6022819300000002
1.8270000000000013,0.6023990500000003
1.8280000000000012,0.6025305995830416
1.829000000000001,0.60252643
1.8300000000000014,0.6025573000000002
1.8310000000000013,0.60267955
1.8320000000000012,0.6027029199999998
1.833000000000001,0.602571319615038
1.8340000000000014,0.6020674699999999
1.8350000000000013,0.6019724600000003
1.8360000000000012,0.60214615
1.837000000000001,0.6021245700000002
1.8380000000000014,0.6023530771492854
1.8390000000000013,0.6027055400000003
1.8400000000000012,0.6029148100000004
1.841000000000001,0.6031903600000009
1.8420000000000014,0.6039511600000009
1.8430000000000013,0.6045391012058802
1.8440000000000012,0.6049695000000004
1.845000000000001,0.60533011
1.8460000000000014,0.6053642
1.8470000000000013,0.60539585
1.8480000000000012,0.6054222599999998
1.849000000000001,0.6051849099999997
1.8500000000000014,0.6050145000000006
1.8510000000000013,0.6054195799999997
1.8520000000000012,0.605288859999999
1.853000000000001,0.6045705699999995
1.8540000000000014,0.6039197999999988
1.8550000000000013,0.6029913999999982
1.8560000000000012,0.6016015645765412
1.857000000000001,0.6006473299999993
1.8580000000000014,0.5999700399999993
1.8590000000000013,0.5995053599999997
1.8600000000000012,0.59925181
1.861000000000001,0.5992260884041599
1.8620000000000014,0.5995101300000006
1.8630000000000013,0.599966170000001
1.8640000000000012,0.6008219700000009
1.865000000000001,0.601657930000001
1.8660000000000014,0.602532002592742
1.8670000000000013,0.6035414300000014
1.8680000000000012,0.6045090600000008
1.869000000000001,0.6051973700000008
1.8700000000000014,0.6059782500000014
1.8710000000000013,0.6069765901659847
1.8720000000000012,0.6079117700000012
1.873000000000001,0.6088631200000009
1.8740000000000014,0.6098379500000009
1.8750000000000013,0.6105240600000011
1.8760000000000012,0.6113542900000015
1.8770000000000011,0.6125397100000015
1.8780000000000014,0.6137023600000012
1.8790000000000013,0.6146552594470569
1.8800000000000012,0.6158497300000013
1.8810000000000011,0.6168181900000003
1.8820000000000014,0.6170653100000005
1.8830000000000013,0.617454590000001
1.8840000000000012,0.6181878424047601
1.8850000000000011,0.6187118900000003
1.8860000000000015,0.6189377300000005
1.8870000000000013,0.6193103200000011
1.8880000000000012,0.6200316000000003
1.8890000000000011,0.6202900141585844
1.8900000000000015,0.6204777400000008
1.8910000000000013,0.6209604100000007
1.8920000000000012,0.6214494100000003
1.8930000000000011,0.6217287800000003
1.8940000000000015,0.6219864242355768
1.8950000000000014,0.6223137400000005
1.8960000000000012,0.6227408100000006
1.8970000000000011,0.6231499900000006
1.8980000000000015,0.6235317000000007
1.8990000000000014,0.6240925200000009
1.9000000000000012,0.6247728500000007
1.9010000000000011,0.6252805600000001
1.9020000000000015,0.6254025700000004
1.9030000000000014,0.6256865300000005
1.9040000000000012,0.6261161000000004
1.9050000000000011,0.6265050200000005
1.9060000000000015,0.6270429500000008
1.9070000000000014,0.6275281749135092
1.9080000000000013,0.6279773100000005
1.9090000000000011,0.6283580100000004
1.9100000000000015,0.6286295700000003
1.9110000000000014,0.6288462300000003
1.9120000000000013,0.6291011193810621
1.9130000000000011,0.6292949300000003
1.9140000000000015,0.6294898400000004
1.9150000000000014,0.6297819000000003
1.9160000000000013,0.6300672300000003
1.9170000000000011,0.6303021665063496
1.9180000000000015,0.6305270800000002
1.9190000000000014,0.6307290200000003
1.9200000000000013,0.6309718500000003
1.9210000000000012,0.6312399500000002
1.9220000000000015,0.6314884751474856
1.9230000000000014,0.6319698700000004
1.9240000000000013,0.6322397600000004
1.9250000000000012,0.6325019000000005
1.9260000000000015,0.6329292700000004
1.9270000000000014,0.6332465400000001
1.9280000000000013,0.6332911300000003
1.9290000000000012,0.6335359200000006
1.9300000000000015,0.6340352041795825
1.9310000000000014,0.6343770000000006
1.9320000000000013,0.6348066300000006
1.9330000000000012,0.63526022
1.9340000000000015,0.6352931300000001
1.9350000000000014,0.6353732147155289
1.9360000000000013,0.635720370000001
1.9370000000000012,0.6365103100000007
1.9380000000000015,0.6370162400000005
1.9390000000000014,0.6373717200000005
1.9400000000000013,0.6377510620657938
1.9410000000000012,0.63772935
1.9420000000000015,0.6377505700000009
1.9430000000000014,0.6382976800000003
1.9440000000000013,0.63858074
1.9450000000000012,0.6385647715968403
1.9460000000000015,0.6384489499999997
1.9470000000000014,0.638203739999999
1.9480000000000013,0.6375857599999994
1.9490000000000012,0.6370541499999994
1.9500000000000015,0.6365857699999993
1.9510000000000014,0.6361142399999995
1.9520000000000013,0.6357397399999994
1.9530000000000012,0.6353009815338458
1.9540000000000015,0.6346163199999991
1.9550000000000014,0.6340597299999997
1.9560000000000013,0.6338320399999995
1.9570000000000012,0.6334290499999995
1.9580000000000015,0.6330262001409852
1.9590000000000014,0.6326276099999993
1.9600000000000013,0.632144509999999
1.9610000000000012,0.631367389999999
1.9620000000000015,0.6305808999999992
1.9630000000000014,0.6301017279172075
1.9640000000000013,0.6293450599999986
1.9650000000000012,0.6282558999999988
1.9660000000000015,0.6271567899999978
1.9670000000000014,0.625737189999998
1.9680000000000013,0.6243673169872995
1.9690000000000012,0.6230350699999986
1.9700000000000015,0.6217144699999986
1.9710000000000014,0.6207675899999983
1.9720000000000013,0.6196477999999982
1.9730000000000012,0.6182867899999985
1.9740000000000015,0.6169527799999976
1.9750000000000014,0.6154711799999976
1.9760000000000013,0.6136444199999975
1.9770000000000012,0.6117702099999973
1.9780000000000015,0.6097495599999975
1.9790000000000014,0.6078311199999972
1.9800000000000013,0.6057234399999974
1.9810000000000012,0.6038050367733211
1.9820000000000015,0.6023727699999978
1.9830000000000014,0.6009088799999981
1.9840000000000013,0.5994890899999982
1.9850000000000012,0.5981447099999985
1.9860000000000015,0.5967549111898791
1.9870000000000014,0.5955668099999976
1.9880000000000013,0.5940075499999978
1.9890000000000012,0.592039169999998
1.9900000000000015,0.5902005999999966
1.9910000000000014,0.5880375863013666
1.9920000000000013,0.5858618599999973
1.9930000000000012,0.5838471699999979
1.9940000000000015,0.5819506599999973
1.9950000000000014,0.5802276099999976
1.9960000000000013,0.5783844043205656
1.9970000000000012,0.5767766199999976
1.9980000000000016,0.5750439799999975
1.9990000000000014,0.5731048599999969
2.0000000000000013,0.5707433199999972
2.0010000000000012,0.5686020020335909
2.0020000000000016,0.5666223379664037
2.0030000000000014,0.5647532899999975
2.0040000000000013,0.5628941832243534
2.0050000000000012,0.5613264267756433
2.0060000000000016,0.5599945199999979
2.0070000000000014,0.5588241199999987
2.0080000000000013,0.5580757868606272
2.0090000000000012,0.5574443931393716
2.0100000000000016,0.5569774499999993
2.0110000000000015,0.5566233649060183
2.0120000000000013,0.5562724250939807
2.0130000000000012,0.5562457999999996
2.0140000000000016,0.5559502412467501
2.0150000000000015,0.5555627087532488
2.0160000000000013,0.5549215699999985
2.0170000000000012,0.5538721099999985
2.0180000000000016,0.5527350643671243
2.0190000000000015,0.5512787356328712
2.0200000000000014,0.5498558899999982
2.0210000000000012,0.5485281664597064
2.0220000000000016,0.5470927635402898
2.0230000000000015,0.545685109999998
2.0240000000000014,0.5441871415726834
2.0250000000000012,0.5425028684273127
2.0260000000000016,0.5407237399999966
2.0270000000000015,0.5387858199999964
2.0280000000000014,0.5367773408479122
2.0290000000000012,0.5348762899999976
2.0300000000000016,0.5330811099999966
2.0310000000000015,0.5311180085772813
2.0320000000000014,0.5291037814227124
2.0330000000000013,0.5271139699999972
2.0340000000000016,0.5249313345780809
2.0350000000000015,0.5227771154219124
2.0360000000000014,0.5205836899999974
2.0370000000000013,0.5185946634093158
2.0380000000000016,0.516628756590679
2.0390000000000015,0.5147629999999981
2.0400000000000014,0.5133181799999981
2.0410000000000013,0.5119305497020578
2.0420000000000016,0.5104275702979382
2.0430000000000015,0.5091533699999986
2.0440000000000014,0.5080468230183951
2.0450000000000013,0.5069770069816026
2.0460000000000016,0.5060325899999989
2.0470000000000015,0.5054184670825823
2.0480000000000014,0.5046892929174155
2.0490000000000013,0.503873049999999
2.0500000000000016,0.5031136299999984
2.0510000000000015,0.5022114802149772
2.0520000000000014,0.5013679299999994
2.0530000000000013,0.5008449599999991
2.0540000000000016,0.5002006588792226
2.0550000000000015,0.4992894511207745
2.0560000000000014,0.49844002999999887
2.0570000000000013,0.4975990185872816
2.0580000000000016,0.49678489141271626
2.0590000000000015,0.49586647999999856
2.0600000000000014,0.4947633437042581
2.0610000000000013,0.4939003862957395
2.0620000000000016,0.4931582199999984
2.0630000000000015,0.4922931799999991
2.0640000000000014,0.491624148321335
2.0650000000000013,0.4910073616786634
2.0660000000000016,0.4901380499999984
2.0670000000000015,0.48921820746350647
2.0680000000000014,0.4886928425364919
2.0690000000000013,0.4880364799999982
2.0700000000000016,0.4867195272805421
2.0710000000000015,0.48559233271945446
2.0720000000000014,0.4848785699999989
2.0730000000000013,0.4840528699999987
2.0740000000000016,0.48306124898410013
2.0750000000000015,0.48215108999999884
2.0760000000000014,0.48128836999999847
2.0770000000000013,0.480127311908617
2.0780000000000016,0.4790463980913801
2.0790000000000015,0.478276819999999
2.0800000000000014,0.4775419885522882
2.0810000000000013,0.47672751144770925
2.0820000000000016,0.47590702999999895
2.0830000000000015,0.4752985729674054
2.0840000000000014,0.4746282470325925
2.0850000000000013,0.47390597999999895
2.0860000000000016,0.47310056999999844
2.0870000000000015,0.4722236618626259
2.0880000000000014,0.47124228813737107
2.0890000000000013,0.4700184799999984
2.0900000000000016,0.46880000491501495
2.0910000000000015,0.4675491550849811
2.0920000000000014,0.46608376999999784
2.0930000000000013,0.4644455943711237
2.0940000000000016,0.4626893056288716
2.0950000000000015,0.46071564999999715
2.0960000000000014,0.45859473999999684
2.0970000000000013,0.456199309057091
2.0980000000000016,0.4533898799999962
2.0990000000000015,0.45052617999999595
2.1000000000000014,0.4474840562627424
2.1010000000000013,0.44434668373724784
2.1020000000000016,0.44103615999999424
2.1030000000000015,0.4377987100419858
2.1040000000000014,0.434199129958003
2.1050000000000013,0.4308956299999958
2.1060000000000016,0.42777385570685417
2.1070000000000015,0.42503092429313727
2.1080000000000014,0.42276349999999746
2.1090000000000013,0.420866669999998
2.1100000000000017,0.4193496841361711
2.1110000000000015,0.41829104586382565
2.1120000000000014,0.41767224999999997
2.1130000000000013,0.41763112857828444
2.1140000000000017,0.4177169114217158
2.1150000000000015,0.4181461600000007
2.1160000000000014,0.418687819562089
2.1170000000000013,0.41958344043791374
2.1180000000000017,0.4202559300000008
2.1190000000000015,0.42083040000000077
2.1200000000000014,0.42139545322335586
2.1210000000000013,0.4217276867766451
2.1220000000000017,0.4218683200000003
2.1230000000000016,0.4220102782743453
2.1240000000000014,0.422093021725655
2.1250000000000013,0.4217816299999996
2.1260000000000017,0.4214488930393917
2.1270000000000016,0.42117928696060747
2.1280000000000014,0.4208757299999998
2.1290000000000013,0.4206996086862625
2.1300000000000017,0.42048647131373695
2.1310000000000016,0.4203423900000002
2.1320000000000014,0.42042083000000025
2.1330000000000013,0.42054812880123993
2.1340000000000017,0.42073614119876057
2.1350000000000016,0.42093131000000045
2.1360000000000015,0.42118250695760895
2.1370000000000013,0.4214520830423919
2.1380000000000017,0.4215270000000005
2.1390000000000016,0.42176776420316026
2.1400000000000015,0.4223097957968414
2.1410000000000013,0.42279217000000074
2.1420000000000017,0.42335451000000107
2.1430000000000016,0.42393948077484617
2.1440000000000015,0.424647229225156
2.1450000000000014,0.4251539400000004
2.1460000000000017,0.4254366437592485
2.1470000000000016,0.42567423624075224
2.1480000000000015,0.4258814500000001
2.1490000000000014,0.4259742234263148
2.1500000000000017,0.42600848657368534
2.1510000000000016,0.42623177000000023
2.1520000000000015,0.4263422799999993
2.1530000000000014,0.4259421000179976
2.1540000000000017,0.4258362700000007
2.1550000000000016,0.4262093300000002
2.1560000000000015,0.4263377291051791
2.1570000000000014,0.42642878089482117
2.1580000000000017,0.42655069
2.1590000000000016,0.426544655393921
2.1600000000000015,0.4263985946060786
2.1610000000000014,0.4263420399999998
2.1620000000000017,0.4262044336552679
2.1630000000000016,0.42554098634473003
2.1640000000000015,0.4249370699999996
2.1650000000000014,0.42464747999999936
2.1660000000000017,0.4241629406838626
2.1670000000000016,0.4237697793161362
2.1680000000000015,0.42318185999999886
2.1690000000000014,0.4223132454449097
2.1700000000000017,0.42116769455508724
2.1710000000000016,0.4197880299999976
2.1720000000000015,0.4184314270275925
2.1730000000000014,0.4172017029724037
2.1740000000000017,0.41594534999999766
2.1750000000000016,0.4146456399999978
2.1760000000000015,0.41342756180781737
2.1770000000000014,0.4121417399999979
2.1780000000000017,0.4106100799999976
2.1790000000000016,0.40925096152769236
2.1800000000000015,0.4079662384723036
2.1810000000000014,0.4067237399999987
2.1820000000000017,0.4057842367436496
2.1830000000000016,0.4047516732563472
2.1840000000000015,0.4037325399999985
2.1850000000000014,0.402619775912816
2.1860000000000017,0.40137890408718013
2.1870000000000016,0.40003096999999754
2.1880000000000015,0.39866542999999793
2.1890000000000014,0.39713869304738786
2.1900000000000017,0.3948691669526051
2.1910000000000016,0.39293831999999673
2.1920000000000015,0.391092346161765
2.1930000000000014,0.38945396383822994
2.1940000000000017,0.38813787999999866
2.1950000000000016,0.3873823393671258
2.1960000000000015,0.3868760106328727
2.1970000000000014,0.3866986600000009
2.1980000000000017,0.3873621500000022
2.1990000000000016,0.38858668727427575
2.2000000000000015,0.39055943000000326
2.2010000000000014,0.39302042000000303
2.2020000000000017,0.39530424780744267
2.2030000000000016,0.3978823221925653
2.2040000000000015,0.400358410000003
2.2050000000000014,0.40259326315937155
2.2060000000000017,0.404724856840636
2.2070000000000016,0.40681159000000355
2.2080000000000015,0.4088136668736283
2.2090000000000014,0.41068240312637755
2.2100000000000017,0.4123772100000023
2.2110000000000016,0.4136870200000026
2.2120000000000015,0.41515654422315784
2.2130000000000014,0.41669877577684694
2.2140000000000017,0.4181188600000028
2.2150000000000016,0.41970141294441377
2.2160000000000015,0.4213308570555913
2.2170000000000014,0.42311427000000196
2.2180000000000017,0.4245738733563312
2.2190000000000016,0.42610743664367356
2.2200000000000015,0.427350970000001
2.2210000000000014,0.4281193300000002
2.2220000000000018,0.4282629395010502
2.2230000000000016,0.4284579500000005
2.2240000000000015,0.4288241899999997
2.2250000000000014,0.42860940926214725
2.2260000000000018,0.42840203073785205
2.2270000000000016,0.4282304299999984
2.2280000000000015,0.4273253933163351
2.2290000000000014,0.4263585566836618
2.2300000000000018,0.4254616799999983
2.2310000000000016,0.4244981849410101
2.2320000000000015,0.4234475950589866
2.2330000000000014,0.42229172999999837
2.2340000000000018,0.42107337999999783
2.2350000000000017,0.41986945849929835
2.2360000000000015,0.4187544515006982
2.2370000000000014,0.417324359999998
2.2380000000000018,0.4158272772085555
2.2390000000000017,0.4140993627914391
2.2400000000000015,0.4119695999999967
2.2410000000000014,0.4095233882503459
2.2420000000000018,0.4070058917496452
2.2430000000000017,0.4040718099999957
2.2440000000000015,0.40084412999999486
2.2450000000000014,0.3969533111347663
2.2460000000000018,0.39276465886521883
2.2470000000000017,0.38778694999998903
2.2480000000000016,0.38160775945309855
2.2490000000000014,0.37490229054688057
2.2500000000000018,0.3673441999999859
2.2510000000000017,0.35939963429212696
2.2520000000000016,0.3503425557078449
2.2530000000000014,0.34164478999998715
2.254000000000002,0.3320403045020856
2.2550000000000017,0.32338532549788745
2.2560000000000016,0.3159073899999882
2.2570000000000014,0.30924689999999144
2.258000000000002,0.3044448549160111
2.2590000000000017,0.3008940150839779
2.2600000000000016,0.2986730899999986
2.2610000000000015,0.2978813526894623
2.262000000000002,0.29800824731053815
2.2630000000000017,0.2988898500000023
2.2640000000000016,0.3001807116486729
2.2650000000000015,0.3017971983513322
2.266000000000002,0.30323684000000223
2.2670000000000017,0.30449456000000263
2.2680000000000016,0.3059761535722875
2.2690000000000015,0.3072118764277163
2.270000000000002,0.3088738000000039
2.2710000000000017,0.3110974398100419
2.2720000000000016,0.3134955401899656
2.2730000000000015,0.3163802300000039
2.274000000000002,0.3193524237232603
2.2750000000000017,0.32238965627674915
2.2760000000000016,0.32557708000000596
2.2770000000000015,0.328908680000006
2.278000000000002,0.33228110275773076
2.2790000000000017,0.33603677000000615
2.2800000000000016,0.3395064200000067
2.2810000000000015,0.3432812977224603
2.282000000000002,0.3462585222775503
2.2830000000000017,0.3489173700000028
2.2840000000000016,0.3504848671635685
2.2850000000000015,0.35125650283643384
2.286000000000002,0.3506236399999953
2.2870000000000017,0.3479651113617222
2.2880000000000016,0.3445787286382673
2.2890000000000015,0.33904277999999255
2.290000000000002,0.3334742199999894
2.2910000000000017,0.3275138943821143
2.2920000000000016,0.3217577156178678
2.2930000000000015,0.315616669999993
2.294000000000002,0.31037084047989694
2.2950000000000017,0.3059756395200894
2.2960000000000016,0.3022769699999968
2.2970000000000015,0.3005039345190937
2.298000000000002,0.2989491254809008
2.2990000000000017,0.2984642099999987
2.3000000000000016,0.2977055899999979
2.3010000000000015,0.2965306574932489
2.302000000000002,0.29530277999999527
2.3030000000000017,0.29263823999999605
2.3040000000000016,0.29043045725554595
2.3050000000000015,0.28860301274444833
2.306000000000002,0.28678273999999954
2.3070000000000017,0.28654523803139587
2.3080000000000016,0.28792555196860836
2.3090000000000015,0.29123598000000656
2.310000000000002,0.29615046834334274
2.3110000000000017,0.3032339016566824
2.3120000000000016,0.3113631300000153
2.3130000000000015,0.32000270000001263
2.314000000000002,0.32946421028495626
2.3150000000000017,0.3376670597150729
2.3160000000000016,0.34545344000001305
2.3170000000000015,0.35278230994002213
2.318000000000002,0.3590817100600002
2.3190000000000017,0.3650993400000095
2.3200000000000016,0.37044096817037475
2.3210000000000015,0.3759226718296423
2.322000000000002,0.38154104000000927
2.3230000000000017,0.3867653900000095
2.3240000000000016,0.39211049279272886
2.3250000000000015,0.3971384200000056
2.326000000000002,0.4013377100000075
2.3270000000000017,0.4055457458258417
2.3280000000000016,0.4098040041741715
2.3290000000000015,0.4138690200000057
2.330000000000002,0.41816556019896745
2.3310000000000017,0.4216675498010466
2.3320000000000016,0.4245572400000045
2.3330000000000015,0.42710217140372203
2.334000000000002,0.42881620859628405
2.3350000000000017,0.4300690300000019
2.3360000000000016,0.43111867000000115
2.3370000000000015,0.4317728303789237
2.338000000000002,0.4314766196210752
2.3390000000000017,0.4309993999999986
2.3400000000000016,0.43017761917116465
2.3410000000000015,0.4294693308288332
2.342000000000002,0.42878055999999887
2.3430000000000017,0.42814322462107474
2.3440000000000016,0.4274894353789232
2.3450000000000015,0.42722343999999957
2.346000000000002,0.4268714200000003
2.3470000000000018,0.4270386741435881
2.3480000000000016,0.42858011000000173
2.3490000000000015,0.4298673300000018
2.350000000000002,0.43122321871226016
2.3510000000000018,0.4325103412877449
2.3520000000000016,0.43339568000000134
2.3530000000000015,0.4341568941981617
2.354000000000002,0.43499887580184127
2.3550000000000018,0.4356432900000006
2.3560000000000016,0.4359756224225157
2.3570000000000015,0.4360998475774847
2.358000000000002,0.4359933099999996
2.3590000000000018,0.43574007999999936
2.3600000000000017,0.43538882795240846
2.3610000000000015,0.43476835204758957
2.362000000000002,0.43376609999999827
2.3630000000000018,0.4328056114537065
2.3640000000000017,0.4311201485462882
2.3650000000000015,0.4299163199999992
2.366000000000002,0.4292727020965799
2.3670000000000018,0.4288936679034186
2.3680000000000017,0.4292421000000007
2.3690000000000015,0.4297792000000007
2.370000000000002,0.430278152729456
2.3710000000000018,0.4312054472705477
2.3720000000000017,0.4331886800000027
2.3730000000000016,0.4347204651629704
2.374000000000002,0.4365720948370362
2.3750000000000018,0.43799146999999966
2.3760000000000017,0.43779704252049595
2.3770000000000016,0.43782224747950416
2.378000000000002,0.4382318
2.379000000000002,0.43822604863927184
2.3800000000000017,0.43801244136072753
2.3810000000000016,0.43785088999999916
2.382000000000002,0.43737890999999857
2.383000000000002,0.4367381982413509
2.3840000000000017,0.43622061175864746
2.3850000000000016,0.4357096299999981
2.386000000000002,0.4346554079284126
2.387000000000002,0.4338346920715841
2.3880000000000017,0.4332881599999994
2.3890000000000016,0.43296780924815087
2.390000000000002,0.4332602907518502
2.391000000000002,0.4334034299999996
2.3920000000000017,0.4331762200000004
2.3930000000000016,0.43340791952709584
2.394000000000002,0.43420319047290695
2.395000000000002,0.4346825800000007
2.3960000000000017,0.43510119758648397
2.3970000000000016,0.4358770624135185
2.398000000000002,0.43648380000000075
2.399000000000002,0.43692589233453505
2.4000000000000017,0.4381492376654687
2.4010000000000016,0.43922605999999953
2.4020000000000015,0.4389853200000005
2.403000000000002,0.4392770808239182
2.4040000000000017,0.4404375300000021
2.4050000000000016,0.4415906700000026
2.406000000000002,0.44305766960708187
2.407000000000002,0.44465374039292455
2.4080000000000017,0.44656193000000277
2.4090000000000016,0.4481391167396538
2.4100000000000015,0.44920651326034955
2.411000000000002,0.45057958000000264
2.4120000000000017,0.45206648144671263
2.4130000000000016,0.45328094855329115
2.414000000000002,0.45435843000000276
2.415000000000002,0.4559099100000028
2.4160000000000017,0.45750118961707886
2.4170000000000016,0.4588973603829255
2.4180000000000015,0.46152180000000265
2.419000000000002,0.4635324639842044
2.4200000000000017,0.46427230601579794
2.4210000000000016,0.46483528999999985
2.422000000000002,0.4647392086412719
2.423000000000002,0.4648256213587284
2.4240000000000017,0.46528082999999976
2.4250000000000016,0.46515164000000025
2.4260000000000015,0.4653023649275075
2.427000000000002,0.46476625999999654
2.4280000000000017,0.46282025999999615
2.4290000000000016,0.46067841020995426
2.430000000000002,0.4583805097900375
2.431000000000002,0.455528799999994
2.4320000000000017,0.45217682531293135
2.4330000000000016,0.448429954687057
2.4340000000000015,0.44467356999999325
2.435000000000002,0.439579032568476
2.4360000000000017,0.4332047174315013
2.4370000000000016,0.4263958299999852
2.438000000000002,0.4180825099999846
2.439000000000002,0.409394659318122
2.4400000000000017,0.40048784068184634
2.4410000000000016,0.3914219999999836
2.4420000000000015,0.38220052210656213
2.443000000000002,0.3719215878934014
2.4440000000000017,0.36108111999998266
2.4450000000000016,0.35134318577882934
2.446000000000002,0.34210097422113783
2.447000000000002,0.3347606399999946
2.4480000000000017,0.3317142399999986
2.4490000000000016,0.33093177054894735
2.4500000000000015,0.33233726000000674
2.451000000000002,0.3373988600000091
2.4520000000000017,0.3425098755609029
2.4530000000000016,0.3518654844391262
2.454000000000002,0.36112365000001456
2.455000000000002,0.3692964992061772
2.4560000000000017,0.3782885607938587
2.4570000000000016,0.38685435000001284
2.4580000000000015,0.3940626793561444
2.459000000000002,0.40375624064389
2.4600000000000017,0.41177911000000483
2.4610000000000016,0.41450229000000377
2.462000000000002,0.41664251032093813
2.463000000000002,0.4177457196790663
2.4640000000000017,0.4177194499999965
2.4650000000000016,0.41574727980903575
2.4660000000000015,0.4142453701909596
2.467000000000002,0.41345783999999636
2.4680000000000017,0.4113909521855593
2.4690000000000016,0.40921280781443387
2.470000000000002,0.4073989999999916
2.471000000000002,0.40268656999999297
2.4720000000000018,0.39873005232376396
2.4730000000000016,0.3964532899999984
2.4740000000000015,0.39523396000000355
2.475000000000002,0.3978966910107993
2.4760000000000018,0.39860679898920354
2.4770000000000016,0.39791905999999927
2.478000000000002,0.39751772651168626
2.479000000000002,0.3919828434882916
2.4800000000000018,0.38855255000000566
2.4810000000000016,0.3917249016916633
2.4820000000000015,0.3927418183083399
2.483000000000002,0.39276271999999984
2.4840000000000018,0.3926688399999926
2.4850000000000017,0.388496388062382
2.486000000000002,0.38507701193760585
2.487000000000002,0.3828377999999997
2.4880000000000018,0.3826868112187581
2.4890000000000017,0.3837989987812454
2.4900000000000015,0.39048484000000516
2.491000000000002,0.3943606978464284
2.4920000000000018,0.3932391621535671
2.4930000000000017,0.3914024499999985
2.494000000000002,0.39028785000000626
2.495000000000002,0.3938143037092619
2.4960000000000018,0.3956513962907454
2.4970000000000017,0.3995952000000064
2.4980000000000016,0.40318940623775174
2.499000000000002,0.40275178376224674
2.5000000000000018,0.40275148
2.5010000000000017,0.40275148
2.502000000000002,0.40275148
2.503000000000002,0.40275148
2.504000000000002,0.40275148
2.5050000000000017,0.40275148
2.5060000000000016,0.40275148
2.507000000000002,0.40275148
2.508000000000002,0.40275148
2.5090000000000017,0.40275148
2.510000000000002,0.40275148
2.511000000000002,0.40275148
2.512000000000002,0.40275148
2.5130000000000017,0.40275148
2.5140000000000016,0.40275148
2.515000000000002,0.40275148
2.516000000000002,0.40275148
2.5170000000000017,0.40275148
2.518000000000002,0.40275148
2.519000000000002,0.40275148
2.520000000000002,0.40275148
2.5210000000000017,0.40275148
2.5220000000000016,0.40275148
2.523000000000002,0.40275148
2.524000000000002,0.40275148
2.5250000000000017,0.40275148
2.526000000000002,0.40275148
2.527000000000002,0.40275148
2.528000000000002,0.40275148
2.5290000000000017,0.40275148
2.5300000000000016,0.40275148
2.531000000000002,0.40275148
2.532000000000002,0.40275148
2.5330000000000017,0.40275148
2.534000000000002,0.40275148
2.535000000000002,0.40275148
2.536000000000002,0.40275148
2.5370000000000017,0.40275148
2.5380000000000016,0.40275148
2.539000000000002,0.40275148
2.540000000000002,0.40275148
2.5410000000000017,0.40275148
2.542000000000002,0.40275148
2.543000000000002,0.40275148
2.544000000000002,0.40275148
2.5450000000000017,0.40275148
2.5460000000000016,0.40275148
2.547000000000002,0.40275148
2.548000000000002,0.40275148
2.5490000000000017,0.40275148
2.550000000000002,0.40275148
2.551000000000002,0.40275148
2.552000000000002,0.40275148
2.5530000000000017,0.40275148
2.5540000000000016,0.40275148
2.555000000000002,0.40275148
2.556000000000002,0.40275148
2.5570000000000017,0.40275148
2.558000000000002,0.40275148
2.559000000000002,0.40275148
2.560000000000002,0.40275148
2.5610000000000017,0.40275148
2.5620000000000016,0.40275148
2.563000000000002,0.40275148
2.564000000000002,0.40275148
2.5650000000000017,0.40275148
2.566000000000002,0.40275148
2.567000000000002,0.40275148
2.568000000000002,0.40275148
2.5690000000000017,0.40275148
2.5700000000000016,0.40275148
2.571000000000002,0.40275148
2.572000000000002,0.40275148
2.5730000000000017,0.40275148
2.574000000000002,0.40275148
2.575000000000002,0.40275148
2.576000000000002,0.40275148
2.5770000000000017,0.40275148
2.5780000000000016,0.40275148
2.579000000000002,0.40275148
2.580000000000002,0.40275148
2.5810000000000017,0.40275148
2.582000000000002,0.40275148
2.583000000000002,0.40275148
2.584000000000002,0.40275148
2.5850000000000017,0.40275148
2.5860000000000016,0.40275148
2.587000000000002,0.40275148
2.588000000000002,0.40275148
2.5890000000000017,0.40275148
2.590000000000002,0.40275148
2.591000000000002,0.40275148
2.592000000000002,0.40275148
2.5930000000000017,0.40275148
2.5940000000000016,0.40275148
2.595000000000002,0.40275148
2.596000000000002,0.40275148
2.5970000000000018,0.40275148
2.598000000000002,0.40275148
2.599000000000002,0.40275148
