wave,r
0.4,0.038333174486590266
0.401,0.03872197535923274
0.402,0.03725789864076717
0.403,0.037318096000000016
0.404,0.03751481503280967
0.405,0.035838094
0.406,0.03622495208600823
0.40700000000000003,0.03533355291399172
0.40800000000000003,0.033863112222165634
0.40900000000000003,0.03538532877783445
0.41000000000000003,0.03496706099999998
0.41100000000000003,0.034652661143998564
0.41200000000000003,0.035085402
0.41300000000000003,0.03374380265924343
0.41400000000000003,0.03410972700000002
0.41500000000000004,0.03454265834019313
0.41600000000000004,0.033176677659806725
0.41700000000000004,0.033353113
0.41800000000000004,0.03328302970083299
0.41900000000000004,0.03308433700000005
0.42000000000000004,0.03377843264154357
0.42100000000000004,0.033442587
0.42200000000000004,0.03328506030684387
0.42300000000000004,0.03341574469315615
0.42400000000000004,0.03248569269698607
0.42500000000000004,0.032755391303013956
0.42600000000000005,0.03306557199999997
0.42700000000000005,0.032457901030799714
0.42800000000000005,0.032960980999999986
0.42900000000000005,0.032683936706845836
0.43000000000000005,0.032154621293154106
0.43100000000000005,0.03286855217828642
0.43200000000000005,0.032786380821713555
0.43300000000000005,0.03273430500000001
0.43400000000000005,0.03293072997078029
0.43500000000000005,0.03272780800000001
0.43600000000000005,0.03302077238694227
0.43700000000000006,0.033059466613057746
0.43800000000000006,0.03252752897514052
0.43900000000000006,0.032925043024859525
0.44000000000000006,0.033060270999999995
0.44100000000000006,0.03291168948581513
0.44200000000000006,0.03301441699999999
0.44300000000000006,0.03278877167642647
0.44400000000000006,0.03275641432357353
0.44500000000000006,0.032866854693236115
0.44600000000000006,0.03253617830676384
0.44700000000000006,0.03279219600000001
0.44800000000000006,0.032947579446165554
0.44900000000000007,0.03257671700000002
0.45000000000000007,0.03286844529824404
0.45100000000000007,0.03289826970175597
0.45200000000000007,0.03288628297402054
0.45300000000000007,0.03338368502597951
0.45400000000000007,0.03327775
0.45500000000000007,0.033288649891001096
0.45600000000000007,0.033559176999999996
0.4570000000000001,0.03343539613956862
0.4580000000000001,0.03374935300000003
0.4590000000000001,0.033987479043889116
0.4600000000000001,0.03379186795611087
0.4610000000000001,0.034003582
0.4620000000000001,0.0339026240095799
0.4630000000000001,0.03375336200000004
0.4640000000000001,0.03405009158430411
0.4650000000000001,0.03360852199999999
0.4660000000000001,0.03341056000010003
0.4670000000000001,0.03371056999990002
0.4680000000000001,0.033564082332763374
0.4690000000000001,0.03379735866723667
0.4700000000000001,0.033766474999999935
0.4710000000000001,0.033183279704042994
0.4720000000000001,0.033453684
0.4730000000000001,0.03343046275704484
0.4740000000000001,0.03320616724295513
0.4750000000000001,0.03345424279478406
0.4760000000000001,0.03303372120521585
0.4770000000000001,0.032897223000000024
0.4780000000000001,0.033248958058799384
0.4790000000000001,0.032954838
0.4800000000000001,0.03292864516703665
0.4810000000000001,0.032845348832963334
0.4820000000000001,0.03245975586309276
0.4830000000000001,0.032646065136907286
0.4840000000000001,0.03249042899999997
0.4850000000000001,0.032151777386516096
0.4860000000000001,0.032419815999999976
0.4870000000000001,0.03215394751821962
0.4880000000000001,0.03200576948178034
0.4890000000000001,0.03217278049822
0.4900000000000001,0.03182260250177992
0.4910000000000001,0.03174439799999999
0.4920000000000001,0.03168210462293376
0.4930000000000001,0.031311922000000006
0.4940000000000001,0.031379377019359785
0.4950000000000001,0.031181312999999957
0.4960000000000001,0.030806878281174396
0.4970000000000001,0.030934995718825638
0.4980000000000001,0.03058600999999998
0.4990000000000001,0.030404492815171828
0.5000000000000001,0.030634026999999966
0.5010000000000001,0.030307068178293567
0.5020000000000001,0.030324898695185256
0.5030000000000001,0.030381404869876512
0.5040000000000001,0.029892255891598888
0.5050000000000001,0.02978927499999998
0.5060000000000001,0.029594398038188065
0.5070000000000001,0.02934630744271784
0.5080000000000001,0.029557763770597732
0.5090000000000001,0.029312803999999974
0.5100000000000001,0.029077895998980006
0.5110000000000001,0.02917778477058914
0.5120000000000001,0.028816314229410785
0.5130000000000001,0.028794203221042206
0.5140000000000001,0.02891981999999996
0.5150000000000001,0.02857140105904118
0.5160000000000001,0.028577300450217467
0.5170000000000001,0.02842564103318832
0.5180000000000001,0.028072109535355293
0.5190000000000001,0.028192783498724963
0.5200000000000001,0.02804265481774909
0.5210000000000001,0.027833542273376293
0.5220000000000001,0.027861734718004363
0.5230000000000001,0.02765584
0.5240000000000001,0.027663187089990916
0.5250000000000001,0.027772178278928812
0.5260000000000001,0.027486124721071124
0.5270000000000001,0.027381397047240453
0.5280000000000001,0.027236207999999977
0.5290000000000001,0.027007015553535543
0.5300000000000001,0.02708468782420878
0.5310000000000001,0.027012161450527466
0.5320000000000001,0.026885520266422644
0.5330000000000001,0.0269244630631306
0.5340000000000001,0.026730778618529065
0.5350000000000001,0.026661705072206377
0.5360000000000001,0.026717736439648802
0.5370000000000001,0.026515476
0.5380000000000001,0.026503202229024567
0.5390000000000001,0.026426099050307444
0.5400000000000001,0.02616110929979498
0.5410000000000001,0.026231225298773
0.5420000000000001,0.02614390699999998
0.5430000000000001,0.025959064166081704
0.5440000000000002,0.026017368250877467
0.5450000000000002,0.025880110745267436
0.5460000000000002,0.025814595000000003
0.5470000000000002,0.025837320433914297
0.5480000000000002,0.02558071663479461
0.5490000000000002,0.02556245636520539
0.5500000000000002,0.025591371710837113
0.5510000000000002,0.025388228
0.5520000000000002,0.025387283868627354
0.5530000000000002,0.025274144970781433
0.5540000000000002,0.02510650435281234
0.5550000000000002,0.025230747757507596
0.5560000000000002,0.02516548832838327
0.5570000000000002,0.02509832855909205
0.5580000000000002,0.025126283161361937
0.5590000000000002,0.02494083370911707
0.5600000000000002,0.02493599600000001
0.5610000000000002,0.02502850703758036
0.5620000000000002,0.024932267178092878
0.5630000000000002,0.024941171821907127
0.5640000000000002,0.024905037361353608
0.5650000000000002,0.024829343000000014
0.5660000000000002,0.024891405579955773
0.5670000000000002,0.02477040370994449
0.5680000000000002,0.02466073519337032
0.5690000000000002,0.024742589181421828
0.5700000000000002,0.024624932368383676
0.5710000000000002,0.024561771788670566
0.5720000000000002,0.02455120531699415
0.5730000000000002,0.024424466267425327
0.5740000000000002,0.024475059000000004
0.5750000000000002,0.024492555213842124
0.5760000000000002,0.02441394378230874
0.5770000000000002,0.024553059217691325
0.5780000000000002,0.024559545935159355
0.5790000000000002,0.02450969400000002
0.5800000000000002,0.024599437916889157
0.5810000000000002,0.02454528321067946
0.5820000000000002,0.024518972526213687
0.5830000000000002,0.024555665999999997
0.5840000000000002,0.024534005256082583
0.5850000000000002,0.02465961222549874
0.5860000000000002,0.02472088716175192
0.5870000000000002,0.024605316155763095
0.5880000000000002,0.024700234
0.5890000000000002,0.02470629768621372
0.5900000000000002,0.024674924194150315
0.5910000000000002,0.02481472920389984
0.5920000000000002,0.024748357663756625
0.5930000000000002,0.02473437724215244
0.5940000000000002,0.02485858906858656
0.5950000000000002,0.024812018397120134
0.5960000000000002,0.02488289658236584
0.5970000000000002,0.024947698999999983
0.5980000000000002,0.024873729513895163
0.5990000000000002,0.02502511709829608
0.6000000000000002,0.025080031901703947
0.6010000000000002,0.025026392536415358
0.6020000000000002,0.025166510000000003
0.6030000000000002,0.02518661760095203
0.6040000000000002,0.02524671573991303
0.6050000000000002,0.025404712840058033
0.6060000000000002,0.02535443950277502
0.6070000000000002,0.025422891121661236
0.6080000000000002,0.02553505371394429
0.6090000000000002,0.025470750929083536
0.6100000000000002,0.02560651864226287
0.6110000000000002,0.025743052000000006
0.6120000000000002,0.025777224766847684
0.6130000000000002,0.025853909012379515
0.6140000000000002,0.025904527987620506
0.6150000000000002,0.025985102194251954
0.6160000000000002,0.026111778000000006
0.6170000000000002,0.02614815805593059
0.6180000000000002,0.026300955332233436
0.6190000000000002,0.026478696445177786
0.6200000000000002,0.026429864000000042
0.6210000000000002,0.026618631559935643
0.6220000000000002,0.02677462198526074
0.6230000000000002,0.026773885022108895
0.6240000000000002,0.026976476974019517
0.6250000000000002,0.027040623000000014
0.6260000000000002,0.027102135833286745
0.6270000000000002,0.02738545882585873
0.6280000000000002,0.02747965411609422
0.6290000000000002,0.027612641670116723
0.6300000000000002,0.02780482200000001
0.6310000000000002,0.027838971751992438
0.6320000000000002,0.028026571372011436
0.6330000000000002,0.028230951912379173
0.6340000000000002,0.028330319000000048
0.6350000000000002,0.028541568328733325
0.6360000000000002,0.02867444131262752
0.6370000000000002,0.02879007268737253
0.6380000000000002,0.029041921481484885
0.6390000000000002,0.029141232000000038
0.6400000000000002,0.02927720414908304
0.6410000000000002,0.029492107750232505
0.6420000000000002,0.029550448833178353
0.6430000000000002,0.0297079274251943
0.6440000000000002,0.029849272316173178
0.6450000000000002,0.029880894069906558
0.6460000000000002,0.030134389395140317
0.6470000000000002,0.030252168822246475
0.6480000000000002,0.030228836000000033
0.6490000000000002,0.03037748731423315
0.6500000000000002,0.030408911488300484
0.6510000000000002,0.03048332651169955
0.6520000000000002,0.030657548257762627
0.6530000000000002,0.030683413000000014
0.6540000000000002,0.030748265801768027
0.6550000000000002,0.030788351277216124
0.6560000000000002,0.03073092514852256
0.6570000000000003,0.03087391557005574
0.6580000000000003,0.030942134513075117
0.6590000000000003,0.030893444890645487
0.6600000000000003,0.030987977164031823
0.6610000000000003,0.030968331196493927
0.6620000000000003,0.030942447000000012
0.6630000000000003,0.03098467831539629
0.6640000000000003,0.030916221255527235
0.6650000000000003,0.03095807216298186
0.6660000000000003,0.031025222328493304
0.6670000000000003,0.030926382000000013
0.6680000000000003,0.03098799331466427
0.6690000000000003,0.0310037265280036
0.6700000000000003,0.030928855497474955
0.6710000000000003,0.030995740999999993
0.6720000000000003,0.030972067214972154
0.6730000000000003,0.030993566653713882
0.6740000000000003,0.031126252346286177
0.6750000000000003,0.03101225114006137
0.6760000000000003,0.031047329000000044
0.6770000000000003,0.031184391119492363
0.6780000000000003,0.03109634668120597
0.6790000000000003,0.031219053545862734
0.6800000000000003,0.03128326235792359
0.6810000000000003,0.031232005101531075
0.6820000000000003,0.03144215556886158
0.6830000000000003,0.03152059864670769
0.6840000000000003,0.03156780705585057
0.6850000000000003,0.03175554100000001
0.6860000000000003,0.03180866053889543
0.6870000000000003,0.03196255108745657
0.6880000000000003,0.03216692391254354
0.6890000000000003,0.032181821851058515
0.6900000000000003,0.03239817500000007
0.6910000000000003,0.03260846633020334
0.6920000000000003,0.03272498223617827
0.6930000000000003,0.03303285484254795
0.6940000000000003,0.03323277600081006
0.6950000000000003,0.03340416296591974
0.6960000000000003,0.03370075248052603
0.6970000000000003,0.033874778779211086
0.6980000000000003,0.03412071754059088
0.6990000000000003,0.03443066400000004
0.7000000000000003,0.03462190525783267
0.7010000000000003,0.03494768791404353
0.7020000000000003,0.035243390085956665
0.7030000000000003,0.035427382160101654
0.7040000000000003,0.03573131200000005
0.7050000000000003,0.03595953568772695
0.7060000000000003,0.03619392539067056
0.7070000000000003,0.03654028107288647
0.7080000000000003,0.03670588500000006
0.7090000000000003,0.0368994725633257
0.7100000000000003,0.03715580304652773
0.7110000000000003,0.03730812943020853
0.7120000000000003,0.03753382474302492
0.7130000000000003,0.037716821000000025
0.7140000000000003,0.0378011295377208
0.7150000000000003,0.03795489933496327
0.7160000000000003,0.03803273144335786
0.7170000000000003,0.038115575171561736
0.7180000000000003,0.03830512652981531
0.7190000000000003,0.03835810872725367
0.7200000000000003,0.038444471409119566
0.7210000000000003,0.038555042788557925
0.7220000000000003,0.03852533900000004
0.7230000000000003,0.03864194592323925
0.7240000000000003,0.03873426754889804
0.7250000000000003,0.03871171245110195
0.7260000000000003,0.038823468882408854
0.7270000000000003,0.03885723700000001
0.7280000000000003,0.038884179469919435
0.7290000000000003,0.039031168685795724
0.7300000000000003,0.03908736187613621
0.7310000000000003,0.03917116916192164
0.7320000000000003,0.03929553981051812
0.7330000000000003,0.03937659329203545
0.7340000000000003,0.03954119506194695
0.7350000000000003,0.03967618465011304
0.7360000000000003,0.03976469500000008
0.7370000000000003,0.039984398852458546
0.7380000000000003,0.04006964423079079
0.7390000000000003,0.04013118376920925
0.7400000000000003,0.040326243049380546
0.7410000000000003,0.04037533700000004
0.7420000000000003,0.0404937862153322
0.7430000000000003,0.0406545479558422
0.7440000000000003,0.04065307602943853
0.7450000000000003,0.040742926000000027
0.7460000000000003,0.040826764352233536
0.7470000000000003,0.04086198887968605
0.7480000000000003,0.040955973180471
0.7490000000000003,0.04100166954305087
0.7500000000000003,0.041059513000000034
0.7510000000000003,0.04116775113769276
0.7520000000000003,0.04118152283146846
0.7530000000000003,0.04127590511235441
0.7540000000000003,0.04139339482509828
0.7550000000000003,0.04137774200000004
0.7560000000000003,0.04149000877971105
0.7570000000000003,0.0415789943304335
0.7580000000000003,0.04162683204327045
0.7590000000000003,0.04181064300000004
0.7600000000000003,0.04193927872657733
0.7610000000000003,0.04211193858093685
0.7620000000000003,0.04239098541906334
0.7630000000000003,0.04261739673589746
0.7640000000000003,0.04297043000000013
0.7650000000000003,0.04336341017625365
0.7660000000000003,0.04368104235875226
0.7670000000000003,0.04422633409416548
0.7680000000000003,0.0448166560967712
0.7690000000000003,0.04542296355355582
0.7700000000000004,0.0461783192568974
0.7710000000000004,0.04694116411465458
0.7720000000000004,0.047803080380807966
0.7730000000000004,0.04878830500000033
0.7740000000000004,0.04978627357284618
0.7750000000000004,0.050943559807048115
0.7760000000000004,0.05218391219295271
0.7770000000000004,0.05344963634275393
0.7780000000000004,0.05491104000000049
0.7790000000000004,0.05636348977623824
0.7800000000000004,0.057852306310515085
0.7810000000000004,0.05949599012632425
0.7820000000000004,0.06100756688425945
0.7830000000000004,0.0626222884633753
0.7840000000000004,0.06436862401230992
0.7850000000000004,0.0660192394815366
0.7860000000000004,0.06778657932656723
0.7870000000000004,0.06952603200000056
0.7880000000000004,0.07119348977996628
0.7890000000000004,0.07297148054894315
0.7900000000000004,0.0745564453007055
0.7910000000000004,0.0760884726797374
0.7920000000000004,0.07773293600000049
0.7930000000000004,0.07918324251430477
0.7940000000000004,0.08065895772854417
0.7950000000000004,0.08212218473546785
0.7960000000000004,0.0834228920000006
0.7970000000000004,0.08477733761068659
0.7980000000000004,0.08603840478918881
0.7990000000000004,0.08722786421081198
0.8000000000000004,0.08850508422778278
0.8010000000000004,0.08956290800000047
0.8020000000000004,0.09059207469895439
0.8030000000000004,0.09166196402906887
0.8040000000000004,0.09252959964728792
0.8050000000000004,0.09353215697440014
0.8060000000000004,0.0944869441638019
0.8070000000000004,0.09520332615935238
0.8080000000000004,0.09601129376097228
0.8090000000000004,0.09675090820775234
0.8100000000000004,0.09744764100000024
0.8110000000000004,0.09817296106036084
0.8120000000000004,0.09877899693372291
0.8130000000000004,0.09937568306627756
0.8140000000000004,0.09995953916144185
0.8150000000000004,0.10046288000000028
0.8160000000000004,0.10107587078790811
0.8170000000000004,0.10161526415299253
0.8180000000000004,0.10208703056467193
0.8190000000000004,0.10273441352613552
0.8200000000000004,0.10317054429524312
0.8210000000000004,0.10360007106624693
0.8220000000000004,0.10415338340063018
0.8230000000000004,0.10452040632982673
0.8240000000000004,0.10495887000000013
0.8250000000000004,0.10539012332553338
0.8260000000000004,0.10572267918883264
0.8270000000000004,0.10618212081116776
0.8280000000000004,0.10656054621576232
0.8290000000000004,0.10690822000000015
0.8300000000000004,0.10736603705847074
0.8310000000000004,0.10771896188720578
0.8320000000000004,0.10811520207519643
0.8330000000000004,0.1085108700000001
0.8340000000000004,0.10876019401534032
0.8350000000000004,0.10916172681665932
0.8360000000000004,0.10950255977501139
0.8370000000000004,0.10977337729184594
0.8380000000000004,0.11023486000000014
0.8390000000000004,0.1105504034737696
0.8400000000000004,0.11089778348342601
0.8410000000000004,0.11134723101104965
0.8420000000000004,0.11163057716657176
0.8430000000000004,0.11198013335513368
0.8440000000000004,0.1123156463526825
0.8450000000000004,0.11263328047097658
0.8460000000000004,0.11315350959529619
0.8470000000000004,0.1134025800000001
0.8480000000000004,0.11362665537715397
0.8490000000000004,0.11416436572637108
0.8500000000000004,0.11445068427362917
0.8510000000000004,0.114761866888169
0.8520000000000004,0.11511318000000013
0.8530000000000004,0.11542554457979176
0.8540000000000004,0.1158835203965803
0.8550000000000004,0.11623007306894671
0.8560000000000004,0.1165232670680708
0.8570000000000004,0.11700866307113084
0.8580000000000004,0.11731577667586635
0.8590000000000004,0.11764956998620082
0.8600000000000004,0.11800587643692888
0.8610000000000004,0.11818638000000016
0.8620000000000004,0.11857108434774363
0.8630000000000004,0.11900585755529795
0.8640000000000004,0.1193836224447024
0.8650000000000004,0.11975047633146346
0.8660000000000004,0.11993635000000012
0.8670000000000004,0.12022454926069281
0.8680000000000004,0.12068757751882417
0.8690000000000004,0.12093820498745074
0.8700000000000004,0.12135154000000015
0.8710000000000004,0.12170829211382124
0.8720000000000004,0.1219196795279238
0.8730000000000004,0.12239607570811478
0.8740000000000004,0.12270795688123776
0.8750000000000004,0.12299248000000018
0.8760000000000004,0.12340955268435383
0.8770000000000004,0.12367799217699135
0.8780000000000004,0.12408389188200608
0.8790000000000004,0.1244182766561667
0.8800000000000004,0.1245354600000002
0.8810000000000004,0.12498439735463243
0.8820000000000005,0.12535212896805176
0.8830000000000005,0.12566795368353698
0.8840000000000005,0.1260861800000001
0.8850000000000005,0.1263375635737359
0.8860000000000005,0.1266949372495102
0.8870000000000005,0.12705741275049015
0.8880000000000005,0.12725366803748048
0.8890000000000005,0.12767874000000015
0.8900000000000005,0.12796986264795307
0.8910000000000005,0.12823466544742787
0.8920000000000005,0.12874957970171513
0.8930000000000005,0.12901257737007382
0.8940000000000005,0.1294007746155464
0.8950000000000005,0.12986232458337094
0.8960000000000005,0.13009149312494386
0.8970000000000005,0.130472466190224
0.8980000000000005,0.1307294500000001
0.8990000000000005,0.13096444490274925
0.9000000000000005,0.13145471506099768
0.9010000000000005,0.13170776493900255
0.9020000000000005,0.1321268658089583
0.9030000000000005,0.13256636
0.9040000000000005,0.13258988884388861
0.9050000000000005,0.1330320807757614
0.9060000000000005,0.13339127281615937
0.9070000000000005,0.13366209729177306
0.9080000000000005,0.13423003189371904
0.9090000000000005,0.13441940856717183
0.9100000000000005,0.13484776714924276
0.9110000000000005,0.13543249415268335
0.9120000000000005,0.1355183000000002
0.9130000000000005,0.13597634353187082
0.9140000000000005,0.13632952663896816
0.9150000000000005,0.1365508255740214
0.9160000000000005,0.13703375517065194
0.9170000000000005,0.1372538100000002
0.9180000000000005,0.13766270006349704
0.9190000000000005,0.13816587490475504
0.9200000000000005,0.13828137769017695
0.9210000000000005,0.1387516600000002
0.9220000000000005,0.13909067287432889
0.9230000000000005,0.13937811298348093
0.9240000000000005,0.14002728701651962
0.9250000000000005,0.14013097896318968
0.9260000000000005,0.14035268000000023
0.9270000000000005,0.1407546012871258
0.9280000000000005,0.14088332431648443
0.9290000000000005,0.14136054045567745
0.9300000000000005,0.14171419646346484
0.9310000000000005,0.14201158573795766
0.9320000000000005,0.14258537348222597
0.9330000000000005,0.14275948477666126
0.9340000000000005,0.14311661285732874
0.9350000000000005,0.14357740000000008
0.9360000000000005,0.14376992617096201
0.9370000000000005,0.14438701695852185
0.9380000000000005,0.1447349430414785
0.9390000000000005,0.14495026784677856
0.9400000000000005,0.1455007800000001
0.9410000000000005,0.1457127983954842
0.9420000000000005,0.14613257314354303
0.9430000000000005,0.14657069123763833
0.9440000000000005,0.14675038820308212
0.9450000000000005,0.1473391423569237
0.9460000000000005,0.14757483363721824
0.9470000000000005,0.14775669454417287
0.9480000000000005,0.14836942387257776
0.9490000000000005,0.14870395000000014
0.9500000000000005,0.14903833195501964
0.9510000000000005,0.14923383210131602
0.9520000000000005,0.1493388978986841
0.9530000000000005,0.14986168477204798
0.9540000000000005,0.15020519000000015
0.9550000000000005,0.15059841918209205
0.9560000000000005,0.15105751066746664
0.9570000000000005,0.15107975955502226
0.9580000000000005,0.1517170200000002
0.9590000000000005,0.15206144898798982
0.9600000000000005,0.15196026639018093
0.9610000000000005,0.15277977541472965
0.9620000000000005,0.15298756792225854
0.9630000000000005,0.15335116000000035
0.9640000000000005,0.15398058040270807
0.9650000000000005,0.15402086442717886
0.9660000000000005,0.15450177038188118
0.9670000000000005,0.15498300518765212
0.9680000000000005,0.15540582464174665
0.9690000000000005,0.15586998747172637
0.9700000000000005,0.1557435737924103
0.9710000000000005,0.1562244503821041
0.9720000000000005,0.15681039999999996
0.9730000000000005,0.15670968022710277
0.9740000000000005,0.15773237037218513
0.9750000000000005,0.15775097962781492
0.9760000000000005,0.15753037220612195
0.9770000000000005,0.15831915000000008
0.9780000000000005,0.15846896506100147
0.9790000000000005,0.15897505896205205
0.9800000000000005,0.1592737940252989
0.9810000000000005,0.15930899964799647
0.9820000000000005,0.16017888110151107
0.9830000000000005,0.16028903460157004
0.9840000000000005,0.16051911309764522
0.9850000000000005,0.16105736461739262
0.9860000000000005,0.1612063800000008
0.9870000000000005,0.1626033223186233
0.9880000000000005,0.1628351684750607
0.9890000000000005,0.16225892152493868
0.9900000000000005,0.16316170097191016
0.9910000000000005,0.16312918000000018
0.9920000000000005,0.16342999019810225
0.9930000000000005,0.163939888863657
0.9940000000000005,0.16423534409089563
0.9950000000000006,0.16501284
0.9960000000000006,0.1650345797352973
0.9970000000000006,0.16500812258077133
0.9980000000000006,0.16563716112884388
0.9990000000000006,0.16606033576831558
1.0000000000000004,0.16627753000000037
1.0010000000000006,0.16709337000000024
1.0020000000000007,0.16746126000000022
1.0030000000000006,0.16781197000000023
1.0040000000000004,0.16812767720427976
1.0050000000000006,0.16849972000000027
1.0060000000000007,0.16891250000000022
1.0070000000000006,0.16923203000000012
1.0080000000000005,0.16945237000000019
1.0090000000000006,0.16986145494450577
1.0100000000000007,0.17031090000000026
1.0110000000000006,0.17074300000000042
1.0120000000000005,0.17137684000000022
1.0130000000000006,0.17185482000000019
1.0140000000000007,0.172129602521748
1.0150000000000006,0.17252927000000035
1.0160000000000005,0.1730180100000002
1.0170000000000006,0.17346050000000013
1.0180000000000007,0.1737965900000002
1.0190000000000006,0.17409814984401578
1.0200000000000005,0.17442906000000008
1.0210000000000006,0.17458998000000026
1.0220000000000007,0.1749792400000004
1.0230000000000006,0.17557780000000028
1.0240000000000005,0.17602055000000022
1.0250000000000006,0.1765118200000003
1.0260000000000007,0.17690977000000013
1.0270000000000006,0.17713870000000018
1.0280000000000005,0.1774926800000002
1.0290000000000006,0.17790562000000015
1.0300000000000007,0.17827027000000026
1.0310000000000006,0.17865397000000025
1.0320000000000005,0.17904417693530664
1.0330000000000006,0.17941353000000018
1.0340000000000007,0.17972396000000024
1.0350000000000006,0.18008170000000026
1.0360000000000005,0.1804515100000002
1.0370000000000006,0.18086080342465777
1.0380000000000007,0.1812950500000003
1.0390000000000006,0.1817069400000002
1.0400000000000005,0.1821439400000002
1.0410000000000006,0.1825787900000003
1.0420000000000007,0.18303990388861144
1.0430000000000006,0.1834325200000002
1.0440000000000005,0.18378212000000016
1.0450000000000006,0.18415923000000023
1.0460000000000007,0.1844833000000002
1.0470000000000006,0.18481420690930925
1.0480000000000005,0.1851998600000002
1.0490000000000006,0.1856470700000002
1.0500000000000007,0.1860788300000003
1.0510000000000006,0.18653037000000028
1.0520000000000005,0.1869498600000002
1.0530000000000006,0.18737422000000029
1.0540000000000007,0.18780047000000027
1.0550000000000006,0.1882187394510551
1.0560000000000005,0.18861325000000018
1.0570000000000006,0.18898545000000028
1.0580000000000007,0.18938221000000025
1.0590000000000006,0.18975264000000017
1.0600000000000005,0.19015786204179605
1.0610000000000006,0.1905782800000003
1.0620000000000007,0.19104211000000026
1.0630000000000006,0.1914426100000003
1.0640000000000005,0.1918537800000002
1.0650000000000006,0.19227842753524674
1.0660000000000007,0.19270664000000037
1.0670000000000006,0.19311523000000028
1.0680000000000005,0.1935358500000002
1.0690000000000006,0.19394439000000024
1.0700000000000007,0.19431869256974332
1.0710000000000006,0.19474383000000028
1.0720000000000005,0.1951744600000002
1.0730000000000006,0.19562602000000034
1.0740000000000007,0.1961418700000003
1.0750000000000006,0.19659618000000031
1.0760000000000005,0.1970452400000003
1.0770000000000006,0.19747962000000027
1.0780000000000007,0.19791391544745557
1.0790000000000006,0.19836839000000028
1.0800000000000005,0.19878598000000017
1.0810000000000006,0.1991848900000003
1.0820000000000007,0.1996481100000003
1.0830000000000006,0.2000889471112892
1.0840000000000005,0.20056006000000026
1.0850000000000006,0.20114024000000033
1.0860000000000007,0.2016237700000004
1.0870000000000006,0.2020684600000003
1.0880000000000005,0.20252057478852142
1.0890000000000006,0.20295799000000025
1.0900000000000007,0.20333710000000035
1.0910000000000006,0.20382030000000032
1.0920000000000005,0.20426603000000015
1.0930000000000006,0.20467112949005126
1.0940000000000007,0.2051353600000003
1.0950000000000006,0.20560138000000028
1.0960000000000005,0.2059979600000003
1.0970000000000006,0.20644866000000034
1.0980000000000008,0.20696263000000042
1.0990000000000006,0.20744398000000033
1.1000000000000005,0.2079458400000002
1.1010000000000006,0.20838694000000024
1.1020000000000008,0.2087685800000003
1.1030000000000006,0.20919599000000025
1.1040000000000005,0.2095871900000002
1.1050000000000006,0.21001807000000033
1.1060000000000008,0.2105299372962707
1.1070000000000007,0.2110029000000003
1.1080000000000005,0.2114491300000003
1.1090000000000007,0.21184628000000022
1.1100000000000008,0.21218613000000028
1.1110000000000007,0.21261277547845248
1.1120000000000005,0.21306756000000018
1.1130000000000007,0.2135177300000003
1.1140000000000008,0.2139611800000003
1.1150000000000007,0.2144279200000003
1.1160000000000005,0.21486690610139014
1.1170000000000007,0.21528867000000027
1.1180000000000008,0.21570058000000036
1.1190000000000007,0.21611427000000027
1.1200000000000006,0.21651590000000018
1.1210000000000007,0.21687592399760047
1.1220000000000008,0.21721566000000023
1.1230000000000007,0.21756290000000023
1.1240000000000006,0.21788920000000017
1.1250000000000007,0.21819739000000019
1.1260000000000008,0.2185000800000003
1.1270000000000007,0.21880798000000026
1.1280000000000006,0.21918061000000025
1.1290000000000007,0.2195587042605742
1.1300000000000008,0.2199013100000003
1.1310000000000007,0.2202532300000002
1.1320000000000006,0.22055441000000017
1.1330000000000007,0.2209349700000003
1.1340000000000008,0.22137387210778953
1.1350000000000007,0.2217949500000003
1.1360000000000006,0.2222493900000003
1.1370000000000007,0.22269559000000028
1.1380000000000008,0.2231058300000004
1.1390000000000007,0.22355695488751154
1.1400000000000006,0.22402772000000032
1.1410000000000007,0.22448282000000033
1.1420000000000008,0.2249692100000003
1.1430000000000007,0.2254087200000003
1.1440000000000006,0.22584940593140712
1.1450000000000007,0.2263586500000003
1.1460000000000008,0.2268237800000004
1.1470000000000007,0.22727354000000027
1.1480000000000006,0.22771098000000028
1.1490000000000007,0.2281073600000003
1.1500000000000008,0.22852159000000036
1.1510000000000007,0.22893509000000029
1.1520000000000006,0.22936568000000015
1.1530000000000007,0.22975060000000028
1.1540000000000008,0.2301769300000003
1.1550000000000007,0.23061596000000026
1.1560000000000006,0.23098558000000025
1.1570000000000007,0.23137100109989028
1.1580000000000008,0.23178200000000032
1.1590000000000007,0.23211344000000023
1.1600000000000006,0.23246004000000028
1.1610000000000007,0.23286605000000024
1.1620000000000008,0.23326092259274103
1.1630000000000007,0.23368685000000028
1.1640000000000006,0.23410647000000018
1.1650000000000007,0.23450887000000026
1.1660000000000008,0.23490056000000037
1.1670000000000007,0.23530442961303893
1.1680000000000006,0.23569773000000027
1.1690000000000007,0.23610061000000027
1.1700000000000008,0.23651756000000032
1.1710000000000007,0.23688440000000024
1.1720000000000006,0.23724249419058116
1.1730000000000007,0.23764390000000024
1.1740000000000008,0.23802830000000022
1.1750000000000007,0.23837529000000024
1.1760000000000006,0.23874770000000026
1.1770000000000007,0.23908012000000023
1.1780000000000008,0.23942764000000036
1.1790000000000007,0.2398232500000002
1.1800000000000006,0.24016500760223997
1.1810000000000007,0.24054103000000024
1.1820000000000008,0.2409207200000003
1.1830000000000007,0.24126023000000024
1.1840000000000006,0.24162599000000018
1.1850000000000007,0.24201606879012127
1.1860000000000008,0.24240397000000033
1.1870000000000007,0.24278107000000024
1.1880000000000006,0.24314535000000026
1.1890000000000007,0.2435024400000002
1.1900000000000008,0.24382350789321094
1.1910000000000007,0.24412943000000029
1.1920000000000006,0.24444284000000022
1.1930000000000007,0.24475947000000023
1.1940000000000008,0.24510643000000026
1.1950000000000007,0.24542816782621765
1.1960000000000006,0.24576740000000025
1.1970000000000007,0.24615847000000024
1.1980000000000008,0.24653594000000034
1.1990000000000007,0.24690375000000025
1.2000000000000006,0.24728811000000026
1.2010000000000007,0.24767736000000035
1.2020000000000008,0.2480486200000003
1.2030000000000007,0.24840221545845442
1.2040000000000006,0.24875680000000022
1.2050000000000007,0.24912637000000026
1.2060000000000008,0.24951132000000034
1.2070000000000007,0.24988882000000026
1.2080000000000006,0.2502763146425361
1.2090000000000007,0.2507227400000003
1.2100000000000009,0.25113034000000034
1.2110000000000007,0.25150195000000036
1.2120000000000006,0.2519540800000003
1.2130000000000007,0.25235842956504384
1.2140000000000009,0.2527152900000003
1.2150000000000007,0.25311786000000025
1.2160000000000006,0.25349361000000026
1.2170000000000007,0.2538792500000003
1.2180000000000009,0.2543060373212682
1.2190000000000007,0.25475109000000035
1.2200000000000006,0.2552104600000003
1.2210000000000008,0.2556899800000004
1.2220000000000009,0.25618213000000045
1.2230000000000008,0.2567049000000005
1.2240000000000006,0.2572513200000004
1.2250000000000008,0.2578099700000004
1.2260000000000009,0.2583688200000005
1.2270000000000008,0.25891528000000036
1.2280000000000006,0.2594261200000003
1.2290000000000008,0.25989136000000035
1.2300000000000009,0.26038682000000046
1.2310000000000008,0.26089678755724466
1.2320000000000007,0.26137236000000036
1.2330000000000008,0.26186645000000036
1.2340000000000009,0.26231575000000035
1.2350000000000008,0.2626984700000003
1.2360000000000007,0.263130855843416
1.2370000000000008,0.26358929000000025
1.2380000000000009,0.26402062000000037
1.2390000000000008,0.26446548000000025
1.2400000000000007,0.26487869000000025
1.2410000000000008,0.26521333653534673
1.2420000000000009,0.2656172500000004
1.2430000000000008,0.2660515600000004
1.2440000000000007,0.26645926000000025
1.2450000000000008,0.2669138900000003
1.2460000000000009,0.2673877626127391
1.2470000000000008,0.2677992300000003
1.2480000000000007,0.2682361600000003
1.2490000000000008,0.26866344000000025
1.2500000000000009,0.26909211000000044
1.2510000000000008,0.26957434000000047
1.2520000000000007,0.2700518700000003
1.2530000000000008,0.2705095100000004
1.254000000000001,0.27094099995500487
1.2550000000000008,0.27134055000000035
1.2560000000000007,0.2717332200000003
1.2570000000000008,0.27213010000000026
1.258000000000001,0.2725279300000003
1.2590000000000008,0.2729175764293573
1.2600000000000007,0.27328187000000026
1.2610000000000008,0.2736838800000004
1.262000000000001,0.2741093300000003
1.2630000000000008,0.27450901000000033
1.2640000000000007,0.2749107398270176
1.2650000000000008,0.27532694000000035
1.266000000000001,0.2757151400000004
1.2670000000000008,0.2761335700000003
1.2680000000000007,0.27658191000000026
1.2690000000000008,0.2769808401069896
1.270000000000001,0.27738610000000036
1.2710000000000008,0.27780610000000033
1.2720000000000007,0.2782681600000003
1.2730000000000008,0.27876702000000037
1.274000000000001,0.27923042000000037
1.2750000000000008,0.2796754800000003
1.2760000000000007,0.2800735800000002
1.2770000000000008,0.2804473000000003
1.278000000000001,0.2808493700000003
1.2790000000000008,0.28125131000000025
1.2800000000000007,0.2816540000000003
1.2810000000000008,0.2820579400000004
1.282000000000001,0.28246991340266014
1.2830000000000008,0.2829039400000003
1.2840000000000007,0.2833122300000003
1.2850000000000008,0.2837145900000003
1.286000000000001,0.2841067000000003
1.2870000000000008,0.2844988768083194
1.2880000000000007,0.2848669600000003
1.2890000000000008,0.28527734000000027
1.290000000000001,0.2857214200000004
1.2910000000000008,0.28614143000000036
1.2920000000000007,0.2865659775452457
1.2930000000000008,0.2870007200000003
1.294000000000001,0.2874700100000004
1.2950000000000008,0.2879094800000004
1.2960000000000007,0.28835294000000034
1.2970000000000008,0.2888351817758228
1.298000000000001,0.2892525200000004
1.2990000000000008,0.28970116000000035
1.3000000000000007,0.29017919000000025
1.3010000000000008,0.2906120100000003
1.302000000000001,0.29098952000000045
1.3030000000000008,0.2914053200000003
1.3040000000000007,0.2918259200000003
1.3050000000000008,0.2922405402619741
1.306000000000001,0.2926431600000004
1.3070000000000008,0.29308903000000036
1.3080000000000007,0.29355758000000026
1.3090000000000008,0.29399353000000034
1.310000000000001,0.29446327100390013
1.3110000000000008,0.2949733100000004
1.3120000000000007,0.2954293500000004
1.3130000000000008,0.29591402000000033
1.314000000000001,0.29641840000000047
1.3150000000000008,0.2968971221277876
1.3160000000000007,0.29738843000000037
1.3170000000000008,0.29783770000000037
1.318000000000001,0.2982662000000004
1.3190000000000008,0.29869723000000037
1.3200000000000007,0.2991590638166187
1.3210000000000008,0.2996497200000004
1.322000000000001,0.30011761000000053
1.3230000000000008,0.30060333000000033
1.3240000000000007,0.3010742100000003
1.3250000000000008,0.3015241600000004
1.326000000000001,0.3019624700000005
1.3270000000000008,0.3023940600000004
1.3280000000000007,0.302833332332767
1.3290000000000008,0.3032566600000004
1.330000000000001,0.3036776500000004
1.3310000000000008,0.30411920000000037
1.3320000000000007,0.30453163000000033
1.3330000000000009,0.30489090535746455
1.334000000000001,0.3052444800000003
1.3350000000000009,0.3056124200000004
1.3360000000000007,0.3060223500000004
1.3370000000000009,0.30644041000000033
1.338000000000001,0.3068360604349569
1.3390000000000009,0.3072381600000003
1.3400000000000007,0.30758697000000024
1.3410000000000009,0.3079481100000004
1.342000000000001,0.30837718000000036
1.3430000000000009,0.30874090362763756
1.3440000000000007,0.3091092100000003
1.3450000000000009,0.3095329400000003
1.346000000000001,0.30992392000000046
1.3470000000000009,0.31034759000000045
1.3480000000000008,0.31081954000000034
1.3490000000000009,0.3112784300000004
1.350000000000001,0.31172222000000044
1.3510000000000009,0.3122005200000004
1.3520000000000008,0.31270900000000046
1.3530000000000009,0.3132160300000003
1.354000000000001,0.31375229000000043
1.3550000000000009,0.31427374000000047
1.3560000000000008,0.3147977205749428
1.3570000000000009,0.3153034700000004
1.358000000000001,0.3158169700000004
1.3590000000000009,0.3162984000000005
1.3600000000000008,0.31680068000000033
1.3610000000000009,0.31726515843815656
1.362000000000001,0.3176495400000004
1.3630000000000009,0.3180123300000002
1.3640000000000008,0.31829682000000015
1.3650000000000009,0.3185456100000002
1.366000000000001,0.31880730383061723
1.3670000000000009,0.3190573200000002
1.3680000000000008,0.3192805600000001
1.3690000000000009,0.31948760000000015
1.370000000000001,0.3196678200000001
1.3710000000000009,0.3198177350084993
1.3720000000000008,0.3199907200000001
1.3730000000000009,0.32013685000000014
1.374000000000001,0.32034588000000025
1.3750000000000009,0.3205689800000003
1.3760000000000008,0.32085544000000027
1.377000000000001,0.3211977800000004
1.378000000000001,0.3215652700000004
1.379000000000001,0.3220201800359968
1.3800000000000008,0.32242054000000037
1.381000000000001,0.3228517500000003
1.382000000000001,0.32321566000000035
1.383000000000001,0.32353747000000027
1.3840000000000008,0.32383498533246696
1.385000000000001,0.3240883100000002
1.386000000000001,0.32431361000000025
1.387000000000001,0.3245549800000002
1.3880000000000008,0.3247618700000002
1.389000000000001,0.324991647022298
1.390000000000001,0.32526967000000034
1.391000000000001,0.32556263000000035
1.3920000000000008,0.3259160200000003
1.393000000000001,0.32631817000000035
1.394000000000001,0.3267114406729331
1.395000000000001,0.32712600000000036
1.3960000000000008,0.3275291600000003
1.397000000000001,0.32788301000000036
1.398000000000001,0.32824045000000035
1.399000000000001,0.3285912600000003
1.4000000000000008,0.3289051700000003
1.4010000000000007,0.3292044700000002
1.402000000000001,0.3294855100000003
1.403000000000001,0.32977358000000023
1.4040000000000008,0.3300396500000002
1.4050000000000007,0.33031666000000015
1.406000000000001,0.3306030900000003
1.407000000000001,0.3308792963873615
1.4080000000000008,0.33114317000000015
1.4090000000000007,0.3314135400000002
1.410000000000001,0.3316797900000003
1.411000000000001,0.33196971000000025
1.4120000000000008,0.33225134170083015
1.4130000000000007,0.33256835000000023
1.414000000000001,0.3329142300000003
1.415000000000001,0.33328423000000035
1.4160000000000008,0.3336511000000003
1.4170000000000007,0.33401140396960327
1.418000000000001,0.3343712700000003
1.419000000000001,0.3346879800000003
1.4200000000000008,0.33498606000000025
1.4210000000000007,0.33527976000000015
1.422000000000001,0.33553687428857143
1.423000000000001,0.3358207000000003
1.4240000000000008,0.3361177400000002
1.4250000000000007,0.33641911000000024
1.426000000000001,0.3367605500000004
1.427000000000001,0.33710870000000037
1.4280000000000008,0.33747697000000026
1.4290000000000007,0.3378737900000003
1.430000000000001,0.33826199961503883
1.431000000000001,0.3386581500000003
1.4320000000000008,0.33905211000000035
1.4330000000000007,0.3394430600000003
1.434000000000001,0.3398353500000003
1.435000000000001,0.34023529855514484
1.4360000000000008,0.3406208500000003
1.4370000000000007,0.3410162300000003
1.438000000000001,0.3413790800000003
1.439000000000001,0.3417073200000003
1.4400000000000008,0.3420581449175085
1.4410000000000007,0.34240043000000026
1.442000000000001,0.3427314500000004
1.443000000000001,0.3430771200000003
1.4440000000000008,0.3434121000000002
1.4450000000000007,0.34370965024497574
1.446000000000001,0.34403753000000037
1.447000000000001,0.34440699000000036
1.4480000000000008,0.3447315700000002
1.4490000000000007,0.34503967000000024
1.450000000000001,0.3453437700000003
1.451000000000001,0.3456317500000003
1.4520000000000008,0.34590167000000027
1.4530000000000007,0.34618619005599466
1.454000000000001,0.34648675000000034
1.455000000000001,0.3467808100000003
1.4560000000000008,0.3470643800000002
1.4570000000000007,0.3473190700000002
1.458000000000001,0.3475335734406562
1.459000000000001,0.3477679800000002
1.4600000000000009,0.3479992400000002
1.4610000000000007,0.3482255900000002
1.462000000000001,0.3484961400000003
1.463000000000001,0.3487533342805722
1.4640000000000009,0.3489508900000002
1.4650000000000007,0.3491267300000001
1.466000000000001,0.34933341000000023
1.467000000000001,0.3495325400000002
1.4680000000000009,0.34974486876712346
1.4690000000000007,0.3499656600000002
1.470000000000001,0.3502217500000002
1.471000000000001,0.3504378800000002
1.4720000000000009,0.35063294000000017
1.4730000000000008,0.3508358900000001
1.474000000000001,0.3510349700000002
1.475000000000001,0.35123456000000014
1.4760000000000009,0.35143229000000015
1.4770000000000008,0.3516335500000002
1.478000000000001,0.35182747000000014
1.479000000000001,0.3520328700000002
1.4800000000000009,0.35227314000000015
1.4810000000000008,0.3524660382551746
1.482000000000001,0.35264859000000015
1.483000000000001,0.3528133300000001
1.4840000000000009,0.3529105200000001
1.4850000000000008,0.3530620600000001
1.486000000000001,0.35323722652734746
1.487000000000001,0.35340250000000023
1.4880000000000009,0.3535830700000001
1.4890000000000008,0.3537703800000001
1.490000000000001,0.35394889000000024
1.491000000000001,0.35415399948905135
1.4920000000000009,0.35436007000000025
1.4930000000000008,0.35458788000000013
1.494000000000001,0.3547841300000002
1.495000000000001,0.35496649000000025
1.4960000000000009,0.35520208644035617
1.4970000000000008,0.3554109600000002
1.498000000000001,0.3556340300000002
1.499000000000001,0.35589141000000024
1.5000000000000009,0.35614744000000026
1.5010000000000008,0.3564455200000003
1.5020000000000011,0.35676637000000044
1.503000000000001,0.35709703000000026
1.504000000000001,0.3574183292420761
1.5050000000000008,0.3577107500000003
1.5060000000000011,0.35802016000000036
1.507000000000001,0.3583692600000004
1.508000000000001,0.3587029600000003
1.5090000000000008,0.3590362155444458
1.5100000000000011,0.35939166000000033
1.511000000000001,0.3597044600000004
1.512000000000001,0.36003155000000037
1.5130000000000008,0.3603951900000002
1.5140000000000011,0.3607492345955408
1.515000000000001,0.3611097900000004
1.516000000000001,0.36147413000000034
1.5170000000000008,0.36184663000000034
1.5180000000000011,0.36222595000000046
1.519000000000001,0.3626158710078996
1.520000000000001,0.3629853700000003
1.5210000000000008,0.36335683000000035
1.5220000000000011,0.36371648000000045
1.523000000000001,0.36405778000000033
1.524000000000001,0.3644091200000003
1.5250000000000008,0.36476570000000036
1.5260000000000011,0.3651105500000003
1.527000000000001,0.3654331900000004
1.528000000000001,0.3657797000000003
1.5290000000000008,0.3661326800000002
1.5300000000000011,0.36649889000000047
1.531000000000001,0.3669143300000004
1.532000000000001,0.3672659717838219
1.5330000000000008,0.36758381000000023
1.5340000000000011,0.36790332000000026
1.535000000000001,0.3681647500000003
1.536000000000001,0.3684820800000003
1.5370000000000008,0.3688365857204282
1.5380000000000011,0.36919379000000047
1.539000000000001,0.3695799700000003
1.540000000000001,0.36993840000000033
1.5410000000000008,0.3703148400000003
1.5420000000000011,0.37069281220278016
1.543000000000001,0.3710244900000003
1.544000000000001,0.37141183000000033
1.5450000000000008,0.3718104100000003
1.5460000000000012,0.3721734000000005
1.547000000000001,0.3725811992200784
1.548000000000001,0.37295821000000035
1.5490000000000008,0.3733321100000003
1.5500000000000012,0.3737399900000005
1.551000000000001,0.3741658000000005
1.552000000000001,0.3746294400000004
1.5530000000000008,0.3750539100000002
1.5540000000000012,0.3754218500000004
1.555000000000001,0.37576464190281
1.556000000000001,0.37608367000000026
1.5570000000000008,0.37639630000000024
1.5580000000000012,0.37673649000000037
1.559000000000001,0.3770980500000003
1.560000000000001,0.37740656861913835
1.5610000000000008,0.3776927600000003
1.5620000000000012,0.3779962400000003
1.563000000000001,0.37823823000000023
1.564000000000001,0.37851214000000033
1.5650000000000008,0.37888526268773154
1.5660000000000012,0.37924242000000047
1.567000000000001,0.37959349000000037
1.568000000000001,0.37994868000000026
1.5690000000000008,0.38027433000000027
1.5700000000000012,0.38060590684231616
1.571000000000001,0.3809948300000005
1.572000000000001,0.3814370900000005
1.5730000000000008,0.3818894900000003
1.5740000000000012,0.3823340800000005
1.575000000000001,0.38276327000000043
1.576000000000001,0.3831846100000004
1.5770000000000008,0.38360080000000035
1.5780000000000012,0.38401258876912353
1.579000000000001,0.38440028000000037
1.580000000000001,0.3847539100000003
1.5810000000000008,0.38512456000000034
1.5820000000000012,0.3855010900000005
1.583000000000001,0.3858595293200685
1.584000000000001,0.3862527300000004
1.5850000000000009,0.3866687700000004
1.5860000000000012,0.38707674000000053
1.587000000000001,0.3874843400000004
1.588000000000001,0.3878892595080496
1.5890000000000009,0.38829476000000035
1.5900000000000012,0.3886719000000004
1.591000000000001,0.3890247000000005
1.592000000000001,0.38942939000000043
1.5930000000000009,0.3898220007389264
1.5940000000000012,0.3901255400000003
1.595000000000001,0.39042583000000025
1.596000000000001,0.3906915800000002
1.5970000000000009,0.39091438000000023
1.5980000000000012,0.3911670700000003
1.599000000000001,0.39142123000000034
1.600000000000001,0.3916974700000002
1.6010000000000009,0.3919658700000002
1.6020000000000012,0.3921854500000003
1.603000000000001,0.39244077000000027
1.604000000000001,0.3927328900000002
1.6050000000000009,0.3930067700000003
1.6060000000000012,0.3933052697220282
1.607000000000001,0.3936024900000003
1.608000000000001,0.39384255000000024
1.6090000000000009,0.3940660100000002
1.6100000000000012,0.39425835000000015
1.611000000000001,0.3944267444265575
1.612000000000001,0.3945710100000001
1.6130000000000009,0.3946913200000001
1.6140000000000012,0.3948330900000001
1.615000000000001,0.39491272000000005
1.616000000000001,0.3949537258994101
1.6170000000000009,0.39497798999999995
1.6180000000000012,0.39493807999999997
1.619000000000001,0.39490861
1.620000000000001,0.39488544999999997
1.6210000000000009,0.3948285656884311
1.6220000000000012,0.39476654
1.623000000000001,0.39475256
1.624000000000001,0.39472364999999987
1.6250000000000009,0.3946269799999999
1.6260000000000012,0.3945200999999997
1.6270000000000011,0.39436199999999977
1.628000000000001,0.39419966999999995
1.629000000000001,0.3941304659354064
1.6300000000000012,0.3940898199999999
1.6310000000000011,0.39404695999999995
1.632000000000001,0.3939985599999999
1.633000000000001,0.39389809999999986
1.6340000000000012,0.39376614507349245
1.6350000000000011,0.39361687999999984
1.636000000000001,0.39344536999999985
1.637000000000001,0.3932710899999997
1.6380000000000012,0.3930300499999997
1.6390000000000011,0.39271462154284537
1.640000000000001,0.39238768999999957
1.641000000000001,0.39200746999999964
1.6420000000000012,0.39156728999999946
1.6430000000000011,0.3911524999999995
1.644000000000001,0.39069037621237823
1.645000000000001,0.39009499999999947
1.6460000000000012,0.3895064599999992
1.6470000000000011,0.3889097899999991
1.648000000000001,0.3882307399999994
1.649000000000001,0.3875240399999993
1.6500000000000012,0.3866845699999987
1.6510000000000011,0.38569473999999876
1.652000000000001,0.38460358999999866
1.653000000000001,0.3833852099999988
1.6540000000000012,0.3820944699999984
1.6550000000000011,0.38064324999999827
1.656000000000001,0.3790981799999983
1.657000000000001,0.3775464202989686
1.6580000000000013,0.37594940999999826
1.6590000000000011,0.37440272999999835
1.660000000000001,0.37291413999999845
1.661000000000001,0.3715377399999989
1.6620000000000013,0.3703087137526235
1.6630000000000011,0.3692462399999991
1.664000000000001,0.3684521899999995
1.665000000000001,0.3678621599999996
1.6660000000000013,0.3674144399999998
1.6670000000000011,0.3672377076732325
1.668000000000001,0.3672940100000002
1.669000000000001,0.3675532900000005
1.6700000000000013,0.36810097000000097
1.6710000000000012,0.3688095200000009
1.672000000000001,0.3696169892530755
1.673000000000001,0.37058818000000093
1.6740000000000013,0.3716577900000013
1.6750000000000012,0.3728365600000015
1.676000000000001,0.37416571000000154
1.677000000000001,0.3755872200000017
1.6780000000000013,0.3771130700000018
1.6790000000000012,0.37876076000000186
1.680000000000001,0.3804789173302686
1.681000000000001,0.38225222000000164
1.6820000000000013,0.38409808000000256
1.6830000000000012,0.3860135400000021
1.684000000000001,0.3879115000000016
1.685000000000001,0.3897076141405875
1.6860000000000013,0.391349020000002
1.6870000000000012,0.3928678600000018
1.688000000000001,0.394215380000001
1.689000000000001,0.39535624000000097
1.6900000000000013,0.3964017454494564
1.6910000000000012,0.3972631400000009
1.692000000000001,0.3979385500000007
1.693000000000001,0.3985670200000005
1.6940000000000013,0.39912093000000054
1.6950000000000012,0.3995497671162889
1.696000000000001,0.39993358000000045
1.697000000000001,0.4003160300000003
1.6980000000000013,0.4006325300000002
1.6990000000000012,0.4008170400000001
1.700000000000001,0.4009252200000001
1.701000000000001,0.4009695599999999
1.7020000000000013,0.4008882299999999
1.7030000000000012,0.40082358869513046
1.704000000000001,0.4008105399999999
1.705000000000001,0.40072532999999994
1.7060000000000013,0.4006600999999999
1.7070000000000012,0.4006294899999998
1.708000000000001,0.4005156960713927
1.709000000000001,0.40037640999999985
1.7100000000000013,0.4002016499999997
1.7110000000000012,0.3999413499999996
1.712000000000001,0.39966743999999965
1.713000000000001,0.3993791888251172
1.7140000000000013,0.3990112799999994
1.7150000000000012,0.3985619499999995
1.716000000000001,0.3980874399999995
1.717000000000001,0.3976174599999995
1.7180000000000013,0.39718337340865856
1.7190000000000012,0.3968509999999997
1.720000000000001,0.39657189999999976
1.721000000000001,0.3963161399999998
1.7220000000000013,0.39616954
1.7230000000000012,0.39615121000000003
1.724000000000001,0.3961911200000002
1.725000000000001,0.39632899000000027
1.7260000000000013,0.3966666200000005
1.7270000000000012,0.3970290100000007
1.728000000000001,0.39752671000000045
1.729000000000001,0.3980573700000005
1.7300000000000013,0.39862719000000085
1.7310000000000012,0.3992321521287878
1.732000000000001,0.3998534400000009
1.733000000000001,0.4006338700000007
1.7340000000000013,0.40145725000000126
1.7350000000000012,0.4024077100000012
1.736000000000001,0.40353166791620976
1.737000000000001,0.40471083000000146
1.7380000000000013,0.40603101000000147
1.7390000000000012,0.4073337300000016
1.740000000000001,0.4087873400000014
1.741000000000001,0.41003515521847944
1.7420000000000013,0.41126505000000135
1.7430000000000012,0.4122689400000009
1.744000000000001,0.4131086500000008
1.745000000000001,0.41380012000000044
1.7460000000000013,0.4142983101809825
1.7470000000000012,0.4146792600000004
1.748000000000001,0.41498998000000015
1.749000000000001,0.4151774600000001
1.7500000000000013,0.4152866300000001
1.7510000000000012,0.4153564900000001
1.7520000000000011,0.4154125500000001
1.753000000000001,0.41549304000000004
1.7540000000000013,0.4155691968083192
1.7550000000000012,0.41563728000000005
1.7560000000000011,0.41568536
1.757000000000001,0.41569635
1.7580000000000013,0.41569823
1.7590000000000012,0.4157123021807819
1.7600000000000011,0.41573411000000005
1.761000000000001,0.41579965000000024
1.7620000000000013,0.4159752400000004
1.7630000000000012,0.4162110400000003
1.7640000000000011,0.4164887722267776
1.765000000000001,0.41687807000000043
1.7660000000000013,0.41730180000000056
1.7670000000000012,0.4177306000000007
1.7680000000000011,0.4182575600000007
1.769000000000001,0.41889780597540316
1.7700000000000014,0.4195790000000011
1.7710000000000012,0.42041048000000103
1.7720000000000011,0.4212058800000011
1.773000000000001,0.42204389000000064
1.7740000000000014,0.422797140000001
1.7750000000000012,0.42354503000000093
1.7760000000000011,0.42423457000000064
1.777000000000001,0.4248186100000007
1.7780000000000014,0.42544925000000083
1.7790000000000012,0.4260924500000007
1.7800000000000011,0.42670199000000064
1.781000000000001,0.4273102600000006
1.7820000000000014,0.4278566680281979
1.7830000000000013,0.42833695000000055
1.7840000000000011,0.42882964000000057
1.785000000000001,0.4293114200000005
1.7860000000000014,0.42977408000000067
1.7870000000000013,0.430267134373563
1.7880000000000011,0.43061087000000026
1.789000000000001,0.4308558400000002
1.7900000000000014,0.4311087100000002
1.7910000000000013,0.4312264900000004
1.7920000000000011,0.43152323032596773
1.793000000000001,0.4319218400000003
1.7940000000000014,0.43224773000000044
1.7950000000000013,0.4325658100000003
1.7960000000000012,0.4327863200000002
1.797000000000001,0.4329897596560346
1.7980000000000014,0.43329597000000036
1.7990000000000013,0.4335888900000003
1.8000000000000012,0.43384224000000027
1.801000000000001,0.43408722000000016
1.8020000000000014,0.43425310000000034
1.8030000000000013,0.4344676100000003
1.8040000000000012,0.43473765000000025
1.805000000000001,0.434978060581942
1.8060000000000014,0.43518388000000036
1.8070000000000013,0.43544623000000043
1.8080000000000012,0.43578613000000027
1.809000000000001,0.4360111700000002
1.8100000000000014,0.4362338070062996
1.8110000000000013,0.43640387
1.8120000000000012,0.43639293000000023
1.813000000000001,0.4365463000000002
1.8140000000000014,0.4367948500000003
1.8150000000000013,0.43699420006499373
1.8160000000000012,0.4372615500000002
1.817000000000001,0.43744013000000004
1.8180000000000014,0.4375015800000003
1.8190000000000013,0.4377121000000003
1.8200000000000012,0.43795466574342595
1.821000000000001,0.4382371600000004
1.8220000000000014,0.43860340000000064
1.8230000000000013,0.43899494000000044
1.8240000000000012,0.43941951000000046
1.825000000000001,0.4398160000000005
1.8260000000000014,0.4402667600000006
1.8270000000000013,0.44066003000000054
1.8280000000000012,0.441058686775323
1.829000000000001,0.44152644000000046
1.8300000000000014,0.4419359300000012
1.8310000000000013,0.44283810000000046
1.8320000000000012,0.44323069000000065
1.833000000000001,0.4437359712208784
1.8340000000000014,0.44414818000000045
1.8350000000000013,0.4444743400000006
1.8360000000000012,0.4449105300000009
1.837000000000001,0.4455665300000006
1.8380000000000014,0.4461197646765332
1.8390000000000013,0.4465474500000004
1.8400000000000012,0.4468543200000003
1.841000000000001,0.44712505000000047
1.8420000000000014,0.4475140000000005
1.8430000000000013,0.4478479866013403
1.8440000000000012,0.44799477000000015
1.845000000000001,0.4481617500000003
1.8460000000000014,0.4483990100000002
1.8470000000000013,0.44854248000000047
1.8480000000000012,0.44888145000000035
1.849000000000001,0.4491840300000003
1.8500000000000014,0.4494213800000005
1.8510000000000013,0.4497767100000005
1.8520000000000012,0.4501553200000007
1.853000000000001,0.4506513500000004
1.8540000000000014,0.4510708500000004
1.8550000000000013,0.45137465000000043
1.8560000000000012,0.4517276295160487
1.857000000000001,0.45202279000000023
1.8580000000000014,0.45224640000000066
1.8590000000000013,0.45276096000000066
1.8600000000000012,0.4532431400000003
1.861000000000001,0.4535648630286973
1.8620000000000014,0.4536951500000004
1.8630000000000013,0.45394129000000016
1.8640000000000012,0.45410207000000036
1.865000000000001,0.45439157000000063
1.8660000000000014,0.45495132402459837
1.8670000000000013,0.45557880000000106
1.8680000000000012,0.45642728000000077
1.869000000000001,0.4571411900000005
1.8700000000000014,0.45758942000000064
1.8710000000000013,0.4580531536266379
1.8720000000000012,0.4583063399999996
1.873000000000001,0.45801043999999985
1.8740000000000014,0.45780276999999964
1.8750000000000013,0.45749109999999965
1.8760000000000012,0.45722507999999984
1.8770000000000011,0.45709321
1.8780000000000014,0.4570971399999999
1.8790000000000013,0.45702115202979665
1.8800000000000012,0.45674144999999966
1.8810000000000011,0.4564778799999999
1.8820000000000014,0.45636817999999985
1.8830000000000013,0.4562694100000002
1.8840000000000012,0.4564460294580543
1.8850000000000011,0.4565406099999997
1.8860000000000015,0.4562459899999997
1.8870000000000013,0.45608123999999994
1.8880000000000012,0.45604423
1.8890000000000011,0.45604994942805716
1.8900000000000015,0.45599865999999994
1.8910000000000013,0.45595040999999986
1.8920000000000012,0.4558875299999999
1.8930000000000011,0.45581483999999994
1.8940000000000015,0.45578036344765516
1.8950000000000014,0.4559656100000002
1.8960000000000012,0.4561071700000002
1.8970000000000011,0.4562386
1.8980000000000015,0.4562677099999999
1.8990000000000014,0.45620247999999985
1.9000000000000012,0.4560903299999998
1.9010000000000011,0.4559476999999997
1.9020000000000015,0.4556506899999993
1.9030000000000014,0.4551809999999994
1.9040000000000012,0.4546687899999995
1.9050000000000011,0.45420118999999914
1.9060000000000015,0.45346527999999914
1.9070000000000014,0.4529077108619134
1.9080000000000013,0.4526163299999998
1.9090000000000011,0.4523957699999999
1.9100000000000015,0.45232766999999996
1.9110000000000014,0.4522916400000001
1.9120000000000013,0.4523801038206181
1.9130000000000011,0.45251831000000026
1.9140000000000015,0.45275059000000034
1.9150000000000014,0.4529926800000002
1.9160000000000013,0.4531436300000002
1.9170000000000011,0.4532779065723429
1.9180000000000015,0.45337993000000004
1.9190000000000014,0.45342639
1.9200000000000013,0.4534074099999999
1.9210000000000012,0.4533381199999999
1.9220000000000015,0.45322053175882393
1.9230000000000014,0.45291906999999965
1.9240000000000013,0.45266386999999986
1.9250000000000012,0.45251455999999973
1.9260000000000015,0.45226773999999964
1.9270000000000014,0.45205760000000006
1.9280000000000013,0.4520854100000001
1.9290000000000012,0.4521324600000003
1.9300000000000015,0.4523663924207581
1.9310000000000014,0.45249059999999985
1.9320000000000013,0.4523854299999999
1.9330000000000012,0.4523240599999998
1.9340000000000015,0.4521611899999999
1.9350000000000014,0.4520573851754824
1.9360000000000013,0.4520091399999999
1.9370000000000012,0.45197680999999984
1.9380000000000015,0.45183133999999975
1.9390000000000014,0.4516147399999999
1.9400000000000013,0.45151470000399946
1.9410000000000012,0.45165109999999997
1.9420000000000015,0.4516446299999998
1.9430000000000014,0.45152100999999994
1.9440000000000013,0.45146688999999973
1.9450000000000012,0.4512550711818815
1.9460000000000015,0.45107964000000006
1.9470000000000014,0.4511177800000001
1.9480000000000013,0.45115075
1.9490000000000012,0.45112723
1.9500000000000015,0.45114576999999995
1.9510000000000014,0.4511268099999998
1.9520000000000013,0.45103242999999993
1.9530000000000012,0.4509715391240876
1.9540000000000015,0.45096277999999984
1.9550000000000014,0.4508600499999999
1.9560000000000013,0.4507569999999998
1.9570000000000012,0.45064472999999955
1.9580000000000015,0.4503284731806815
1.9590000000000014,0.4500602799999997
1.9600000000000013,0.44985210999999986
1.9610000000000012,0.44971599999999984
1.9620000000000015,0.4495733399999997
1.9630000000000014,0.4493936479692028
1.9640000000000013,0.44923394999999977
1.9650000000000012,0.4490689299999998
1.9660000000000015,0.44892495999999993
1.9670000000000014,0.4488995399999999
1.9680000000000013,0.44881266868713116
1.9690000000000012,0.44871040999999984
1.9700000000000015,0.44855218999999946
1.9710000000000014,0.4481791599999995
1.9720000000000013,0.44785063999999963
1.9730000000000012,0.4475510399999997
1.9740000000000015,0.4472402299999997
1.9750000000000014,0.4470114999999998
1.9760000000000013,0.44689401999999984
1.9770000000000012,0.4467576699999998
1.9780000000000015,0.44658436999999984
1.9790000000000014,0.4464720799999999
1.9800000000000013,0.44636821999999987
1.9810000000000012,0.4462990289271074
1.9820000000000015,0.44638830000000007
1.9830000000000014,0.4464448099999999
1.9840000000000013,0.44636342
1.9850000000000012,0.44636866000000014
1.9860000000000015,0.44650912551344873
1.9870000000000014,0.4465642600000001
1.9880000000000013,0.4466447200000003
1.9890000000000012,0.4468918100000002
1.9900000000000015,0.4471061800000001
1.9910000000000014,0.44713130748725133
1.9920000000000013,0.44722924000000047
1.9930000000000012,0.44759163000000024
1.9940000000000015,0.4477944700000001
1.9950000000000014,0.4478736500000002
1.9960000000000013,0.44800956640835937
1.9970000000000012,0.4478255799999999
1.9980000000000016,0.4477471700000004
1.9990000000000014,0.44803685000000026
2.0000000000000013,0.44825974000000024
2.0010000000000012,0.4484467191081787
2.0020000000000016,0.4487378008918221
2.0030000000000014,0.44897553000000007
2.0040000000000013,0.449023084111178
2.0050000000000012,0.4491641958888224
2.0060000000000016,0.4493654700000003
2.0070000000000014,0.4495614200000006
2.0080000000000013,0.44990795711457743
2.0090000000000012,0.4501791028854232
2.0100000000000016,0.4503491800000004
2.0110000000000015,0.4505666692541495
2.0120000000000013,0.4507592107458511
2.0130000000000012,0.45092395000000024
2.0140000000000016,0.4510943195550893
2.0150000000000015,0.4512898704449113
2.0160000000000013,0.45148361000000015
2.0170000000000012,0.45160669000000025
2.0180000000000016,0.45182476682563566
2.0190000000000015,0.45229302317436587
2.0200000000000014,0.4526295100000003
2.0210000000000012,0.452858658231354
2.0220000000000016,0.45314097176864665
2.0230000000000015,0.4533863400000002
2.0240000000000014,0.45356440423315364
2.0250000000000012,0.4538067357668469
2.0260000000000016,0.4539876299999998
2.0270000000000015,0.4538998299999999
2.0280000000000014,0.4538477452084791
2.0290000000000012,0.45388389000000007
2.0300000000000016,0.45391148
2.0310000000000015,0.45390492896320733
2.0320000000000014,0.45389456103679265
2.0330000000000013,0.4539192900000001
2.0340000000000016,0.4540108436322736
2.0350000000000015,0.4540471663677265
2.0360000000000014,0.45395988000000004
2.0370000000000013,0.45400105258848245
2.0380000000000016,0.4541269374115179
2.0390000000000015,0.4541931500000002
2.0400000000000014,0.45434982000000024
2.0410000000000013,0.4545161154919017
2.0420000000000016,0.45457103450809844
2.0430000000000015,0.4546527600000002
2.0440000000000014,0.4548022613077387
2.0450000000000013,0.45501533869226174
2.0460000000000016,0.4552946100000003
2.0470000000000015,0.4554841132983407
2.0480000000000014,0.45571709670166
2.0490000000000013,0.45614633000000043
2.0500000000000016,0.4564804100000003
2.0510000000000015,0.4566485731836819
2.0520000000000014,0.4569166300000005
2.0530000000000013,0.45730665000000037
2.0540000000000016,0.4576182096530699
2.0550000000000015,0.4579147403469311
2.0560000000000014,0.4582086200000003
2.0570000000000013,0.45843096653069404
2.0580000000000016,0.4585962734693064
2.0590000000000015,0.4587920600000003
2.0600000000000014,0.4589880906578687
2.0610000000000013,0.4591946693421319
2.0620000000000016,0.4592326300000001
2.0630000000000015,0.45930856000000014
2.0640000000000014,0.45942698603679283
2.0650000000000013,0.4595873539632076
2.0660000000000016,0.45990953000000034
2.0670000000000015,0.4600960946720657
2.0680000000000014,0.4601428153279345
2.0690000000000013,0.46027127000000007
2.0700000000000016,0.46029347331633674
2.0710000000000015,0.4603266366836633
2.0720000000000014,0.46061388000000036
2.0730000000000013,0.4608911899999999
2.0740000000000016,0.4608114483491652
2.0750000000000015,0.46089494000000075
2.0760000000000014,0.46147165000000057
2.0770000000000013,0.46188663841731686
2.0780000000000016,0.4621708115826839
2.0790000000000015,0.46257043000000037
2.0800000000000014,0.4628814727564486
2.0810000000000013,0.4628090372435512
2.0820000000000016,0.4628257200000003
2.0830000000000015,0.4629825886852632
2.0840000000000014,0.4631694413147373
2.0850000000000013,0.46351224000000035
2.0860000000000016,0.46374294000000027
2.0870000000000015,0.4638904477324538
2.0880000000000014,0.46406777226754675
2.0890000000000013,0.46409485
2.0900000000000016,0.4640949937652473
2.0910000000000015,0.4643326462347534
2.0920000000000014,0.46449374999999976
2.0930000000000013,0.46434607255148963
2.0940000000000016,0.4642715874485102
2.0950000000000015,0.46422880999999994
2.0960000000000014,0.4641827
2.0970000000000013,0.4641707405589443
2.0980000000000016,0.46437633000000006
2.0990000000000015,0.4644191299999999
2.1000000000000014,0.4643218339402117
2.1010000000000013,0.46416123605978776
2.1020000000000016,0.4638903399999993
2.1030000000000015,0.46348831585982714
2.1040000000000014,0.4629469141401712
2.1050000000000013,0.462343629999999
2.1060000000000016,0.46160571064287015
2.1070000000000015,0.4608121393571274
2.1080000000000014,0.4599023799999988
2.1090000000000013,0.458996739999999
2.1100000000000017,0.4582259104649056
2.1110000000000015,0.4573305595350916
2.1120000000000014,0.4563323299999987
2.1130000000000013,0.4553492860517884
2.1140000000000017,0.4543098039482088
2.1150000000000015,0.45311909999999817
2.1160000000000014,0.45175301093681053
2.1170000000000013,0.4504623790631854
2.1180000000000017,0.44893243999999743
2.1190000000000015,0.4469990699999974
2.1200000000000014,0.4450211389352094
2.1210000000000013,0.44281049106478376
2.1220000000000017,0.4406542499999961
2.1230000000000016,0.4384284282793407
2.1240000000000014,0.4363112217206527
2.1250000000000013,0.4343183899999975
2.1260000000000017,0.4324557569426087
2.1270000000000016,0.43072518305738594
2.1280000000000014,0.42912530999999815
2.1290000000000013,0.4277338566016781
2.1300000000000017,0.42639987339831836
2.1310000000000016,0.42515122999999794
2.1320000000000014,0.42397981999999845
2.1330000000000013,0.4231049982333523
2.1340000000000017,0.4221873317666453
2.1350000000000016,0.42106815999999797
2.1360000000000015,0.41992130865126776
2.1370000000000013,0.41870782134872847
2.1380000000000017,0.4172510499999974
2.1390000000000016,0.41576774471605416
2.1400000000000015,0.41411490528394074
2.1410000000000013,0.41273664999999815
2.1420000000000017,0.411341729999998
2.1430000000000016,0.41023106213057264
2.1440000000000015,0.40945236786942496
2.1450000000000014,0.40904119999999994
2.1460000000000017,0.4089602988312341
2.1470000000000016,0.40914861116876655
2.1480000000000015,0.4099704900000013
2.1490000000000014,0.4109296588752264
2.1500000000000017,0.412218411124777
2.1510000000000016,0.41343859000000266
2.1520000000000015,0.4149250400000023
2.1530000000000014,0.416192553248677
2.1540000000000017,0.41714066000000133
2.1550000000000016,0.41789770000000087
2.1560000000000015,0.4183934174045194
2.1570000000000014,0.41856746259548117
2.1580000000000017,0.4185239099999993
2.1590000000000016,0.41811721554389064
2.1600000000000015,0.41777265445610823
2.1610000000000014,0.4170063099999995
2.1620000000000017,0.41661980769946005
2.1630000000000016,0.41659680230053986
2.1640000000000015,0.41678447000000063
2.1650000000000014,0.41724187000000107
2.1660000000000017,0.4180427420285961
2.1670000000000016,0.41916302797140736
2.1680000000000015,0.42052680000000253
2.1690000000000014,0.4224604621325758
2.1700000000000017,0.4244817878674295
2.1710000000000016,0.426873560000004
2.1720000000000015,0.4291128522995435
2.1730000000000014,0.4312358477004631
2.1740000000000017,0.43326780000000353
2.1750000000000016,0.43525711000000306
2.1760000000000015,0.43696278943205935
2.1770000000000014,0.4383824800000017
2.1780000000000017,0.4396472900000019
2.1790000000000016,0.44069660992301657
2.1800000000000015,0.4413958400769856
2.1810000000000014,0.4418272100000004
2.1820000000000017,0.4421050368736254
2.1830000000000016,0.44217377312637485
2.1840000000000015,0.4417059399999994
2.1850000000000014,0.44126660732153544
2.1860000000000017,0.4410398226784639
2.1870000000000016,0.44052642999999897
2.1880000000000015,0.43993707999999887
2.1890000000000014,0.43909746563687096
2.1900000000000017,0.43765383436312455
2.1910000000000016,0.43620749999999703
2.1920000000000015,0.4345616907918391
2.1930000000000014,0.43296960920815597
2.1940000000000017,0.4312324799999974
2.1950000000000016,0.4297849582973382
2.1960000000000015,0.42836793170265736
2.1970000000000014,0.4273178299999996
2.1980000000000017,0.42701562999999976
2.1990000000000016,0.4268805524437558
2.2000000000000015,0.4270049900000005
2.2010000000000014,0.4273881600000009
2.2020000000000017,0.4280628754949022
2.2030000000000016,0.42881782450510014
2.2040000000000015,0.42959747000000154
2.2050000000000014,0.43078251011897783
2.2060000000000017,0.4317836998810257
2.2070000000000016,0.4324952100000014
2.2080000000000015,0.4332859374205172
2.2090000000000014,0.4340601425794853
2.2100000000000017,0.4348194600000011
2.2110000000000016,0.4354479000000015
2.2120000000000015,0.43625521011497875
2.2130000000000014,0.43735635988502464
2.2140000000000017,0.43828472000000207
2.2150000000000016,0.43943727905818997
2.2160000000000015,0.44042786094181313
2.2170000000000014,0.44091904000000065
2.2180000000000017,0.44143206950609987
2.2190000000000016,0.44212713049390223
2.2200000000000015,0.44259155000000044
2.2210000000000014,0.4429304000000003
2.2220000000000018,0.4431270202779719
2.2230000000000016,0.4429297999999997
2.2240000000000015,0.4427023199999994
2.2250000000000014,0.44230147374425055
2.2260000000000018,0.4419389162557481
2.2270000000000016,0.4417545799999995
2.2280000000000015,0.4414843301499695
2.2290000000000014,0.4411858298500296
2.2300000000000018,0.4408763899999995
2.2310000000000016,0.4405997882493495
2.2320000000000015,0.4401822817506493
2.2330000000000014,0.4395063499999991
2.2340000000000018,0.4388339499999991
2.2350000000000017,0.43834403309538
2.2360000000000015,0.43777498690461825
2.2370000000000014,0.4372694199999998
2.2380000000000018,0.43710391172565455
2.2390000000000017,0.43692116827434485
2.2400000000000015,0.43651651999999963
2.2410000000000014,0.43622834208158423
2.2420000000000018,0.4365491579184169
2.2430000000000017,0.43635677999999894
2.2440000000000015,0.4355520299999991
2.2450000000000014,0.434875776436711
2.2460000000000018,0.4338401435632853
2.2470000000000017,0.4327625599999988
2.2480000000000016,0.4320865675474892
2.2490000000000014,0.43126204245250827
2.2500000000000018,0.43002584999999777
2.2510000000000017,0.4287716351469691
2.2520000000000016,0.427823104853028
2.2530000000000014,0.4266008099999978
2.254000000000002,0.4249155322375498
2.2550000000000017,0.42323790776244496
2.2560000000000016,0.4214548499999965
2.2570000000000014,0.4194973699999964
2.258000000000002,0.4174605695180931
2.2590000000000017,0.41545575048190064
2.2600000000000016,0.413131769999996
2.2610000000000015,0.41087752060587596
2.262000000000002,0.4090835793941177
2.2630000000000017,0.40715527999999646
2.2640000000000016,0.4051584007458474
2.2650000000000015,0.40306585925414606
2.266000000000002,0.4009108199999958
2.2670000000000017,0.3985512599999951
2.2680000000000016,0.39576005453808794
2.2690000000000015,0.39300543546190353
2.270000000000002,0.38994210999999473
2.2710000000000017,0.38695783003998735
2.2720000000000016,0.38405822996000366
2.2730000000000015,0.3814136999999962
2.274000000000002,0.37852280638471764
2.2750000000000017,0.375186653615272
2.2760000000000016,0.3720812199999946
2.2770000000000015,0.36903529999999446
2.278000000000002,0.36590181334865907
2.2790000000000017,0.36288973999999485
2.2800000000000016,0.35999786999999434
2.2810000000000015,0.356818241546686
2.282000000000002,0.35393370845330374
2.2830000000000017,0.35143780999999596
2.2840000000000016,0.349156157694458
2.2850000000000015,0.347233102305536
2.286000000000002,0.3452992699999967
2.2870000000000017,0.34344052008897963
2.2880000000000016,0.3418414099110154
2.2890000000000015,0.34012051999999815
2.290000000000002,0.3387380499999987
2.2910000000000017,0.33799737431913507
2.2920000000000016,0.3373405656808629
2.2930000000000015,0.3369198699999995
2.294000000000002,0.336556931859628
2.2950000000000017,0.3364755281403718
2.2960000000000016,0.33621867999999944
2.2970000000000015,0.3359141399100172
2.298000000000002,0.3354132400899811
2.2990000000000017,0.3347103599999982
2.3000000000000016,0.33370661999999734
2.3010000000000015,0.3322104796140364
2.302000000000002,0.33069768999999644
2.3030000000000017,0.32870795999999675
2.3040000000000016,0.3268528926904591
2.3050000000000015,0.32507979730953546
2.306000000000002,0.3235526999999976
2.3070000000000017,0.3221656562307522
2.3080000000000016,0.3211279637692446
2.3090000000000015,0.32056685999999973
2.310000000000002,0.3203378537462506
2.3110000000000017,0.3202753162537491
2.3120000000000016,0.3207076200000022
2.3130000000000015,0.32191184000000184
2.314000000000002,0.32330376131074073
2.3150000000000017,0.3251168686892657
2.3160000000000016,0.3272433900000042
2.3170000000000015,0.3295960989852068
2.318000000000002,0.3319859510148017
2.3190000000000017,0.33488530000000505
2.3200000000000016,0.3377265487592526
2.3210000000000015,0.340514141240756
2.322000000000002,0.3430895800000044
2.3230000000000017,0.3455546500000038
2.3240000000000016,0.3476844875952432
2.3250000000000015,0.3493604400000019
2.326000000000002,0.35077178000000164
2.3270000000000017,0.35170433509298243
2.3280000000000016,0.35235526490701957
2.3290000000000015,0.3526898300000002
2.330000000000002,0.3528407315186971
2.3310000000000017,0.3532559184813045
2.3320000000000016,0.3536310200000005
2.3330000000000015,0.35389668771445726
2.334000000000002,0.353973832285543
2.3350000000000017,0.35366194999999834
2.3360000000000016,0.3527239899999982
2.3370000000000015,0.3517236405818817
2.338000000000002,0.3505294594181141
2.3390000000000017,0.3492305599999978
2.3400000000000016,0.34798189916516453
2.3410000000000015,0.34647355083483083
2.342000000000002,0.34488379999999663
2.3430000000000017,0.34300690299639675
2.3440000000000016,0.3405368670035956
2.3450000000000015,0.33814522999999636
2.346000000000002,0.33537902999999586
2.3470000000000018,0.33302930166083056
2.3480000000000016,0.33094590999999784
2.3490000000000015,0.3293307999999985
2.350000000000002,0.3282257828834219
2.3510000000000018,0.3275546171165754
2.3520000000000016,0.32727712000000075
2.3530000000000015,0.3277015517926436
2.354000000000002,0.3290194782073611
2.3550000000000018,0.33056408000000415
2.3560000000000016,0.33292248228354704
2.3570000000000015,0.3352453177164602
2.358000000000002,0.33756480000000394
2.3590000000000018,0.3398113300000047
2.3600000000000017,0.3424438493371358
2.3610000000000015,0.3444372206628704
2.362000000000002,0.34573725000000194
2.3630000000000018,0.3468205568616281
2.3640000000000017,0.3470891731383728
2.3650000000000015,0.34727198000000026
2.366000000000002,0.3474738914717057
2.3670000000000018,0.34748860852829433
2.3680000000000017,0.34711658999999967
2.3690000000000015,0.3468562999999998
2.370000000000002,0.3467036356228751
2.3710000000000018,0.34655986437712427
2.3720000000000017,0.34652871000000013
2.3730000000000016,0.3465788279624073
2.374000000000002,0.34645845203759223
2.3750000000000018,0.34647024000000115
2.3760000000000017,0.34713300676864667
2.3770000000000016,0.34740069323135414
2.378000000000002,0.34718034
2.379000000000002,0.3471696226494698
2.3800000000000017,0.3469961173505296
2.3810000000000016,0.3466385899999998
2.382000000000002,0.3465173499999997
2.383000000000002,0.34638881820235856
2.3840000000000017,0.34577084179763956
2.3850000000000016,0.34523362
2.386000000000002,0.34523711652269495
2.387000000000002,0.3450023434773041
2.3880000000000017,0.34441625999999903
2.3890000000000016,0.3438948647640461
2.390000000000002,0.3432425052359515
2.391000000000002,0.34254025999999915
2.3920000000000017,0.34207069999999873
2.3930000000000016,0.3413321303769225
2.394000000000002,0.3400358996230729
2.395000000000002,0.33900522999999816
2.3960000000000017,0.3379876594461093
2.3970000000000016,0.33708212055388787
2.398000000000002,0.33682965999999914
2.399000000000002,0.33635163303939075
2.4000000000000017,0.3354820269606066
2.4010000000000016,0.334731549999998
2.4020000000000015,0.33360838999999887
2.403000000000002,0.332977213117687
2.4040000000000017,0.33306944000000016
2.4050000000000016,0.3331555700000004
2.406000000000002,0.3333680592771458
2.407000000000002,0.3339608307228566
2.4080000000000017,0.3345737200000015
2.4090000000000016,0.3354100941581718
2.4100000000000015,0.3375516758418349
2.411000000000002,0.3390607500000008
2.4120000000000017,0.3394873219966023
2.4130000000000016,0.34050728800340085
2.414000000000002,0.3416617500000012
2.415000000000002,0.34234408000000216
2.4160000000000017,0.343563450132975
2.4170000000000016,0.3445647798670281
2.4180000000000015,0.34434894000000044
2.419000000000002,0.34469536419416175
2.4200000000000017,0.34503730580583936
2.4210000000000016,0.34533939000000047
2.422000000000002,0.3456007412297551
2.423000000000002,0.34611303877024696
2.4240000000000017,0.3464966399999989
2.4250000000000016,0.34587105999999984
2.4260000000000015,0.34576772033396647
2.427000000000002,0.34605011000000024
2.4280000000000017,0.34616897000000124
2.4290000000000016,0.3468662981923623
2.430000000000002,0.3473482218076394
2.431000000000002,0.3471198699999991
2.4320000000000017,0.34661287297640336
2.4330000000000016,0.345742637023594
2.4340000000000015,0.34416025999999816
2.435000000000002,0.34280029636472714
2.4360000000000017,0.34286394363527306
2.4370000000000016,0.3432642799999995
2.438000000000002,0.34298967999999885
2.439000000000002,0.34234634757348453
2.4400000000000017,0.3418220824265137
2.4410000000000016,0.34187338000000084
2.4420000000000015,0.3423458886902629
2.443000000000002,0.3429327913097392
2.4440000000000017,0.3421255399999956
2.4450000000000016,0.33966296964506953
2.446000000000002,0.3387594203549273
2.447000000000002,0.33964109000000064
2.4480000000000017,0.340001110000002
2.4490000000000016,0.34113894441856035
2.4500000000000015,0.3424831300000005
2.451000000000002,0.3428734500000012
2.4520000000000017,0.3435428436802663
2.4530000000000016,0.3449796463197382
2.454000000000002,0.3460733900000028
2.455000000000002,0.34765545991801905
2.4560000000000017,0.3489546400819861
2.4570000000000016,0.34878549000000064
2.4580000000000015,0.3491660234803037
2.459000000000002,0.3490008265196957
2.4600000000000017,0.34909302000000625
2.4610000000000016,0.35261813000000347
2.462000000000002,0.35457872041491684
2.463000000000002,0.3544828695850828
2.4640000000000017,0.35469567999999413
2.4650000000000016,0.35139168009597754
2.4660000000000015,0.34939263990401626
2.467000000000002,0.35041577000000146
2.4680000000000017,0.35121293125875325
2.4690000000000016,0.3543255187412564
2.470000000000002,0.356222869999999
2.471000000000002,0.35565290000000077
2.4720000000000018,0.3560653174612532
2.4730000000000016,0.35563992999999994
2.4740000000000015,0.35557866000000227
2.475000000000002,0.3572801637802463
2.4760000000000018,0.35841796621975824
2.4770000000000016,0.35909295000000035
2.478000000000002,0.35929612347331097
2.479000000000002,0.3620308565266999
2.4800000000000018,0.3669019300000024
2.4810000000000016,0.36822995046790497
2.4820000000000015,0.3673346295320922
2.483000000000002,0.36618542999999865
2.4840000000000018,0.3654456700000011
2.4850000000000017,0.3660792424735053
2.486000000000002,0.36610397752649476
2.487000000000002,0.36484601999999694
2.4880000000000018,0.36314214058588057
2.4890000000000017,0.36174799941411506
2.4900000000000015,0.36406079000000724
2.491000000000002,0.3694871302629577
2.4920000000000018,0.37448975973706233
2.4930000000000017,0.3772850300000016
2.494000000000002,0.37843639000000145
2.495000000000002,0.3792561681913563
2.4960000000000018,0.37663808180863323
2.4970000000000017,0.3738678399999959
2.4980000000000016,0.37154675850329577
2.499000000000002,0.36933179149669637
2.5000000000000018,0.36933133
2.5010000000000017,0.36933133
2.502000000000002,0.36933133
2.503000000000002,0.36933133
2.504000000000002,0.36933133
2.5050000000000017,0.36933133
2.5060000000000016,0.36933133
2.507000000000002,0.36933133
2.508000000000002,0.36933133
2.5090000000000017,0.36933133
2.510000000000002,0.36933133
2.511000000000002,0.36933133
2.512000000000002,0.36933133
2.5130000000000017,0.36933133
2.5140000000000016,0.36933133
2.515000000000002,0.36933133
2.516000000000002,0.36933133
2.5170000000000017,0.36933133
2.518000000000002,0.36933133
2.519000000000002,0.36933133
2.520000000000002,0.36933133
2.5210000000000017,0.36933133
2.5220000000000016,0.36933133
2.523000000000002,0.36933133
2.524000000000002,0.36933133
2.5250000000000017,0.36933133
2.526000000000002,0.36933133
2.527000000000002,0.36933133
2.528000000000002,0.36933133
2.5290000000000017,0.36933133
2.5300000000000016,0.36933133
2.531000000000002,0.36933133
2.532000000000002,0.36933133
2.5330000000000017,0.36933133
2.534000000000002,0.36933133
2.535000000000002,0.36933133
2.536000000000002,0.36933133
2.5370000000000017,0.36933133
2.5380000000000016,0.36933133
2.539000000000002,0.36933133
2.540000000000002,0.36933133
2.5410000000000017,0.36933133
2.542000000000002,0.36933133
2.543000000000002,0.36933133
2.544000000000002,0.36933133
2.5450000000000017,0.36933133
2.5460000000000016,0.36933133
2.547000000000002,0.36933133
2.548000000000002,0.36933133
2.5490000000000017,0.36933133
2.550000000000002,0.36933133
2.551000000000002,0.36933133
2.552000000000002,0.36933133
2.5530000000000017,0.36933133
2.5540000000000016,0.36933133
2.555000000000002,0.36933133
2.556000000000002,0.36933133
2.5570000000000017,0.36933133
2.558000000000002,0.36933133
2.559000000000002,0.36933133
2.560000000000002,0.36933133
2.5610000000000017,0.36933133
2.5620000000000016,0.36933133
2.563000000000002,0.36933133
2.564000000000002,0.36933133
2.5650000000000017,0.36933133
2.566000000000002,0.36933133
2.567000000000002,0.36933133
2.568000000000002,0.36933133
2.5690000000000017,0.36933133
2.5700000000000016,0.36933133
2.571000000000002,0.36933133
2.572000000000002,0.36933133
2.5730000000000017,0.36933133
2.574000000000002,0.36933133
2.575000000000002,0.36933133
2.576000000000002,0.36933133
2.5770000000000017,0.36933133
2.5780000000000016,0.36933133
2.579000000000002,0.36933133
2.580000000000002,0.36933133
2.5810000000000017,0.36933133
2.582000000000002,0.36933133
2.583000000000002,0.36933133
2.584000000000002,0.36933133
2.5850000000000017,0.36933133
2.5860000000000016,0.36933133
2.587000000000002,0.36933133
2.588000000000002,0.36933133
2.5890000000000017,0.36933133
2.590000000000002,0.36933133
2.591000000000002,0.36933133
2.592000000000002,0.36933133
2.5930000000000017,0.36933133
2.5940000000000016,0.36933133
2.595000000000002,0.36933133
2.596000000000002,0.36933133
2.5970000000000018,0.36933133
2.598000000000002,0.36933133
2.599000000000002,0.36933133
