wave,r
0.4,0.36676979662726744
0.401,0.3661846948935021
0.402,0.36467404510649787
0.403,0.36385854999999995
0.404,0.36329412564424357
0.405,0.36165062
0.406,0.3596646025746484
0.40700000000000003,0.3579220674253515
0.40800000000000003,0.3567304203579928
0.40900000000000003,0.35576621964200716
0.41000000000000003,0.3544422699999999
0.41100000000000003,0.35264398798282015
0.41200000000000003,0.35076502
0.41300000000000003,0.34954245802941963
0.41400000000000003,0.34834539999999997
0.41500000000000004,0.34690497285984273
0.41600000000000004,0.3451909571401571
0.41700000000000004,0.34351501
0.41800000000000004,0.34216509349916496
0.41900000000000004,0.34104233999999994
0.42000000000000004,0.3397381755320446
0.42100000000000004,0.33829138
0.42200000000000004,0.3367802952069958
0.42300000000000004,0.33530099479300407
0.42400000000000004,0.3339734612316753
0.42500000000000004,0.3330966287683246
0.42600000000000005,0.33221354999999997
0.42700000000000005,0.33100229146648524
0.42800000000000005,0.33014893999999995
0.42900000000000005,0.3292893406922861
0.43000000000000005,0.3283585693077138
0.43100000000000005,0.32751887307143857
0.43200000000000005,0.3268260169285614
0.43300000000000005,0.32618349999999996
0.43400000000000005,0.32561119642383574
0.43500000000000005,0.32525358
0.43600000000000005,0.3248284456330873
0.43700000000000006,0.3243917543669126
0.43800000000000006,0.3239752841857163
0.43900000000000006,0.32339385581428365
0.44000000000000006,0.32290319
0.44100000000000006,0.3225654133777662
0.44200000000000006,0.32226822
0.44300000000000006,0.3218934452051959
0.44400000000000006,0.32141396479480405
0.44500000000000006,0.32093303735305295
0.44600000000000006,0.32066834264694705
0.44700000000000006,0.32058099
0.44800000000000006,0.3205669801400986
0.44900000000000007,0.32055235
0.45000000000000007,0.32067159289014224
0.45100000000000007,0.3209606071098578
0.45200000000000007,0.32148916751504975
0.45300000000000007,0.32224067248495036
0.45400000000000007,0.32300335000000013
0.45500000000000007,0.3240473795597045
0.45600000000000007,0.3255823600000001
0.4570000000000001,0.3275657230348698
0.4580000000000001,0.3298692100000003
0.4590000000000001,0.3323557062245756
0.4600000000000001,0.33497816377542466
0.4610000000000001,0.33796161000000025
0.4620000000000001,0.34150111460495414
0.4630000000000001,0.34543264000000046
0.4640000000000001,0.349431473947461
0.4650000000000001,0.3538262200000003
0.4660000000000001,0.3585911900587993
0.4670000000000001,0.3635970699412015
0.4680000000000001,0.36865150174476563
0.4690000000000001,0.37382597825523517
0.4700000000000001,0.3791852900000006
0.4710000000000001,0.38487023285607214
0.4720000000000001,0.39115584000000037
0.4730000000000001,0.39837234443011227
0.4740000000000001,0.40681535556988907
0.4750000000000001,0.41663478826723577
0.4760000000000001,0.4274615117327666
0.4770000000000001,0.4386062300000006
0.4780000000000001,0.44922364394726155
0.4790000000000001,0.4586183700000009
0.4800000000000001,0.466579624483111
0.4810000000000001,0.4730279355168904
0.4820000000000001,0.47801501693026177
0.4830000000000001,0.481708043069739
0.4840000000000001,0.48448852000000026
0.4850000000000001,0.48680407684443183
0.4860000000000001,0.48901206000000025
0.4870000000000001,0.49095742682486365
0.4880000000000001,0.4926399131751367
0.4890000000000001,0.4941553050804986
0.4900000000000001,0.49566335491950175
0.4910000000000001,0.4968832400000001
0.4920000000000001,0.49793897944260573
0.4930000000000001,0.4990940700000001
0.4940000000000001,0.5002648308950912
0.4950000000000001,0.5013543400000001
0.4960000000000001,0.5023323392665148
0.4970000000000001,0.5032589907334855
0.4980000000000001,0.5041222600000002
0.4990000000000001,0.5050896903256968
0.5000000000000001,0.5061828500000001
0.5010000000000001,0.5070924882327648
0.5020000000000001,0.5079157657978102
0.5030000000000001,0.5087756928014601
0.5040000000000001,0.5097452903040031
0.5050000000000001,0.5106334100000001
0.5060000000000001,0.5115121785432729
0.5070000000000001,0.5124393421850908
0.5080000000000001,0.5133963008608088
0.5090000000000001,0.5143130400000001
0.5100000000000001,0.5152198794646948
0.5110000000000001,0.5161663496734131
0.5120000000000001,0.5171500203265871
0.5130000000000001,0.5182073594265943
0.5140000000000001,0.5192487200000001
0.5150000000000001,0.5201630100585014
0.5160000000000001,0.5211688623386832
0.5170000000000001,0.5222468184408781
0.5180000000000001,0.5233870585975862
0.5190000000000001,0.5246059420134204
0.5200000000000001,0.5258072845069748
0.5210000000000001,0.5270326332395382
0.5220000000000001,0.5283355569707396
0.5230000000000001,0.5296362
0.5240000000000001,0.5310115345717459
0.5250000000000001,0.5324687093194274
0.5260000000000001,0.533934680680573
0.5270000000000001,0.5353972153746539
0.5280000000000001,0.5368696500000002
0.5290000000000001,0.5384235142635427
0.5300000000000001,0.5401366912419381
0.5310000000000001,0.5418447558387083
0.5320000000000001,0.5435338431091314
0.5330000000000001,0.5452675975543758
0.5340000000000001,0.5470230362795862
0.5350000000000001,0.5488370155806214
0.5360000000000001,0.5507064313058264
0.5370000000000001,0.5525720700000002
0.5380000000000001,0.5544215585582715
0.5390000000000001,0.5562773867439631
0.5400000000000001,0.5581688521706917
0.5410000000000001,0.5600811608769091
0.5420000000000001,0.5620083200000002
0.5430000000000001,0.5638863151984402
0.5440000000000002,0.5656462372023402
0.5450000000000002,0.5673995849330495
0.5460000000000002,0.5691798900000002
0.5470000000000002,0.5709301360391607
0.5480000000000002,0.5725340530424784
0.5490000000000002,0.5741861769575219
0.5500000000000002,0.5758535733260336
0.5510000000000002,0.5774115900000001
0.5520000000000002,0.5788723343256867
0.5530000000000002,0.5803049030367484
0.5540000000000002,0.5817394613088348
0.5550000000000002,0.5831391060035603
0.5560000000000002,0.5845263140394407
0.5570000000000002,0.5859302581783914
0.5580000000000002,0.5873391777324137
0.5590000000000002,0.5886791032015323
0.5600000000000002,0.5900548100000002
0.5610000000000002,0.5914556538558388
0.5620000000000002,0.5928412400299992
0.5630000000000002,0.5943427399700014
0.5640000000000002,0.5958495549318497
0.5650000000000002,0.5972871800000004
0.5660000000000002,0.5986914270060705
0.5670000000000002,0.6000417299538024
0.5680000000000002,0.601373523364132
0.5690000000000002,0.6027213165220655
0.5700000000000002,0.6040494532526328
0.5710000000000002,0.6053747164822761
0.5720000000000002,0.6066988302765864
0.5730000000000002,0.6080319766685336
0.5740000000000002,0.6094889600000003
0.5750000000000002,0.6111256675972763
0.5760000000000002,0.6128853935118599
0.5770000000000002,0.6145609864881408
0.5780000000000002,0.6161888037218375
0.5790000000000002,0.6177802100000004
0.5800000000000002,0.6193270388094884
0.5810000000000002,0.6207675089815511
0.5820000000000002,0.6220668940122996
0.5830000000000002,0.6232776000000003
0.5840000000000002,0.624568714280843
0.5850000000000002,0.6259967997221142
0.5860000000000002,0.6274829054168294
0.5870000000000002,0.628929245536611
0.5880000000000002,0.6303837300000004
0.5890000000000002,0.6318137737993762
0.5900000000000002,0.6331937100290987
0.5910000000000002,0.6345280133139346
0.5920000000000002,0.635941195868159
0.5930000000000002,0.6374356852792531
0.5940000000000002,0.6389636097483129
0.5950000000000002,0.6404510253775314
0.5960000000000002,0.6418979510615109
0.5970000000000002,0.6432904000000004
0.5980000000000002,0.6446314032007322
0.5990000000000002,0.6459514753165876
0.6000000000000002,0.647217304683413
0.6010000000000002,0.6484634175388756
0.6020000000000002,0.6497831900000003
0.6030000000000002,0.6511006526948541
0.6040000000000002,0.6523701374987252
0.6050000000000002,0.6536200950008503
0.6060000000000002,0.6549634165667659
0.6070000000000002,0.656181881093711
0.6080000000000002,0.6572912537240141
0.6090000000000002,0.6584774544139795
0.6100000000000002,0.6597320274542493
0.6110000000000002,0.6609830300000002
0.6120000000000002,0.6621411506312065
0.6130000000000002,0.663204272280509
0.6140000000000002,0.6643182977194915
0.6150000000000002,0.6654566386165863
0.6160000000000002,0.6665394900000002
0.6170000000000002,0.6675967805626059
0.6180000000000002,0.6686249101106947
0.6190000000000002,0.6696285999262039
0.6200000000000002,0.6706436900000002
0.6210000000000002,0.6717448305096054
0.6220000000000002,0.6727957887268639
0.6230000000000002,0.6737321319097047
0.6240000000000002,0.6747189101322029
0.6250000000000002,0.6756448700000002
0.6260000000000002,0.6765777001795039
0.6270000000000002,0.6775956470064499
0.6280000000000002,0.6784958619957004
0.6290000000000002,0.6793580613780139
0.6300000000000002,0.6802367600000002
0.6310000000000002,0.6811176076863159
0.6320000000000002,0.6820019234705266
0.6330000000000002,0.6828970120982212
0.6340000000000002,0.6837722100000002
0.6350000000000002,0.6845461782106823
0.6360000000000002,0.6853672462857487
0.6370000000000002,0.6861815337142516
0.6380000000000002,0.6868619831955322
0.6390000000000002,0.6876812000000002
0.6400000000000002,0.6885563780676616
0.6410000000000002,0.6893631409809511
0.6420000000000002,0.6900625060126996
0.6430000000000002,0.6907615030100303
0.6440000000000002,0.6915003778433786
0.6450000000000002,0.692284716061597
0.6460000000000002,0.6930877959076048
0.6470000000000002,0.6938635022429451
0.6480000000000002,0.6945917600000001
0.6490000000000002,0.6953265182248825
0.6500000000000002,0.6961490051509941
0.6510000000000002,0.6969065548490062
0.6520000000000002,0.6975307437581377
0.6530000000000002,0.6982464200000003
0.6540000000000002,0.699009196088561
0.6550000000000002,0.6998136243605821
0.6560000000000002,0.7006256437596122
0.6570000000000003,0.7013438828176284
0.6580000000000003,0.7019835161476616
0.6590000000000003,0.7025982834737264
0.6600000000000003,0.7032719697894106
0.6610000000000003,0.704042902290646
0.6620000000000003,0.7047961400000001
0.6630000000000003,0.7054497668981382
0.6640000000000003,0.7061395788657568
0.6650000000000003,0.706768437422829
0.6660000000000003,0.7073968537158374
0.6670000000000003,0.7081261300000001
0.6680000000000003,0.7087475810178492
0.6690000000000003,0.7092984734732265
0.6700000000000003,0.7098587087952881
0.6710000000000003,0.7104849800000003
0.6720000000000003,0.7110798458168583
0.6730000000000003,0.7116615314245431
0.6740000000000003,0.7122327585754571
0.6750000000000003,0.7126948153794539
0.6760000000000003,0.7132070700000003
0.6770000000000003,0.7137756349693996
0.6780000000000003,0.7142725749890506
0.6790000000000003,0.7147722100072997
0.6800000000000003,0.7153279144429446
0.6810000000000003,0.7159184848709489
0.6820000000000003,0.7164055791393432
0.6830000000000003,0.7168625462909857
0.6840000000000003,0.7173181108887089
0.6850000000000003,0.7178081300000001
0.6860000000000003,0.718366565381154
0.6870000000000003,0.7189046791812329
0.6880000000000003,0.7193637408187673
0.6890000000000003,0.7197664359730599
0.6900000000000003,0.7202069800000002
0.6910000000000003,0.7206754788048881
0.6920000000000003,0.7211157215920204
0.6930000000000003,0.7215021222719864
0.6940000000000003,0.7219564854563546
0.6950000000000003,0.7224327939244394
0.6960000000000003,0.7228252378840059
0.6970000000000003,0.7232194381739914
0.6980000000000003,0.7236425857685155
0.6990000000000003,0.7240652400000002
0.7000000000000003,0.7244409349132492
0.7010000000000003,0.7249322589916404
0.7020000000000003,0.7253818410083598
0.7030000000000003,0.7257167666507666
0.7040000000000003,0.7261914600000001
0.7050000000000003,0.7267149203535037
0.7060000000000003,0.7272325941181942
0.7070000000000003,0.7277032005878709
0.7080000000000003,0.7281423200000001
0.7090000000000003,0.7286005047136472
0.7100000000000003,0.7290718681605921
0.7110000000000003,0.7294798977591122
0.7120000000000003,0.7298552362466251
0.7130000000000003,0.7302045200000001
0.7140000000000003,0.73055196399598
0.7150000000000003,0.7309515641559924
0.7160000000000003,0.7314234305626721
0.7170000000000003,0.7319273849604497
0.7180000000000003,0.7323917742087422
0.7190000000000003,0.7328126475898207
0.7200000000000003,0.7331921386152694
0.7210000000000003,0.7335609126245263
0.7220000000000003,0.7339783300000001
0.7230000000000003,0.7344553543386435
0.7240000000000003,0.7348892164703412
0.7250000000000003,0.735212733529659
0.7260000000000003,0.7355512366149662
0.7270000000000003,0.7359687100000001
0.7280000000000003,0.7364628948512971
0.7290000000000003,0.7369480211807411
0.7300000000000003,0.7373207125461728
0.7310000000000003,0.7375937072700728
0.7320000000000003,0.7378425632049321
0.7330000000000003,0.7381630565252739
0.7340000000000003,0.7384893202120896
0.7350000000000003,0.7387977769154384
0.7360000000000003,0.7391077300000001
0.7370000000000003,0.739492483890439
0.7380000000000003,0.7398815266717332
0.7390000000000003,0.740215113328267
0.7400000000000003,0.7404906172449726
0.7410000000000003,0.7408203500000001
0.7420000000000003,0.7411214757054571
0.7430000000000003,0.7414067497429129
0.7440000000000003,0.7417315135047249
0.7450000000000003,0.7419195200000002
0.7460000000000003,0.7421363033975342
0.7470000000000003,0.7424760560888957
0.7480000000000003,0.7427805008666568
0.7490000000000003,0.7430660071449431
0.7500000000000003,0.7433236800000002
0.7510000000000003,0.7435662225743517
0.7520000000000003,0.7438236567247638
0.7530000000000003,0.7440478155168243
0.7540000000000003,0.7442426080520806
0.7550000000000003,0.7444667800000001
0.7560000000000003,0.7447326256561172
0.7570000000000003,0.7450154315158243
0.7580000000000003,0.7452693549215493
0.7590000000000003,0.74545187
0.7600000000000003,0.7455900312815129
0.7610000000000003,0.7457181833460662
0.7620000000000003,0.745885486653934
0.7630000000000003,0.7461093677611776
0.7640000000000003,0.74630058
0.7650000000000003,0.7464480415312307
0.7660000000000003,0.7466011650997451
0.7670000000000003,0.74677115660017
0.7680000000000003,0.746931078400784
0.7690000000000003,0.7470523710461106
0.7700000000000004,0.7471569838692066
0.7710000000000004,0.7473504441961902
0.7720000000000004,0.7475140083643673
0.7730000000000004,0.74755448
0.7740000000000004,0.747572300791008
0.7750000000000004,0.7476514022899085
0.7760000000000004,0.7477658977100917
0.7770000000000004,0.7478545291136912
0.7780000000000004,0.74795175
0.7790000000000004,0.7480410914342144
0.7800000000000004,0.7481128013088346
0.7810000000000004,0.7481564291274436
0.7820000000000004,0.7481971995922959
0.7830000000000004,0.7483366122889229
0.7840000000000004,0.7485655031098446
0.7850000000000004,0.7487209953352333
0.7860000000000004,0.7487980692292846
0.7870000000000004,0.74879152
0.7880000000000004,0.7487952114633294
0.7890000000000004,0.7489415418971052
0.7900000000000004,0.7490047787352633
0.7910000000000004,0.7490221298264982
0.7920000000000004,0.7490775
0.7930000000000004,0.7490504404457777
0.7940000000000004,0.7490727293313334
0.7950000000000004,0.7491668481175813
0.7960000000000004,0.74924308
0.7970000000000004,0.749234139300193
0.7980000000000004,0.7491641570819166
0.7990000000000004,0.7490182529180832
0.8000000000000004,0.7487051531310313
0.8010000000000004,0.7482267599999998
0.8020000000000004,0.7476847156440127
0.8030000000000004,0.747249126557972
0.8040000000000004,0.7471343922946853
0.8050000000000004,0.7475325460183603
0.8060000000000004,0.7484105310455108
0.8070000000000004,0.7495150798342087
0.8080000000000004,0.7505067902486879
0.8090000000000004,0.7513547930400307
0.8100000000000004,0.7520015800000001
0.8110000000000004,0.7524063628640288
0.8120000000000004,0.752692766400144
0.8130000000000004,0.7530127735998562
0.8140000000000004,0.7533625965017652
0.8150000000000004,0.7536222900000001
0.8160000000000004,0.7539643062418626
0.8170000000000004,0.7542763977387131
0.8180000000000004,0.754534354840858
0.8190000000000004,0.7548642167013672
0.8200000000000004,0.7551423929373295
0.8210000000000004,0.7554361274788263
0.8220000000000004,0.7558100687817612
0.8230000000000004,0.7561774763259266
0.8240000000000004,0.7564772400000002
0.8250000000000004,0.7567718039149394
0.8260000000000004,0.7571632984502622
0.8270000000000004,0.7575858115497381
0.8280000000000004,0.757936356494565
0.8290000000000004,0.7582901100000001
0.8300000000000004,0.7587480560654608
0.8310000000000004,0.7590513289833509
0.8320000000000004,0.7593507740110996
0.8330000000000004,0.7597532900000002
0.8340000000000004,0.7602326943392436
0.8350000000000004,0.7606666183311837
0.8360000000000004,0.7610831775032251
0.8370000000000004,0.7614723361084222
0.8380000000000004,0.7617791300000001
0.8390000000000004,0.76212829348997
0.8400000000000004,0.7624772903098846
0.8410000000000004,0.7628209531267438
0.8420000000000004,0.7632381858276585
0.8430000000000004,0.7635511823037231
0.8440000000000004,0.7637815551197441
0.8450000000000004,0.764037542320384
0.8460000000000004,0.7643573836031362
0.8470000000000004,0.7646455200000001
0.8480000000000004,0.7648887622626227
0.8490000000000004,0.7651150238074478
0.8500000000000004,0.7653053961925524
0.8510000000000004,0.7654637684162842
0.8520000000000004,0.76556587
0.8530000000000004,0.7655987702736055
0.8540000000000004,0.765626130241488
0.8550000000000004,0.7656341798390081
0.8560000000000004,0.7656067002748026
0.8570000000000004,0.7656117725213253
0.8580000000000004,0.7658639070948454
0.8590000000000004,0.7662186493577323
0.8600000000000004,0.7666585356011122
0.8610000000000004,0.7673802400000004
0.8620000000000004,0.7682473777980783
0.8630000000000004,0.7690271821971124
0.8640000000000004,0.7696370378028882
0.8650000000000004,0.770259433776038
0.8660000000000004,0.7707663200000002
0.8670000000000004,0.771221049781298
0.8680000000000004,0.7717101158170093
0.8690000000000004,0.7722373494553274
0.8700000000000004,0.7726998300000002
0.8710000000000004,0.7731009739929401
0.8720000000000004,0.7735002685075748
0.8730000000000004,0.7739256472386382
0.8740000000000004,0.7742923463330268
0.8750000000000004,0.7745792900000001
0.8760000000000004,0.7748654539339789
0.8770000000000004,0.7752588485735714
0.8780000000000004,0.7755446342842859
0.8790000000000004,0.7757626178201782
0.8800000000000004,0.7760517000000001
0.8810000000000004,0.7763497856097197
0.8820000000000005,0.7766302715854209
0.8830000000000005,0.7768984946355464
0.8840000000000005,0.7771591500000001
0.8850000000000005,0.7773712927340275
0.8860000000000005,0.7776446960747572
0.8870000000000005,0.777948433925243
0.8880000000000005,0.7781445380389805
0.8890000000000005,0.7782647600000001
0.8900000000000005,0.778489293543571
0.8910000000000005,0.7788436492548374
0.8920000000000005,0.7791521438301087
0.8930000000000005,0.7793253682677828
0.8940000000000005,0.7795474538630388
0.8950000000000005,0.7799337586195692
0.8960000000000005,0.7803647370706468
0.8970000000000005,0.7805464281831638
0.8980000000000005,0.7806420900000001
0.8990000000000005,0.780800762585126
0.9000000000000005,0.7810592758635656
0.9010000000000005,0.7813524541364347
0.9020000000000005,0.7815689978345784
0.9030000000000005,0.7817398900000001
0.9040000000000005,0.7820234961930621
0.9050000000000005,0.7823331484448779
0.9060000000000005,0.7826146443700815
0.9070000000000005,0.7828703474429746
0.9080000000000005,0.783185123586536
0.9090000000000005,0.7835437757729115
0.9100000000000005,0.7838324213406331
0.9110000000000005,0.7840785375388509
0.9120000000000005,0.7844103600000001
0.9130000000000005,0.7846158714431289
0.9140000000000005,0.784760185922004
0.9150000000000005,0.7849575860519975
0.9160000000000005,0.7852449371264714
0.9170000000000005,0.7854287000000001
0.9180000000000005,0.785659495383331
0.9190000000000005,0.7859286619250039
0.9200000000000005,0.7860894167849679
0.9210000000000005,0.7863459600000001
0.9220000000000005,0.7865228714019141
0.9230000000000005,0.7866630652865886
0.9240000000000005,0.7869273947134117
0.9250000000000005,0.7869656096178962
0.9260000000000005,0.7870200300000001
0.9270000000000005,0.7872147618543371
0.9280000000000005,0.787400191342733
0.9290000000000005,0.7874449491048449
0.9300000000000005,0.7875640988084881
0.9310000000000005,0.7878357228115282
0.9320000000000005,0.7881168741065947
0.9330000000000005,0.7883222038401081
0.9340000000000005,0.7884193680567806
0.9350000000000005,0.7884658600000001
0.9360000000000005,0.7885922823502236
0.9370000000000005,0.7888273040350388
0.9380000000000005,0.7890290559649614
0.9390000000000005,0.7891803384871849
0.9400000000000005,0.7894416500000002
0.9410000000000005,0.7898408229790299
0.9420000000000005,0.7899897699910005
0.9430000000000005,0.7899894700059996
0.9440000000000005,0.7902638272563727
0.9450000000000005,0.7907074129558297
0.9460000000000005,0.7910029921610919
0.9470000000000005,0.7911110467583622
0.9480000000000005,0.7912958881515632
0.9490000000000005,0.7917042400000001
0.9500000000000005,0.7919139902795027
0.9510000000000005,0.7919419424569017
0.9520000000000005,0.7920647875430983
0.9530000000000005,0.7923732969148694
0.9540000000000005,0.79263788
0.9550000000000005,0.7927516712314123
0.9560000000000005,0.7928132470700466
0.9570000000000005,0.7930489152866359
0.9580000000000005,0.7932550300000001
0.9590000000000005,0.7935535942343426
0.9600000000000005,0.7939770249719516
0.9610000000000005,0.7942256225420731
0.9620000000000005,0.7942324299319986
0.9630000000000005,0.7943397200000002
0.9640000000000005,0.7946804827442551
0.9650000000000005,0.7949549084661769
0.9660000000000005,0.7952371143558824
0.9670000000000005,0.7954317880532806
0.9680000000000005,0.7956392235453356
0.9690000000000005,0.7959937537584122
0.9700000000000005,0.796181674362382
0.9710000000000005,0.7963817659981601
0.9720000000000005,0.7965866300000001
0.9730000000000005,0.7967358232318325
0.9740000000000005,0.7970590067147315
0.9750000000000005,0.7973947432852688
0.9760000000000005,0.7975713582338824
0.9770000000000005,0.7976808000000003
0.9780000000000005,0.7980672707397148
0.9790000000000005,0.7981412346752661
0.9800000000000005,0.7979637435498225
0.9810000000000005,0.797994019697197
0.9820000000000005,0.7984987529945301
0.9830000000000005,0.7987981998284086
0.9840000000000005,0.7987896202573871
0.9850000000000005,0.7987737701585033
0.9860000000000005,0.7991192300000001
0.9870000000000005,0.799319031395314
0.9880000000000005,0.7994585601561938
0.9890000000000005,0.7994663698438063
0.9900000000000005,0.7993477611861117
0.9910000000000005,0.7996339800000001
0.9920000000000005,0.7998715019194194
0.9930000000000005,0.7999674736154193
0.9940000000000005,0.8000879875897206
0.9950000000000006,0.80018866
0.9960000000000006,0.8002005772504723
0.9970000000000006,0.7999256252068396
0.9980000000000006,0.7996859671897404
0.9990000000000006,0.8000354765047303
1.0000000000000004,0.8000104999999997
1.0010000000000006,0.7993954999999998
1.0020000000000007,0.7990308399999999
1.0030000000000006,0.7987923600000001
1.0040000000000004,0.7989029025307468
1.0050000000000006,0.7986282099999998
1.0060000000000007,0.7984111299999995
1.0070000000000006,0.7977885599999995
1.0080000000000005,0.7968072899999996
1.0090000000000006,0.7959799768153178
1.0100000000000007,0.7947481299999994
1.0110000000000006,0.7939912699999996
1.0120000000000005,0.7933655399999999
1.0130000000000006,0.79299313
1.0140000000000007,0.7930343158814118
1.0150000000000006,0.7929511100000001
1.0160000000000005,0.79307163
1.0170000000000006,0.7931442899999999
1.0180000000000007,0.7929755399999998
1.0190000000000006,0.7926200355504447
1.0200000000000005,0.7923545199999998
1.0210000000000006,0.7920885699999997
1.0220000000000007,0.7915932499999997
1.0230000000000006,0.7910925099999996
1.0240000000000005,0.7904005099999996
1.0250000000000006,0.7892780299999994
1.0260000000000007,0.7884589999999996
1.0270000000000006,0.7877776599999997
1.0280000000000005,0.7869750899999997
1.0290000000000006,0.7862216799999997
1.0300000000000007,0.7854181499999994
1.0310000000000006,0.7844406399999995
1.0320000000000005,0.7835411827427253
1.0330000000000006,0.7827686099999996
1.0340000000000007,0.7822552299999993
1.0350000000000006,0.7812625199999994
1.0360000000000005,0.7804084399999993
1.0370000000000006,0.7789170670862905
1.0380000000000007,0.7770879299999984
1.0390000000000006,0.7748161599999986
1.0400000000000005,0.7718112499999987
1.0410000000000006,0.7691831599999978
1.0420000000000007,0.7657814401719807
1.0430000000000006,0.7634025799999984
1.0440000000000005,0.7609858499999994
1.0450000000000006,0.7597459599999996
1.0460000000000007,0.7590732600000002
1.0470000000000006,0.7594284644795523
1.0480000000000005,0.7608144300000012
1.0490000000000006,0.7634058000000014
1.0500000000000007,0.7662590700000028
1.0510000000000006,0.7703859800000024
1.0520000000000005,0.7738134900000019
1.0530000000000006,0.778033730000002
1.0540000000000007,0.7809764700000017
1.0550000000000006,0.7834958006279382
1.0560000000000005,0.7855020800000004
1.0570000000000006,0.7866030900000007
1.0580000000000007,0.7876869400000004
1.0590000000000006,0.7883634600000003
1.0600000000000005,0.7889964690090995
1.0610000000000006,0.7896865600000004
1.0620000000000007,0.7902545300000003
1.0630000000000006,0.7907643900000003
1.0640000000000005,0.7913124000000002
1.0650000000000006,0.7918153497050299
1.0660000000000007,0.7921673700000004
1.0670000000000006,0.7925797700000003
1.0680000000000005,0.7930985100000002
1.0690000000000006,0.7934800400000002
1.0700000000000007,0.7937264753564646
1.0710000000000006,0.7940274500000002
1.0720000000000005,0.7942882200000001
1.0730000000000006,0.7946127700000002
1.0740000000000007,0.7948961900000003
1.0750000000000006,0.7953250400000004
1.0760000000000005,0.7958315000000002
1.0770000000000006,0.7963361700000005
1.0780000000000007,0.7970112578102193
1.0790000000000006,0.7975893600000004
1.0800000000000005,0.7980601800000002
1.0810000000000006,0.7985283700000002
1.0820000000000007,0.7988619800000001
1.0830000000000006,0.7989651837376264
1.0840000000000005,0.7992025600000001
1.0850000000000006,0.7994430100000001
1.0860000000000007,0.7996761200000003
1.0870000000000006,0.8000570500000002
1.0880000000000005,0.8002421114938507
1.0890000000000006,0.80031866
1.0900000000000007,0.80031574
1.0910000000000006,0.8003709899999999
1.0920000000000005,0.80026525
1.0930000000000006,0.8002309234326567
1.0940000000000007,0.8001529
1.0950000000000006,0.7999414799999999
1.0960000000000005,0.7998003399999998
1.0970000000000006,0.7995409999999997
1.0980000000000008,0.7991574999999997
1.0990000000000006,0.7988989899999999
1.1000000000000005,0.7987380599999998
1.1010000000000006,0.7983441399999998
1.1020000000000008,0.7979642699999997
1.1030000000000006,0.7974949499999996
1.1040000000000005,0.7968785799999997
1.1050000000000006,0.7960774899999996
1.1060000000000008,0.7954627904839512
1.1070000000000007,0.7948676299999994
1.1080000000000005,0.7939215899999993
1.1090000000000007,0.7929518799999993
1.1100000000000008,0.7918669599999991
1.1110000000000007,0.790481031910808
1.1120000000000005,0.7893001399999995
1.1130000000000007,0.7880040399999991
1.1140000000000008,0.7865989799999991
1.1150000000000007,0.7852455399999989
1.1160000000000005,0.7836152130326958
1.1170000000000007,0.7815868899999989
1.1180000000000008,0.7798680699999984
1.1190000000000007,0.7780417199999989
1.1200000000000006,0.7763478799999994
1.1210000000000007,0.775143740413958
1.1220000000000008,0.7742382299999997
1.1230000000000007,0.7737462500000001
1.1240000000000006,0.7738389400000003
1.1250000000000007,0.7745559200000008
1.1260000000000008,0.7759132400000015
1.1270000000000007,0.7776674000000013
1.1280000000000006,0.7796914600000013
1.1290000000000007,0.781710923963605
1.1300000000000008,0.7835505600000016
1.1310000000000007,0.7853606900000012
1.1320000000000006,0.7872224500000007
1.1330000000000007,0.788822350000001
1.1340000000000008,0.7903189871482862
1.1350000000000007,0.7916904700000008
1.1360000000000006,0.7929151700000007
1.1370000000000007,0.7939679000000007
1.1380000000000008,0.7949011900000007
1.1390000000000007,0.7956327068483157
1.1400000000000006,0.7962823500000004
1.1410000000000007,0.7967464900000002
1.1420000000000008,0.7970940500000002
1.1430000000000007,0.7974057800000001
1.1440000000000006,0.7976389266853315
1.1450000000000007,0.79771835
1.1460000000000008,0.7977386100000001
1.1470000000000007,0.7978526900000001
1.1480000000000006,0.7979571200000001
1.1490000000000007,0.7980490900000001
1.1500000000000008,0.7981483300000001
1.1510000000000007,0.79831481
1.1520000000000006,0.79835087
1.1530000000000007,0.79836786
1.1540000000000008,0.79838341
1.1550000000000007,0.7983979
1.1560000000000006,0.79847652
1.1570000000000007,0.7985570964063594
1.1580000000000008,0.79852116
1.1590000000000007,0.79847425
1.1600000000000006,0.7984215599999999
1.1610000000000007,0.7982988399999998
1.1620000000000008,0.7981859220197979
1.1630000000000007,0.7980061199999999
1.1640000000000006,0.7977897499999999
1.1650000000000007,0.7976167799999999
1.1660000000000008,0.7974442799999998
1.1670000000000007,0.7972534490830916
1.1680000000000006,0.7971098999999999
1.1690000000000007,0.7968874599999998
1.1700000000000008,0.7965857999999998
1.1710000000000007,0.7963953599999999
1.1720000000000006,0.7962193076052394
1.1730000000000007,0.7959971999999998
1.1740000000000008,0.7958248899999999
1.1750000000000007,0.7956060199999999
1.1760000000000006,0.7953843499999999
1.1770000000000007,0.79525989
1.1780000000000008,0.7952131599999999
1.1790000000000007,0.7951458699999999
1.1800000000000006,0.7949610205229476
1.1810000000000007,0.7947662499999999
1.1820000000000008,0.7945384999999998
1.1830000000000007,0.7942508499999997
1.1840000000000006,0.7939863199999999
1.1850000000000007,0.7937383969893008
1.1860000000000008,0.7935082899999998
1.1870000000000007,0.7932180199999997
1.1880000000000006,0.7928777899999998
1.1890000000000007,0.7925329199999998
1.1900000000000008,0.7921390893830613
1.1910000000000007,0.7917539499999997
1.1920000000000006,0.7913415999999996
1.1930000000000007,0.7908297799999997
1.1940000000000008,0.7903233799999996
1.1950000000000007,0.7898312692110784
1.1960000000000006,0.7892838099999997
1.1970000000000007,0.7887424799999997
1.1980000000000008,0.7882739899999996
1.1990000000000007,0.7878790499999998
1.2000000000000006,0.7876121399999999
1.2010000000000007,0.7874292099999998
1.2020000000000008,0.7872029499999998
1.2030000000000007,0.7870288823217676
1.2040000000000006,0.7867520999999997
1.2050000000000007,0.7863555599999997
1.2060000000000008,0.7859487499999995
1.2070000000000007,0.7855021399999996
1.2080000000000006,0.7849605138696126
1.2090000000000007,0.7843992099999996
1.2100000000000009,0.7837523799999992
1.2110000000000007,0.7829000899999993
1.2120000000000006,0.7820430999999994
1.2130000000000007,0.7811725370562936
1.2140000000000009,0.7801628699999991
1.2150000000000007,0.7791291499999993
1.2160000000000006,0.7779904599999993
1.2170000000000007,0.7767852499999993
1.2180000000000009,0.775755742950704
1.2190000000000007,0.7748877399999996
1.2200000000000006,0.7742531299999997
1.2210000000000008,0.7738441199999999
1.2220000000000009,0.77367026
1.2230000000000008,0.7736472500000002
1.2240000000000006,0.7738501400000001
1.2250000000000008,0.7740991100000002
1.2260000000000009,0.7743738300000002
1.2270000000000008,0.7744750999999999
1.2280000000000006,0.77438736
1.2290000000000008,0.7743349099999998
1.2300000000000009,0.7740771799999996
1.2310000000000008,0.7735836455204476
1.2320000000000007,0.7729388499999994
1.2330000000000008,0.7720599199999991
1.2340000000000009,0.7710015799999991
1.2350000000000008,0.7700407499999994
1.2360000000000007,0.7690767796780315
1.2370000000000008,0.7680735599999995
1.2380000000000009,0.7672584699999994
1.2390000000000008,0.7665182399999997
1.2400000000000007,0.7660291799999998
1.2410000000000008,0.7657512077972201
1.2420000000000009,0.7657486200000002
1.2430000000000008,0.7659675500000005
1.2440000000000007,0.7664247800000005
1.2450000000000008,0.7671238800000004
1.2460000000000009,0.7678579565923414
1.2470000000000008,0.7686604900000006
1.2480000000000007,0.7694675900000004
1.2490000000000008,0.7701939900000004
1.2500000000000009,0.7708546500000004
1.2510000000000008,0.7714132700000004
1.2520000000000007,0.7717768500000001
1.2530000000000008,0.7719622300000001
1.254000000000001,0.7721026393440655
1.2550000000000008,0.7719960799999998
1.2560000000000007,0.7717258299999997
1.2570000000000008,0.7713588499999997
1.258000000000001,0.7708213299999995
1.2590000000000008,0.7703580910568939
1.2600000000000007,0.7697686599999998
1.2610000000000008,0.7693800299999997
1.262000000000001,0.7690584099999999
1.2630000000000008,0.76892334
1.2640000000000007,0.7689060017338267
1.2650000000000008,0.7690286600000004
1.266000000000001,0.7693824200000003
1.2670000000000008,0.7697305700000002
1.2680000000000007,0.7701150800000002
1.2690000000000008,0.7704873327747228
1.270000000000001,0.7707173200000002
1.2710000000000008,0.7708540000000002
1.2720000000000007,0.77091724
1.2730000000000008,0.7709223000000001
1.274000000000001,0.7708682399999999
1.2750000000000008,0.7707767499999998
1.2760000000000007,0.7705175899999998
1.2770000000000008,0.7702219499999998
1.278000000000001,0.7699286899999996
1.2790000000000008,0.7694979899999996
1.2800000000000007,0.7690681799999998
1.2810000000000008,0.7686592899999996
1.282000000000001,0.7681328662523742
1.2830000000000008,0.7674953899999996
1.2840000000000007,0.7668824199999995
1.2850000000000008,0.7661942799999995
1.286000000000001,0.7655461999999994
1.2870000000000008,0.7648966291380858
1.2880000000000007,0.7642880099999997
1.2890000000000008,0.7637822599999997
1.290000000000001,0.7632638799999996
1.2910000000000008,0.7628244199999996
1.2920000000000007,0.7624330891330864
1.2930000000000008,0.7621200699999999
1.294000000000001,0.76197147
1.2950000000000008,0.7619685500000001
1.2960000000000007,0.7621045700000002
1.2970000000000008,0.7623632841285873
1.298000000000001,0.7626118100000001
1.2990000000000008,0.76278394
1.3000000000000007,0.7628501099999999
1.3010000000000008,0.7626264699999996
1.302000000000001,0.7622389799999991
1.3030000000000008,0.7614801499999994
1.3040000000000007,0.7604011299999991
1.3050000000000008,0.7591410897310256
1.306000000000001,0.7573383999999986
1.3070000000000008,0.7557881499999984
1.3080000000000007,0.7540995499999988
1.3090000000000008,0.7525154899999992
1.310000000000001,0.751326493243675
1.3110000000000008,0.7506589299999998
1.3120000000000007,0.7504833300000001
1.3130000000000008,0.7506196500000003
1.314000000000001,0.7511447700000006
1.3150000000000008,0.7517999944775527
1.3160000000000007,0.7524752000000006
1.3170000000000008,0.7531628600000004
1.318000000000001,0.7536441100000002
1.3190000000000008,0.75393802
1.3200000000000007,0.7539751462873713
1.3210000000000008,0.7538737699999999
1.322000000000001,0.7537616499999996
1.3230000000000008,0.7534511699999998
1.3240000000000007,0.7532761699999999
1.3250000000000008,0.7531142199999998
1.326000000000001,0.7530313699999999
1.3270000000000008,0.75298005
1.3280000000000007,0.752969869721028
1.3290000000000008,0.75306708
1.330000000000001,0.75310415
1.3310000000000008,0.75313538
1.3320000000000007,0.75318998
1.3330000000000009,0.7532202499100089
1.334000000000001,0.7531193499999999
1.3350000000000009,0.7529346299999998
1.3360000000000007,0.7526790499999997
1.3370000000000009,0.7523261299999997
1.338000000000001,0.7519567369393056
1.3390000000000009,0.7514827299999995
1.3400000000000007,0.7509992099999997
1.3410000000000009,0.7505345899999996
1.342000000000001,0.7500332599999996
1.3430000000000009,0.7496472386021394
1.3440000000000007,0.7493591299999999
1.3450000000000009,0.7491475299999999
1.346000000000001,0.7490177199999999
1.3470000000000009,0.7488937999999999
1.3480000000000008,0.74878883
1.3490000000000009,0.74877125
1.350000000000001,0.7487695800000002
1.3510000000000009,0.7488712100000002
1.3520000000000008,0.7491412800000002
1.3530000000000009,0.7493516200000001
1.354000000000001,0.7496002300000002
1.3550000000000009,0.7498221400000002
1.3560000000000008,0.7500811333506651
1.3570000000000009,0.7502146400000002
1.358000000000001,0.75029355
1.3590000000000009,0.7503112599999999
1.3600000000000008,0.7501572399999998
1.3610000000000009,0.7499512191530845
1.362000000000001,0.7497427499999998
1.3630000000000009,0.7495265599999998
1.3640000000000008,0.74940741
1.3650000000000009,0.7494170100000002
1.366000000000001,0.7495088508159186
1.3670000000000009,0.7496628800000003
1.3680000000000008,0.7499111900000002
1.3690000000000009,0.7502057000000003
1.370000000000001,0.7505516400000003
1.3710000000000009,0.7508923659274076
1.3720000000000008,0.7511344600000001
1.3730000000000009,0.7513102900000002
1.374000000000001,0.7514979800000001
1.3750000000000009,0.7515779100000002
1.3760000000000008,0.7517726400000002
1.377000000000001,0.7520393100000002
1.378000000000001,0.7522610400000003
1.379000000000001,0.7524964481961807
1.3800000000000008,0.7527784100000002
1.381000000000001,0.7530809600000002
1.382000000000001,0.7533599700000004
1.383000000000001,0.7537416800000002
1.3840000000000008,0.7539498902509749
1.385000000000001,0.7540524000000002
1.386000000000001,0.7541334
1.387000000000001,0.7541343
1.3880000000000008,0.75410962
1.389000000000001,0.7541324477172282
1.390000000000001,0.75414211
1.391000000000001,0.7541875200000001
1.3920000000000008,0.7543067900000001
1.393000000000001,0.7544297600000001
1.394000000000001,0.7545511578602142
1.395000000000001,0.75464064
1.3960000000000008,0.75467569
1.397000000000001,0.75469816
1.398000000000001,0.75469285
1.399000000000001,0.75468612
1.4000000000000008,0.7546464799999999
1.4010000000000007,0.7545499199999999
1.402000000000001,0.7544276099999998
1.403000000000001,0.7542452799999998
1.4040000000000008,0.7540141299999997
1.4050000000000007,0.7537102099999998
1.406000000000001,0.7532975099999996
1.407000000000001,0.7529443702769719
1.4080000000000008,0.7525471399999998
1.4090000000000007,0.7521737799999998
1.410000000000001,0.7518322499999996
1.411000000000001,0.7515039399999996
1.4120000000000008,0.7511651171252872
1.4130000000000007,0.7508363699999998
1.414000000000001,0.7505606999999996
1.415000000000001,0.7502423499999996
1.4160000000000008,0.7498651099999997
1.4170000000000007,0.7494906574452552
1.418000000000001,0.7490648599999996
1.419000000000001,0.7485919599999995
1.4200000000000008,0.7481161399999996
1.4210000000000007,0.7476432299999997
1.422000000000001,0.7471603082921703
1.423000000000001,0.7466938499999995
1.4240000000000008,0.7461957299999996
1.4250000000000007,0.7456318099999997
1.426000000000001,0.7450621099999993
1.427000000000001,0.7444440099999994
1.4280000000000008,0.7438381299999995
1.4290000000000007,0.7432497699999996
1.430000000000001,0.7425398675462447
1.431000000000001,0.7418153299999994
1.4320000000000008,0.7411327999999994
1.4330000000000007,0.7404210599999995
1.434000000000001,0.7397278499999994
1.435000000000001,0.7391137408419152
1.4360000000000008,0.7384221599999994
1.4370000000000007,0.7376692899999994
1.438000000000001,0.7369381799999993
1.439000000000001,0.7362240599999993
1.4400000000000008,0.7354507073352659
1.4410000000000007,0.7346206899999993
1.442000000000001,0.733830509999999
1.443000000000001,0.7329677299999994
1.4440000000000008,0.7322046799999994
1.4450000000000007,0.7315009903689625
1.446000000000001,0.7308526599999994
1.447000000000001,0.7302594799999994
1.4480000000000008,0.7297108199999996
1.4490000000000007,0.7292562699999997
1.450000000000001,0.7287659599999995
1.451000000000001,0.7282615899999995
1.4520000000000008,0.7277719999999995
1.4530000000000007,0.7272431292800716
1.454000000000001,0.7266359299999993
1.455000000000001,0.7259517899999993
1.4560000000000008,0.7251601799999992
1.4570000000000007,0.7242127099999991
1.458000000000001,0.7232137373762612
1.459000000000001,0.7220874999999989
1.4600000000000009,0.7208356299999987
1.4610000000000007,0.7194589399999987
1.462000000000001,0.7180033299999985
1.463000000000001,0.7165822021127872
1.4640000000000009,0.715222479999999
1.4650000000000007,0.7140791399999993
1.466000000000001,0.713092739999999
1.467000000000001,0.7122194199999992
1.4680000000000009,0.7114584061013892
1.4690000000000007,0.7106749399999995
1.470000000000001,0.7099764899999991
1.471000000000001,0.7091553799999991
1.4720000000000009,0.7084026299999991
1.4730000000000008,0.7073864299999993
1.474000000000001,0.7063273799999984
1.475000000000001,0.7049443699999985
1.4760000000000009,0.7033494099999983
1.4770000000000008,0.701483849999998
1.478000000000001,0.6992872999999981
1.479000000000001,0.6970024699999977
1.4800000000000009,0.6943640699999978
1.4810000000000008,0.6918654120327948
1.482000000000001,0.6891857399999973
1.483000000000001,0.686760719999998
1.4840000000000009,0.684545279999998
1.4850000000000008,0.6822393499999988
1.486000000000001,0.68033574987001
1.487000000000001,0.6778344499999971
1.4880000000000009,0.6752144099999979
1.4890000000000008,0.6720746799999975
1.490000000000001,0.668292159999995
1.491000000000001,0.6637766715488403
1.4920000000000009,0.6581596099999945
1.4930000000000008,0.6519331899999954
1.494000000000001,0.6449580799999922
1.495000000000001,0.6379253899999942
1.4960000000000009,0.6313292996090336
1.4970000000000008,0.625420689999996
1.498000000000001,0.6209449199999971
1.499000000000001,0.6176593899999985
1.5000000000000009,0.6159245999999997
1.5010000000000008,0.6155493300000007
1.5020000000000011,0.6163113700000019
1.503000000000001,0.6176959300000016
1.504000000000001,0.6194200306069408
1.5050000000000008,0.6210261000000008
1.5060000000000011,0.6219770900000005
1.507000000000001,0.6223542699999993
1.508000000000001,0.6217175699999988
1.5090000000000008,0.6202868414818502
1.5100000000000011,0.6181016599999969
1.511000000000001,0.6153083399999965
1.512000000000001,0.6121531699999964
1.5130000000000008,0.6088039899999977
1.5140000000000011,0.6055153288661098
1.515000000000001,0.6023463599999967
1.516000000000001,0.5994771099999978
1.5170000000000008,0.5969993499999977
1.5180000000000011,0.5943261999999977
1.519000000000001,0.5921812444955482
1.520000000000001,0.5889975999999972
1.5210000000000008,0.5859091299999958
1.5220000000000011,0.5811418899999928
1.523000000000001,0.5757332999999936
1.524000000000001,0.568528829999992
1.5250000000000008,0.5594950899999915
1.5260000000000011,0.5499353399999867
1.527000000000001,0.5379740599999886
1.528000000000001,0.5277027499999895
1.5290000000000008,0.5158303999999947
1.5300000000000011,0.5077933699999918
1.531000000000001,0.5003690699999968
1.532000000000001,0.49749605985101536
1.5330000000000008,0.49799457000000247
1.5340000000000011,0.5016630900000095
1.535000000000001,0.5102250000000099
1.536000000000001,0.5191188500000115
1.5370000000000008,0.5319374037146366
1.5380000000000011,0.5430745500000133
1.539000000000001,0.5549736000000097
1.540000000000001,0.5659279200000085
1.5410000000000008,0.5754423100000071
1.5420000000000011,0.5834370605249559
1.543000000000001,0.5895938300000044
1.544000000000001,0.5945702800000033
1.5450000000000008,0.5982965200000027
1.5460000000000012,0.6012563700000028
1.547000000000001,0.6037406815688456
1.548000000000001,0.6060039400000019
1.5490000000000008,0.6081845800000014
1.5500000000000012,0.6103007200000025
1.551000000000001,0.6125499600000026
1.552000000000001,0.6149096500000027
1.5530000000000008,0.6173658400000017
1.5540000000000012,0.6198673800000027
1.555000000000001,0.6223282070053017
1.556000000000001,0.6245982600000018
1.5570000000000008,0.6267229300000017
1.5580000000000012,0.6286236000000017
1.559000000000001,0.6302184500000011
1.560000000000001,0.6314535972472761
1.5610000000000008,0.6323260700000005
1.5620000000000012,0.6329182400000003
1.563000000000001,0.6331862200000002
1.564000000000001,0.6334034200000003
1.5650000000000008,0.6336113592060795
1.5660000000000012,0.6337847700000004
1.567000000000001,0.6341523500000007
1.568000000000001,0.6347698000000007
1.5690000000000008,0.6355752300000009
1.5700000000000012,0.6366375837646249
1.571000000000001,0.6380155700000015
1.572000000000001,0.6394076300000017
1.5730000000000008,0.6409463300000011
1.5740000000000012,0.6426158000000018
1.575000000000001,0.6442415700000019
1.576000000000001,0.6459398900000018
1.5770000000000008,0.6476066700000015
1.5780000000000012,0.6492312936626355
1.579000000000001,0.6507679200000016
1.580000000000001,0.6521233300000011
1.5810000000000008,0.6533626900000009
1.5820000000000012,0.6543982000000012
1.583000000000001,0.6552608132526756
1.584000000000001,0.6559933400000004
1.5850000000000009,0.6565213800000005
1.5860000000000012,0.6569890400000005
1.587000000000001,0.6573020200000003
1.588000000000001,0.6574749227097292
1.5890000000000009,0.6576640600000001
1.5900000000000012,0.65778041
1.591000000000001,0.6577961999999999
1.592000000000001,0.65782017
1.5930000000000009,0.6578318488321168
1.5940000000000012,0.6577588899999999
1.595000000000001,0.6576802699999997
1.596000000000001,0.6574824999999995
1.5970000000000009,0.6571181999999995
1.5980000000000012,0.6566578099999993
1.599000000000001,0.6560419199999993
1.600000000000001,0.6554220899999994
1.6010000000000009,0.6547632199999993
1.6020000000000012,0.6539682099999989
1.603000000000001,0.6531690399999991
1.604000000000001,0.652198549999999
1.6050000000000009,0.651080129999999
1.6060000000000012,0.6499493020657919
1.607000000000001,0.6486699599999985
1.608000000000001,0.647417129999999
1.6090000000000009,0.6462497699999988
1.6100000000000012,0.6450199499999988
1.611000000000001,0.6438705410358951
1.612000000000001,0.6427808999999988
1.6130000000000009,0.6416912699999994
1.6140000000000012,0.6407469499999991
1.615000000000001,0.6399306099999991
1.616000000000001,0.6391561174492543
1.6170000000000009,0.6384759499999995
1.6180000000000012,0.6377962799999992
1.619000000000001,0.6370687499999992
1.620000000000001,0.6363460399999993
1.6210000000000009,0.635562318372162
1.6220000000000012,0.6347438699999989
1.623000000000001,0.6338776399999992
1.624000000000001,0.6329598999999992
1.6250000000000009,0.6320327499999991
1.6260000000000012,0.6310792599999989
1.6270000000000011,0.6302099799999988
1.628000000000001,0.6293833299999994
1.629000000000001,0.6285841411988794
1.6300000000000012,0.627896129999999
1.6310000000000011,0.6271751499999991
1.632000000000001,0.626381579999999
1.633000000000001,0.6255227299999991
1.6340000000000012,0.62446791268573
1.6350000000000011,0.6232947699999984
1.636000000000001,0.6219131399999981
1.637000000000001,0.6202168499999978
1.6380000000000012,0.6182578799999973
1.6390000000000011,0.6157288129067067
1.640000000000001,0.6127894499999963
1.641000000000001,0.6094734099999967
1.6420000000000012,0.6056971499999947
1.6430000000000011,0.6017363099999957
1.644000000000001,0.5977880148295128
1.645000000000001,0.5940575599999971
1.6460000000000012,0.5907799599999967
1.6470000000000011,0.5882399699999975
1.648000000000001,0.5864471199999991
1.649000000000001,0.5854908799999999
1.6500000000000012,0.5854108300000009
1.6510000000000011,0.5860601100000014
1.652000000000001,0.5872655500000019
1.653000000000001,0.5889865800000018
1.6540000000000012,0.5909488800000021
1.6550000000000011,0.5928496700000021
1.656000000000001,0.5947164300000018
1.657000000000001,0.5964466504859528
1.6580000000000013,0.5978515100000014
1.6590000000000011,0.599036220000001
1.660000000000001,0.5999757600000006
1.661000000000001,0.6005609000000004
1.6620000000000013,0.600936906252375
1.6630000000000011,0.6010994300000001
1.664000000000001,0.60120344
1.665000000000001,0.6012432
1.6660000000000013,0.6012359300000002
1.6670000000000011,0.601437609832017
1.668000000000001,0.6018382900000004
1.669000000000001,0.6023507100000005
1.6700000000000013,0.6029816900000009
1.6710000000000012,0.6036622500000006
1.672000000000001,0.6042899472302776
1.673000000000001,0.6049895300000007
1.6740000000000013,0.6057226700000008
1.6750000000000012,0.6063983400000007
1.676000000000001,0.6070358200000007
1.677000000000001,0.6075916300000006
1.6780000000000013,0.6080904000000005
1.6790000000000012,0.6085385700000004
1.680000000000001,0.6089358039536049
1.681000000000001,0.6092753400000003
1.6820000000000013,0.6095793800000004
1.6830000000000012,0.6098898600000003
1.684000000000001,0.6101669100000002
1.685000000000001,0.6103659949225079
1.6860000000000013,0.6104152199999998
1.6870000000000012,0.6102748499999997
1.688000000000001,0.6100371499999997
1.689000000000001,0.6096904299999996
1.6900000000000013,0.6092251965233471
1.6910000000000012,0.6087680499999993
1.692000000000001,0.6082660599999994
1.693000000000001,0.6076474199999994
1.6940000000000013,0.6069354999999989
1.6950000000000012,0.6060910444455543
1.696000000000001,0.605170429999999
1.697000000000001,0.604222119999999
1.6980000000000013,0.603327989999999
1.6990000000000012,0.602459189999999
1.700000000000001,0.601511419999999
1.701000000000001,0.6006402399999992
1.7020000000000013,0.5998209699999989
1.7030000000000012,0.5989903093580634
1.704000000000001,0.5982838899999993
1.705000000000001,0.5976039799999994
1.7060000000000013,0.5969086299999993
1.7070000000000012,0.5963613399999994
1.708000000000001,0.5959094970582937
1.709000000000001,0.5954800799999996
1.7100000000000013,0.5951629299999998
1.7110000000000012,0.5949709999999998
1.712000000000001,0.5948221699999999
1.713000000000001,0.5947541068063193
1.7140000000000013,0.5947428299999998
1.7150000000000012,0.59468466
1.716000000000001,0.5947079700000001
1.717000000000001,0.5947972500000002
1.7180000000000013,0.5948626334616539
1.7190000000000012,0.5950444900000003
1.720000000000001,0.5952525100000002
1.721000000000001,0.5954064100000003
1.7220000000000013,0.5956152700000003
1.7230000000000012,0.5958102900000002
1.724000000000001,0.5959747400000001
1.725000000000001,0.5961198200000001
1.7260000000000013,0.59623688
1.7270000000000012,0.5962471999999999
1.728000000000001,0.5961289399999999
1.729000000000001,0.5960483599999999
1.7300000000000013,0.5959439899999998
1.7310000000000012,0.5957971692600739
1.732000000000001,0.5956897699999997
1.733000000000001,0.5954033099999996
1.7340000000000013,0.5949551499999994
1.7350000000000012,0.5945544799999996
1.736000000000001,0.5941186566653329
1.737000000000001,0.5935853099999994
1.7380000000000013,0.5930069699999994
1.7390000000000012,0.5923963199999992
1.740000000000001,0.5916566799999993
1.741000000000001,0.5909647991880805
1.7420000000000013,0.590352119999999
1.7430000000000012,0.5896284599999991
1.744000000000001,0.5888047199999991
1.745000000000001,0.5880071499999993
1.7460000000000013,0.587149765738425
1.7470000000000012,0.586402299999999
1.748000000000001,0.5856631399999994
1.749000000000001,0.5849757799999993
1.7500000000000013,0.584193649999999
1.7510000000000012,0.5834069799999991
1.7520000000000011,0.5827792299999991
1.753000000000001,0.5821134399999994
1.7540000000000013,0.5815410129887005
1.7550000000000012,0.5810708999999994
1.7560000000000011,0.5806310199999998
1.757000000000001,0.5804677
1.7580000000000013,0.5805691500000002
1.7590000000000012,0.5807516790470956
1.7600000000000011,0.5809421500000003
1.761000000000001,0.5811466000000002
1.7620000000000013,0.5813486000000003
1.7630000000000012,0.5815906500000004
1.7640000000000011,0.5819605230126991
1.765000000000001,0.5824021700000006
1.7660000000000013,0.5828577900000007
1.7670000000000012,0.5833722900000007
1.7680000000000011,0.5838741100000004
1.769000000000001,0.584297857625238
1.7700000000000014,0.5847021900000006
1.7710000000000012,0.5850956400000005
1.7720000000000011,0.5854001000000002
1.773000000000001,0.5856047900000002
1.7740000000000014,0.5858488100000002
1.7750000000000012,0.5860148700000003
1.7760000000000011,0.5862332000000002
1.777000000000001,0.5865711000000001
1.7780000000000014,0.5867815600000003
1.7790000000000012,0.5869134100000002
1.7800000000000011,0.5870754100000001
1.781000000000001,0.5871659500000002
1.7820000000000014,0.5873116475812421
1.7830000000000013,0.5874874600000002
1.7840000000000011,0.5876826000000003
1.785000000000001,0.5879319300000002
1.7860000000000014,0.5881157500000003
1.7870000000000013,0.5882756888751127
1.7880000000000011,0.5884644400000001
1.789000000000001,0.5885591500000003
1.7900000000000014,0.5888585400000006
1.7910000000000013,0.5892722600000007
1.7920000000000011,0.5897581714088597
1.793000000000001,0.5902990700000007
1.7940000000000014,0.5910599200000012
1.7950000000000013,0.5920104400000015
1.7960000000000012,0.5930876700000012
1.797000000000001,0.5941618825787433
1.7980000000000014,0.5952428000000013
1.7990000000000013,0.5961430700000009
1.8000000000000012,0.5969697800000007
1.801000000000001,0.5975694700000005
1.8020000000000014,0.5979356800000003
1.8030000000000013,0.5981234899999999
1.8040000000000012,0.5980107199999999
1.805000000000001,0.5978985703799616
1.8060000000000014,0.5976023699999997
1.8070000000000013,0.5973111999999995
1.8080000000000012,0.5969768199999996
1.809000000000001,0.5966586499999996
1.8100000000000014,0.5962214833236673
1.8110000000000013,0.5959547199999998
1.8120000000000012,0.5957624299999998
1.813000000000001,0.59565389
1.8140000000000014,0.59567982
1.8150000000000013,0.5957134366383362
1.8160000000000012,0.5958350300000002
1.817000000000001,0.5959042300000001
1.8180000000000014,0.5959733700000001
1.8190000000000013,0.5960903200000001
1.8200000000000012,0.5961412149105091
1.821000000000001,0.5964313700000006
1.8220000000000014,0.5969073800000005
1.8230000000000013,0.5972744800000006
1.8240000000000012,0.5978049600000003
1.825000000000001,0.5980100599999999
1.8260000000000014,0.5979597600000005
1.8270000000000013,0.5983176800000004
1.8280000000000012,0.5986146938366171
1.829000000000001,0.5992530600000004
1.8300000000000014,0.5996044900000006
1.8310000000000013,0.60005462
1.8320000000000012,0.6000834700000005
1.833000000000001,0.6005239706029399
1.8340000000000014,0.6007300000000005
1.8350000000000013,0.6011523600000008
1.8360000000000012,0.6017724900000004
1.837000000000001,0.6021325600000006
1.8380000000000014,0.6026493983161691
1.8390000000000013,0.603469430000001
1.8400000000000012,0.6042451900000009
1.841000000000001,0.6050204600000009
1.8420000000000014,0.6058063500000014
1.8430000000000013,0.6066637342615749
1.8440000000000012,0.6076534400000011
1.845000000000001,0.6086860900000008
1.8460000000000014,0.609473050000001
1.8470000000000013,0.6101421700000008
1.8480000000000012,0.6107477500000001
1.849000000000001,0.6108811500000001
1.8500000000000014,0.6110075700000004
1.8510000000000013,0.6112759100000004
1.8520000000000012,0.6115363800000002
1.853000000000001,0.6116688300000003
1.8540000000000014,0.6118993200000007
1.8550000000000013,0.6124206800000006
1.8560000000000012,0.6128095741205883
1.857000000000001,0.6131507800000003
1.8580000000000014,0.6134090399999998
1.8590000000000013,0.6133130799999996
1.8600000000000012,0.61309576
1.861000000000001,0.6130840045515447
1.8620000000000014,0.61292952
1.8630000000000013,0.6129357200000008
1.8640000000000012,0.6137007500000006
1.865000000000001,0.6142100100000002
1.8660000000000014,0.6144324877522251
1.8670000000000013,0.6145778300000001
1.8680000000000012,0.61470228
1.869000000000001,0.6146533500000001
1.8700000000000014,0.6147568800000007
1.8710000000000013,0.6153181838696138
1.8720000000000012,0.6159164900000009
1.873000000000001,0.6165938400000005
1.8740000000000014,0.617233810000001
1.8750000000000013,0.6180014000000009
1.8760000000000012,0.6186705200000003
1.8770000000000011,0.6189218800000006
1.8780000000000014,0.6193053700000011
1.8790000000000013,0.6201401685571455
1.8800000000000012,0.6210257400000012
1.8810000000000011,0.621957660000001
1.8820000000000014,0.6228683600000011
1.8830000000000013,0.6236109100000002
1.8840000000000012,0.6237899387201282
1.8850000000000011,0.6240771400000006
1.8860000000000015,0.6246028500000008
1.8870000000000013,0.6250768300000008
1.8880000000000012,0.6255588500000006
1.8890000000000011,0.6260997659084097
1.8900000000000015,0.6264048200000006
1.8910000000000013,0.6268014900000006
1.8920000000000012,0.6273013400000004
1.8930000000000011,0.6275928600000001
1.8940000000000015,0.6277387554104592
1.8950000000000014,0.62776977
1.8960000000000012,0.6277552199999996
1.8970000000000011,0.6274861099999998
1.8980000000000015,0.6272791599999998
1.8990000000000014,0.6271643599999999
1.9000000000000012,0.62711138
1.9010000000000011,0.6271164399999998
1.9020000000000015,0.6268784999999997
1.9030000000000014,0.62666065
1.9040000000000012,0.6266468199999999
1.9050000000000011,0.6265457299999999
1.9060000000000015,0.6264232399999998
1.9070000000000014,0.6262953112918705
1.9080000000000013,0.6261082299999997
1.9090000000000011,0.6258566399999995
1.9100000000000015,0.6255001399999994
1.9110000000000014,0.6251500799999999
1.9120000000000013,0.62505527479552
1.9130000000000011,0.6247032299999993
1.9140000000000015,0.6240436399999996
1.9150000000000014,0.6236717099999995
1.9160000000000013,0.6232975099999991
1.9170000000000011,0.6226397857724221
1.9180000000000015,0.6220205999999993
1.9190000000000014,0.6214632399999993
1.9200000000000013,0.6209797299999994
1.9210000000000012,0.6205683899999994
1.9220000000000015,0.6201072161173876
1.9230000000000014,0.6198883099999996
1.9240000000000013,0.6195705499999993
1.9250000000000012,0.6189028599999992
1.9260000000000015,0.6181006999999991
1.9270000000000014,0.6174937499999994
1.9280000000000013,0.6171209799999994
1.9290000000000012,0.6165531899999992
1.9300000000000015,0.6158809124567535
1.9310000000000014,0.6153054799999989
1.9320000000000013,0.6144347799999988
1.9330000000000012,0.6135680099999994
1.9340000000000015,0.6129307699999992
1.9350000000000014,0.6123316861693822
1.9360000000000013,0.6116933799999994
1.9370000000000012,0.6112518299999994
1.9380000000000015,0.6107709399999993
1.9390000000000014,0.6102500599999994
1.9400000000000013,0.6097326817378256
1.9410000000000012,0.6091889699999992
1.9420000000000015,0.6085173499999987
1.9430000000000014,0.607737239999999
1.9440000000000013,0.6070163799999988
1.9450000000000012,0.6061030313348653
1.9460000000000015,0.605219659999999
1.9470000000000014,0.6045697899999991
1.9480000000000013,0.6039731499999992
1.9490000000000012,0.603261709999999
1.9500000000000015,0.6023719899999981
1.9510000000000014,0.601150509999997
1.9520000000000013,0.5992507899999978
1.9530000000000012,0.5975987374622518
1.9540000000000015,0.5958733599999974
1.9550000000000014,0.5941582299999988
1.9560000000000013,0.5932053899999984
1.9570000000000012,0.5919234199999978
1.9580000000000015,0.5902330906789293
1.9590000000000014,0.5884398799999971
1.9600000000000013,0.586306329999997
1.9610000000000012,0.5840930299999968
1.9620000000000015,0.5816842299999962
1.9630000000000014,0.5792588025427421
1.9640000000000013,0.5766889499999962
1.9650000000000012,0.5738372799999968
1.9660000000000015,0.5709138499999953
1.9670000000000014,0.5679326099999952
1.9680000000000013,0.564848608400156
1.9690000000000012,0.5614061999999963
1.9700000000000015,0.5581528499999948
1.9710000000000014,0.5547645099999952
1.9720000000000013,0.5515910999999962
1.9730000000000012,0.5487768699999971
1.9740000000000015,0.5461986699999963
1.9750000000000014,0.543854949999997
1.9760000000000013,0.5415688799999971
1.9770000000000012,0.5394348499999975
1.9780000000000015,0.5375330999999975
1.9790000000000014,0.5357131399999981
1.9800000000000013,0.5342832199999978
1.9810000000000012,0.5326883868183161
1.9820000000000015,0.5309565699999972
1.9830000000000014,0.5292018099999971
1.9840000000000013,0.5270709999999973
1.9850000000000012,0.5250469399999979
1.9860000000000015,0.5231866805899381
1.9870000000000014,0.5213925799999972
1.9880000000000013,0.5196025399999978
1.9890000000000012,0.5176911399999978
1.9900000000000015,0.5157370599999971
1.9910000000000014,0.5138570779981974
1.9920000000000013,0.5116522899999971
1.9930000000000012,0.5095031899999971
1.9940000000000015,0.5069401899999951
1.9950000000000014,0.5037867399999955
1.9960000000000013,0.5004072579482008
1.9970000000000012,0.4967661799999947
1.9980000000000016,0.4927661099999941
1.9990000000000014,0.48835771999999383
2.0000000000000013,0.4837210499999934
2.0010000000000012,0.47877125530993186
2.0020000000000016,0.4735243546900541
2.0030000000000014,0.46824645999999287
2.0040000000000013,0.4629113521015733
2.0050000000000012,0.4574323678984145
2.0060000000000016,0.45154481999998985
2.0070000000000014,0.44583963999998993
2.0080000000000013,0.4401919306718591
2.0090000000000012,0.4345986493281285
2.0100000000000016,0.4289420499999908
2.0110000000000015,0.4237443737272462
2.0120000000000013,0.41858164627273775
2.0130000000000012,0.4138457199999944
2.0140000000000016,0.4096620048300281
2.0150000000000015,0.40601030516996056
2.0160000000000013,0.40292581999999655
2.0170000000000012,0.4003224099999971
2.0180000000000016,0.3981011126604654
2.0190000000000015,0.39652771733952974
2.0200000000000014,0.3952556299999988
2.0210000000000012,0.3943290317486495
2.0220000000000016,0.39364651825134866
2.0230000000000015,0.39324277999999985
2.0240000000000014,0.39310851234653094
2.0250000000000012,0.39333197765346956
2.0260000000000016,0.3935594900000013
2.0270000000000015,0.39427370000000106
2.0280000000000014,0.39487504986501437
2.0290000000000012,0.3952568200000004
2.0300000000000016,0.39553905000000045
2.0310000000000015,0.3957780547230553
2.0320000000000014,0.39572528527694456
2.0330000000000013,0.39522405999999854
2.0340000000000016,0.3941242326464692
2.0350000000000015,0.3931506973535278
2.0360000000000014,0.39162232999999846
2.0370000000000013,0.3904539192861416
2.0380000000000016,0.3894467807138557
2.0390000000000015,0.3890135299999996
2.0400000000000014,0.38870156000000067
2.0410000000000013,0.3892097583203374
2.0420000000000016,0.39049296167966596
2.0430000000000015,0.3926129300000051
2.0440000000000014,0.39640807170566367
2.0450000000000013,0.4005251282943455
2.0460000000000016,0.4051053200000092
2.0470000000000015,0.41030748843232207
2.0480000000000014,0.41559181156769437
2.0490000000000013,0.4213039300000071
2.0500000000000016,0.4266466800000098
2.0510000000000015,0.43216697797021125
2.0520000000000014,0.4374266600000061
2.0530000000000013,0.4419498100000058
2.0540000000000016,0.4463248620945879
2.0550000000000015,0.4505458079054252
2.0560000000000014,0.4546257300000053
2.0570000000000013,0.45858941693861655
2.0580000000000016,0.4622588030613932
2.0590000000000015,0.4662008600000046
2.0600000000000014,0.4696472753779277
2.0610000000000013,0.47250105462207986
2.0620000000000016,0.4748460400000036
2.0630000000000015,0.476842080000002
2.0640000000000014,0.47836100264247283
2.0650000000000013,0.4794874273575302
2.0660000000000016,0.48043153000000083
2.0670000000000015,0.48090374404819
2.0680000000000014,0.4806442259518093
2.0690000000000013,0.4802039899999991
2.0700000000000016,0.47948788959807875
2.0710000000000015,0.4784838704019181
2.0720000000000014,0.47733669999999817
2.0730000000000013,0.4759536099999973
2.0740000000000016,0.4739091809019066
2.0750000000000015,0.4719181999999972
2.0760000000000014,0.46982505999999724
2.0770000000000013,0.4677301179534071
2.0780000000000016,0.4658096520465878
2.0790000000000015,0.46396424999999764
2.0800000000000014,0.46215213446110465
2.0810000000000013,0.4601967455388893
2.0820000000000016,0.45848440999999773
2.0830000000000015,0.45719710275844594
2.0840000000000014,0.4557246872415495
2.0850000000000013,0.45458068999999807
2.0860000000000016,0.45311125999999685
2.0870000000000015,0.45132937832933073
2.0880000000000014,0.4492126716706627
2.0890000000000013,0.4464355699999963
2.0900000000000016,0.4436588536372671
2.0910000000000015,0.4402952263627224
2.0920000000000014,0.4371614499999956
2.0930000000000013,0.4338670049999968
2.0940000000000016,0.4311170049999959
2.0950000000000015,0.42889806999999747
2.0960000000000014,0.426995869999999
2.0970000000000013,0.4262486389181082
2.0980000000000016,0.42623782000000165
2.0990000000000015,0.42749774000000357
2.1000000000000014,0.43016731378724826
2.1010000000000013,0.4337051862127627
2.1020000000000016,0.4391608500000097
2.1030000000000015,0.44462637370526914
2.1040000000000014,0.45096342629475056
2.1050000000000013,0.45698494000000817
2.1060000000000016,0.46309996797041475
2.1070000000000015,0.46857967202960227
2.1080000000000014,0.4731671500000056
2.1090000000000013,0.47737199000000485
2.1100000000000017,0.48097964932314025
2.1110000000000015,0.4839728806768691
2.1120000000000014,0.48648965000000277
2.1130000000000013,0.4885776709928033
2.1140000000000017,0.49018759900720094
2.1150000000000015,0.4909764500000006
2.1160000000000014,0.4914429299970008
2.1170000000000013,0.49154290000299955
2.1180000000000017,0.4914778799999995
2.1190000000000015,0.4910861799999992
2.1200000000000014,0.4904908704049179
2.1210000000000013,0.4897949195950799
2.1220000000000017,0.4889770399999977
2.1230000000000016,0.48769557115776657
2.1240000000000014,0.4865071488422298
2.1250000000000013,0.4855444099999986
2.1260000000000017,0.4845039629604062
2.1270000000000016,0.48343356703959045
2.1280000000000014,0.4824055099999985
2.1290000000000013,0.481263887258547
2.1300000000000017,0.48013647274145
2.1310000000000016,0.4790918199999983
2.1320000000000014,0.4781145799999982
2.1330000000000013,0.47708466257448395
2.1340000000000017,0.4761104074255134
2.1350000000000016,0.4755798299999995
2.1360000000000015,0.4753004569226154
2.1370000000000013,0.4752696830773845
2.1380000000000017,0.475861640000001
2.1390000000000016,0.4764329920235964
2.1400000000000015,0.47715322797640575
2.1410000000000013,0.4778202500000009
2.1420000000000017,0.4784978000000011
2.1430000000000016,0.4790892035112988
2.1440000000000015,0.47972431648870323
2.1450000000000014,0.48006779000000016
2.1460000000000017,0.48020615361827623
2.1470000000000016,0.48014233638172354
2.1480000000000015,0.4794472499999991
2.1490000000000014,0.47878788727554406
2.1500000000000017,0.47806064272445403
2.1510000000000016,0.4773041299999987
2.1520000000000015,0.4765862799999988
2.1530000000000014,0.47594437419057994
2.1540000000000017,0.47531052999999907
2.1550000000000016,0.47477200999999924
2.1560000000000015,0.47434708418816196
2.1570000000000014,0.47408896581183724
2.1580000000000017,0.47380250999999984
2.1590000000000016,0.4737014480463902
2.1600000000000015,0.4733819119536088
2.1610000000000014,0.47303857999999915
2.1620000000000017,0.4724130890361908
2.1630000000000016,0.4712034509638054
2.1640000000000015,0.46999716999999863
2.1650000000000014,0.468947049999998
2.1660000000000017,0.4674365676874599
2.1670000000000016,0.4658134423125351
2.1680000000000015,0.463890189999996
2.1690000000000014,0.46089874071585346
2.1700000000000017,0.4580058992841389
2.1710000000000016,0.4554158199999949
2.1720000000000015,0.4525285302219508
2.1730000000000014,0.4495307497780399
2.1740000000000017,0.44650485999999345
2.1750000000000016,0.4428088399999939
2.1760000000000015,0.4393621846655283
2.1770000000000014,0.43566160999999576
2.1780000000000017,0.4325139799999959
2.1790000000000016,0.4302135130973772
2.1800000000000015,0.42814448690261636
2.1810000000000014,0.42697244999999967
2.1820000000000017,0.4267214185202969
2.1830000000000016,0.42730662147970494
2.1840000000000015,0.4290198400000028
2.1850000000000014,0.4311295380843868
2.1860000000000017,0.43431038191562304
2.1870000000000016,0.4375760900000067
2.1880000000000015,0.44136718000000463
2.1890000000000014,0.4448105987312576
2.1900000000000017,0.4480979112687526
2.1910000000000016,0.45110828000000436
2.1920000000000015,0.4535853035442946
2.1930000000000014,0.45572074645571203
2.1940000000000017,0.4574596000000027
2.1950000000000016,0.4590057934503118
2.1960000000000015,0.46014029654969174
2.1970000000000014,0.46104091000000114
2.1980000000000017,0.4618797000000012
2.1990000000000016,0.4625242047985206
2.2000000000000015,0.4627721900000002
2.2010000000000014,0.46288088000000016
2.2020000000000017,0.4630002874495099
2.2030000000000016,0.4628747825504897
2.2040000000000015,0.4625109699999993
2.2050000000000014,0.46195265347630365
2.2060000000000017,0.461287416523694
2.2070000000000016,0.46065762999999793
2.2080000000000015,0.4595103736822609
2.2090000000000014,0.45784719631773396
2.2100000000000017,0.45615848999999625
2.2110000000000016,0.4540293499999958
2.2120000000000015,0.45164344402219275
2.2130000000000014,0.4498836659778018
2.2140000000000017,0.44730230999999354
2.2150000000000016,0.44366172049589453
2.2160000000000015,0.43976667950409337
2.2170000000000014,0.43505519999999354
2.2180000000000017,0.43021194056187956
2.2190000000000016,0.4252175594381049
2.2200000000000015,0.4201469399999926
2.2210000000000014,0.414578409999993
2.2220000000000018,0.4093350141295789
2.2230000000000016,0.4042763099999937
2.2240000000000015,0.3995165199999938
2.2250000000000014,0.3948869640121912
2.2260000000000018,0.3909270859877948
2.2270000000000016,0.38746973999999496
2.2280000000000015,0.38463276041691274
2.2290000000000014,0.3822369295830798
2.2300000000000018,0.3809359999999982
2.2310000000000016,0.37994012872025656
2.2320000000000015,0.3803273312797446
2.2330000000000014,0.3823135500000047
2.2340000000000018,0.38585004000000855
2.2350000000000017,0.39065876804040256
2.2360000000000015,0.39723917195961794
2.2370000000000014,0.40452850000001195
2.2380000000000018,0.413471692354543
2.2390000000000017,0.42209523764548373
2.2400000000000015,0.43118820000001157
2.2410000000000014,0.43979537077385816
2.2420000000000018,0.44780310922617034
2.2430000000000017,0.4551838600000092
2.2440000000000015,0.46211678000000833
2.2450000000000014,0.4683587116366806
2.2460000000000018,0.4732750783633369
2.2470000000000017,0.47800404000000846
2.2480000000000016,0.48275697363128006
2.2490000000000014,0.48669328636873216
2.2500000000000018,0.48996457000000515
2.2510000000000017,0.49287899603679597
2.2520000000000016,0.4949393639632104
2.2530000000000014,0.4965601600000017
2.254000000000002,0.49786801545291115
2.2550000000000017,0.4989225445470922
2.2560000000000016,0.49938565000000046
2.2570000000000014,0.49962141999999954
2.258000000000002,0.499377429675065
2.2590000000000017,0.499374180324935
2.2600000000000016,0.49920499
2.2610000000000015,0.49920643164467265
2.262000000000002,0.5002228783553309
2.2630000000000017,0.5011479300000009
2.2640000000000016,0.5016612507668479
2.2650000000000015,0.5023689192331544
2.266000000000002,0.5033916800000016
2.2670000000000017,0.5042433100000014
2.2680000000000016,0.5050684474465121
2.2690000000000015,0.5059429125534907
2.270000000000002,0.506878080000001
2.2710000000000017,0.5074111585922821
2.2720000000000016,0.5077970814077191
2.2730000000000015,0.5083493600000006
2.274000000000002,0.5088197836102782
2.2750000000000017,0.5090558863897223
2.2760000000000016,0.5090636599999998
2.2770000000000015,0.5089487999999999
2.278000000000002,0.5088586290170981
2.2790000000000017,0.508709609999999
2.2800000000000016,0.5081476599999993
2.2810000000000015,0.507762704353128
2.282000000000002,0.506906235646869
2.2830000000000017,0.5046843299999967
2.2840000000000016,0.5028126462867402
2.2850000000000015,0.501275513713255
2.286000000000002,0.4995381799999967
2.2870000000000017,0.49770087499299903
2.2880000000000016,0.4962508050069964
2.2890000000000015,0.49411099999999847
2.290000000000002,0.4929700800000006
2.2910000000000017,0.4933294723695271
2.2920000000000016,0.49395316763047487
2.2930000000000015,0.4955205600000024
2.294000000000002,0.497317878564291
2.2950000000000017,0.49970352143571645
2.2960000000000016,0.5018187200000035
2.2970000000000015,0.5037563651659699
2.298000000000002,0.505708024834037
2.2990000000000017,0.5072733200000024
2.3000000000000016,0.508604650000003
2.3010000000000015,0.5103144690181007
2.302000000000002,0.5116218300000013
2.3030000000000017,0.5122882700000008
2.3040000000000016,0.5127020819316133
2.3050000000000015,0.5124213980683859
2.306000000000002,0.5121392599999992
2.3070000000000017,0.5116725102279537
2.3080000000000016,0.5111747897720448
2.3090000000000015,0.5110843799999997
2.310000000000002,0.5108159975164961
2.3110000000000017,0.5103911624835025
2.3120000000000016,0.5097998999999986
2.3130000000000015,0.5090229499999985
2.314000000000002,0.5079580164996985
2.3150000000000017,0.5070230135002982
2.3160000000000016,0.5055726199999958
2.3170000000000015,0.5032187566236712
2.318000000000002,0.5006849933763198
2.3190000000000017,0.4976674299999942
2.3200000000000016,0.49437089351929003
2.3210000000000015,0.4906060864806982
2.322000000000002,0.4870257099999934
2.3230000000000017,0.48330643999999356
2.3240000000000016,0.4796811072132735
2.3250000000000015,0.4764532399999962
2.326000000000002,0.4736167499999945
2.3270000000000017,0.47051208195760447
2.3280000000000016,0.4680316580423878
2.3290000000000015,0.4662822199999975
2.330000000000002,0.4644270812017572
2.3310000000000017,0.46323909879823805
2.3320000000000016,0.46214583999999787
2.3330000000000015,0.4609530168056372
2.334000000000002,0.4599210731943591
2.3350000000000017,0.4585812399999975
2.3360000000000016,0.4571732599999966
2.3370000000000015,0.4552296287162522
2.338000000000002,0.4524167912837378
2.3390000000000017,0.4498401899999947
2.3400000000000016,0.4468657375924771
2.3410000000000015,0.44414166240751446
2.342000000000002,0.44191362999999667
2.3430000000000017,0.4400472003559255
2.3440000000000016,0.43795075964406804
2.3450000000000015,0.43681973000000063
2.346000000000002,0.43727958000000033
2.3470000000000018,0.4374643575272482
2.3480000000000016,0.4380396300000009
2.3490000000000015,0.4386959700000006
2.350000000000002,0.4391557378924217
2.3510000000000018,0.4392346621075786
2.3520000000000016,0.4398554299999994
2.3530000000000015,0.4395224143541263
2.354000000000002,0.4377659556458674
2.3550000000000018,0.43575554999999455
2.3560000000000016,0.432687837872421
2.3570000000000015,0.42986656212757024
2.358000000000002,0.4270970799999952
2.3590000000000018,0.42438232999999514
2.3600000000000017,0.4216733924175131
2.3610000000000015,0.41959756758248035
2.362000000000002,0.41777261999999765
2.3630000000000018,0.4164637666966603
2.3640000000000017,0.416230733303339
2.3650000000000015,0.41623849000000046
2.366000000000002,0.41656794982803563
2.3670000000000018,0.41716623017196675
2.3680000000000017,0.41832155000000154
2.3690000000000015,0.41949421000000203
2.370000000000002,0.4210412734913041
2.3710000000000018,0.4221761865087005
2.3720000000000017,0.4233753100000008
2.3730000000000016,0.42380372843631237
2.374000000000002,0.4235880915636868
2.3750000000000018,0.4225200399999957
2.3760000000000017,0.4201073788302294
2.3770000000000016,0.4172956811697619
2.378000000000002,0.4133408099999931
2.379000000000002,0.40945316501798934
2.3800000000000017,0.40510334498199707
2.3810000000000016,0.4013316599999939
2.382000000000002,0.3978934599999936
2.383000000000002,0.3950146567846404
2.3840000000000017,0.3933825032153545
2.3850000000000016,0.39187764999999763
2.386000000000002,0.3905355281713639
2.387000000000002,0.3896172418286325
2.3880000000000017,0.389588619999999
2.3890000000000016,0.38902781123875146
2.390000000000002,0.3885401987612468
2.391000000000002,0.3876976699999967
2.3920000000000017,0.38584252999999635
2.3930000000000016,0.38376728486402245
2.394000000000002,0.38081592513596707
2.395000000000002,0.37860559999999716
2.3960000000000017,0.3770456627744423
2.3970000000000016,0.37527340722555225
2.398000000000002,0.37424760999999857
2.399000000000002,0.3734481832513467
2.4000000000000017,0.37158069674864747
2.4010000000000016,0.3704856300000006
2.4020000000000015,0.37082389000000077
2.403000000000002,0.37126873551544937
2.4040000000000017,0.3721271200000016
2.4050000000000016,0.3730398100000018
2.406000000000002,0.3740253540181989
2.407000000000002,0.37526553598180606
2.4080000000000017,0.37639540000000266
2.4090000000000016,0.37788780689262513
2.4100000000000015,0.3801567331073819
2.411000000000002,0.3821656700000032
2.4120000000000017,0.3839591815386957
2.4130000000000016,0.3860745684613109
2.414000000000002,0.3881930400000037
2.415000000000002,0.3902999800000048
2.4160000000000017,0.3930078377504541
2.4170000000000016,0.39558534224955394
2.4180000000000015,0.397511660000003
2.419000000000002,0.3997781008048429
2.4200000000000017,0.4021861491951646
2.4210000000000016,0.4043385100000057
2.422000000000002,0.4075420416236825
2.423000000000002,0.4110582783763315
2.4240000000000017,0.4138670600000046
2.4250000000000016,0.4164474900000028
2.4260000000000015,0.4180371410348988
2.427000000000002,0.4195160600000009
2.4280000000000017,0.420001089999998
2.4290000000000016,0.418880729880023
2.430000000000002,0.4182795301199748
2.431000000000002,0.41784608
2.4320000000000017,0.4178362948480316
2.4330000000000016,0.41858477515197073
2.4340000000000015,0.41928592
2.435000000000002,0.41929678180563906
2.4360000000000017,0.4194148381943614
2.4370000000000016,0.4210905700000032
2.438000000000002,0.42291632000000073
2.439000000000002,0.4233112176704657
2.4400000000000017,0.42318792232953384
2.4410000000000016,0.4225764599999991
2.4420000000000015,0.42207385419516413
2.443000000000002,0.4240158058048428
2.4440000000000017,0.42658976000000187
2.4450000000000016,0.4276467630783854
2.446000000000002,0.4282775469216169
2.447000000000002,0.4277186399999981
2.4480000000000017,0.42664411999999824
2.4490000000000016,0.42563403278572004
2.4500000000000015,0.42476188999999787
2.451000000000002,0.42317768999999794
2.4520000000000017,0.42203365600579956
2.4530000000000016,0.4224937139942018
2.454000000000002,0.4229658200000019
2.455000000000002,0.42402570812337714
2.4560000000000017,0.4249069418766264
2.4570000000000016,0.42340835999999926
2.4580000000000015,0.4230117691391749
2.459000000000002,0.4247031608608311
2.4600000000000017,0.4258838600000061
2.4610000000000016,0.42933491000000484
2.462000000000002,0.43204576507398346
2.463000000000002,0.4311965049260132
2.4640000000000017,0.4310072700000014
2.4650000000000016,0.43178543800639885
2.4660000000000015,0.4318655019936014
2.467000000000002,0.43220979000000087
2.4680000000000017,0.43271499436212607
2.4690000000000016,0.431758615637871
2.470000000000002,0.4307241699999992
2.471000000000002,0.4302544600000004
2.4720000000000018,0.43046222238476023
2.4730000000000016,0.4296860700000011
2.4740000000000015,0.4305084600000072
2.475000000000002,0.43590495781144406
2.4760000000000018,0.43898307218856825
2.4770000000000016,0.44197848000000084
2.478000000000002,0.4424315668086345
2.479000000000002,0.4405996531913582
2.4800000000000018,0.44260344000000595
2.4810000000000016,0.445942463862229
2.4820000000000015,0.44688108613777383
2.483000000000002,0.4472211899999999
2.4840000000000018,0.4471476399999959
2.4850000000000017,0.4448507132313548
2.486000000000002,0.44548302676864754
2.487000000000002,0.4492674499999989
2.4880000000000018,0.4486545795860855
2.4890000000000017,0.45035044041391975
2.4900000000000015,0.4565892500000025
2.491000000000002,0.45847462013198365
2.4920000000000018,0.46337593986803594
2.4930000000000017,0.4643179499999868
2.494000000000002,0.4544515899999984
2.495000000000002,0.45354153446211776
2.4960000000000018,0.458486155537902
2.4970000000000017,0.4604288600000077
2.4980000000000016,0.46477603503898635
2.499000000000002,0.4611264249610007
2.5000000000000018,0.46112576
2.5010000000000017,0.46112576
2.502000000000002,0.46112576
2.503000000000002,0.46112576
2.504000000000002,0.46112576
2.5050000000000017,0.46112576
2.5060000000000016,0.46112576
2.507000000000002,0.46112576
2.508000000000002,0.46112576
2.5090000000000017,0.46112576
2.510000000000002,0.46112576
2.511000000000002,0.46112576
2.512000000000002,0.46112576
2.5130000000000017,0.46112576
2.5140000000000016,0.46112576
2.515000000000002,0.46112576
2.516000000000002,0.46112576
2.5170000000000017,0.46112576
2.518000000000002,0.46112576
2.519000000000002,0.46112576
2.520000000000002,0.46112576
2.5210000000000017,0.46112576
2.5220000000000016,0.46112576
2.523000000000002,0.46112576
2.524000000000002,0.46112576
2.5250000000000017,0.46112576
2.526000000000002,0.46112576
2.527000000000002,0.46112576
2.528000000000002,0.46112576
2.5290000000000017,0.46112576
2.5300000000000016,0.46112576
2.531000000000002,0.46112576
2.532000000000002,0.46112576
2.5330000000000017,0.46112576
2.534000000000002,0.46112576
2.535000000000002,0.46112576
2.536000000000002,0.46112576
2.5370000000000017,0.46112576
2.5380000000000016,0.46112576
2.539000000000002,0.46112576
2.540000000000002,0.46112576
2.5410000000000017,0.46112576
2.542000000000002,0.46112576
2.543000000000002,0.46112576
2.544000000000002,0.46112576
2.5450000000000017,0.46112576
2.5460000000000016,0.46112576
2.547000000000002,0.46112576
2.548000000000002,0.46112576
2.5490000000000017,0.46112576
2.550000000000002,0.46112576
2.551000000000002,0.46112576
2.552000000000002,0.46112576
2.5530000000000017,0.46112576
2.5540000000000016,0.46112576
2.555000000000002,0.46112576
2.556000000000002,0.46112576
2.5570000000000017,0.46112576
2.558000000000002,0.46112576
2.559000000000002,0.46112576
2.560000000000002,0.46112576
2.5610000000000017,0.46112576
2.5620000000000016,0.46112576
2.563000000000002,0.46112576
2.564000000000002,0.46112576
2.5650000000000017,0.46112576
2.566000000000002,0.46112576
2.567000000000002,0.46112576
2.568000000000002,0.46112576
2.5690000000000017,0.46112576
2.5700000000000016,0.46112576
2.571000000000002,0.46112576
2.572000000000002,0.46112576
2.5730000000000017,0.46112576
2.574000000000002,0.46112576
2.575000000000002,0.46112576
2.576000000000002,0.46112576
2.5770000000000017,0.46112576
2.5780000000000016,0.46112576
2.579000000000002,0.46112576
2.580000000000002,0.46112576
2.5810000000000017,0.46112576
2.582000000000002,0.46112576
2.583000000000002,0.46112576
2.584000000000002,0.46112576
2.5850000000000017,0.46112576
2.5860000000000016,0.46112576
2.587000000000002,0.46112576
2.588000000000002,0.46112576
2.5890000000000017,0.46112576
2.590000000000002,0.46112576
2.591000000000002,0.46112576
2.592000000000002,0.46112576
2.5930000000000017,0.46112576
2.5940000000000016,0.46112576
2.595000000000002,0.46112576
2.596000000000002,0.46112576
2.5970000000000018,0.46112576
2.598000000000002,0.46112576
2.599000000000002,0.46112576
