wave,r
0.4,0.773724079399812
0.401,0.7752431126842464
0.402,0.7765115373157537
0.403,0.7775948
0.404,0.7782219537284627
0.405,0.77857268
0.406,0.7796336402115958
0.40700000000000003,0.7796547997884044
0.40800000000000003,0.7792932558717827
0.40900000000000003,0.7808804341282174
0.41000000000000003,0.78136873
0.41100000000000003,0.7817707659796401
0.41200000000000003,0.78277606
0.41300000000000003,0.7834489966953331
0.41400000000000003,0.78411853
0.41500000000000004,0.7846216628657428
0.41600000000000004,0.7849082371342574
0.41700000000000004,0.78547257
0.41800000000000004,0.7860211645140549
0.41900000000000004,0.78660381
0.42000000000000004,0.7875390709987901
0.42100000000000004,0.78863895
0.42200000000000004,0.7896156975404492
0.42300000000000004,0.7903697424595508
0.42400000000000004,0.7913628370609589
0.42500000000000004,0.7930689329390413
0.42600000000000005,0.7948048700000001
0.42700000000000005,0.7960367382770174
0.42800000000000005,0.7978644400000001
0.42900000000000005,0.8001073811973762
0.43000000000000005,0.802227118802624
0.43100000000000005,0.8038024518369633
0.43200000000000005,0.8059861481630368
0.43300000000000005,0.8085404000000002
0.43400000000000005,0.8111402650807493
0.43500000000000005,0.8136483400000001
0.43600000000000005,0.8162171450823985
0.43700000000000006,0.8187253849176018
0.43800000000000006,0.8211468166927663
0.43900000000000006,0.823816093307234
0.44000000000000006,0.8265897600000001
0.44100000000000006,0.8292057238403617
0.44200000000000006,0.8315395700000001
0.44300000000000006,0.8341360359691807
0.44400000000000006,0.8367329540308195
0.44500000000000006,0.8391481830659389
0.44600000000000006,0.8414547769340616
0.44700000000000006,0.8436567200000001
0.44800000000000006,0.8459343072241279
0.44900000000000007,0.8484318900000001
0.45000000000000007,0.8510108855805886
0.45100000000000007,0.8535689444194118
0.45200000000000007,0.8560790050043001
0.45300000000000007,0.8585794349957002
0.45400000000000007,0.8610917300000004
0.45500000000000007,0.8637765331519687
0.45600000000000007,0.8666203600000001
0.4570000000000001,0.8694619813833864
0.4580000000000001,0.8726003200000003
0.4590000000000001,0.8756634875814484
0.4600000000000001,0.8784216324185518
0.4610000000000001,0.8815078100000002
0.4620000000000001,0.8847446076320239
0.4630000000000001,0.8880626000000004
0.4640000000000001,0.8914043623512768
0.4650000000000001,0.8946394900000002
0.4660000000000001,0.897896201268575
0.4670000000000001,0.9010230587314256
0.4680000000000001,0.903626946361973
0.4690000000000001,0.9062631436380274
0.4700000000000001,0.9088615200000002
0.4710000000000001,0.9112134815313849
0.4720000000000001,0.9133666200000001
0.4730000000000001,0.9153446780306396
0.4740000000000001,0.9171477419693607
0.4750000000000001,0.9188149173421534
0.4760000000000001,0.9205491326578471
0.4770000000000001,0.9221013200000001
0.4780000000000001,0.9233987435182649
0.4790000000000001,0.9247505700000002
0.4800000000000001,0.9260479933446333
0.4810000000000001,0.927382456655367
0.4820000000000001,0.9288088831723367
0.4830000000000001,0.9301261168276636
0.4840000000000001,0.9312956900000001
0.4850000000000001,0.9323498494584055
0.4860000000000001,0.9334272700000001
0.4870000000000001,0.9346516215857684
0.4880000000000001,0.9358101984142319
0.4890000000000001,0.9367790897768046
0.4900000000000001,0.9377567702231956
0.4910000000000001,0.9387410300000001
0.4920000000000001,0.9397507199031011
0.4930000000000001,0.9407668700000001
0.4940000000000001,0.9417040982206178
0.4950000000000001,0.9425261600000001
0.4960000000000001,0.9432759977073459
0.4970000000000001,0.9440467322926542
0.4980000000000001,0.9447783200000001
0.4990000000000001,0.945546862314577
0.5000000000000001,0.9463555800000001
0.5010000000000001,0.9470533765471311
0.5020000000000001,0.9477080889890507
0.5030000000000001,0.948341057340633
0.5040000000000001,0.948951533895239
0.5050000000000001,0.9495366800000001
0.5060000000000001,0.950043990481476
0.5070000000000001,0.9505680642777862
0.5080000000000001,0.9512700859594596
0.5090000000000001,0.95180309
0.5100000000000001,0.9522473852041521
0.5110000000000001,0.9527678016819328
0.5120000000000001,0.9533518983180673
0.5130000000000001,0.9539930135888359
0.5140000000000001,0.95459044
0.5150000000000001,0.9550327744792896
0.5160000000000001,0.9554807046497676
0.5170000000000001,0.9559690302334884
0.5180000000000001,0.9565057746325464
0.5190000000000001,0.9570353642671428
0.5200000000000001,0.9574620781391932
0.5210000000000001,0.9578690377912105
0.5220000000000001,0.9583326553638073
0.5230000000000001,0.95868218
0.5240000000000001,0.9590498240549407
0.5250000000000001,0.959455316849526
0.5260000000000001,0.9597977931504742
0.5270000000000001,0.9600936770411704
0.5280000000000001,0.96039021
0.5290000000000001,0.9607110057280575
0.5300000000000001,0.9609974086452678
0.5310000000000001,0.9612855842364882
0.5320000000000001,0.9615700171556716
0.5330000000000001,0.9618231120933209
0.5340000000000001,0.9620324436558172
0.5350000000000001,0.9622152345162742
0.5360000000000001,0.9623923282290646
0.5370000000000001,0.96256149
0.5380000000000001,0.9626952418376368
0.5390000000000001,0.9628790086254688
0.5400000000000001,0.9631665242496875
0.5410000000000001,0.9634407172580727
0.5420000000000001,0.96374536
0.5430000000000001,0.9640399845571722
0.5440000000000002,0.9642678431642419
0.5450000000000002,0.9645522143125431
0.5460000000000002,0.96484125
0.5470000000000002,0.9650569013631136
0.5480000000000002,0.965193214775409
0.5490000000000002,0.9654319852245911
0.5500000000000002,0.9657196971228712
0.5510000000000002,0.96594059
0.5520000000000002,0.9661920125421509
0.5530000000000002,0.9664462284718764
0.5540000000000002,0.9667286243520824
0.5550000000000002,0.9670929863563636
0.5560000000000002,0.96744812299933
0.5570000000000002,0.9677480556763162
0.5580000000000002,0.9680318714855257
0.5590000000000002,0.9684339119591195
0.5600000000000002,0.96879816
0.5610000000000002,0.9691770756410565
0.5620000000000002,0.9697411829908805
0.5630000000000002,0.9703907270091198
0.5640000000000002,0.9709285446218463
0.5650000000000002,0.97123718
0.5660000000000002,0.971337013407734
0.5670000000000002,0.9710073901631917
0.5680000000000002,0.9703461632245387
0.5690000000000002,0.9695719577420773
0.5700000000000002,0.9687664423276231
0.5710000000000002,0.9679992061806909
0.5720000000000002,0.9673082407289635
0.5730000000000002,0.9667514055683114
0.5740000000000002,0.96652889
0.5750000000000002,0.9667078949197493
0.5760000000000002,0.9671998701597937
0.5770000000000002,0.9677078598402066
0.5780000000000002,0.9681452456261563
0.5790000000000002,0.96848857
0.5800000000000002,0.9687167988459884
0.5810000000000002,0.9686590927352632
0.5820000000000002,0.9684169348431577
0.5830000000000002,0.9680623999999999
0.5840000000000002,0.9676492182791827
0.5850000000000002,0.9674771408261587
0.5860000000000002,0.967518448760762
0.5870000000000002,0.9676893882905658
0.5880000000000002,0.9680342700000001
0.5890000000000002,0.9683101813530272
0.5900000000000002,0.9684454825927703
0.5910000000000002,0.9685319082714865
0.5920000000000002,0.9686038492805928
0.5930000000000002,0.9686836608672086
0.5940000000000002,0.9687703812303385
0.5950000000000002,0.9688318981544922
0.5960000000000002,0.9688311800144002
0.5970000000000002,0.96877903
0.5980000000000002,0.9687171596792967
0.5990000000000002,0.9686850913077477
0.6000000000000002,0.9687504786922523
0.6010000000000002,0.9688664088406884
0.6020000000000002,0.9689281
0.6030000000000002,0.9691450625541511
0.6040000000000002,0.9694004750064497
0.6050000000000002,0.9695673566623669
0.6060000000000002,0.9697108285652857
0.6070000000000002,0.9697620898371984
0.6080000000000002,0.9697458096878157
0.6090000000000002,0.9697302004682765
0.6100000000000002,0.969690260399408
0.6110000000000002,0.96969515
0.6120000000000002,0.9697512403445034
0.6130000000000002,0.9697856920097196
0.6140000000000002,0.9698861779902804
0.6150000000000002,0.9699929989317894
0.6160000000000002,0.97001702
0.6170000000000002,0.9700112905198052
0.6180000000000002,0.9700372822441878
0.6190000000000002,0.9701120885038748
0.6200000000000002,0.97019404
0.6210000000000002,0.9702608596148962
0.6220000000000002,0.970222347898505
0.6230000000000002,0.9701172731522424
0.6240000000000002,0.9701609595630912
0.6250000000000002,0.97011518
0.6260000000000002,0.9700206499564992
0.6270000000000002,0.9700162986839659
0.6280000000000002,0.9699724308773561
0.6290000000000002,0.9699803599206992
0.6300000000000002,0.97000879
0.6310000000000002,0.9699048384026798
0.6320000000000002,0.9698249723959802
0.6330000000000002,0.9698710990773908
0.6340000000000002,0.96997964
0.6350000000000002,0.9698319390022899
0.6360000000000002,0.9697321704135835
0.6370000000000002,0.9697528495864165
0.6380000000000002,0.9697625599028991
0.6390000000000002,0.96974772
0.6400000000000002,0.9697654801133022
0.6410000000000002,0.9697768057408129
0.6420000000000002,0.969634832839458
0.6430000000000002,0.9695697406509064
0.6440000000000002,0.9695903704357044
0.6450000000000002,0.9696339412515375
0.6460000000000002,0.9696965181226939
0.6470000000000002,0.9696409105561111
0.6480000000000002,0.96951789
0.6490000000000002,0.9695399400793008
0.6500000000000002,0.9695478698128075
0.6510000000000002,0.9695385101871925
0.6520000000000002,0.9694777106080061
0.6530000000000002,0.96929961
0.6540000000000002,0.9691637196363964
0.6550000000000002,0.969145541841608
0.6560000000000002,0.9692069287722614
0.6570000000000003,0.9691897601717018
0.6580000000000003,0.9691024991827918
0.6590000000000003,0.9690207800953953
0.6600000000000003,0.9690255498569071
0.6610000000000003,0.9690004602509049
0.6620000000000003,0.96893907
0.6630000000000003,0.9688637290831816
0.6640000000000003,0.9687720456712164
0.6650000000000003,0.9686277528858557
0.6660000000000003,0.9685296409811097
0.6670000000000003,0.96857941
0.6680000000000003,0.9684973969935503
0.6690000000000003,0.9683470745096745
0.6700000000000003,0.9682413921136211
0.6710000000000003,0.96823829
0.6720000000000003,0.9682096192179922
0.6730000000000003,0.9681314178018878
0.6740000000000003,0.968021512198112
0.6750000000000003,0.9678987312278123
0.6760000000000003,0.96781451
0.6770000000000003,0.9677577590599812
0.6780000000000003,0.9676637571249437
0.6790000000000003,0.9675679219167042
0.6800000000000003,0.9675251804274042
0.6810000000000003,0.9675397896482965
0.6820000000000003,0.9675046181058947
0.6830000000000003,0.9674099128411578
0.6840000000000003,0.9672663828706286
0.6850000000000003,0.96713114
0.6860000000000003,0.9670795801770018
0.6870000000000003,0.9670972793706251
0.6880000000000003,0.9670658106293748
0.6890000000000003,0.9668467621905219
0.6900000000000003,0.96665889
0.6910000000000003,0.9665346678853789
0.6920000000000003,0.966428934898455
0.6930000000000003,0.9662588834010299
0.6940000000000003,0.9661379512093121
0.6950000000000003,0.9660071678828788
0.6960000000000003,0.965795457741113
0.6970000000000003,0.9656825133883306
0.6980000000000003,0.9655543612815255
0.6990000000000003,0.96536714
0.7000000000000003,0.9651738377612775
0.7010000000000003,0.9649499644366225
0.7020000000000003,0.9646717955633773
0.7030000000000003,0.9643881328366283
0.7040000000000003,0.96425539
0.7050000000000003,0.9641754575181751
0.7060000000000003,0.9640513629800509
0.7070000000000003,0.9638173646799659
0.7080000000000003,0.9635651699999999
0.7090000000000003,0.9633620385223852
0.7100000000000003,0.9632142766801659
0.7110000000000003,0.9630482849797509
0.7120000000000003,0.9628648218346366
0.7130000000000003,0.9626540499999999
0.7140000000000003,0.9624205776467528
0.7150000000000003,0.9621852531627418
0.7160000000000003,0.9619573445581721
0.7170000000000003,0.9617142124313243
0.7180000000000003,0.961441807712977
0.7190000000000003,0.961213105498825
0.7200000000000003,0.9609880467517624
0.7210000000000003,0.9607840240804407
0.7220000000000003,0.9607026
0.7230000000000003,0.9607473606229063
0.7240000000000003,0.9608096489270429
0.7250000000000003,0.960756001072957
0.7260000000000003,0.9606028215318152
0.7270000000000003,0.96052843
0.7280000000000003,0.9604451675084501
0.7290000000000003,0.9601960139259037
0.7300000000000003,0.9599935440493975
0.7310000000000003,0.9597469624658246
0.7320000000000003,0.9594864183710836
0.7330000000000003,0.9593235246368681
0.7340000000000003,0.9590553680446977
0.7350000000000003,0.9587388031656633
0.7360000000000003,0.9584833399999999
0.7370000000000003,0.9583157277874779
0.7380000000000003,0.9580944741542337
0.7390000000000003,0.957802185845766
0.7400000000000003,0.957491523106631
0.7410000000000003,0.9571710799999998
0.7420000000000003,0.9568303737725377
0.7430000000000003,0.956519002976451
0.7440000000000003,0.9562848846823658
0.7450000000000003,0.9559364899999999
0.7460000000000003,0.9555502462490624
0.7470000000000003,0.9551751515520223
0.7480000000000003,0.9547527526719662
0.7490000000000003,0.9543998235292704
0.7500000000000003,0.9540710399999999
0.7510000000000003,0.9536898661507229
0.7520000000000003,0.9533049372422377
0.7530000000000003,0.9528796785051745
0.7540000000000003,0.9524143346534464
0.7550000000000003,0.9519587199999999
0.7560000000000003,0.9515579823697814
0.7570000000000003,0.9511764714453276
0.7580000000000003,0.9507730680680805
0.7590000000000003,0.9503312699999998
0.7600000000000003,0.9498555056612564
0.7610000000000003,0.9494216328144872
0.7620000000000003,0.9490623571855125
0.7630000000000003,0.9486369542540424
0.7640000000000003,0.9481113599999997
0.7650000000000003,0.9475610255373106
0.7660000000000003,0.9471147579520023
0.7670000000000003,0.9467131580319983
0.7680000000000003,0.9462741043905437
0.7690000000000003,0.9457558944829447
0.7700000000000004,0.9452041894063294
0.7710000000000004,0.9446745058905053
0.7720000000000004,0.9441877048679972
0.7730000000000004,0.9437050199999998
0.7740000000000004,0.9431391341729415
0.7750000000000004,0.9425564297734089
0.7760000000000004,0.9420451002265908
0.7770000000000004,0.9415988344626445
0.7780000000000004,0.9410256099999998
0.7790000000000004,0.9405276114979149
0.7800000000000004,0.9401025050124493
0.7810000000000004,0.9396029199917002
0.7820000000000004,0.9390859651695515
0.7830000000000004,0.9385791350825506
0.7840000000000004,0.9380873898403078
0.7850000000000004,0.9375794052395379
0.7860000000000004,0.9370989248047958
0.7870000000000004,0.9366627299999999
0.7880000000000004,0.9362592657155141
0.7890000000000004,0.9358308158674065
0.7900000000000004,0.9353597294217287
0.7910000000000004,0.9349162044352441
0.7920000000000004,0.9345490899999999
0.7930000000000004,0.9341410327345632
0.7940000000000004,0.9337777608981549
0.7950000000000004,0.9334555964432644
0.7960000000000004,0.9331142899999999
0.7970000000000004,0.9327765064332642
0.7980000000000004,0.9324198341028358
0.7990000000000004,0.932124975897164
0.8000000000000004,0.931993961310113
0.8010000000000004,0.9317504199999999
0.8020000000000004,0.9315113385879717
0.8030000000000004,0.9313701348252587
0.8040000000000004,0.9311976434498275
0.8050000000000004,0.9310377815986159
0.8060000000000004,0.9309133895201951
0.8070000000000004,0.9308654109427529
0.8080000000000004,0.9309125485858707
0.8090000000000004,0.9309470093107931
0.8100000000000004,0.93097371
0.8110000000000004,0.9310600209781098
0.8120000000000004,0.9311578328416864
0.8130000000000004,0.9312999171583136
0.8140000000000004,0.9315038279608797
0.8150000000000004,0.9317644200000001
0.8160000000000004,0.9320646558306585
0.8170000000000004,0.9323561902042898
0.8180000000000004,0.9326963331971403
0.8190000000000004,0.933216924794048
0.8200000000000004,0.9336876946575468
0.8210000000000004,0.9341534503920806
0.8220000000000004,0.9346730544118796
0.8230000000000004,0.935163435096202
0.8240000000000004,0.9356564900000002
0.8250000000000004,0.936208726176362
0.8260000000000004,0.9368263607725693
0.8270000000000004,0.9373649892274312
0.8280000000000004,0.9378800348495487
0.8290000000000004,0.9384459900000002
0.8300000000000004,0.9390832312511127
0.8310000000000004,0.9396457866770664
0.8320000000000004,0.9402016888819562
0.8330000000000004,0.9408078800000004
0.8340000000000004,0.9414373654610548
0.8350000000000004,0.9419834717606123
0.8360000000000004,0.9425715023590823
0.8370000000000004,0.9432223334916702
0.8380000000000004,0.9437889500000002
0.8390000000000004,0.9443868454557093
0.8400000000000004,0.9449324151090447
0.8410000000000004,0.9454360499273039
0.8420000000000004,0.9460674436860371
0.8430000000000004,0.9466064644602448
0.8440000000000004,0.9470524889319536
0.8450000000000004,0.9474990866020702
0.8460000000000004,0.9480001799781
0.8470000000000004,0.9484864500000002
0.8480000000000004,0.9489287739286394
0.8490000000000004,0.9493216363309469
0.8500000000000004,0.9496381836690534
0.8510000000000004,0.9498445979358795
0.8520000000000004,0.9500474300000001
0.8530000000000004,0.9503317507510151
0.8540000000000004,0.9504068491756412
0.8550000000000004,0.9503793705495724
0.8560000000000004,0.9502847809459095
0.8570000000000004,0.9501097186850869
0.8580000000000004,0.9499782265825708
0.8590000000000004,0.9498073551261437
0.8600000000000004,0.9496305017685354
0.8610000000000004,0.9496858700000002
0.8620000000000004,0.9500425543231434
0.8630000000000004,0.9504748663619457
0.8640000000000004,0.9507929636380545
0.8650000000000004,0.9510454474751748
0.8660000000000004,0.9512304700000002
0.8670000000000004,0.9514133951534517
0.8680000000000004,0.9516710709947505
0.8690000000000004,0.9520375626701667
0.8700000000000004,0.9524786500000002
0.8710000000000004,0.9530221860493608
0.8720000000000004,0.9536271195195243
0.8730000000000004,0.9541030957207142
0.8740000000000004,0.9544306967240345
0.8750000000000004,0.9545077699999999
0.8760000000000004,0.9543217377731554
0.8770000000000004,0.9540990533073346
0.8780000000000004,0.9538759644617768
0.8790000000000004,0.953756211197512
0.8800000000000004,0.9538808500000002
0.8810000000000004,0.9543556158814064
0.8820000000000005,0.9551496861778914
0.8830000000000005,0.9562239385147856
0.8840000000000005,0.9575358600000007
0.8850000000000005,0.9590121049645504
0.8860000000000005,0.9605085591860332
0.8870000000000005,0.9619678608139681
0.8880000000000005,0.9633029566490672
0.8890000000000005,0.9642929400000004
0.8900000000000005,0.9652535992215849
0.8910000000000005,0.966175748425979
0.8920000000000005,0.9667899477160145
0.8930000000000005,0.9672453954455547
0.8940000000000005,0.9676936943565438
0.8950000000000005,0.9681293462974853
0.8960000000000005,0.9684442205537724
0.8970000000000005,0.9688045963962281
0.8980000000000005,0.9690911200000001
0.8990000000000005,0.9694103053293536
0.9000000000000005,0.9699432372249112
0.9010000000000005,0.9703044827750891
0.9020000000000005,0.970635766687167
0.9030000000000005,0.9710148600000003
0.9040000000000005,0.9713974078570787
0.9050000000000005,0.9717902619550024
0.9060000000000005,0.9721887620299987
0.9070000000000005,0.9725362665249654
0.9080000000000005,0.9728256545091453
0.9090000000000005,0.9732765674692266
0.9100000000000005,0.9736500287961604
0.9110000000000005,0.97390049749535
0.9120000000000005,0.9742265900000001
0.9130000000000005,0.9744807517726356
0.9140000000000005,0.9746580162135894
0.9150000000000005,0.9748651358576073
0.9160000000000005,0.9752080965703659
0.9170000000000005,0.9754217300000001
0.9180000000000005,0.9756631339980002
0.9190000000000005,0.975863034003
0.9200000000000005,0.9758715598295983
0.9210000000000005,0.9762063000000001
0.9220000000000005,0.9765052217899179
0.9230000000000005,0.9766842155907766
0.9240000000000005,0.9769637544092237
0.9250000000000005,0.977033669300893
0.9260000000000005,0.9770535200000001
0.9270000000000005,0.9772515936108723
0.9280000000000005,0.9776126701520924
0.9290000000000005,0.9776177398986051
0.9300000000000005,0.97771840899329
0.9310000000000005,0.9779925910533106
0.9320000000000005,0.9780979221240939
0.9330000000000005,0.9782041268138593
0.9340000000000005,0.9783992760969611
0.9350000000000005,0.97859079
0.9360000000000005,0.9786428818334184
0.9370000000000005,0.97882622275249
0.9380000000000005,0.9789638472475102
0.9390000000000005,0.9789752998854989
0.9400000000000005,0.9790095100000001
0.9410000000000005,0.9792774317060171
0.9420000000000005,0.9793627279865006
0.9430000000000005,0.9792956113423328
0.9440000000000005,0.9794207787482876
0.9450000000000005,0.9796318999248993
0.9460000000000005,0.9796243892824359
0.9470000000000005,0.9795885110763461
0.9480000000000005,0.979814467740355
0.9490000000000005,0.97991067
0.9500000000000005,0.9798848598569986
0.9510000000000005,0.9798705635952563
0.9520000000000005,0.9800503264047439
0.9530000000000005,0.9803332071711718
0.9540000000000005,0.98042679
0.9550000000000005,0.9804589737468377
0.9560000000000005,0.9806463158113096
0.9570000000000005,0.9808400261257938
0.9580000000000005,0.98083407
0.9590000000000005,0.980894152683427
0.9600000000000005,0.9811624921134944
0.9610000000000005,0.9812681668297586
0.9620000000000005,0.9812037906438129
0.9630000000000005,0.9812035600000001
0.9640000000000005,0.9813325404554092
0.9650000000000005,0.9813780832578372
0.9660000000000005,0.9814866778281086
0.9670000000000005,0.9813374914919148
0.9680000000000005,0.9811996835513357
0.9690000000000005,0.9815548090320484
0.9700000000000005,0.9815064114519274
0.9710000000000005,0.9814378013722137
0.9720000000000005,0.9814558000000001
0.9730000000000005,0.9814877517238173
0.9740000000000005,0.9816601297412103
0.9750000000000005,0.9816471902587897
0.9760000000000005,0.9814294621773216
0.9770000000000005,0.98127192
0.9780000000000005,0.9813596001842037
0.9790000000000005,0.9813780127367631
0.9800000000000005,0.9811359048421578
0.9810000000000005,0.9808784125749256
0.9820000000000005,0.9811655316802168
0.9830000000000005,0.9813335484682766
0.9840000000000005,0.9812569622975851
0.9850000000000005,0.9811400211694233
0.9860000000000005,0.98127854
0.9870000000000005,0.9812216171615715
0.9880000000000005,0.980937770393384
0.9890000000000005,0.9804574396066155
0.9900000000000005,0.9800863937104369
0.9910000000000005,0.9803250400000001
0.9920000000000005,0.9805328208680086
0.9930000000000005,0.9805762200446978
0.9940000000000005,0.9805777099702015
0.9950000000000006,0.9802585199999998
0.9960000000000006,0.9799168676229761
0.9970000000000006,0.9796791705863708
0.9980000000000006,0.9797084891204441
0.9990000000000006,0.9799480376044523
1.0000000000000004,0.9798321099999997
1.0010000000000006,0.9790552299999998
1.0020000000000007,0.9787089799999998
1.0030000000000006,0.9785876900000002
1.0040000000000004,0.9789150902129787
1.0050000000000006,0.97881722
1.0060000000000007,0.9788190699999999
1.0070000000000006,0.9786048499999997
1.0080000000000005,0.9781222899999997
1.0090000000000006,0.9777338191870811
1.0100000000000007,0.9774256899999997
1.0110000000000006,0.9769151799999994
1.0120000000000005,0.9760974599999998
1.0130000000000006,0.9755780699999997
1.0140000000000007,0.9751824495620436
1.0150000000000006,0.9746599199999998
1.0160000000000005,0.9743034799999998
1.0170000000000006,0.9738528699999998
1.0180000000000007,0.9732340599999993
1.0190000000000006,0.9722437690290965
1.0200000000000005,0.9717340499999998
1.0210000000000006,0.9713485199999998
1.0220000000000007,0.9709813599999999
1.0230000000000006,0.9708403899999999
1.0240000000000005,0.9705907699999998
1.0250000000000006,0.9701877799999999
1.0260000000000007,0.97000819
1.0270000000000006,0.97002798
1.0280000000000005,0.9699546100000002
1.0290000000000006,0.97010767
1.0300000000000007,0.9699832799999998
1.0310000000000006,0.9695989499999997
1.0320000000000005,0.9692898084601538
1.0330000000000006,0.9689744099999997
1.0340000000000007,0.9686917699999995
1.0350000000000006,0.9680519699999994
1.0360000000000005,0.9672762799999997
1.0370000000000006,0.9665309927457248
1.0380000000000007,0.9654584499999994
1.0390000000000006,0.9645665299999997
1.0400000000000005,0.9637880299999997
1.0410000000000006,0.9630644299999994
1.0420000000000007,0.9622035260903905
1.0430000000000006,0.9615802799999997
1.0440000000000005,0.9613094299999998
1.0450000000000006,0.9608468999999996
1.0460000000000007,0.9602248099999998
1.0470000000000006,0.9598800244785519
1.0480000000000005,0.9595417999999998
1.0490000000000006,0.95905823
1.0500000000000007,0.9589959400000001
1.0510000000000006,0.9591702200000002
1.0520000000000005,0.9594249100000002
1.0530000000000006,0.9599818000000004
1.0540000000000007,0.9604002800000003
1.0550000000000006,0.9609140645435459
1.0560000000000005,0.9613595000000001
1.0570000000000006,0.9617657700000002
1.0580000000000007,0.9621273900000002
1.0590000000000006,0.9624135500000001
1.0600000000000005,0.9627803941855816
1.0610000000000006,0.9631222500000003
1.0620000000000007,0.9635871600000003
1.0630000000000006,0.9640846800000004
1.0640000000000005,0.9645154500000003
1.0650000000000006,0.9649541561293873
1.0660000000000007,0.9653646900000004
1.0670000000000006,0.9657478900000003
1.0680000000000005,0.9661583300000001
1.0690000000000006,0.9665271000000003
1.0700000000000007,0.9668420285071495
1.0710000000000006,0.9671175500000001
1.0720000000000005,0.9672859900000002
1.0730000000000006,0.9675570700000001
1.0740000000000007,0.9677581800000004
1.0750000000000006,0.9682048000000003
1.0760000000000005,0.9685255900000004
1.0770000000000006,0.9689522400000005
1.0780000000000007,0.9695771787461257
1.0790000000000006,0.9700646400000003
1.0800000000000005,0.9704411000000003
1.0810000000000006,0.9709077500000001
1.0820000000000007,0.9711450899999999
1.0830000000000006,0.971061296669333
1.0840000000000005,0.97112799
1.0850000000000006,0.9711860400000001
1.0860000000000007,0.9712938100000001
1.0870000000000006,0.9714568900000001
1.0880000000000005,0.9715434813408659
1.0890000000000006,0.9715651300000001
1.0900000000000007,0.9717099100000001
1.0910000000000006,0.97187048
1.0920000000000005,0.97185785
1.0930000000000006,0.9719428914958506
1.0940000000000007,0.9718720899999999
1.0950000000000006,0.97163385
1.0960000000000005,0.9715847399999998
1.0970000000000006,0.9714078299999998
1.0980000000000008,0.9711431899999999
1.0990000000000006,0.97097147
1.1000000000000005,0.9708980899999999
1.1010000000000006,0.9705635899999998
1.1020000000000008,0.9702280199999997
1.1030000000000006,0.9698293199999997
1.1040000000000005,0.9692877499999997
1.1050000000000006,0.9685660599999997
1.1060000000000008,0.9680443931656829
1.1070000000000007,0.9673760499999994
1.1080000000000005,0.9663175899999993
1.1090000000000007,0.9653014499999992
1.1100000000000008,0.964169919999999
1.1110000000000007,0.9627107339666023
1.1120000000000005,0.9614503999999995
1.1130000000000007,0.960098739999999
1.1140000000000008,0.9586175699999991
1.1150000000000007,0.9572189499999988
1.1160000000000005,0.9554578661083881
1.1170000000000007,0.9533731899999986
1.1180000000000008,0.951335549999998
1.1190000000000007,0.9491283899999985
1.1200000000000006,0.9468002899999991
1.1210000000000007,0.94468942108689
1.1220000000000008,0.9426515099999987
1.1230000000000007,0.940711199999999
1.1240000000000006,0.9391742899999995
1.1250000000000007,0.9381356199999996
1.1260000000000008,0.9375598999999999
1.1270000000000007,0.9374290100000001
1.1280000000000006,0.9376239200000002
1.1290000000000007,0.9377236894330565
1.1300000000000008,0.9376180199999997
1.1310000000000007,0.9372878699999997
1.1320000000000006,0.9368502499999997
1.1330000000000007,0.9360306899999993
1.1340000000000008,0.9348233960233968
1.1350000000000007,0.9336836299999991
1.1360000000000006,0.9323510499999991
1.1370000000000007,0.9309674499999991
1.1380000000000008,0.9296415999999986
1.1390000000000007,0.9281511590440947
1.1400000000000006,0.9264661699999986
1.1410000000000007,0.9244318599999984
1.1420000000000008,0.9220789099999982
1.1430000000000007,0.919437469999998
1.1440000000000006,0.9164888248645118
1.1450000000000007,0.9132320899999978
1.1460000000000008,0.9098764099999972
1.1470000000000007,0.9067294599999984
1.1480000000000006,0.9043275099999984
1.1490000000000007,0.9019814099999993
1.1500000000000008,0.9009166399999997
1.1510000000000007,0.9005944100000004
1.1520000000000006,0.9012137700000008
1.1530000000000007,0.9028695200000018
1.1540000000000008,0.9055160900000023
1.1550000000000007,0.9090630400000029
1.1560000000000006,0.913332760000003
1.1570000000000007,0.9179034739336099
1.1580000000000008,0.922542810000004
1.1590000000000007,0.9270849200000028
1.1600000000000006,0.9312735200000024
1.1610000000000007,0.9349728200000021
1.1620000000000008,0.938188821239878
1.1630000000000007,0.9409012200000014
1.1640000000000006,0.9431222700000009
1.1650000000000007,0.9450979200000011
1.1660000000000008,0.9466844800000013
1.1670000000000007,0.9480965487931216
1.1680000000000006,0.9492095100000006
1.1690000000000007,0.9502071700000005
1.1700000000000008,0.9510632800000006
1.1710000000000007,0.9518529200000005
1.1720000000000006,0.9526888464073597
1.1730000000000007,0.9533710500000003
1.1740000000000008,0.9539394400000004
1.1750000000000007,0.9545232700000004
1.1760000000000006,0.9549732800000004
1.1770000000000007,0.9554077400000003
1.1780000000000008,0.9559074600000003
1.1790000000000007,0.9562132400000001
1.1800000000000006,0.9563040726827317
1.1810000000000007,0.9563309000000001
1.1820000000000008,0.9562993000000001
1.1830000000000007,0.95627213
1.1840000000000006,0.95619363
1.1850000000000007,0.9561449759404058
1.1860000000000008,0.9560043799999998
1.1870000000000007,0.9557019499999998
1.1880000000000006,0.9553193399999996
1.1890000000000007,0.9549018699999997
1.1900000000000008,0.9544384963373659
1.1910000000000007,0.9540241999999995
1.1920000000000006,0.9534885899999995
1.1930000000000007,0.9528387199999996
1.1940000000000008,0.9521549899999994
1.1950000000000007,0.951349160582941
1.1960000000000006,0.9504087599999992
1.1970000000000007,0.9493057099999992
1.1980000000000008,0.9481547499999989
1.1990000000000007,0.9468880299999991
1.2000000000000006,0.945493219999999
1.2010000000000007,0.9440686099999985
1.2020000000000008,0.9423989099999983
1.2030000000000007,0.9405604899500035
1.2040000000000006,0.9384599899999985
1.2050000000000007,0.9361295099999983
1.2060000000000008,0.9336858399999978
1.2070000000000007,0.9312373399999985
1.2080000000000006,0.9288224142455739
1.2090000000000007,0.9265648699999987
1.2100000000000009,0.9245356299999985
1.2110000000000007,0.9227591199999988
1.2120000000000006,0.9214460299999996
1.2130000000000007,0.9207307215308463
1.2140000000000009,0.9204967600000002
1.2150000000000007,0.9207704700000005
1.2160000000000006,0.9214057900000007
1.2170000000000007,0.9224099500000009
1.2180000000000009,0.9237741035846426
1.2190000000000007,0.925264540000001
1.2200000000000006,0.9268155100000008
1.2210000000000008,0.9282181900000013
1.2220000000000009,0.9295930900000011
1.2230000000000008,0.930782380000001
1.2240000000000006,0.9318795200000005
1.2250000000000008,0.9327866400000006
1.2260000000000009,0.9335499400000005
1.2270000000000008,0.9340169400000001
1.2280000000000006,0.9341889000000002
1.2290000000000008,0.9343209299999999
1.2300000000000009,0.9342142899999997
1.2310000000000008,0.9338367598170179
1.2320000000000007,0.9332349299999995
1.2330000000000008,0.9324076199999992
1.2340000000000009,0.9314716499999992
1.2350000000000008,0.9306118499999995
1.2360000000000007,0.9297405769783016
1.2370000000000008,0.9288103599999994
1.2380000000000009,0.927960399999999
1.2390000000000008,0.9269444899999993
1.2400000000000007,0.9260099499999994
1.2410000000000008,0.925128428152184
1.2420000000000009,0.9243488299999993
1.2430000000000008,0.9235458999999995
1.2440000000000007,0.9229291699999996
1.2450000000000008,0.9224636599999997
1.2460000000000009,0.9219607602899706
1.2470000000000008,0.9216572
1.2480000000000007,0.9214423899999998
1.2490000000000008,0.9212476599999999
1.2500000000000009,0.9211292899999999
1.2510000000000008,0.9209442699999998
1.2520000000000007,0.9206482799999998
1.2530000000000008,0.9203758799999998
1.254000000000001,0.9201619872862711
1.2550000000000008,0.9198348499999996
1.2560000000000007,0.9194953999999997
1.2570000000000008,0.9191901699999997
1.258000000000001,0.9187650699999996
1.2590000000000008,0.9184053789021095
1.2600000000000007,0.9180943999999998
1.2610000000000008,0.9177809399999998
1.262000000000001,0.9174746899999998
1.2630000000000008,0.9171855999999997
1.2640000000000007,0.9169213464253574
1.2650000000000008,0.9165862799999998
1.266000000000001,0.9163111999999997
1.2670000000000008,0.9160897699999998
1.2680000000000007,0.9158248299999998
1.2690000000000008,0.9155474577372261
1.270000000000001,0.9152278299999996
1.2710000000000008,0.9148346799999997
1.2720000000000007,0.9144647699999998
1.2730000000000008,0.9140729299999997
1.274000000000001,0.9137220399999997
1.2750000000000008,0.9133983899999994
1.2760000000000007,0.9127761699999996
1.2770000000000008,0.9121848899999997
1.278000000000001,0.9116510699999993
1.2790000000000008,0.9109045299999996
1.2800000000000007,0.9102644299999997
1.2810000000000008,0.9098260999999995
1.282000000000001,0.9091670249825009
1.2830000000000008,0.9083168499999995
1.2840000000000007,0.9076302599999996
1.2850000000000008,0.9069155499999993
1.286000000000001,0.9062203199999995
1.2870000000000008,0.9057709853194678
1.2880000000000007,0.9054241799999998
1.2890000000000008,0.9051450499999998
1.290000000000001,0.9048834999999996
1.2910000000000008,0.9045508499999997
1.2920000000000007,0.9041340216828314
1.2930000000000008,0.9036779399999998
1.294000000000001,0.9033028499999997
1.2950000000000008,0.9029015299999996
1.2960000000000007,0.9025289999999999
1.2970000000000008,0.9022667662233774
1.298000000000001,0.9020544299999999
1.2990000000000008,0.90198076
1.3000000000000007,0.90195227
1.3010000000000008,0.90193367
1.302000000000001,0.90196943
1.3030000000000008,0.90199393
1.3040000000000007,0.90204525
1.3050000000000008,0.9021237040895912
1.306000000000001,0.9022646000000001
1.3070000000000008,0.90231764
1.3080000000000007,0.90236872
1.3090000000000008,0.90230632
1.310000000000001,0.9022347871752824
1.3110000000000008,0.9022065399999999
1.3120000000000007,0.9020754099999998
1.3130000000000008,0.9018571399999997
1.314000000000001,0.9015808099999996
1.3150000000000008,0.901125355545445
1.3160000000000007,0.9005965599999995
1.3170000000000008,0.9001532799999996
1.318000000000001,0.8997480899999998
1.3190000000000008,0.8994576899999998
1.3200000000000007,0.8992439713718626
1.3210000000000008,0.8990458799999999
1.322000000000001,0.8989826399999999
1.3230000000000008,0.8989135000000001
1.3240000000000007,0.8990855800000003
1.3250000000000008,0.8995019800000004
1.326000000000001,0.8998962000000006
1.3270000000000008,0.9004818200000003
1.3280000000000007,0.9009109485671436
1.3290000000000008,0.9012966200000003
1.330000000000001,0.9016953100000004
1.3310000000000008,0.9020845900000003
1.3320000000000007,0.9024041300000003
1.3330000000000009,0.9027419885411461
1.334000000000001,0.9029273999999999
1.3350000000000009,0.90294522
1.3360000000000007,0.9029552299999999
1.3370000000000009,0.9028875199999999
1.338000000000001,0.9027875799940005
1.3390000000000009,0.9026292599999998
1.3400000000000007,0.9023945899999999
1.3410000000000009,0.9021587399999997
1.342000000000001,0.9019015399999998
1.3430000000000009,0.9016670234516546
1.3440000000000007,0.9014549299999999
1.3450000000000009,0.9012288499999997
1.346000000000001,0.9009995499999996
1.3470000000000009,0.9006904999999997
1.3480000000000008,0.9003325699999998
1.3490000000000009,0.8999548599999996
1.350000000000001,0.8994829699999997
1.3510000000000009,0.8990672199999996
1.3520000000000008,0.8987052399999996
1.3530000000000009,0.8982816899999997
1.354000000000001,0.8977932899999996
1.3550000000000009,0.8973714099999996
1.3560000000000008,0.8969692156524344
1.3570000000000009,0.8965257399999996
1.358000000000001,0.8960909799999996
1.3590000000000009,0.8956742299999997
1.3600000000000008,0.8952561599999996
1.3610000000000009,0.8947940055454451
1.362000000000001,0.8943494599999996
1.3630000000000009,0.8939651299999997
1.3640000000000008,0.8935350199999996
1.3650000000000009,0.8931080099999996
1.366000000000001,0.892703450455954
1.3670000000000009,0.8922337299999995
1.3680000000000008,0.8917568299999996
1.3690000000000009,0.8912332099999994
1.370000000000001,0.8906546799999995
1.3710000000000009,0.8900615593120682
1.3720000000000008,0.8893129199999992
1.3730000000000009,0.8884230299999994
1.374000000000001,0.8875181699999991
1.3750000000000009,0.886484499999999
1.3760000000000008,0.8854865399999992
1.377000000000001,0.8844636099999987
1.378000000000001,0.883396739999999
1.379000000000001,0.8822254688371154
1.3800000000000008,0.8812138399999991
1.381000000000001,0.8801688599999993
1.382000000000001,0.8792852799999992
1.383000000000001,0.8785937999999993
1.3840000000000008,0.8778748387201274
1.385000000000001,0.8771620399999995
1.386000000000001,0.8766099199999995
1.387000000000001,0.8761100199999995
1.3880000000000008,0.8756334799999997
1.389000000000001,0.8752879245555442
1.390000000000001,0.8748888999999996
1.391000000000001,0.8744863899999997
1.3920000000000008,0.8741924799999997
1.393000000000001,0.8738226299999997
1.394000000000001,0.873419380324967
1.395000000000001,0.8729872699999995
1.3960000000000008,0.8725000599999997
1.397000000000001,0.8720633999999996
1.398000000000001,0.8717074399999998
1.399000000000001,0.8714393999999998
1.4000000000000008,0.8712143299999999
1.4010000000000007,0.87109119
1.402000000000001,0.8710408200000002
1.403000000000001,0.8711032300000001
1.4040000000000008,0.8712686900000001
1.4050000000000007,0.8715103300000002
1.406000000000001,0.8718512100000004
1.407000000000001,0.8722584757844221
1.4080000000000008,0.8728163200000003
1.4090000000000007,0.8732701500000003
1.410000000000001,0.8737979500000005
1.411000000000001,0.8742290700000004
1.4120000000000008,0.8746375071292872
1.4130000000000007,0.8749088
1.414000000000001,0.8751488300000001
1.415000000000001,0.8752163599999999
1.4160000000000008,0.8750808799999997
1.4170000000000007,0.8748529827897209
1.418000000000001,0.8744955099999996
1.419000000000001,0.8740096099999995
1.4200000000000008,0.8734598199999994
1.4210000000000007,0.8728232999999995
1.422000000000001,0.8721094213878605
1.423000000000001,0.8713818799999994
1.4240000000000008,0.8705765599999995
1.4250000000000007,0.8697622999999995
1.426000000000001,0.8690698099999993
1.427000000000001,0.8683780399999993
1.4280000000000008,0.8678079799999997
1.4290000000000007,0.8673227999999997
1.430000000000001,0.8667537068143181
1.431000000000001,0.8662218499999995
1.4320000000000008,0.8656974999999996
1.4330000000000007,0.8652132199999997
1.434000000000001,0.8646417299999996
1.435000000000001,0.8640916834586535
1.4360000000000008,0.8634262699999994
1.4370000000000007,0.8626697099999993
1.438000000000001,0.8618473399999992
1.439000000000001,0.8609510099999991
1.4400000000000008,0.8600014249585034
1.4410000000000007,0.8589028099999991
1.442000000000001,0.8579228499999989
1.443000000000001,0.8569029599999992
1.4440000000000008,0.8559898099999993
1.4450000000000007,0.8551970292780715
1.446000000000001,0.8543776899999992
1.447000000000001,0.8536317899999991
1.4480000000000008,0.8528243899999994
1.4490000000000007,0.8520243799999995
1.450000000000001,0.8511627299999989
1.451000000000001,0.8502112599999989
1.4520000000000008,0.849206389999999
1.4530000000000007,0.8481216375192472
1.454000000000001,0.8468968299999986
1.455000000000001,0.8455746199999988
1.4560000000000008,0.8441475599999987
1.4570000000000007,0.8425965899999985
1.458000000000001,0.8409994902869694
1.459000000000001,0.8393023599999984
1.4600000000000009,0.8374713699999983
1.4610000000000007,0.835459409999998
1.462000000000001,0.8332559499999974
1.463000000000001,0.8309068649085066
1.4640000000000009,0.8284549099999979
1.4650000000000007,0.8260203599999985
1.466000000000001,0.8236496399999974
1.467000000000001,0.8213312599999975
1.4680000000000009,0.8190017929467034
1.4690000000000007,0.8165760599999984
1.470000000000001,0.8141306599999971
1.471000000000001,0.8115523499999971
1.4720000000000009,0.8089364199999974
1.4730000000000008,0.8061004899999981
1.474000000000001,0.8031967899999964
1.475000000000001,0.799995899999997
1.4760000000000009,0.7965891399999968
1.4770000000000008,0.7929192199999966
1.478000000000001,0.7890634499999962
1.479000000000001,0.7848697299999959
1.4800000000000009,0.7803015699999958
1.4810000000000008,0.775604275473449
1.482000000000001,0.7705590099999945
1.483000000000001,0.7655121699999954
1.4840000000000009,0.7602629099999955
1.4850000000000008,0.7550975099999965
1.486000000000001,0.7497055835776363
1.487000000000001,0.7446413599999946
1.4880000000000009,0.7397151599999968
1.4890000000000008,0.7349182999999971
1.490000000000001,0.7304540899999951
1.491000000000001,0.7261039150174937
1.4920000000000009,0.7216659199999961
1.4930000000000008,0.717288969999997
1.494000000000001,0.7127754099999949
1.495000000000001,0.7082003999999958
1.4960000000000009,0.703582091830813
1.4970000000000008,0.6987554999999956
1.498000000000001,0.6938328099999955
1.499000000000001,0.6887733899999954
1.5000000000000009,0.6834910499999954
1.5010000000000008,0.6783177299999954
1.5020000000000011,0.6731958399999933
1.503000000000001,0.6681896999999959
1.504000000000001,0.66355990586041
1.5050000000000008,0.6593185099999967
1.5060000000000011,0.6556463199999967
1.507000000000001,0.6526591199999976
1.508000000000001,0.6504610199999987
1.5090000000000008,0.649120054038596
1.5100000000000011,0.6487604400000003
1.511000000000001,0.6490631700000011
1.512000000000001,0.6500592800000018
1.5130000000000008,0.6516686100000012
1.5140000000000011,0.6535668901719848
1.515000000000001,0.6557243500000023
1.516000000000001,0.6578578400000022
1.5170000000000008,0.6603121800000018
1.5180000000000011,0.6623718100000023
1.519000000000001,0.6644748097000323
1.520000000000001,0.6660887000000013
1.5210000000000008,0.6675691000000008
1.5220000000000011,0.6684374800000007
1.523000000000001,0.6689167599999999
1.524000000000001,0.6688286099999995
1.5250000000000008,0.668223199999999
1.5260000000000011,0.667059599999998
1.527000000000001,0.6652684199999976
1.528000000000001,0.6631696199999975
1.5290000000000008,0.6603192699999982
1.5300000000000011,0.6576222199999966
1.531000000000001,0.6544737199999969
1.532000000000001,0.6517158890460928
1.5330000000000008,0.6489063499999984
1.5340000000000011,0.6465285999999977
1.535000000000001,0.644400949999998
1.536000000000001,0.6425759199999987
1.5370000000000008,0.6412007037456244
1.5380000000000011,0.6398381599999988
1.539000000000001,0.638769749999999
1.540000000000001,0.6376599099999989
1.5410000000000008,0.6364323499999988
1.5420000000000011,0.6350067525597426
1.543000000000001,0.6331971299999982
1.544000000000001,0.6311762899999979
1.5450000000000008,0.6287921699999977
1.5460000000000012,0.6261056099999968
1.547000000000001,0.6232476757934176
1.548000000000001,0.6202646499999973
1.5490000000000008,0.6173061699999982
1.5500000000000012,0.6145701999999972
1.551000000000001,0.6121136499999977
1.552000000000001,0.6100839399999983
1.5530000000000008,0.6085691999999993
1.5540000000000012,0.6075457299999996
1.555000000000001,0.6071023305959404
1.556000000000001,0.6071082900000004
1.5570000000000008,0.6075839400000007
1.5580000000000012,0.6083781700000012
1.559000000000001,0.6093771500000009
1.560000000000001,0.6104293317528258
1.5610000000000008,0.6114468600000009
1.5620000000000012,0.6124619800000012
1.563000000000001,0.6133898500000008
1.564000000000001,0.6142754600000008
1.5650000000000008,0.6151227652694737
1.5660000000000012,0.6159201900000011
1.567000000000001,0.616724370000001
1.568000000000001,0.6176440700000009
1.5690000000000008,0.6185867200000009
1.5700000000000012,0.6195857700949917
1.571000000000001,0.6207190800000012
1.572000000000001,0.6218414300000014
1.5730000000000008,0.6230838300000009
1.5740000000000012,0.6244435900000016
1.575000000000001,0.6258037100000017
1.576000000000001,0.6272849400000017
1.5770000000000008,0.6287933600000013
1.5780000000000012,0.6302786203909627
1.579000000000001,0.6317825300000015
1.580000000000001,0.6331890800000011
1.5810000000000008,0.6344948400000011
1.5820000000000012,0.6356882500000014
1.583000000000001,0.6367825098750137
1.584000000000001,0.6377812600000007
1.5850000000000009,0.6385762700000006
1.5860000000000012,0.6393079800000008
1.587000000000001,0.6399071200000005
1.588000000000001,0.6403442162903714
1.5890000000000009,0.6408117400000004
1.5900000000000012,0.6413162900000007
1.591000000000001,0.6418664500000006
1.592000000000001,0.6424408600000007
1.5930000000000009,0.6430727768083196
1.5940000000000012,0.6437404800000007
1.595000000000001,0.6444283700000007
1.596000000000001,0.6450846200000007
1.5970000000000009,0.6457119000000006
1.5980000000000012,0.6463229100000004
1.599000000000001,0.6467433600000004
1.600000000000001,0.6471012200000003
1.6010000000000009,0.64733529
1.6020000000000012,0.6473121
1.603000000000001,0.6472228199999998
1.604000000000001,0.6469209799999995
1.6050000000000009,0.6463838199999994
1.6060000000000012,0.6456627969843004
1.607000000000001,0.6446326399999988
1.608000000000001,0.6434887099999989
1.6090000000000009,0.6422206799999988
1.6100000000000012,0.6408131099999983
1.611000000000001,0.6392936322897691
1.612000000000001,0.6377165299999982
1.6130000000000009,0.636114779999999
1.6140000000000012,0.6345650599999986
1.615000000000001,0.6332753299999987
1.616000000000001,0.6320903285001487
1.6170000000000009,0.6311272999999994
1.6180000000000012,0.6303390299999992
1.619000000000001,0.6295943899999993
1.620000000000001,0.6289855199999994
1.6210000000000009,0.6284198765643431
1.6220000000000012,0.6279197299999993
1.623000000000001,0.6274512999999996
1.624000000000001,0.6269057399999994
1.6250000000000009,0.6262826899999994
1.6260000000000012,0.6255497299999988
1.6270000000000011,0.6246575099999987
1.628000000000001,0.623637969999999
1.629000000000001,0.6225001769283061
1.6300000000000012,0.6212694599999983
1.6310000000000011,0.6199306799999984
1.632000000000001,0.6185561399999985
1.633000000000001,0.6171614499999987
1.6340000000000012,0.6156912224767508
1.6350000000000011,0.6143159899999986
1.636000000000001,0.6130008099999985
1.637000000000001,0.6117320699999986
1.6380000000000012,0.6105585699999988
1.6390000000000011,0.6094351923377651
1.640000000000001,0.6084108899999989
1.641000000000001,0.6074154399999993
1.6420000000000012,0.606541159999999
1.6430000000000011,0.6057792299999992
1.644000000000001,0.6050294749755016
1.645000000000001,0.6044659599999995
1.6460000000000012,0.6039414999999994
1.6470000000000011,0.6034126899999994
1.648000000000001,0.6030039199999997
1.649000000000001,0.6026403899999998
1.6500000000000012,0.6023949999999998
1.6510000000000011,0.6022376999999999
1.652000000000001,0.6021741600000001
1.653000000000001,0.6022939700000002
1.6540000000000012,0.6024835700000004
1.6550000000000011,0.6028349400000007
1.656000000000001,0.603476110000001
1.657000000000001,0.6043532992080802
1.6580000000000013,0.6054453800000015
1.6590000000000011,0.6067636600000016
1.660000000000001,0.6081310500000014
1.661000000000001,0.6094561800000011
1.6620000000000013,0.6106758519738038
1.6630000000000011,0.6116955900000008
1.664000000000001,0.6125374400000003
1.665000000000001,0.61295629
1.6660000000000013,0.6129206399999996
1.6670000000000011,0.6126232397400256
1.668000000000001,0.6120070199999991
1.669000000000001,0.611059129999999
1.6700000000000013,0.6099391599999984
1.6710000000000012,0.6087033699999985
1.672000000000001,0.6073641939176068
1.673000000000001,0.6059848099999989
1.6740000000000013,0.6047171999999987
1.6750000000000012,0.6035804199999988
1.676000000000001,0.6024432799999989
1.677000000000001,0.601457949999999
1.6780000000000013,0.6005549999999988
1.6790000000000012,0.5994751999999988
1.680000000000001,0.5983638205339455
1.681000000000001,0.5971691599999986
1.6820000000000013,0.595729109999998
1.6830000000000012,0.5942130099999983
1.684000000000001,0.5926487399999986
1.685000000000001,0.5910790391860801
1.6860000000000013,0.5896708999999982
1.6870000000000012,0.5883015999999982
1.688000000000001,0.5869787299999989
1.689000000000001,0.585765419999999
1.6900000000000013,0.5846442521167868
1.6910000000000012,0.5836943999999991
1.692000000000001,0.5829042799999994
1.693000000000001,0.5822914199999997
1.6940000000000013,0.5818883799999998
1.6950000000000012,0.5817344353944603
1.696000000000001,0.5819194300000007
1.697000000000001,0.5825550000000013
1.6980000000000013,0.5836133400000015
1.6990000000000012,0.585058510000002
1.700000000000001,0.5868350900000022
1.701000000000001,0.5888552700000025
1.7020000000000013,0.5910247600000029
1.7030000000000012,0.5932303556104416
1.704000000000001,0.5954864600000024
1.705000000000001,0.5975583800000015
1.7060000000000013,0.5993373400000023
1.7070000000000012,0.601014080000002
1.708000000000001,0.6024904945845431
1.709000000000001,0.603736340000001
1.7100000000000013,0.6048811700000014
1.7110000000000012,0.6059563800000012
1.712000000000001,0.6068443700000008
1.713000000000001,0.6075348809489058
1.7140000000000013,0.6081463100000004
1.7150000000000012,0.6085096000000002
1.716000000000001,0.6087331800000003
1.717000000000001,0.6090089700000002
1.7180000000000013,0.6092049304039598
1.7190000000000012,0.6093915700000002
1.720000000000001,0.6096180100000004
1.721000000000001,0.6098929000000003
1.7220000000000013,0.6102173300000003
1.7230000000000012,0.6104539600000002
1.724000000000001,0.6106178200000001
1.725000000000001,0.61071271
1.7260000000000013,0.6107492399999999
1.7270000000000012,0.6106633499999998
1.728000000000001,0.6105062399999998
1.729000000000001,0.6102927299999996
1.7300000000000013,0.6099197299999995
1.7310000000000012,0.6095570539076088
1.732000000000001,0.6091961299999994
1.733000000000001,0.6086935999999994
1.7340000000000013,0.6080615499999993
1.7350000000000012,0.6075289799999993
1.736000000000001,0.6068921225657429
1.737000000000001,0.6064177799999997
1.7380000000000013,0.6060779699999995
1.7390000000000012,0.6056860099999997
1.740000000000001,0.6053850699999995
1.741000000000001,0.60499010949605
1.7420000000000013,0.6045474999999995
1.7430000000000012,0.6041142299999994
1.744000000000001,0.6036436599999995
1.745000000000001,0.6031688999999996
1.7460000000000013,0.602703256564343
1.7470000000000012,0.6021897199999994
1.748000000000001,0.6016739599999995
1.749000000000001,0.6012082699999994
1.7500000000000013,0.6006445299999994
1.7510000000000012,0.6002032799999996
1.7520000000000011,0.5998472599999993
1.753000000000001,0.5993530199999997
1.7540000000000013,0.5990106178522143
1.7550000000000012,0.5986891399999995
1.7560000000000011,0.5983554099999999
1.757000000000001,0.59826028
1.7580000000000013,0.59827298
1.7590000000000012,0.5982599843675631
1.7600000000000011,0.5982036599999999
1.761000000000001,0.59812707
1.7620000000000013,0.5980787899999999
1.7630000000000012,0.59801447
1.7640000000000011,0.5979899224547545
1.765000000000001,0.5981026900000002
1.7660000000000013,0.5981890600000003
1.7670000000000012,0.5983493300000005
1.7680000000000011,0.5986517100000002
1.769000000000001,0.5988779473762625
1.7700000000000014,0.5991536400000005
1.7710000000000012,0.5994496900000005
1.7720000000000011,0.5998107200000006
1.773000000000001,0.6002231800000004
1.7740000000000014,0.6006996000000008
1.7750000000000012,0.6012586400000007
1.7760000000000011,0.6018118900000008
1.777000000000001,0.6024847600000005
1.7780000000000014,0.6030091000000006
1.7790000000000012,0.6034768200000006
1.7800000000000011,0.6039413200000004
1.781000000000001,0.6042992500000004
1.7820000000000014,0.604686959645036
1.7830000000000013,0.6050834100000004
1.7840000000000011,0.6054818600000005
1.785000000000001,0.6058942100000003
1.7860000000000014,0.6062349700000005
1.7870000000000013,0.6065631226007403
1.7880000000000011,0.6068891300000003
1.789000000000001,0.6071429800000002
1.7900000000000014,0.6074522700000005
1.7910000000000013,0.6077916600000004
1.7920000000000011,0.6081187972862717
1.793000000000001,0.6083961100000004
1.7940000000000014,0.6087307900000007
1.7950000000000013,0.6093099700000005
1.7960000000000012,0.6097635600000004
1.797000000000001,0.6101375426017401
1.7980000000000014,0.6105024800000001
1.7990000000000013,0.6106249100000003
1.8000000000000012,0.6109035000000002
1.801000000000001,0.6111196300000002
1.8020000000000014,0.6113401100000002
1.8030000000000013,0.61147606
1.8040000000000012,0.61145866
1.805000000000001,0.6114896466453354
1.8060000000000014,0.6114561
1.8070000000000013,0.6114957300000001
1.8080000000000012,0.6115952100000001
1.809000000000001,0.6117162100000001
1.8100000000000014,0.6118859260073995
1.8110000000000013,0.6120460000000002
1.8120000000000012,0.6121843500000004
1.813000000000001,0.6124174600000002
1.8140000000000014,0.6127291300000003
1.8150000000000013,0.6129944034726531
1.8160000000000012,0.6133465800000003
1.817000000000001,0.6135720600000001
1.8180000000000014,0.6136793500000002
1.8190000000000013,0.6138660300000002
1.8200000000000012,0.6140267639266075
1.821000000000001,0.6142475000000004
1.8220000000000014,0.6145799800000002
1.8230000000000013,0.6146962
1.8240000000000012,0.61476207
1.825000000000001,0.6147359599999997
1.8260000000000014,0.6145086900000001
1.8270000000000013,0.61458004
1.8280000000000012,0.6145947166933308
1.829000000000001,0.61476165
1.8300000000000014,0.6147417999999997
1.8310000000000013,0.6145273399999998
1.8320000000000012,0.6143218900000001
1.833000000000001,0.6144199302259773
1.8340000000000014,0.61432219
1.8350000000000013,0.61434025
1.8360000000000012,0.61438036
1.837000000000001,0.6144108800000001
1.8380000000000014,0.6145466464233579
1.8390000000000013,0.6144393100000001
1.8400000000000012,0.6145368200000001
1.841000000000001,0.6146645499999995
1.8420000000000014,0.6143059699999996
1.8430000000000013,0.6140616744295567
1.8440000000000012,0.61425436
1.845000000000001,0.6142957199999997
1.8460000000000014,0.6139939999999998
1.8470000000000013,0.61394668
1.8480000000000012,0.6139093599999997
1.849000000000001,0.61374658
1.8500000000000014,0.6137324600000001
1.8510000000000013,0.61380857
1.8520000000000012,0.6138365299999997
1.853000000000001,0.6136009099999999
1.8540000000000014,0.6134903400000002
1.8550000000000013,0.6136295200000002
1.8560000000000012,0.6137406240945905
1.857000000000001,0.6137815700000001
1.8580000000000014,0.6138454099999998
1.8590000000000013,0.6136851899999997
1.8600000000000012,0.6134439099999999
1.861000000000001,0.6133214550104986
1.8620000000000014,0.61307156
1.8630000000000013,0.6130650000000005
1.8640000000000012,0.6135167500000004
1.865000000000001,0.6137828800000004
1.8660000000000014,0.6141044778402165
1.8670000000000013,0.6145035599999997
1.8680000000000012,0.6143692099999998
1.869000000000001,0.6141446799999999
1.8700000000000014,0.6139977599999994
1.8710000000000013,0.6135840213738621
1.8720000000000012,0.6132276699999998
1.873000000000001,0.6130500999999998
1.8740000000000014,0.6128380900000001
1.8750000000000013,0.6129282099999996
1.8760000000000012,0.6127133399999991
1.8770000000000011,0.612070439999999
1.8780000000000014,0.6113398099999992
1.8790000000000013,0.6106346849075084
1.8800000000000012,0.6100837599999999
1.8810000000000011,0.6100354799999997
1.8820000000000014,0.6098273999999992
1.8830000000000013,0.6093472199999987
1.8840000000000012,0.6084426430346956
1.8850000000000011,0.6076729899999992
1.8860000000000015,0.6069725799999989
1.8870000000000013,0.6062421799999991
1.8880000000000012,0.6056773699999993
1.8890000000000011,0.6050881689201073
1.8900000000000015,0.6043077699999992
1.8910000000000013,0.6037895699999996
1.8920000000000012,0.6034799199999994
1.8930000000000011,0.6030521999999994
1.8940000000000015,0.6024722479951996
1.8950000000000014,0.6016370099999989
1.8960000000000012,0.600837349999999
1.8970000000000011,0.6001021299999989
1.8980000000000015,0.5992702799999988
1.8990000000000014,0.5983278199999988
1.9000000000000012,0.597478449999999
1.9010000000000011,0.5966888699999988
1.9020000000000015,0.5955954799999985
1.9030000000000014,0.594671429999999
1.9040000000000012,0.5939087299999989
1.9050000000000011,0.5929472399999987
1.9060000000000015,0.5917538999999983
1.9070000000000014,0.5906131425317453
1.9080000000000013,0.5895384599999987
1.9090000000000011,0.5883233499999986
1.9100000000000015,0.5870284999999978
1.9110000000000014,0.5856784599999982
1.9120000000000013,0.5843647410808902
1.9130000000000011,0.5828755499999985
1.9140000000000015,0.5814695999999986
1.9150000000000014,0.5803572499999983
1.9160000000000013,0.5790384399999979
1.9170000000000011,0.577470696774321
1.9180000000000015,0.5758885099999976
1.9190000000000014,0.5741159299999977
1.9200000000000013,0.5723437099999978
1.9210000000000012,0.5707554799999981
1.9220000000000015,0.5690382617218253
1.9230000000000014,0.5672864299999976
1.9240000000000013,0.5654613999999977
1.9250000000000012,0.5633345199999973
1.9260000000000015,0.5609835399999964
1.9270000000000014,0.5586912599999966
1.9280000000000013,0.5564675899999977
1.9290000000000012,0.554330169999998
1.9300000000000015,0.5525094787061267
1.9310000000000014,0.5505965399999971
1.9320000000000013,0.5484669199999973
1.9330000000000012,0.5464256999999978
1.9340000000000015,0.5444513599999973
1.9350000000000014,0.5423730555544419
1.9360000000000013,0.5405285999999977
1.9370000000000012,0.5387842699999972
1.9380000000000015,0.5367277899999974
1.9390000000000014,0.5347449199999974
1.9400000000000013,0.5328153529567018
1.9410000000000012,0.5307285799999973
1.9420000000000015,0.528724609999997
1.9430000000000014,0.5267630199999974
1.9440000000000013,0.5248858299999978
1.9450000000000012,0.5232018084021577
1.9460000000000015,0.5214897999999973
1.9470000000000014,0.5197948199999975
1.9480000000000013,0.5181925299999981
1.9490000000000012,0.516510669999998
1.9500000000000015,0.514717879999997
1.9510000000000014,0.5128199499999969
1.9520000000000013,0.5107886799999973
1.9530000000000012,0.5087505649724999
1.9540000000000015,0.5064002899999965
1.9550000000000014,0.5042042099999978
1.9560000000000013,0.5025340899999975
1.9570000000000012,0.5006380699999972
1.9580000000000015,0.49850198352664404
1.9590000000000014,0.49643724999999717
1.9600000000000013,0.494307759999997
1.9610000000000012,0.4920609599999968
1.9620000000000015,0.48966800999999655
1.9630000000000014,0.48745007179381733
1.9640000000000013,0.48512392999999643
1.9650000000000012,0.4824377899999969
1.9660000000000015,0.479706669999996
1.9670000000000014,0.4771376299999957
1.9680000000000013,0.47439072469052745
1.9690000000000012,0.47139414999999657
1.9700000000000015,0.46831121999999475
1.9710000000000014,0.46496611999999476
1.9720000000000013,0.46162199999999565
1.9730000000000012,0.45833634999999634
1.9740000000000015,0.4550306499999946
1.9750000000000014,0.451573879999995
1.9760000000000013,0.44783409999999463
1.9770000000000012,0.4438333499999941
1.9780000000000015,0.43939044999999394
1.9790000000000014,0.434842439999994
1.9800000000000013,0.43035301999999354
1.9810000000000012,0.42553220640935335
1.9820000000000015,0.42059629999999176
1.9830000000000014,0.4152941399999919
1.9840000000000013,0.4092093399999919
1.9850000000000012,0.4031164099999931
1.9860000000000015,0.3969152343495546
1.9870000000000014,0.3904587299999901
1.9880000000000013,0.38409733999999307
1.9890000000000012,0.37782677999999337
1.9900000000000015,0.3718814799999905
1.9910000000000014,0.36575957219077176
1.9920000000000013,0.3602985699999935
1.9930000000000012,0.35542150999999517
1.9940000000000015,0.351086709999994
1.9950000000000014,0.3471899899999959
1.9960000000000013,0.34409031996699935
1.9970000000000012,0.34180396999999774
1.9980000000000016,0.34009453999999884
1.9990000000000014,0.3392087199999997
2.0000000000000013,0.33895069000000044
2.0010000000000012,0.3392998012927425
2.0020000000000016,0.34021272870725994
2.0030000000000014,0.341579880000003
2.0040000000000013,0.3438311487052617
2.0050000000000012,0.34621820129474357
2.0060000000000016,0.3488981400000049
2.0070000000000014,0.3516580500000057
2.0080000000000013,0.35488673422115924
2.0090000000000012,0.35782894577884733
2.0100000000000016,0.36073911000000475
2.0110000000000015,0.3634265266966643
2.0120000000000013,0.3656934933033427
2.0130000000000012,0.367691040000002
2.0140000000000016,0.3691852612287565
2.0150000000000015,0.37059754877124784
2.0160000000000013,0.3719126900000014
2.0170000000000012,0.3729554700000014
2.0180000000000016,0.37398740030294114
2.0190000000000015,0.3750904296970622
2.0200000000000014,0.37615705000000105
2.0210000000000012,0.37693528022095696
2.0220000000000016,0.3779374897790457
2.0230000000000015,0.3789071700000017
2.0240000000000014,0.38013796307438735
2.0250000000000012,0.38206870692561695
2.0260000000000016,0.3837881100000035
2.0270000000000015,0.3857421000000032
2.0280000000000014,0.3875521089991028
2.0290000000000012,0.38896579000000164
2.0300000000000016,0.3901986800000019
2.0310000000000015,0.39126029857228695
2.0320000000000014,0.39214602142771576
2.0330000000000013,0.3927486800000003
2.0340000000000016,0.3929480704739054
2.0350000000000015,0.39305280952609495
2.0360000000000014,0.39312123999999965
2.0370000000000013,0.3928813142001594
2.0380000000000016,0.39242331579983936
2.0390000000000015,0.3917329899999988
2.0400000000000014,0.3908199399999983
2.0410000000000013,0.3895705844131152
2.0420000000000016,0.38771471558687987
2.0430000000000015,0.38594394999999715
2.0440000000000014,0.3838397846860604
2.0450000000000013,0.3817866453139351
2.0460000000000016,0.37973179999999684
2.0470000000000015,0.3779715435202937
2.0480000000000014,0.37660674647970205
2.0490000000000013,0.37526013999999874
2.0500000000000016,0.37429153999999965
2.0510000000000015,0.3741021989341063
2.0520000000000014,0.37394655000000016
2.0530000000000013,0.3740665900000001
2.0540000000000016,0.37414050541991617
2.0550000000000015,0.374194704580084
2.0560000000000014,0.3741726900000001
2.0570000000000013,0.37426476527694447
2.0580000000000016,0.37411753472305515
2.0590000000000015,0.37361454999999927
2.0600000000000014,0.37306605002899323
2.0610000000000013,0.3722663399710046
2.0620000000000016,0.3712955399999983
2.0630000000000015,0.37035971999999884
2.0640000000000014,0.3695022767276534
2.0650000000000013,0.36856955327234414
2.0660000000000016,0.3673394299999982
2.0670000000000015,0.3663025900209945
2.0680000000000014,0.365502799979003
2.0690000000000013,0.364636029999999
2.0700000000000016,0.36387093954009087
2.0710000000000015,0.363166340459907
2.0720000000000014,0.36222514999999894
2.0730000000000013,0.36143862999999915
2.0740000000000016,0.36080412279771945
2.0750000000000015,0.36033209999999954
2.0760000000000014,0.3600186399999998
2.0770000000000013,0.3598450839032195
2.0780000000000016,0.3599841160967809
2.0790000000000015,0.3602553900000003
2.0800000000000014,0.36046942521995645
2.0810000000000013,0.3607216247800444
2.0820000000000016,0.3610217900000006
2.0830000000000015,0.3613679683933218
2.0840000000000014,0.3616519016066791
2.0850000000000013,0.36190474000000045
2.0860000000000016,0.3622395700000005
2.0870000000000015,0.3625127106248755
2.0880000000000014,0.3628189593751254
2.0890000000000013,0.36306179000000066
2.0900000000000016,0.363543449930015
2.0910000000000015,0.36414275006998686
2.0920000000000014,0.3648805600000016
2.0930000000000013,0.36604568720756
2.0940000000000016,0.3673177627924434
2.0950000000000015,0.36884314000000207
2.0960000000000014,0.37036487000000173
2.0970000000000013,0.37165627575342614
2.0980000000000016,0.3729138100000017
2.0990000000000015,0.37414515000000137
2.1000000000000014,0.37516940391221903
2.1010000000000013,0.37610852608778383
2.1020000000000016,0.3772968400000016
2.1030000000000015,0.3781783099410129
2.1040000000000014,0.37887772005898923
2.1050000000000013,0.37919932999999995
2.1060000000000016,0.37915649720655814
2.1070000000000015,0.3788285627934408
2.1080000000000014,0.3779003299999986
2.1090000000000013,0.37684294999999784
2.1100000000000017,0.3752306838212336
2.1110000000000015,0.37386889617876223
2.1120000000000014,0.3719223999999983
2.1130000000000013,0.37063873399620045
2.1140000000000017,0.37037869600379886
2.1150000000000015,0.37033749000000127
2.1160000000000014,0.3713141232853466
2.1170000000000013,0.3735469767146604
2.1180000000000017,0.3764224100000054
2.1190000000000015,0.3804950400000056
2.1200000000000014,0.3846909334363209
2.1210000000000013,0.38972529656369476
2.1220000000000017,0.39452410000000865
2.1230000000000016,0.3993943002379595
2.1240000000000014,0.4037966797620542
2.1250000000000013,0.40803516000000484
2.1260000000000017,0.4116673557508538
2.1270000000000016,0.41412486424915385
2.1280000000000014,0.4163924200000024
2.1290000000000013,0.4181892520925831
2.1300000000000017,0.4196101779074206
2.1310000000000016,0.42088857000000185
2.1320000000000014,0.4219337400000013
2.1330000000000013,0.4226671607758453
2.1340000000000017,0.4230749192241558
2.1350000000000016,0.4233403200000002
2.1360000000000015,0.423475080228954
2.1370000000000013,0.4233773697710456
2.1380000000000017,0.4232957099999988
2.1390000000000016,0.42263447118376163
2.1400000000000015,0.42164630881623527
2.1410000000000013,0.4201750499999968
2.1420000000000017,0.41775980999999546
2.1430000000000016,0.4152126492531444
2.1440000000000015,0.412105180746846
2.1450000000000014,0.4090778499999957
2.1460000000000017,0.40584495501099305
2.1470000000000016,0.4028950649889978
2.1480000000000015,0.3997591699999967
2.1490000000000014,0.39730758056888427
2.1500000000000017,0.39561326943111125
2.1510000000000016,0.3943172699999997
2.1520000000000015,0.39416620000000013
2.1530000000000014,0.39422234438556153
2.1540000000000017,0.39502424000000125
2.1550000000000016,0.39569941000000036
2.1560000000000015,0.39592825049290226
2.1570000000000014,0.3964331795070994
2.1580000000000017,0.3963858799999985
2.1590000000000016,0.39554282099579924
2.1600000000000015,0.39455277900419766
2.1610000000000014,0.39322712999999804
2.1620000000000017,0.39176897083183043
2.1630000000000016,0.3897772891681634
2.1640000000000015,0.3880741899999977
2.1650000000000014,0.3863737299999981
2.1660000000000017,0.3849163312337518
2.1670000000000016,0.3840286687662454
2.1680000000000015,0.3833054599999988
2.1690000000000014,0.3824502110387918
2.1700000000000017,0.38206059896120714
2.1710000000000016,0.3824134500000006
2.1720000000000015,0.38276377919916127
2.1730000000000014,0.38345577080084087
2.1740000000000017,0.3843154300000011
2.1750000000000016,0.3849554700000014
2.1760000000000015,0.38573835171183
2.1770000000000014,0.3868009400000016
2.1780000000000017,0.3880223300000024
2.1790000000000016,0.3893628435142996
2.1800000000000015,0.3908979864857052
2.1810000000000014,0.3923936200000022
2.1820000000000017,0.3940599049170191
2.1830000000000016,0.3956090750829857
2.1840000000000015,0.3968751100000018
2.1850000000000014,0.3982410167476523
2.1860000000000017,0.39980849325235257
2.1870000000000016,0.4011547000000028
2.1880000000000015,0.40276328000000156
2.1890000000000014,0.403916769333134
2.1900000000000017,0.4044101006668676
2.1910000000000016,0.40469046999999997
2.1920000000000015,0.40465655011697593
2.1930000000000014,0.4042577198830228
2.1940000000000017,0.4036836599999984
2.1950000000000016,0.40276650034892747
2.1960000000000015,0.40106998965106727
2.1970000000000014,0.3993286799999972
2.1980000000000017,0.39723684999999637
2.1990000000000016,0.39519490124387235
2.2000000000000015,0.3932073399999976
2.2010000000000014,0.39137657999999736
2.2020000000000017,0.38941358033393064
2.2030000000000016,0.3878169196660644
2.2040000000000015,0.38675552999999874
2.2050000000000014,0.385793244738052
2.2060000000000017,0.38554062526194716
2.2070000000000016,0.3863427900000015
2.2080000000000015,0.3871909495780865
2.2090000000000014,0.38848673042191756
2.2100000000000017,0.3898371500000033
2.2110000000000016,0.39169219000000194
2.2120000000000015,0.39278368779144346
2.2130000000000014,0.39386160220855987
2.2140000000000017,0.3941126799999978
2.2150000000000016,0.3928781255598854
2.2160000000000015,0.3912337244401095
2.2170000000000014,0.38894426999999643
2.2180000000000017,0.38627804054788484
2.2190000000000016,0.38278351945210437
2.2200000000000015,0.3793246199999949
2.2210000000000014,0.37548323999999517
2.2220000000000018,0.37186720539445517
2.2230000000000016,0.36852114999999597
2.2240000000000015,0.36548426999999567
2.2250000000000014,0.36223300698059996
2.2260000000000018,0.3598028130193914
2.2270000000000016,0.35814919999999817
2.2280000000000015,0.35712371000399884
2.2290000000000014,0.3569237499960005
2.2300000000000018,0.35767323000000195
2.2310000000000016,0.35875443675365276
2.2320000000000015,0.36092197324635394
2.2330000000000014,0.36475670000000643
2.2340000000000018,0.3695741000000094
2.2350000000000017,0.3748597152799549
2.2360000000000015,0.3816125147200661
2.2370000000000014,0.3881848500000094
2.2380000000000018,0.39521542875625887
2.2390000000000017,0.40150299124376065
2.2400000000000015,0.4075231300000069
2.2410000000000014,0.4126891910118041
2.2420000000000018,0.4166993089882101
2.2430000000000017,0.41998363000000305
2.2440000000000015,0.42228064000000237
2.2450000000000014,0.4240922991871637
2.2460000000000018,0.42478417081283876
2.2470000000000017,0.42540962000000093
2.2480000000000016,0.4259532073295345
2.2490000000000014,0.4262265026704663
2.2500000000000018,0.4261684700000001
2.2510000000000017,0.42618604400819826
2.2520000000000016,0.42612612599180155
2.2530000000000014,0.42600504000000033
2.254000000000002,0.42625630026494704
2.2550000000000017,0.426258949735053
2.2560000000000016,0.4263125699999991
2.2570000000000014,0.4258241399999985
2.258000000000002,0.4249875044891
2.2590000000000017,0.42363239551089577
2.2600000000000016,0.42150455999999525
2.2610000000000015,0.4188330418156319
2.262000000000002,0.41575119818435713
2.2630000000000017,0.41211485999999103
2.2640000000000016,0.40705476253148565
2.2650000000000015,0.40208007746849883
2.266000000000002,0.39659627999999075
2.2670000000000017,0.39138888999999016
2.2680000000000016,0.3858581220405847
2.2690000000000015,0.3813785279594014
2.270000000000002,0.3779473299999952
2.2710000000000017,0.3752327608918197
2.2720000000000016,0.3740416791081766
2.2730000000000015,0.37458560000000235
2.274000000000002,0.37636027421116314
2.2750000000000017,0.37970238578884724
2.2760000000000016,0.38366252000000983
2.2770000000000015,0.38919091000000977
2.278000000000002,0.3947053085601547
2.2790000000000017,0.40100133000000954
2.2800000000000016,0.406369120000009
2.2810000000000015,0.41147127449410786
2.282000000000002,0.4156162155059068
2.2830000000000017,0.41795719000000336
2.2840000000000016,0.41985694618376573
2.2850000000000015,0.4214187838162391
2.286000000000002,0.4219958199999983
2.2870000000000017,0.4210377733523283
2.2880000000000016,0.4202712966476693
2.2890000000000015,0.4184827799999983
2.290000000000002,0.4171744599999993
2.2910000000000017,0.41677759982203544
2.2920000000000016,0.41667582017796423
2.2930000000000015,0.4169166400000008
2.294000000000002,0.4174837327654496
2.2950000000000017,0.41911138723455554
2.2960000000000016,0.4204763800000022
2.2970000000000015,0.42173835874425303
2.298000000000002,0.4229258012557512
2.2990000000000017,0.4239542800000011
2.3000000000000016,0.42458037000000043
2.3010000000000015,0.4248152765093494
2.302000000000002,0.4249651399999993
2.3030000000000017,0.42456551999999903
2.3040000000000016,0.42404329028994137
2.3050000000000015,0.4236461897100574
2.306000000000002,0.4231951499999981
2.3070000000000017,0.42211065776744516
2.3080000000000016,0.42128833223255224
2.3090000000000015,0.42112764999999963
2.310000000000002,0.4208374944791038
2.3110000000000017,0.4205822855208953
2.3120000000000016,0.42041515999999995
2.3130000000000015,0.4203856599999995
2.314000000000002,0.4200025560197957
2.3150000000000017,0.41976275398020346
2.3160000000000016,0.41920715999999775
2.3170000000000015,0.417931421676662
2.318000000000002,0.41624818832333205
2.3190000000000017,0.41447099999999587
2.3200000000000016,0.412145327034588
2.3210000000000015,0.40901567296540225
2.322000000000002,0.4055895499999922
2.3230000000000017,0.40119713999999207
2.3240000000000016,0.39672481536345633
2.3250000000000015,0.39217844999999385
2.326000000000002,0.3875521399999923
2.3270000000000017,0.3832126027754388
2.3280000000000016,0.37944035722454944
2.3290000000000015,0.37612542999999593
2.330000000000002,0.37309827426814196
2.3310000000000017,0.37094095573184943
2.3320000000000016,0.3696926799999996
2.3330000000000015,0.3694843352779453
2.334000000000002,0.3700371147220567
2.3350000000000017,0.3707082900000018
2.3360000000000016,0.37175229000000226
2.3370000000000015,0.37302208359128425
2.338000000000002,0.3745579964087212
2.3390000000000017,0.37615293000000377
2.3400000000000016,0.37827979005699114
2.3410000000000015,0.3798803599430138
2.342000000000002,0.38133559000000156
2.3430000000000017,0.3822179262227552
2.3440000000000016,0.38208015377724436
2.3450000000000015,0.3818656499999996
2.346000000000002,0.3815830599999982
2.3470000000000018,0.3805919739326045
2.3480000000000016,0.37923129999999755
2.3490000000000015,0.37740587999999614
2.350000000000002,0.3744890042651407
2.3510000000000018,0.3714316557348471
2.3520000000000016,0.3679401899999943
2.3530000000000015,0.364725391559682
2.354000000000002,0.3609409884403046
2.3550000000000018,0.3582057399999956
2.3560000000000016,0.3557435759408107
2.3570000000000015,0.35500298405918707
2.358000000000002,0.35644323000000405
2.3590000000000018,0.35873449000000773
2.3600000000000017,0.3630929393221435
2.3610000000000015,0.36798616067787177
2.362000000000002,0.3740736200000098
2.3630000000000018,0.37961681713658263
2.3640000000000017,0.3857881828634365
2.3650000000000015,0.39089203000000416
2.366000000000002,0.3940267854519157
2.3670000000000018,0.3969813045480961
2.3680000000000017,0.39901349000000275
2.3690000000000015,0.40104294000000307
2.370000000000002,0.4033297366716695
2.3710000000000018,0.4051964533283379
2.3720000000000017,0.40637675000000273
2.3730000000000016,0.4079117867906449
2.374000000000002,0.40977969320936175
2.3750000000000018,0.41123271000000294
2.3760000000000017,0.4129042351379749
2.3770000000000016,0.4144556148620299
2.378000000000002,0.41477394000000134
2.379000000000002,0.4155272552109606
2.3800000000000017,0.4172793647890448
2.3810000000000016,0.4187126800000024
2.382000000000002,0.42006826000000314
2.383000000000002,0.42147021107978616
2.3840000000000017,0.4227810089202179
2.3850000000000016,0.4238286600000015
2.386000000000002,0.4246583860127992
2.387000000000002,0.4255185139872042
2.3880000000000017,0.425786200000001
2.3890000000000016,0.42633385928514556
2.390000000000002,0.42792671071486016
2.391000000000002,0.4289708700000014
2.3920000000000017,0.4297544100000009
2.3930000000000016,0.4302724077614469
2.394000000000002,0.42975002223855124
2.395000000000002,0.4293641100000002
2.3960000000000017,0.42946784562087514
2.3970000000000016,0.4290240543791235
2.398000000000002,0.4279483599999985
2.399000000000002,0.42708108670165784
2.4000000000000017,0.42594810329833865
2.4010000000000016,0.4248060299999986
2.4020000000000015,0.4240190699999988
2.403000000000002,0.42333633827317135
2.4040000000000017,0.4227524399999984
2.4050000000000016,0.42183547999999826
2.406000000000002,0.4208599254799021
2.407000000000002,0.41991472452009415
2.4080000000000017,0.41840078999999736
2.4090000000000016,0.416900665282942
2.4100000000000015,0.4160534947170553
2.411000000000002,0.4147487299999968
2.4120000000000017,0.4129426176764613
2.4130000000000016,0.4108193823235321
2.414000000000002,0.4077691399999958
2.415000000000002,0.4054232199999968
2.4160000000000017,0.40363188344330786
2.4170000000000016,0.40146631655668535
2.4180000000000015,0.40006461999999654
2.419000000000002,0.3974729964417076
2.4200000000000017,0.39493741355828454
2.4210000000000016,0.39286916999999705
2.422000000000002,0.39120878492701183
2.423000000000002,0.3898580550729828
2.4240000000000017,0.387926609999996
2.4250000000000016,0.3856795699999962
2.4260000000000015,0.38352698525847095
2.427000000000002,0.38243224999999675
2.4280000000000017,0.3806176199999947
2.4290000000000016,0.3776388822105542
2.430000000000002,0.3753609877894377
2.431000000000002,0.37390654999999823
2.4320000000000017,0.3729167070975791
2.4330000000000016,0.3720876829024182
2.4340000000000015,0.3714437799999975
2.435000000000002,0.36954985188162
2.4360000000000017,0.3672686681183719
2.4370000000000016,0.36679166999999874
2.438000000000002,0.3660847199999976
2.439000000000002,0.364734541778643
2.4400000000000017,0.3639523282213542
2.4410000000000016,0.3629350999999987
2.4420000000000015,0.36222613342831345
2.443000000000002,0.3616604165716846
2.4440000000000017,0.3594324299999946
2.4450000000000016,0.356380801856624
2.446000000000002,0.35349936814336574
2.447000000000002,0.3495149899999942
2.4480000000000017,0.3462271099999924
2.4490000000000016,0.34193849584840896
2.4500000000000015,0.33809697999999655
2.451000000000002,0.33552363999999657
2.4520000000000017,0.33359207994901
2.4530000000000016,0.33349157005098967
2.454000000000002,0.333560470000001
2.455000000000002,0.3341281586962617
2.4560000000000017,0.3346151213037402
2.4570000000000016,0.3336325600000002
2.4580000000000015,0.3337210797770486
2.459000000000002,0.3362188502229603
2.4600000000000017,0.33740172000000224
2.4610000000000016,0.3386655200000017
2.462000000000002,0.33962259623674845
2.463000000000002,0.3375849637632434
2.4640000000000017,0.33596053999999986
2.4650000000000016,0.3359065736552682
2.4660000000000015,0.3354431263447304
2.467000000000002,0.3333991499999974
2.4680000000000017,0.3319579384703049
2.4690000000000016,0.3313426415296931
2.470000000000002,0.33040959000000103
2.471000000000002,0.3309964500000005
2.4720000000000018,0.3312892900519914
2.4730000000000016,0.32918980999999875
2.4740000000000015,0.32821900000000137
2.475000000000002,0.3292757447240543
2.4760000000000018,0.32882298527594395
2.4770000000000016,0.32864143999999695
2.478000000000002,0.3269305221155714
2.479000000000002,0.32425167788441794
2.4800000000000018,0.3243167700000014
2.4810000000000016,0.3251277225534894
2.4820000000000015,0.32515325744651075
2.483000000000002,0.3240643999999962
2.4840000000000018,0.3219075499999982
2.4850000000000017,0.32091557858628034
2.486000000000002,0.31940144141371435
2.487000000000002,0.3173457700000005
2.4880000000000018,0.31761165435412764
2.4890000000000017,0.31665519564586936
2.4900000000000015,0.3149596800000011
2.491000000000002,0.3157334482543489
2.4920000000000018,0.31561599174565064
2.4930000000000017,0.31062161999999294
2.494000000000002,0.3053431499999982
2.495000000000002,0.30432619581383324
2.4960000000000018,0.302384334186159
2.4970000000000017,0.3007711200000045
2.4980000000000016,0.303296301798635
2.499000000000002,0.3000142882013534
2.5000000000000018,0.30001375
2.5010000000000017,0.30001375
2.502000000000002,0.30001375
2.503000000000002,0.30001375
2.504000000000002,0.30001375
2.5050000000000017,0.30001375
2.5060000000000016,0.30001375
2.507000000000002,0.30001375
2.508000000000002,0.30001375
2.5090000000000017,0.30001375
2.510000000000002,0.30001375
2.511000000000002,0.30001375
2.512000000000002,0.30001375
2.5130000000000017,0.30001375
2.5140000000000016,0.30001375
2.515000000000002,0.30001375
2.516000000000002,0.30001375
2.5170000000000017,0.30001375
2.518000000000002,0.30001375
2.519000000000002,0.30001375
2.520000000000002,0.30001375
2.5210000000000017,0.30001375
2.5220000000000016,0.30001375
2.523000000000002,0.30001375
2.524000000000002,0.30001375
2.5250000000000017,0.30001375
2.526000000000002,0.30001375
2.527000000000002,0.30001375
2.528000000000002,0.30001375
2.5290000000000017,0.30001375
2.5300000000000016,0.30001375
2.531000000000002,0.30001375
2.532000000000002,0.30001375
2.5330000000000017,0.30001375
2.534000000000002,0.30001375
2.535000000000002,0.30001375
2.536000000000002,0.30001375
2.5370000000000017,0.30001375
2.5380000000000016,0.30001375
2.539000000000002,0.30001375
2.540000000000002,0.30001375
2.5410000000000017,0.30001375
2.542000000000002,0.30001375
2.543000000000002,0.30001375
2.544000000000002,0.30001375
2.5450000000000017,0.30001375
2.5460000000000016,0.30001375
2.547000000000002,0.30001375
2.548000000000002,0.30001375
2.5490000000000017,0.30001375
2.550000000000002,0.30001375
2.551000000000002,0.30001375
2.552000000000002,0.30001375
2.5530000000000017,0.30001375
2.5540000000000016,0.30001375
2.555000000000002,0.30001375
2.556000000000002,0.30001375
2.5570000000000017,0.30001375
2.558000000000002,0.30001375
2.559000000000002,0.30001375
2.560000000000002,0.30001375
2.5610000000000017,0.30001375
2.5620000000000016,0.30001375
2.563000000000002,0.30001375
2.564000000000002,0.30001375
2.5650000000000017,0.30001375
2.566000000000002,0.30001375
2.567000000000002,0.30001375
2.568000000000002,0.30001375
2.5690000000000017,0.30001375
2.5700000000000016,0.30001375
2.571000000000002,0.30001375
2.572000000000002,0.30001375
2.5730000000000017,0.30001375
2.574000000000002,0.30001375
2.575000000000002,0.30001375
2.576000000000002,0.30001375
2.5770000000000017,0.30001375
2.5780000000000016,0.30001375
2.579000000000002,0.30001375
2.580000000000002,0.30001375
2.5810000000000017,0.30001375
2.582000000000002,0.30001375
2.583000000000002,0.30001375
2.584000000000002,0.30001375
2.5850000000000017,0.30001375
2.5860000000000016,0.30001375
2.587000000000002,0.30001375
2.588000000000002,0.30001375
2.5890000000000017,0.30001375
2.590000000000002,0.30001375
2.591000000000002,0.30001375
2.592000000000002,0.30001375
2.5930000000000017,0.30001375
2.5940000000000016,0.30001375
2.595000000000002,0.30001375
2.596000000000002,0.30001375
2.5970000000000018,0.30001375
2.598000000000002,0.30001375
2.599000000000002,0.30001375
