wave,r
0.4,0.4592688252304954
0.401,0.4611440165906682
0.402,0.4628030834093318
0.403,0.46443883000000014
0.404,0.46619127247557524
0.405,0.46801165
0.406,0.4694987334245316
0.40700000000000003,0.47084118657546853
0.40800000000000003,0.4722755766802665
0.40900000000000003,0.4739436033197336
0.41000000000000003,0.4754942100000001
0.41100000000000003,0.47711493379276204
0.41200000000000003,0.47873875
0.41300000000000003,0.4801103929009711
0.41400000000000003,0.48140049000000007
0.41500000000000004,0.48280508560568797
0.41600000000000004,0.48436565439431223
0.41700000000000004,0.48586962
0.41800000000000004,0.4872342463537365
0.41900000000000004,0.4886008800000001
0.42000000000000004,0.4901051340650594
0.42100000000000004,0.49151164
0.42200000000000004,0.49290300362062767
0.42300000000000004,0.4942650663793725
0.42400000000000004,0.49552492377382457
0.42500000000000004,0.4969023062261756
0.42600000000000005,0.49831116000000003
0.42700000000000005,0.4996598225933741
0.42800000000000005,0.5009191600000001
0.42900000000000005,0.5022639132928342
0.43000000000000005,0.503593196707166
0.43100000000000005,0.5047884725655487
0.43200000000000005,0.5060450274344513
0.43300000000000005,0.5073660600000001
0.43400000000000005,0.5086700416925831
0.43500000000000005,0.5098393000000001
0.43600000000000005,0.5110957725769485
0.43700000000000006,0.5123534674230517
0.43800000000000006,0.5135553624439512
0.43900000000000006,0.5147997575560489
0.44000000000000006,0.5159651600000001
0.44100000000000006,0.5171194584570156
0.44200000000000006,0.5183486900000001
0.44300000000000006,0.5195135012840744
0.44400000000000006,0.5206419087159257
0.44500000000000006,0.5217663114814703
0.44600000000000006,0.5229144585185297
0.44700000000000006,0.5240023700000002
0.44800000000000006,0.5250889591341087
0.44900000000000007,0.5262258600000002
0.45000000000000007,0.5274082511869763
0.45100000000000007,0.5285269488130238
0.45200000000000007,0.5295950307357854
0.45300000000000007,0.5306686092642148
0.45400000000000007,0.5317406700000001
0.45500000000000007,0.5328429189775103
0.45600000000000007,0.5339628500000001
0.4570000000000001,0.5350433707656924
0.4580000000000001,0.5361199400000001
0.4590000000000001,0.5372091010039799
0.4600000000000001,0.5383094989960202
0.4610000000000001,0.5393829900000001
0.4620000000000001,0.5404561092688074
0.4630000000000001,0.5415276300000001
0.4640000000000001,0.5425972413080871
0.4650000000000001,0.5437280500000001
0.4660000000000001,0.5448500608495831
0.4670000000000001,0.5459350191504171
0.4680000000000001,0.547019970956281
0.4690000000000001,0.5481155990437192
0.4700000000000001,0.5492134700000001
0.4710000000000001,0.5503028708824912
0.4720000000000001,0.5513911200000001
0.4730000000000001,0.5524900110212796
0.4740000000000001,0.5535921389787204
0.4750000000000001,0.5546814909181818
0.4760000000000001,0.5557733090818185
0.4770000000000001,0.5568535300000002
0.4780000000000001,0.557941921717583
0.4790000000000001,0.5591136800000001
0.4800000000000001,0.5602129805682888
0.4810000000000001,0.5612698094317116
0.4820000000000001,0.5623568414503711
0.4830000000000001,0.5635018785496291
0.4840000000000001,0.5646164400000001
0.4850000000000001,0.5656936692277078
0.4860000000000001,0.5667832500000001
0.4870000000000001,0.5679134810820785
0.4880000000000001,0.5690216889179217
0.4890000000000001,0.5700982315004701
0.4900000000000001,0.5712482784995301
0.4910000000000001,0.5723583700000001
0.4920000000000001,0.5734650989327108
0.4930000000000001,0.5746254900000001
0.4940000000000001,0.5757501810487896
0.4950000000000001,0.5768550600000001
0.4960000000000001,0.5779478107875844
0.4970000000000001,0.5790265692124158
0.4980000000000001,0.5801413700000001
0.4990000000000001,0.5812576288374117
0.5000000000000001,0.5823578800000001
0.5010000000000001,0.5835125512268247
0.5020000000000001,0.5846352331504426
0.5030000000000001,0.5857402478997051
0.5040000000000001,0.5868716686857869
0.5050000000000001,0.5879941600000002
0.5060000000000001,0.5891371026926655
0.5070000000000001,0.590271735961002
0.5080000000000001,0.5912997494397946
0.5090000000000001,0.5923818300000001
0.5100000000000001,0.593483100781408
0.5110000000000001,0.5945612427262911
0.5120000000000001,0.5956975572737091
0.5130000000000001,0.596771289262693
0.5140000000000001,0.5978100300000001
0.5150000000000001,0.5989129009449191
0.5160000000000001,0.6000073925156744
0.5170000000000001,0.601091248322884
0.5180000000000001,0.6021715891965921
0.5190000000000001,0.6032571908070082
0.5200000000000001,0.604337891664117
0.5210000000000001,0.605421097503825
0.5220000000000001,0.6065083591273828
0.5230000000000001,0.6075537200000001
0.5240000000000001,0.6085842905424056
0.5250000000000001,0.6096385323377066
0.5260000000000001,0.6107554176622937
0.5270000000000001,0.6118318292358925
0.5280000000000001,0.6128726000000001
0.5290000000000001,0.6139142721588217
0.5300000000000001,0.6150222130808461
0.5310000000000001,0.6161249079461029
0.5320000000000001,0.6172100191488916
0.5330000000000001,0.6182868606991072
0.5340000000000001,0.6193567714637269
0.5350000000000001,0.62042995780441
0.5360000000000001,0.6215148491510832
0.5370000000000001,0.6226149800000002
0.5380000000000001,0.6237518310843219
0.5390000000000001,0.6248602612515376
0.5400000000000001,0.6259019791656419
0.5410000000000001,0.6269733792859931
0.5420000000000001,0.6280715500000001
0.5430000000000001,0.6291812920394981
0.5440000000000002,0.6302832669407533
0.5450000000000002,0.6313944877755779
0.5460000000000002,0.6325279500000001
0.5470000000000002,0.6336717709924101
0.5480000000000002,0.6347710117905285
0.5490000000000002,0.6358605382094717
0.5500000000000002,0.63696210898429
0.5510000000000002,0.6380890000000001
0.5520000000000002,0.6392335414210286
0.5530000000000002,0.6403756434258289
0.5540000000000002,0.6414898377161143
0.5550000000000002,0.6425559993383935
0.5560000000000002,0.6436614511313116
0.5570000000000002,0.644774581903505
0.5580000000000002,0.6458697571447429
0.5590000000000002,0.646995407486975
0.5600000000000002,0.6480906000000001
0.5610000000000002,0.6491550306318065
0.5620000000000002,0.6502182120433185
0.5630000000000002,0.6513203779566819
0.5640000000000002,0.6523859993437936
0.5650000000000002,0.6533742500000003
0.5660000000000002,0.6543008894407947
0.5670000000000002,0.6552729298140095
0.5680000000000002,0.656266730123994
0.5690000000000002,0.6572328703386036
0.5700000000000002,0.6581687395046952
0.5710000000000002,0.6591192094278288
0.5720000000000002,0.6600906008582573
0.5730000000000002,0.6610655702503052
0.5740000000000002,0.6620778400000003
0.5750000000000002,0.663123440585306
0.5760000000000002,0.6641819705639777
0.5770000000000002,0.6652101694360228
0.5780000000000002,0.6662450896507968
0.5790000000000002,0.6672876500000002
0.5800000000000002,0.6683280705398056
0.5810000000000002,0.6693550617093147
0.5820000000000002,0.6704120388604572
0.5830000000000002,0.6715133200000002
0.5840000000000002,0.6726395010478107
0.5850000000000002,0.6737442819775014
0.5860000000000002,0.6748431570337485
0.5870000000000002,0.6759458689728797
0.5880000000000002,0.6770063600000003
0.5890000000000002,0.6780535705228107
0.5900000000000002,0.6791058520059998
0.5910000000000002,0.6801727186626672
0.5920000000000002,0.6812113996131963
0.5930000000000002,0.6822973614704149
0.5940000000000002,0.6834444024424781
0.5950000000000002,0.6845665263362835
0.5960000000000002,0.6856609981105813
0.5970000000000002,0.6867499400000002
0.5980000000000002,0.6878544210097103
0.5990000000000002,0.6889553917429305
0.6000000000000002,0.69004253825707
0.6010000000000002,0.6911371290540907
0.6020000000000002,0.6922778500000002
0.6030000000000002,0.6934093312804258
0.6040000000000002,0.6945373738086097
0.6050000000000002,0.6956643274609272
0.6060000000000002,0.6967738789044893
0.6070000000000002,0.6978640109238095
0.6080000000000002,0.6989563923196842
0.6090000000000002,0.7000723765204742
0.6100000000000002,0.7011903988197766
0.6110000000000002,0.7022651400000002
0.6120000000000002,0.7033126509268095
0.6130000000000002,0.704405331153954
0.6140000000000002,0.7054630288460464
0.6150000000000002,0.7064996296339965
0.6160000000000002,0.7075461700000002
0.6170000000000002,0.7086265920432206
0.6180000000000002,0.7097287533685318
0.6190000000000002,0.7108410377543126
0.6200000000000002,0.7119475000000003
0.6210000000000002,0.7130140807211076
0.6220000000000002,0.7140861917749114
0.6230000000000002,0.7151749373376333
0.6240000000000002,0.7162360393889879
0.6250000000000002,0.7173135300000002
0.6260000000000002,0.7183776002546054
0.6270000000000002,0.7194030610583474
0.6280000000000002,0.7204383392944356
0.6290000000000002,0.721500269380694
0.6300000000000002,0.7225804900000002
0.6310000000000002,0.7236539311359435
0.6320000000000002,0.7247107282960854
0.6330000000000002,0.7257629989545898
0.6340000000000002,0.7268109300000002
0.6350000000000002,0.7278269599272995
0.6360000000000002,0.728819689679413
0.6370000000000002,0.7298036603205874
0.6380000000000002,0.7308006200304006
0.6390000000000002,0.7318116400000002
0.6400000000000002,0.7328264201509034
0.6410000000000002,0.7338415106758666
0.6420000000000002,0.7348640395494228
0.6430000000000002,0.735906769572696
0.6440000000000002,0.7369624505131054
0.6450000000000002,0.7380137600357984
0.6460000000000002,0.739015549946303
0.6470000000000002,0.7400004801507033
0.6480000000000002,0.7409780000000002
0.6490000000000002,0.7419637506968072
0.6500000000000002,0.7430334309669615
0.6510000000000002,0.744081779033039
0.6520000000000002,0.7450512003058033
0.6530000000000002,0.7459518900000002
0.6540000000000002,0.7468381685205854
0.6550000000000002,0.7477641997318136
0.6560000000000002,0.7487552601787913
0.6570000000000003,0.7497755197973982
0.6580000000000003,0.7507631295993963
0.6590000000000003,0.7517230693550324
0.6600000000000003,0.7526908209674519
0.6610000000000003,0.7536334905733116
0.6620000000000003,0.7545721500000002
0.6630000000000003,0.7555114091637836
0.6640000000000003,0.7564277880545975
0.6650000000000003,0.7573629412969354
0.6660000000000003,0.7583185904435047
0.6670000000000003,0.7592808000000003
0.6680000000000003,0.7602300776815162
0.6690000000000003,0.7611141534777264
0.6700000000000003,0.7619531032210325
0.6710000000000003,0.7628113000000004
0.6720000000000003,0.7636545386647869
0.6730000000000003,0.7645210180558779
0.6740000000000003,0.7654238119441225
0.6750000000000003,0.7663242109960102
0.6760000000000003,0.7671853900000003
0.6770000000000003,0.7680596793354869
0.6780000000000003,0.7689932266257689
0.6790000000000003,0.7698807522494877
0.6800000000000003,0.7707237515700159
0.6810000000000003,0.7715618089342897
0.6820000000000003,0.772455237627719
0.6830000000000003,0.7733366235584223
0.6840000000000003,0.7741742532474327
0.6850000000000003,0.7749670700000002
0.6860000000000003,0.7757539278445786
0.6870000000000003,0.7765383862727494
0.6880000000000003,0.7773520237272511
0.6890000000000003,0.7782131313889141
0.6900000000000003,0.7790525600000002
0.6910000000000003,0.7798571156415567
0.6920000000000003,0.780639193765112
0.6930000000000003,0.7814313641565923
0.6940000000000003,0.7821930523831241
0.6950000000000003,0.7829416474631749
0.6960000000000003,0.7836879645534726
0.6970000000000003,0.7844156381697917
0.6980000000000003,0.7851309728466571
0.6990000000000003,0.7858549400000001
0.7000000000000003,0.786604237584676
0.7010000000000003,0.7873627055479784
0.7020000000000003,0.7881401044520222
0.7030000000000003,0.7889257621434216
0.7040000000000003,0.7896889400000001
0.7050000000000003,0.7904105948011482
0.7060000000000003,0.7911506531570424
0.7070000000000003,0.7919225545619721
0.7080000000000003,0.7926143400000002
0.7090000000000003,0.7933022468575688
0.7100000000000003,0.7939880033317336
0.7110000000000003,0.7946545900024001
0.7120000000000003,0.7953159133867679
0.7130000000000003,0.7960177100000002
0.7140000000000003,0.7967415567032343
0.7150000000000003,0.7974118787940604
0.7160000000000003,0.7980383474706266
0.7170000000000003,0.7986283840996411
0.7180000000000003,0.799206506297863
0.7190000000000003,0.7998362921109946
0.7200000000000003,0.8004418418335084
0.7210000000000003,0.8010293682494827
0.7220000000000003,0.8016307400000002
0.7230000000000003,0.8022403760511607
0.7240000000000003,0.8028454918155276
0.7250000000000003,0.8034362681844728
0.7260000000000003,0.804009794264743
0.7270000000000003,0.8045819400000003
0.7280000000000003,0.8051521256744136
0.7290000000000003,0.8057195672281386
0.7300000000000003,0.8062938385145745
0.7310000000000003,0.8068232447059472
0.7320000000000003,0.8072984844608447
0.7330000000000003,0.8077445702240889
0.7340000000000003,0.808255774663867
0.7350000000000003,0.8087608149495992
0.7360000000000003,0.8092472000000002
0.7370000000000003,0.8097490149269494
0.7380000000000003,0.8102417089450423
0.7390000000000003,0.8106889610549579
0.7400000000000003,0.8110935059545596
0.7410000000000003,0.8115228400000001
0.7420000000000003,0.8119721488620887
0.7430000000000003,0.8124152525504726
0.7440000000000003,0.8128336016330184
0.7450000000000003,0.8132746200000001
0.7460000000000003,0.8136811337413375
0.7470000000000003,0.8140552675552223
0.7480000000000003,0.8144330286671668
0.7490000000000003,0.8148014463158264
0.7500000000000003,0.8151696900000001
0.7510000000000003,0.8155385935762716
0.7520000000000003,0.8158962211879408
0.7530000000000003,0.8162691525413731
0.7540000000000003,0.8166516961745618
0.7550000000000003,0.8170433000000002
0.7560000000000003,0.8174648988745564
0.7570000000000003,0.8179086266881657
0.7580000000000003,0.8183552510675108
0.7590000000000003,0.8187859100000001
0.7600000000000003,0.8192271643464436
0.7610000000000003,0.8196618086684534
0.7620000000000003,0.8200952313315469
0.7630000000000003,0.8205498454538548
0.7640000000000003,0.8209446700000002
0.7650000000000003,0.821333894391088
0.7660000000000003,0.8217730047514626
0.7670000000000003,0.8222647201656919
0.7680000000000003,0.8227726149210494
0.7690000000000003,0.8232521442975431
0.7700000000000004,0.8236818992931355
0.7710000000000004,0.8241465560602972
0.7720000000000004,0.8246161853037063
0.7730000000000004,0.8250592900000001
0.7740000000000004,0.8254532239679399
0.7750000000000004,0.8258500175170994
0.7760000000000004,0.8262258724829008
0.7770000000000004,0.8265969762889631
0.7780000000000004,0.8270480000000001
0.7790000000000004,0.8274851482088822
0.7800000000000004,0.8278955917441129
0.7810000000000004,0.8282870621705917
0.7820000000000004,0.8286647762228624
0.7830000000000004,0.8290270037157373
0.7840000000000004,0.8293985781439929
0.7850000000000004,0.829805777784011
0.7860000000000004,0.8302194458633174
0.7870000000000004,0.8306096200000002
0.7880000000000004,0.8309750036501732
0.7890000000000004,0.8313400215329235
0.7900000000000004,0.8317244523113846
0.7910000000000004,0.8320843564009641
0.7920000000000004,0.8324044900000002
0.7930000000000004,0.8327353665550724
0.7940000000000004,0.8330631201673917
0.7950000000000004,0.833398753287333
0.7960000000000004,0.8337473300000001
0.7970000000000004,0.8340658532253323
0.7980000000000004,0.834388386479941
0.7990000000000004,0.8347123835200593
0.8000000000000004,0.8350191069327694
0.8010000000000004,0.8353081900000001
0.8020000000000004,0.8356275632490652
0.8030000000000004,0.8359524672935355
0.8040000000000004,0.8361955851376431
0.8050000000000004,0.8364605873499735
0.8060000000000004,0.8367580829009291
0.8070000000000004,0.8370481737096146
0.8080000000000004,0.8372336544355783
0.8090000000000004,0.8374447757775578
0.8100000000000004,0.8377007800000001
0.8110000000000004,0.8379792025487255
0.8120000000000004,0.838234075054198
0.8130000000000004,0.8384867849458023
0.8140000000000004,0.8387384374834749
0.8150000000000004,0.8389794800000001
0.8160000000000004,0.8392097948412485
0.8170000000000004,0.8394518577780112
0.8180000000000004,0.8397111248146594
0.8190000000000004,0.8399745773654738
0.8200000000000004,0.8401898114776148
0.8210000000000004,0.8403375721564922
0.8220000000000004,0.8404453967652618
0.8230000000000004,0.8405978684752695
0.8240000000000004,0.8408201900000001
0.8250000000000004,0.8410674322459225
0.8260000000000004,0.8412920242068318
0.8270000000000004,0.8415023657931684
0.8280000000000004,0.8416764082595827
0.8290000000000004,0.8418470600000001
0.8300000000000004,0.8420438829576296
0.8310000000000004,0.8421917647382631
0.8320000000000004,0.8423497068411581
0.8330000000000004,0.8425381800000001
0.8340000000000004,0.8427417917071172
0.8350000000000004,0.8429125024626769
0.8360000000000004,0.8430356363059848
0.8370000000000004,0.8431474588817777
0.8380000000000004,0.8433306800000001
0.8390000000000004,0.8435347719270386
0.8400000000000004,0.843727475083546
0.8410000000000004,0.8438969266109695
0.8420000000000004,0.8440643483257834
0.8430000000000004,0.8442087812409125
0.8440000000000004,0.8443328725068747
0.8450000000000004,0.8444582162396881
0.8460000000000004,0.8446425763127633
0.8470000000000004,0.8448274100000001
0.8480000000000004,0.845000331691017
0.8490000000000004,0.8451694335306589
0.8500000000000004,0.8453459664693413
0.8510000000000004,0.845566687792778
0.8520000000000004,0.8457856800000001
0.8530000000000004,0.8459251513840278
0.8540000000000004,0.8460635546365682
0.8550000000000004,0.8462181069089546
0.8560000000000004,0.8463694484865849
0.8570000000000004,0.8464716706509066
0.8580000000000004,0.8465367614851258
0.8590000000000004,0.8466110177723114
0.8600000000000004,0.8467021590885818
0.8610000000000004,0.84675837
0.8620000000000004,0.8467931204833048
0.8630000000000004,0.846841451399544
0.8640000000000004,0.846911428600456
0.8650000000000004,0.846941169702597
0.8660000000000004,0.84698278
0.8670000000000004,0.8470283703160031
0.8680000000000004,0.8470441678437077
0.8690000000000004,0.8469722914375281
0.8700000000000004,0.84689283
0.8710000000000004,0.8468434198676987
0.8720000000000004,0.8468301896840158
0.8730000000000004,0.8468143904739763
0.8740000000000004,0.8468034901090021
0.8750000000000004,0.8467577699999999
0.8760000000000004,0.8466284884865696
0.8770000000000004,0.846477145360132
0.8780000000000004,0.8463224830932452
0.8790000000000004,0.8461548716761167
0.8800000000000004,0.8459451199999999
0.8810000000000004,0.845699185279636
0.8820000000000005,0.8454631670805459
0.8830000000000005,0.8452456043512434
0.8840000000000005,0.8450063499999999
0.8850000000000005,0.84475153702147
0.8860000000000005,0.84445368324707
0.8870000000000005,0.8441160367529298
0.8880000000000005,0.8437923232371323
0.8890000000000005,0.8434901799999998
0.8900000000000005,0.8431109752965057
0.8910000000000005,0.8426406292089395
0.8920000000000005,0.8422809271940401
0.8930000000000005,0.8419197236120359
0.8940000000000005,0.8415163155003548
0.8950000000000005,0.8410663509118542
0.8960000000000005,0.8406119436322181
0.8970000000000005,0.8400799053204062
0.8980000000000005,0.8395386299999997
0.8990000000000005,0.839060124820848
0.9000000000000005,0.8385422097508097
0.9010000000000005,0.8380297502491898
0.9020000000000005,0.8375355049424492
0.9030000000000005,0.8370532399999998
0.9040000000000005,0.8365697800148999
0.9050000000000005,0.8360705245690713
0.9060000000000005,0.8355561602872854
0.9070000000000005,0.8350473650879506
0.9080000000000005,0.8346167159653595
0.9090000000000005,0.8342132518488073
0.9100000000000005,0.8338056922267885
0.9110000000000005,0.8333967940889816
0.9120000000000005,0.8330631299999999
0.9130000000000005,0.8327156867264344
0.9140000000000005,0.8323883342390879
0.9150000000000005,0.8321963038406078
0.9160000000000005,0.8320205817572175
0.9170000000000005,0.8318629299999999
0.9180000000000005,0.8317162369483525
0.9190000000000005,0.8315636545774711
0.9200000000000005,0.8314524922232222
0.9210000000000005,0.83138216
0.9220000000000005,0.8313420397883978
0.9230000000000005,0.831320880150194
0.9240000000000005,0.8313283898498061
0.9250000000000005,0.8314009892739928
0.9260000000000005,0.8315229999999999
0.9270000000000005,0.8316204016069322
0.9280000000000005,0.8317810927946603
0.9290000000000005,0.8318742481368933
0.9300000000000005,0.8318866498759987
0.9310000000000005,0.8319938800781007
0.9320000000000005,0.8320016911263437
0.9330000000000005,0.8320580083104845
0.9340000000000005,0.8321917073259734
0.9350000000000005,0.83218694
0.9360000000000005,0.8322370606629066
0.9370000000000005,0.8323033506817727
0.9380000000000005,0.8323374393182272
0.9390000000000005,0.8323532898414985
0.9400000000000005,0.83233249
0.9410000000000005,0.8322849280377803
0.9420000000000005,0.8321868132428377
0.9430000000000005,0.8319615745047747
0.9440000000000005,0.8318018315974158
0.9450000000000005,0.8316387474417742
0.9460000000000005,0.8313829228275584
0.9470000000000005,0.8310243007586618
0.9480000000000005,0.8307254929880595
0.9490000000000005,0.8303433699999998
0.9500000000000005,0.8298274855647554
0.9510000000000005,0.8293839581212747
0.9520000000000005,0.8287900218787245
0.9530000000000005,0.828115886741367
0.9540000000000005,0.8274559999999996
0.9550000000000005,0.8268278032986325
0.9560000000000005,0.8259927326680662
0.9570000000000005,0.8250816682212884
0.9580000000000005,0.8241773199999994
0.9590000000000005,0.8231648096620962
0.9600000000000005,0.8221310195184236
0.9610000000000005,0.8211069407223633
0.9620000000000005,0.8200335007344142
0.9630000000000005,0.8187523499999994
0.9640000000000005,0.8174654669618385
0.9650000000000005,0.8161616492986344
0.9660000000000005,0.8148049371342425
0.9670000000000005,0.8133924141252405
0.9680000000000005,0.8120180865583649
0.9690000000000005,0.8106739225867698
0.9700000000000005,0.8093032611198433
0.9710000000000005,0.8078311994412937
0.9720000000000005,0.8063708499999991
0.9730000000000005,0.804864634786947
0.9740000000000005,0.8033433320501172
0.9750000000000005,0.8019458379498812
0.9760000000000005,0.8006032834255336
0.9770000000000005,0.7992829099999993
0.9780000000000005,0.7980293490694809
0.9790000000000005,0.7969362986842653
0.9800000000000005,0.7958924408771556
0.9810000000000005,0.7948132307921074
0.9820000000000005,0.7937875320606201
0.9830000000000005,0.7929935950983447
0.9840000000000005,0.792248512352482
0.9850000000000005,0.7915046874382483
0.9860000000000005,0.7908032499999996
0.9870000000000005,0.7902386163521633
0.9880000000000005,0.7898738306031756
0.9890000000000005,0.7894039893968239
0.9900000000000005,0.7888987150527502
0.9910000000000005,0.7886036599999999
0.9920000000000005,0.7884243099845999
0.9930000000000005,0.7884235386767662
0.9940000000000005,0.7883794308821559
0.9950000000000006,0.78811294
0.9960000000000006,0.7880367605126052
0.9970000000000006,0.7880880230040499
0.9980000000000006,0.7882382254939254
0.9990000000000006,0.7884245481367629
1.0000000000000004,0.7884953000000001
1.0010000000000006,0.7886781700000001
1.0020000000000007,0.7888611000000001
1.0030000000000006,0.7890654800000001
1.0040000000000004,0.7892859200489952
1.0050000000000006,0.7894864100000002
1.0060000000000007,0.7897471800000002
1.0070000000000006,0.7900527100000001
1.0080000000000005,0.7903665300000001
1.0090000000000006,0.7907274799430059
1.0100000000000007,0.7911269100000003
1.0110000000000006,0.7915497400000003
1.0120000000000005,0.7920016600000003
1.0130000000000006,0.7924253300000004
1.0140000000000007,0.7928624862843718
1.0150000000000006,0.7932866200000003
1.0160000000000005,0.7936677900000002
1.0170000000000006,0.7940996300000002
1.0180000000000007,0.7945724700000003
1.0190000000000006,0.7950192253244678
1.0200000000000005,0.7954610600000003
1.0210000000000006,0.7959380700000004
1.0220000000000007,0.7963944700000003
1.0230000000000006,0.7968373300000003
1.0240000000000005,0.7973172700000002
1.0250000000000006,0.7977955300000004
1.0260000000000007,0.7982820300000003
1.0270000000000006,0.7987583300000002
1.0280000000000005,0.7992112600000002
1.0290000000000006,0.7996932300000003
1.0300000000000007,0.8001654100000003
1.0310000000000006,0.8006520900000004
1.0320000000000005,0.801100592511749
1.0330000000000006,0.8015257100000002
1.0340000000000007,0.8019322800000003
1.0350000000000006,0.8023082600000002
1.0360000000000005,0.8026968200000001
1.0370000000000006,0.8030323793770625
1.0380000000000007,0.8034261500000003
1.0390000000000006,0.8038680000000001
1.0400000000000005,0.8042352200000001
1.0410000000000006,0.8045728200000002
1.0420000000000007,0.8049554417378264
1.0430000000000006,0.8053425000000003
1.0440000000000005,0.8056940400000002
1.0450000000000006,0.8060705100000003
1.0460000000000007,0.8065099100000003
1.0470000000000006,0.8069062403669636
1.0480000000000005,0.8072597400000001
1.0490000000000006,0.8076341700000003
1.0500000000000007,0.8080340600000002
1.0510000000000006,0.8084002700000003
1.0520000000000005,0.8087407400000001
1.0530000000000006,0.8090988400000002
1.0540000000000007,0.8094355500000002
1.0550000000000006,0.80974254450155
1.0560000000000005,0.8100875600000003
1.0570000000000006,0.8104648000000002
1.0580000000000007,0.8108091400000003
1.0590000000000006,0.8111689700000001
1.0600000000000005,0.8114977186611341
1.0610000000000006,0.8117843300000003
1.0620000000000007,0.8120915300000002
1.0630000000000006,0.8124051100000003
1.0640000000000005,0.8127078400000001
1.0650000000000006,0.8130107797060295
1.0660000000000007,0.8132984000000003
1.0670000000000006,0.8135998800000003
1.0680000000000005,0.8139264600000001
1.0690000000000006,0.8142331800000002
1.0700000000000007,0.8145325500629939
1.0710000000000006,0.8148172500000002
1.0720000000000005,0.8150543000000001
1.0730000000000006,0.8153350900000003
1.0740000000000007,0.8156361600000003
1.0750000000000006,0.8159269100000002
1.0760000000000005,0.8162446600000002
1.0770000000000006,0.8165298100000002
1.0780000000000007,0.816797166521348
1.0790000000000006,0.8170623800000002
1.0800000000000005,0.8173272000000001
1.0810000000000006,0.8175631200000001
1.0820000000000007,0.8177992100000001
1.0830000000000006,0.8179727936126387
1.0840000000000005,0.8181089200000001
1.0850000000000006,0.8182987600000001
1.0860000000000007,0.8185206700000002
1.0870000000000006,0.8187836400000001
1.0880000000000005,0.8190200663573644
1.0890000000000006,0.8193033300000001
1.0900000000000007,0.8195215500000002
1.0910000000000006,0.8196834300000001
1.0920000000000005,0.8198623100000001
1.0930000000000006,0.8200359126397361
1.0940000000000007,0.8202033000000002
1.0950000000000006,0.8203503500000001
1.0960000000000005,0.8205321400000001
1.0970000000000006,0.8206869400000001
1.0980000000000008,0.8208062600000001
1.0990000000000006,0.8209337600000001
1.1000000000000005,0.8210659000000001
1.1010000000000006,0.8212132500000001
1.1020000000000008,0.8213836600000001
1.1030000000000006,0.8215301
1.1040000000000005,0.82169223
1.1050000000000006,0.82181233
1.1060000000000008,0.8218954899170083
1.1070000000000007,0.8219946600000001
1.1080000000000005,0.8220914600000001
1.1090000000000007,0.8221796200000001
1.1100000000000008,0.82228929
1.1110000000000007,0.8223555756854315
1.1120000000000005,0.82241243
1.1130000000000007,0.82241684
1.1140000000000008,0.82239175
1.1150000000000007,0.82235903
1.1160000000000005,0.8223042554774522
1.1170000000000007,0.8222321299999998
1.1180000000000008,0.8221296699999999
1.1190000000000007,0.8220213099999999
1.1200000000000006,0.8218672899999999
1.1210000000000007,0.8216972570032995
1.1220000000000008,0.8214632299999999
1.1230000000000007,0.8212503199999998
1.1240000000000006,0.8208836299999998
1.1250000000000007,0.8204536399999997
1.1260000000000008,0.8199074299999994
1.1270000000000007,0.8192554099999995
1.1280000000000006,0.8184995699999994
1.1290000000000007,0.8176639976162376
1.1300000000000008,0.8167401599999992
1.1310000000000007,0.8156795499999993
1.1320000000000006,0.8145315099999995
1.1330000000000007,0.813226039999999
1.1340000000000008,0.8117858458534135
1.1350000000000007,0.8102443799999989
1.1360000000000006,0.8085913099999987
1.1370000000000007,0.8068160399999987
1.1380000000000008,0.8049278299999982
1.1390000000000007,0.8029454582371751
1.1400000000000006,0.8008446099999985
1.1410000000000007,0.7986569999999984
1.1420000000000008,0.7963537599999985
1.1430000000000007,0.7940100399999983
1.1440000000000006,0.7915879522087778
1.1450000000000007,0.7891076799999983
1.1460000000000008,0.7865636299999976
1.1470000000000007,0.7839522999999983
1.1480000000000006,0.7813404199999983
1.1490000000000007,0.7786650699999982
1.1500000000000008,0.7759893499999976
1.1510000000000007,0.7732772199999982
1.1520000000000006,0.7706177799999988
1.1530000000000007,0.7679247299999983
1.1540000000000008,0.7652955099999982
1.1550000000000007,0.7626871499999983
1.1560000000000006,0.7601661699999983
1.1570000000000007,0.7576697482611722
1.1580000000000008,0.7552523599999978
1.1590000000000007,0.7529191999999983
1.1600000000000006,0.7506434899999985
1.1610000000000007,0.7484244099999986
1.1620000000000008,0.7462607267973187
1.1630000000000007,0.7441286999999986
1.1640000000000006,0.7420574999999991
1.1650000000000007,0.7400080599999986
1.1660000000000008,0.7379923499999982
1.1670000000000007,0.7359922700079979
1.1680000000000006,0.7340369799999986
1.1690000000000007,0.7320804599999987
1.1700000000000008,0.7301396699999982
1.1710000000000007,0.7281939999999987
1.1720000000000006,0.7262622831716816
1.1730000000000007,0.7243246399999986
1.1740000000000008,0.7223824899999987
1.1750000000000007,0.7204369899999987
1.1760000000000006,0.7184673499999986
1.1770000000000007,0.7165319899999988
1.1780000000000008,0.7146158799999983
1.1790000000000007,0.7126859999999987
1.1800000000000006,0.7107733998980093
1.1810000000000007,0.7088723799999987
1.1820000000000008,0.7070015699999983
1.1830000000000007,0.7051180599999988
1.1840000000000006,0.7032979699999993
1.1850000000000007,0.7014830197500238
1.1860000000000008,0.6997805199999986
1.1870000000000007,0.698117669999999
1.1880000000000006,0.696546019999999
1.1890000000000007,0.6950510699999991
1.1900000000000008,0.6936525298540135
1.1910000000000007,0.6923339399999989
1.1920000000000006,0.6910837899999992
1.1930000000000007,0.6898970599999993
1.1940000000000008,0.6888296599999991
1.1950000000000007,0.6878463983261666
1.1960000000000006,0.6869361999999993
1.1970000000000007,0.6861508499999995
1.1980000000000008,0.6854899499999995
1.1990000000000007,0.6849110699999996
1.2000000000000006,0.6844126599999998
1.2010000000000007,0.6840294599999998
1.2020000000000008,0.6837497399999999
1.2030000000000007,0.6835740712328766
1.2040000000000006,0.6834864
1.2050000000000007,0.6835266900000001
1.2060000000000008,0.6836795200000002
1.2070000000000007,0.6839452400000002
1.2080000000000006,0.6843219895260477
1.2090000000000007,0.6848172500000005
1.2100000000000009,0.6854388700000007
1.2110000000000007,0.6861544800000008
1.2120000000000006,0.6870102300000006
1.2130000000000007,0.6879260784151593
1.2140000000000009,0.688937370000001
1.2150000000000007,0.6900165700000008
1.2160000000000006,0.6911478000000008
1.2170000000000007,0.6923520000000009
1.2180000000000009,0.693593495850416
1.2190000000000007,0.694913800000001
1.2200000000000006,0.6962186100000008
1.2210000000000008,0.6975666300000012
1.2220000000000009,0.6989147700000012
1.2230000000000008,0.7002831100000012
1.2240000000000006,0.7016347600000009
1.2250000000000008,0.7030026900000009
1.2260000000000009,0.7043538100000012
1.2270000000000008,0.7056918700000009
1.2280000000000006,0.7070145600000008
1.2290000000000008,0.7083522100000009
1.2300000000000009,0.7096492600000011
1.2310000000000008,0.7109302948475161
1.2320000000000007,0.7121787700000007
1.2330000000000008,0.713363710000001
1.2340000000000009,0.714489220000001
1.2350000000000008,0.7155604400000006
1.2360000000000007,0.7165605161093898
1.2370000000000008,0.7175216100000007
1.2380000000000009,0.7184408300000008
1.2390000000000008,0.7193033700000006
1.2400000000000007,0.7200931300000005
1.2410000000000008,0.7208732819848022
1.2420000000000009,0.7216075700000006
1.2430000000000008,0.7223233600000006
1.2440000000000007,0.7230283000000005
1.2450000000000008,0.7236796600000004
1.2460000000000009,0.7242985981061899
1.2470000000000008,0.7248758700000003
1.2480000000000007,0.7254120700000003
1.2490000000000008,0.7259036900000003
1.2500000000000009,0.7263476800000004
1.2510000000000008,0.7267582400000003
1.2520000000000007,0.7271376800000002
1.2530000000000008,0.7274767200000003
1.254000000000001,0.7278055316048399
1.2550000000000008,0.7281215800000004
1.2560000000000007,0.7284392700000002
1.2570000000000008,0.7287391400000002
1.258000000000001,0.7290600500000003
1.2590000000000008,0.7293834432556746
1.2600000000000007,0.7297160000000003
1.2610000000000008,0.7300612900000003
1.262000000000001,0.7304003800000003
1.2630000000000008,0.7307345900000003
1.2640000000000007,0.7310906843905611
1.2650000000000008,0.7314614100000003
1.266000000000001,0.7318278600000003
1.2670000000000008,0.7322148700000002
1.2680000000000007,0.7325893600000002
1.2690000000000008,0.7329609028457157
1.270000000000001,0.7333157100000003
1.2710000000000008,0.7336639800000003
1.2720000000000007,0.7340177300000003
1.2730000000000008,0.7343617100000003
1.274000000000001,0.7346994900000003
1.2750000000000008,0.7350518100000003
1.2760000000000007,0.7354241600000002
1.2770000000000008,0.7358091500000002
1.278000000000001,0.7362214300000003
1.2790000000000008,0.7366135700000003
1.2800000000000007,0.7370101200000002
1.2810000000000008,0.7374045300000003
1.282000000000001,0.7377835898720131
1.2830000000000008,0.7381823100000003
1.2840000000000007,0.7386008500000002
1.2850000000000008,0.7390071700000004
1.286000000000001,0.7394273300000004
1.2870000000000008,0.7398212389471055
1.2880000000000007,0.7402107100000003
1.2890000000000008,0.7405784700000002
1.290000000000001,0.7409229300000003
1.2910000000000008,0.7412726900000003
1.2920000000000007,0.7415937478942107
1.2930000000000008,0.7418741000000002
1.294000000000001,0.7421383900000003
1.2950000000000008,0.7423685800000002
1.2960000000000007,0.7425711800000001
1.2970000000000008,0.7427487222457756
1.298000000000001,0.7428805200000002
1.2990000000000008,0.74297792
1.3000000000000007,0.7430293
1.3010000000000008,0.74303091
1.302000000000001,0.7430131399999998
1.3030000000000008,0.7429608099999999
1.3040000000000007,0.7428681899999999
1.3050000000000008,0.7427421036936305
1.306000000000001,0.7425790399999997
1.3070000000000008,0.7423774599999998
1.3080000000000007,0.7421346299999998
1.3090000000000008,0.7418688499999998
1.310000000000001,0.7415371124587538
1.3110000000000008,0.7411616999999995
1.3120000000000007,0.7407172299999996
1.3130000000000008,0.7402237699999996
1.314000000000001,0.7396543599999994
1.3150000000000008,0.7389985355824412
1.3160000000000007,0.7382729099999993
1.3170000000000008,0.7374779599999992
1.318000000000001,0.7366265699999992
1.3190000000000008,0.7357148499999991
1.3200000000000007,0.7347384476402351
1.3210000000000008,0.733693059999999
1.322000000000001,0.7325964599999987
1.3230000000000008,0.7313938099999991
1.3240000000000007,0.7301188099999991
1.3250000000000008,0.7287698399999988
1.326000000000001,0.7273465399999983
1.3270000000000008,0.7258386599999985
1.3280000000000007,0.7242640358294159
1.3290000000000008,0.7226223299999984
1.330000000000001,0.7209079299999984
1.3310000000000008,0.7191181799999984
1.3320000000000007,0.7172744299999984
1.3330000000000009,0.7153600816258355
1.334000000000001,0.7133763399999983
1.3350000000000009,0.7113385199999981
1.3360000000000007,0.7092366199999981
1.3370000000000009,0.7071041499999982
1.338000000000001,0.7049579946155362
1.3390000000000009,0.702751989999998
1.3400000000000007,0.7005213499999986
1.3410000000000009,0.698275919999998
1.342000000000001,0.6959991499999975
1.3430000000000009,0.6936919007249256
1.3440000000000007,0.6913627999999985
1.3450000000000009,0.6890351799999979
1.346000000000001,0.6866987899999974
1.3470000000000009,0.6843550799999979
1.3480000000000008,0.6819685099999985
1.3490000000000009,0.6795642999999979
1.350000000000001,0.6771471499999978
1.3510000000000009,0.6746690899999979
1.3520000000000008,0.6722353099999978
1.3530000000000009,0.6697897299999984
1.354000000000001,0.6674096599999979
1.3550000000000009,0.6650401399999979
1.3560000000000008,0.6627211101989785
1.3570000000000009,0.6604230999999979
1.358000000000001,0.6582192199999981
1.3590000000000009,0.6560653999999981
1.3600000000000008,0.6539924099999986
1.3610000000000009,0.6520047695100472
1.362000000000001,0.650099869999998
1.3630000000000009,0.6482517699999988
1.3640000000000008,0.6464307899999988
1.3650000000000009,0.6446722699999985
1.366000000000001,0.6429564915778404
1.3670000000000009,0.6412721299999986
1.3680000000000008,0.6396289499999989
1.3690000000000009,0.6379880299999986
1.370000000000001,0.6363540899999985
1.3710000000000009,0.6347401013988587
1.3720000000000008,0.6331204799999985
1.3730000000000009,0.6314945199999988
1.374000000000001,0.6298815599999985
1.3750000000000009,0.6282415999999986
1.3760000000000008,0.6265998499999984
1.377000000000001,0.6248832899999981
1.378000000000001,0.6231557699999983
1.379000000000001,0.6213281630276954
1.3800000000000008,0.6194584399999983
1.381000000000001,0.6174417699999981
1.382000000000001,0.6153605599999975
1.383000000000001,0.613140109999998
1.3840000000000008,0.6108555715388444
1.385000000000001,0.6083709599999977
1.386000000000001,0.6057855499999969
1.387000000000001,0.6030096399999968
1.3880000000000008,0.600070299999998
1.389000000000001,0.5969377332566718
1.390000000000001,0.5936189899999961
1.391000000000001,0.5901442799999967
1.3920000000000008,0.5865173899999967
1.393000000000001,0.5827333899999965
1.394000000000001,0.5787819951394819
1.395000000000001,0.5747145399999962
1.3960000000000008,0.5705263599999961
1.397000000000001,0.566169919999995
1.398000000000001,0.5617013599999959
1.399000000000001,0.5570935599999958
1.4000000000000008,0.5523641099999956
1.4010000000000007,0.5475199799999967
1.402000000000001,0.5425348899999943
1.403000000000001,0.5374287399999953
1.4040000000000008,0.5322389599999965
1.4050000000000007,0.5268769299999964
1.406000000000001,0.5214549299999938
1.407000000000001,0.5159020287241224
1.4080000000000008,0.5103892699999962
1.4090000000000007,0.5047862499999963
1.410000000000001,0.4992156599999938
1.411000000000001,0.4936302599999951
1.4120000000000008,0.4881032827487211
1.4130000000000007,0.48253076999999633
1.414000000000001,0.4770248799999951
1.415000000000001,0.47153168999999523
1.4160000000000008,0.4661583899999952
1.4170000000000007,0.4608034754914476
1.418000000000001,0.4555798199999955
1.419000000000001,0.45043748999999556
1.4200000000000008,0.4454516199999957
1.4210000000000007,0.44061862999999685
1.422000000000001,0.435907421120883
1.423000000000001,0.43138604999999614
1.4240000000000008,0.4270227599999972
1.4250000000000007,0.4228162799999973
1.426000000000001,0.4187916799999957
1.427000000000001,0.4149272399999959
1.4280000000000008,0.41128408999999766
1.4290000000000007,0.4078225199999978
1.430000000000001,0.40447856475252175
1.431000000000001,0.40132608999999736
1.4320000000000008,0.3983538199999975
1.4330000000000007,0.39554476999999827
1.434000000000001,0.3929395099999978
1.435000000000001,0.3905014873982581
1.4360000000000008,0.3882754699999982
1.4370000000000007,0.38619082999999826
1.438000000000001,0.3842698299999984
1.439000000000001,0.38248881999999856
1.4400000000000008,0.3808862402579729
1.4410000000000007,0.37940424999999883
1.442000000000001,0.37807630999999864
1.443000000000001,0.37684690999999904
1.4440000000000008,0.37576212999999914
1.4450000000000007,0.37476376983601556
1.446000000000001,0.3738810099999991
1.447000000000001,0.3730696999999992
1.4480000000000008,0.37237843999999953
1.4490000000000007,0.37173154999999963
1.450000000000001,0.37116556999999945
1.451000000000001,0.3706424499999995
1.4520000000000008,0.3701871299999996
1.4530000000000007,0.3697697434066591
1.454000000000001,0.3694038099999996
1.455000000000001,0.36907726999999974
1.4560000000000008,0.36879100999999975
1.4570000000000007,0.3685322399999998
1.458000000000001,0.3683076005589439
1.459000000000001,0.3681131899999998
1.4600000000000009,0.3679417999999999
1.4610000000000007,0.36780723999999987
1.462000000000001,0.3677004599999999
1.463000000000001,0.3676214878972102
1.4640000000000009,0.36758167
1.4650000000000007,0.3675825300000001
1.466000000000001,0.3676244600000001
1.467000000000001,0.36770082000000015
1.4680000000000009,0.36782850723127697
1.4690000000000007,0.36800277000000015
1.470000000000001,0.36821294000000027
1.471000000000001,0.36847773000000034
1.4720000000000009,0.3687843400000003
1.4730000000000008,0.36913162000000027
1.474000000000001,0.3695319300000005
1.475000000000001,0.36998233000000047
1.4760000000000009,0.3704764500000005
1.4770000000000008,0.3710339100000005
1.478000000000001,0.3715992000000006
1.479000000000001,0.3722167900000006
1.4800000000000009,0.3728276200000006
1.4810000000000008,0.37345225357064343
1.482000000000001,0.3740879600000007
1.483000000000001,0.37472385000000064
1.4840000000000009,0.3753902000000006
1.4850000000000008,0.37607697000000045
1.486000000000001,0.3767793332976711
1.487000000000001,0.37751231000000085
1.4880000000000009,0.3782486600000005
1.4890000000000008,0.3789930600000005
1.490000000000001,0.37975213000000085
1.491000000000001,0.3805242327897218
1.4920000000000009,0.3813047400000007
1.4930000000000008,0.38210487000000054
1.494000000000001,0.3828996100000009
1.495000000000001,0.3836996000000007
1.4960000000000009,0.3845010498550152
1.4970000000000008,0.3853028400000007
1.498000000000001,0.38611123000000075
1.499000000000001,0.38691425000000074
1.5000000000000009,0.3877138200000007
1.5010000000000008,0.38851810000000064
1.5020000000000011,0.389292900000001
1.503000000000001,0.39005107000000067
1.504000000000001,0.39081193364363637
1.5050000000000008,0.39154837000000065
1.5060000000000011,0.39227846000000083
1.507000000000001,0.3930058200000008
1.508000000000001,0.39372775000000065
1.5090000000000008,0.39446713370263026
1.5100000000000011,0.39520416000000086
1.511000000000001,0.39594382000000083
1.512000000000001,0.39668894000000077
1.5130000000000008,0.39740774000000045
1.5140000000000011,0.3981087399000107
1.515000000000001,0.39878878000000073
1.516000000000001,0.39944628000000054
1.5170000000000008,0.4000874200000006
1.5180000000000011,0.4006918100000006
1.519000000000001,0.4012652626547351
1.520000000000001,0.4018127900000004
1.5210000000000008,0.4023313500000004
1.5220000000000011,0.40281039000000063
1.523000000000001,0.4032770700000004
1.524000000000001,0.40371862000000036
1.5250000000000008,0.4041465800000003
1.5260000000000011,0.40455002000000045
1.527000000000001,0.4049427200000004
1.528000000000001,0.4053258000000003
1.5290000000000008,0.4056898100000002
1.5300000000000011,0.4060412300000003
1.531000000000001,0.40636334000000035
1.532000000000001,0.4066657073142688
1.5330000000000008,0.4069388500000002
1.5340000000000011,0.40718764000000024
1.535000000000001,0.4074029600000002
1.536000000000001,0.4075942900000002
1.5370000000000008,0.407751721230877
1.5380000000000011,0.4078640300000001
1.539000000000001,0.40796885000000005
1.540000000000001,0.40803143000000003
1.5410000000000008,0.4081096900000001
1.5420000000000011,0.40817266370262983
1.543000000000001,0.4082514000000001
1.544000000000001,0.40834627000000007
1.5450000000000008,0.4084296800000001
1.5460000000000012,0.4085123800000001
1.547000000000001,0.408593471890811
1.548000000000001,0.40866795000000006
1.5490000000000008,0.40874130000000003
1.5500000000000012,0.40882352000000005
1.551000000000001,0.40888909000000007
1.552000000000001,0.40894094000000003
1.5530000000000008,0.40899119
1.5540000000000012,0.40902549000000005
1.555000000000001,0.40906912378462157
1.556000000000001,0.40910697000000007
1.5570000000000008,0.4091579900000001
1.5580000000000012,0.40921152000000005
1.559000000000001,0.40928063000000003
1.560000000000001,0.4093673590530948
1.5610000000000008,0.4094578900000001
1.5620000000000012,0.4095587700000002
1.563000000000001,0.40966633000000013
1.564000000000001,0.4097817200000001
1.5650000000000008,0.40989325884611544
1.5660000000000012,0.4100271200000002
1.567000000000001,0.4101702000000002
1.568000000000001,0.4103148300000002
1.5690000000000008,0.4104791600000002
1.5700000000000012,0.41064511340465976
1.571000000000001,0.4108257600000002
1.572000000000001,0.41102704000000023
1.5730000000000008,0.4112417700000002
1.5740000000000012,0.4114947900000003
1.575000000000001,0.4117635500000003
1.576000000000001,0.41204819000000037
1.5770000000000008,0.4123788200000003
1.5780000000000012,0.4127356487961208
1.579000000000001,0.4131236100000004
1.580000000000001,0.4135484700000004
1.5810000000000008,0.41399229000000043
1.5820000000000012,0.41447085000000067
1.583000000000001,0.414964870635937
1.584000000000001,0.4154712300000005
1.5850000000000009,0.4160171200000005
1.5860000000000012,0.4165661000000007
1.587000000000001,0.4171277600000007
1.588000000000001,0.4177196608099196
1.5890000000000009,0.41833073000000054
1.5900000000000012,0.41897559000000073
1.591000000000001,0.4196474000000008
1.592000000000001,0.4203442300000008
1.5930000000000009,0.421080066416359
1.5940000000000012,0.4218466300000009
1.595000000000001,0.42264366000000086
1.596000000000001,0.42346323000000097
1.5970000000000009,0.42432326000000076
1.5980000000000012,0.425188480000001
1.599000000000001,0.426069440000001
1.600000000000001,0.4269664600000008
1.6010000000000009,0.42788038000000084
1.6020000000000012,0.42882419000000127
1.603000000000001,0.42979005000000087
1.604000000000001,0.4307698600000009
1.6050000000000009,0.4317707700000009
1.6060000000000012,0.43279625455354587
1.607000000000001,0.43384179000000117
1.608000000000001,0.43489462000000095
1.6090000000000009,0.43598083000000093
1.6100000000000012,0.4370608900000012
1.611000000000001,0.43814419813518773
1.612000000000001,0.43922555000000124
1.6130000000000009,0.44031182000000074
1.6140000000000012,0.4414061600000012
1.615000000000001,0.4424970700000012
1.616000000000001,0.44359703000400075
1.6170000000000009,0.444709780000001
1.6180000000000012,0.4458290600000012
1.619000000000001,0.4469525200000013
1.620000000000001,0.44807830000000093
1.6210000000000009,0.4492200358264183
1.6220000000000012,0.4503493300000015
1.623000000000001,0.451477080000001
1.624000000000001,0.452589390000001
1.6250000000000009,0.453693600000001
1.6260000000000012,0.4548033200000015
1.6270000000000011,0.45590848000000145
1.628000000000001,0.457002370000001
1.629000000000001,0.4580992685561454
1.6300000000000012,0.45918483000000143
1.6310000000000011,0.46025348000000116
1.632000000000001,0.4613178700000012
1.633000000000001,0.46238294000000096
1.6340000000000012,0.46344100442255903
1.6350000000000011,0.4644852300000012
1.636000000000001,0.46552789000000117
1.637000000000001,0.46657145000000116
1.6380000000000012,0.46760440000000114
1.6390000000000011,0.4686299474452566
1.640000000000001,0.4696424600000011
1.641000000000001,0.4706567500000009
1.6420000000000012,0.47164068000000126
1.6430000000000011,0.47260699000000106
1.644000000000001,0.47354632606639435
1.645000000000001,0.47445738000000076
1.6460000000000012,0.4753599800000012
1.6470000000000011,0.4762402800000012
1.648000000000001,0.47711232000000076
1.649000000000001,0.47797498000000077
1.6500000000000012,0.4788247600000011
1.6510000000000011,0.4796568200000009
1.652000000000001,0.48048440000000087
1.653000000000001,0.4813082500000007
1.6540000000000012,0.48211381000000086
1.6550000000000011,0.4829205000000008
1.656000000000001,0.4836801300000008
1.657000000000001,0.48441927020997966
1.6580000000000013,0.4851213700000007
1.6590000000000011,0.48579103000000073
1.660000000000001,0.4864202100000007
1.661000000000001,0.4870241300000005
1.6620000000000013,0.4875688496930313
1.6630000000000011,0.4880657800000005
1.664000000000001,0.48851326000000034
1.665000000000001,0.4889160100000003
1.6660000000000013,0.4892549800000004
1.6670000000000011,0.48953930156784353
1.668000000000001,0.48976609000000015
1.669000000000001,0.48993108000000013
1.6700000000000013,0.49003986000000005
1.6710000000000012,0.4901019
1.672000000000001,0.4900724329467053
1.673000000000001,0.48998078999999983
1.6740000000000013,0.48978745999999973
1.6750000000000012,0.48951863999999956
1.676000000000001,0.48912152999999947
1.677000000000001,0.4886347399999993
1.6780000000000013,0.48800295999999915
1.6790000000000012,0.48723789999999906
1.680000000000001,0.48636936060693836
1.681000000000001,0.485375429999999
1.6820000000000013,0.48427146999999837
1.6830000000000012,0.48304545999999854
1.684000000000001,0.48172878999999874
1.685000000000001,0.48028174070192836
1.6860000000000013,0.4787887599999978
1.6870000000000012,0.4771783099999979
1.688000000000001,0.47561415999999856
1.689000000000001,0.4739880899999986
1.6900000000000013,0.4724231464943486
1.6910000000000012,0.470871299999998
1.692000000000001,0.46936785999999836
1.693000000000001,0.4678679699999988
1.6940000000000013,0.46646680999999823
1.6950000000000012,0.465142382442754
1.696000000000001,0.4639046199999987
1.697000000000001,0.46276133999999886
1.6980000000000013,0.46168925999999894
1.6990000000000012,0.46072503999999903
1.700000000000001,0.45988285999999917
1.701000000000001,0.4591406599999993
1.7020000000000013,0.4585331099999993
1.7030000000000012,0.45800985797720184
1.704000000000001,0.45758962999999964
1.705000000000001,0.4572471399999998
1.7060000000000013,0.4570252299999998
1.7070000000000012,0.4568414399999999
1.708000000000001,0.45674299263073687
1.709000000000001,0.4566693
1.7100000000000013,0.45665401
1.7110000000000012,0.45665058000000003
1.712000000000001,0.4567013100000001
1.713000000000001,0.45672884724627544
1.7140000000000013,0.4567897
1.7150000000000012,0.45679733
1.716000000000001,0.45680576999999994
1.717000000000001,0.4567363899999998
1.7180000000000013,0.45660828281071875
1.7190000000000012,0.45643585999999975
1.720000000000001,0.4561998499999997
1.721000000000001,0.4559217099999996
1.7220000000000013,0.4555935899999995
1.7230000000000012,0.45523070999999954
1.724000000000001,0.4548271899999995
1.725000000000001,0.45437034999999953
1.7260000000000013,0.4538739899999993
1.7270000000000012,0.45332642999999917
1.728000000000001,0.45271807999999947
1.729000000000001,0.45206671999999937
1.7300000000000013,0.45135223999999907
1.7310000000000012,0.4506273720977893
1.732000000000001,0.4498483499999992
1.733000000000001,0.44907581999999935
1.7340000000000013,0.44830387999999893
1.7350000000000012,0.44749739999999905
1.736000000000001,0.4466717848095181
1.737000000000001,0.445819879999999
1.7380000000000013,0.444913599999999
1.7390000000000012,0.44405042999999905
1.740000000000001,0.44317647999999904
1.741000000000001,0.4423317844695521
1.7420000000000013,0.44150936999999896
1.7430000000000012,0.44071521999999913
1.744000000000001,0.4399346699999992
1.745000000000001,0.4391910099999994
1.7460000000000013,0.43847887121387763
1.7470000000000012,0.43780704999999914
1.748000000000001,0.43716185999999946
1.749000000000001,0.4365628699999995
1.7500000000000013,0.43600621999999933
1.7510000000000012,0.4355001199999994
1.7520000000000011,0.43503900999999945
1.753000000000001,0.4346108999999997
1.7540000000000013,0.43423750450854864
1.7550000000000012,0.43388258999999957
1.7560000000000011,0.43356373999999964
1.757000000000001,0.43326442999999965
1.7580000000000013,0.43297078999999955
1.7590000000000012,0.4326518170442952
1.7600000000000011,0.4323222599999996
1.761000000000001,0.43196537999999957
1.7620000000000013,0.4315844499999994
1.7630000000000012,0.4311836999999996
1.7640000000000011,0.4307789304769519
1.765000000000001,0.43036362999999955
1.7660000000000013,0.42994409999999944
1.7670000000000012,0.42952420999999946
1.7680000000000011,0.42909764999999955
1.769000000000001,0.4286740523597636
1.7700000000000014,0.4282729899999995
1.7710000000000012,0.42789825999999953
1.7720000000000011,0.4275549699999996
1.773000000000001,0.42724287999999977
1.7740000000000014,0.4269635999999996
1.7750000000000012,0.4266999699999997
1.7760000000000011,0.42649220999999976
1.777000000000001,0.4263127999999999
1.7780000000000014,0.4262056599999999
1.7790000000000012,0.4261314600000001
1.7800000000000011,0.42617759000000016
1.781000000000001,0.4263204300000002
1.7820000000000014,0.4265312017718233
1.7830000000000013,0.4268489200000004
1.7840000000000011,0.4272161700000005
1.785000000000001,0.4276498000000005
1.7860000000000014,0.42814216000000077
1.7870000000000013,0.42872021056994375
1.7880000000000011,0.4293259100000007
1.789000000000001,0.4299977100000006
1.7900000000000014,0.43067503000000096
1.7910000000000013,0.43139249000000096
1.7920000000000011,0.43211869737926284
1.793000000000001,0.4328591800000007
1.7940000000000014,0.43361497000000104
1.7950000000000013,0.434401040000001
1.7960000000000012,0.4351676700000009
1.797000000000001,0.43596873989301155
1.7980000000000014,0.436728840000001
1.7990000000000013,0.43746829000000076
1.8000000000000012,0.4381873900000008
1.801000000000001,0.4388728700000008
1.8020000000000014,0.43958601000000114
1.8030000000000013,0.4403162000000009
1.8040000000000012,0.4410687400000009
1.805000000000001,0.44185955970203056
1.8060000000000014,0.4426565800000011
1.8070000000000013,0.4434554300000011
1.8080000000000012,0.4442753800000009
1.809000000000001,0.4450655900000007
1.8100000000000014,0.4458421385151496
1.8110000000000013,0.44662729000000106
1.8120000000000012,0.447401290000001
1.813000000000001,0.44814116000000065
1.8140000000000014,0.4488607900000009
1.8150000000000013,0.4495449915798429
1.8160000000000012,0.45018804000000084
1.817000000000001,0.45081770000000065
1.8180000000000014,0.45141226000000084
1.8190000000000013,0.4520207900000008
1.8200000000000012,0.4526082912498757
1.821000000000001,0.45321539000000066
1.8220000000000014,0.45381138000000104
1.8230000000000013,0.45447633000000076
1.8240000000000012,0.45516598000000086
1.825000000000001,0.45591223000000086
1.8260000000000014,0.4567351600000013
1.8270000000000013,0.4575836700000012
1.8280000000000012,0.4584887060463965
1.829000000000001,0.4594491700000011
1.8300000000000014,0.4604234400000013
1.8310000000000013,0.4613975000000013
1.8320000000000012,0.4623633900000013
1.833000000000001,0.46336520704429673
1.8340000000000014,0.46433565000000127
1.8350000000000013,0.4652818400000013
1.8360000000000012,0.4662528600000013
1.837000000000001,0.4672353900000011
1.8380000000000014,0.46822434110489103
1.8390000000000013,0.46918419000000133
1.8400000000000012,0.470166330000001
1.841000000000001,0.471082060000001
1.8420000000000014,0.4719806600000013
1.8430000000000013,0.4728010079652045
1.8440000000000012,0.4736110000000007
1.845000000000001,0.4743216000000007
1.8460000000000014,0.47495091000000084
1.8470000000000013,0.4755040700000007
1.8480000000000012,0.4760343400000005
1.849000000000001,0.4765023900000004
1.8500000000000014,0.4768733400000004
1.8510000000000013,0.47720340000000033
1.8520000000000012,0.4774101100000001
1.853000000000001,0.47749633
1.8540000000000014,0.47752701999999997
1.8550000000000013,0.4775040999999999
1.8560000000000012,0.477365617147285
1.857000000000001,0.47713708999999965
1.8580000000000014,0.47683429999999943
1.8590000000000013,0.4764337499999993
1.8600000000000012,0.47592877999999933
1.861000000000001,0.4753172614108581
1.8620000000000014,0.4746313699999987
1.8630000000000013,0.47380691999999897
1.8640000000000012,0.4728784299999988
1.865000000000001,0.47179513999999867
1.8660000000000014,0.4705849310208961
1.8670000000000013,0.469228659999998
1.8680000000000012,0.46773537999999815
1.869000000000001,0.466075479999998
1.8700000000000014,0.4642687699999974
1.8710000000000013,0.46232159471752576
1.8720000000000012,0.4602504099999971
1.873000000000001,0.4580803199999979
1.8740000000000014,0.45573076999999684
1.8750000000000013,0.45334502999999643
1.8760000000000012,0.45067673999999625
1.8770000000000011,0.44785311999999594
1.8780000000000014,0.4447987399999957
1.8790000000000013,0.441564091061889
1.8800000000000012,0.43807470999999504
1.8810000000000011,0.4343516199999956
1.8820000000000014,0.43040704999999346
1.8830000000000013,0.426190349999994
1.8840000000000012,0.4216842688371108
1.8850000000000011,0.41697263999999445
1.8860000000000015,0.41197031999999195
1.8870000000000013,0.4068051299999916
1.8880000000000012,0.40138169999999385
1.8890000000000011,0.3958200661633778
1.8900000000000015,0.39003723999999085
1.8910000000000013,0.38414042999999193
1.8920000000000012,0.3780933299999917
1.8930000000000011,0.37182560999999303
1.8940000000000015,0.3655939331676739
1.8950000000000014,0.3591567299999916
1.8960000000000012,0.3528664399999915
1.8970000000000011,0.3465064799999917
1.8980000000000015,0.3402553199999917
1.8990000000000014,0.3339994299999918
1.9000000000000012,0.32787081999999185
1.9010000000000011,0.32173972999999345
1.9020000000000015,0.315846439999991
1.9030000000000014,0.3100570399999927
1.9040000000000012,0.3045408999999941
1.9050000000000011,0.2992641899999944
1.9060000000000015,0.29423486999999254
1.9070000000000014,0.28943916632536115
1.9080000000000013,0.2849024199999952
1.9090000000000011,0.28058200999999544
1.9100000000000015,0.276472059999994
1.9110000000000014,0.2726110799999952
1.9120000000000013,0.26897330909208683
1.9130000000000011,0.2655642299999965
1.9140000000000015,0.26241027999999605
1.9150000000000014,0.25943222999999627
1.9160000000000013,0.25665446999999664
1.9170000000000011,0.2540987255744399
1.9180000000000015,0.251682219999997
1.9190000000000014,0.24944689999999725
1.9200000000000013,0.2473815999999975
1.9210000000000012,0.2454883299999981
1.9220000000000015,0.24377013181981547
1.9230000000000014,0.24225069999999815
1.9240000000000013,0.24086524999999864
1.9250000000000012,0.2396386899999988
1.9260000000000015,0.23856509999999856
1.9270000000000014,0.23764675999999882
1.9280000000000013,0.2368736399999993
1.9290000000000012,0.2362553299999995
1.9300000000000015,0.23580041604039548
1.9310000000000014,0.23546081999999974
1.9320000000000013,0.23526688999999987
1.9330000000000012,0.23516782000000003
1.9340000000000015,0.23519439000000017
1.9350000000000014,0.23532643564343603
1.9360000000000013,0.23558287000000044
1.9370000000000012,0.2359228900000006
1.9380000000000015,0.2363778100000007
1.9390000000000014,0.23690602000000083
1.9400000000000013,0.23753401720028078
1.9410000000000012,0.23822102000000103
1.9420000000000015,0.23898488000000134
1.9430000000000014,0.23983440000000122
1.9440000000000013,0.2407415700000013
1.9450000000000012,0.24171317283971727
1.9460000000000015,0.2427521000000018
1.9470000000000014,0.24389347000000178
1.9480000000000013,0.24503374000000133
1.9490000000000012,0.24623947000000135
1.9500000000000015,0.2474526600000019
1.9510000000000014,0.24867682000000194
1.9520000000000013,0.24992819000000172
1.9530000000000012,0.2512188434916524
1.9540000000000015,0.25255376000000207
1.9550000000000014,0.2538907800000018
1.9560000000000013,0.25527143000000185
1.9570000000000012,0.25664321000000184
1.9580000000000015,0.25802298068893337
1.9590000000000014,0.2594298700000019
1.9600000000000013,0.26086631000000193
1.9610000000000012,0.26230520000000196
1.9620000000000015,0.2637663200000022
1.9630000000000014,0.2652110755244497
1.9640000000000013,0.26666424000000194
1.9650000000000012,0.2681162400000016
1.9660000000000015,0.2695641800000022
1.9670000000000014,0.27099952000000227
1.9680000000000013,0.2724495549965022
1.9690000000000012,0.27389675000000163
1.9700000000000015,0.27535719000000225
1.9710000000000014,0.2768264100000023
1.9720000000000013,0.278304610000002
1.9730000000000012,0.27981502000000164
1.9740000000000015,0.28128737000000226
1.9750000000000014,0.28275990000000195
1.9760000000000013,0.2842085700000019
1.9770000000000012,0.28561959000000187
1.9780000000000015,0.2870239900000019
1.9790000000000014,0.2884475900000019
1.9800000000000013,0.28990194000000197
1.9810000000000012,0.29138037841516023
1.9820000000000015,0.29286453000000223
1.9830000000000014,0.29430565000000186
1.9840000000000013,0.29573715000000184
1.9850000000000012,0.2971236700000015
1.9860000000000015,0.2984623129647057
1.9870000000000014,0.2997919600000021
1.9880000000000013,0.30110452000000143
1.9890000000000012,0.30240977000000147
1.9900000000000015,0.30372524000000195
1.9910000000000014,0.30498015450855104
1.9920000000000013,0.30620489000000156
1.9930000000000012,0.3073578500000012
1.9940000000000015,0.30846852000000174
1.9950000000000014,0.3095634600000014
1.9960000000000013,0.3106071756284385
1.9970000000000012,0.3116113800000012
1.9980000000000016,0.31254137000000115
1.9990000000000014,0.313416210000001
2.0000000000000013,0.314206510000001
2.0010000000000012,0.3149475269456117
2.0020000000000016,0.3156169830543901
2.0030000000000014,0.3162279100000007
2.0040000000000013,0.31675161428914267
2.0050000000000012,0.31719450571085833
2.0060000000000016,0.31755543000000047
2.0070000000000014,0.3178097000000003
2.0080000000000013,0.3179617573245352
2.0090000000000012,0.318035002675465
2.0100000000000016,0.3180403699999999
2.0110000000000015,0.3179659344051187
2.0120000000000013,0.3178099855948808
2.0130000000000012,0.31756665999999956
2.0140000000000016,0.3172279485742845
2.0150000000000015,0.31681369142571425
2.0160000000000013,0.31631561999999924
2.0170000000000012,0.3157324499999991
2.0180000000000016,0.31506891615876703
2.0190000000000015,0.3143305038412306
2.0200000000000014,0.3135149199999988
2.0210000000000012,0.3126289447770435
2.0220000000000016,0.311676715222954
2.0230000000000015,0.3106529399999985
2.0240000000000014,0.3095286787732439
2.0250000000000012,0.30831641122675335
2.0260000000000016,0.3070556199999976
2.0270000000000015,0.30571695999999754
2.0280000000000014,0.304347766919306
2.0290000000000012,0.30293026999999806
2.0300000000000016,0.3014779699999973
2.0310000000000015,0.2999638865156944
2.0320000000000014,0.2984290434843008
2.0330000000000013,0.29686027999999787
2.0340000000000016,0.2952747516206733
2.0350000000000015,0.29369095837932174
2.0360000000000014,0.2921184899999979
2.0370000000000013,0.29054679182063403
2.0380000000000016,0.2889649981793618
2.0390000000000015,0.28737663999999785
2.0400000000000014,0.28577187999999787
2.0410000000000013,0.28417822267146386
2.0420000000000016,0.2826049373285319
2.0430000000000015,0.28104856999999794
2.0440000000000014,0.2795264072255531
2.0450000000000013,0.27799866277444346
2.0460000000000016,0.2764501599999973
2.0470000000000015,0.2749252555268921
2.0480000000000014,0.27338052447310307
2.0490000000000013,0.271869809999998
2.0500000000000016,0.2703846699999974
2.0510000000000015,0.2689210463623616
2.0520000000000014,0.26748612999999816
2.0530000000000013,0.26610084999999817
2.0540000000000016,0.2647188731543669
2.0550000000000015,0.2633504168456288
2.0560000000000014,0.2620348599999982
2.0570000000000013,0.2607212618366312
2.0580000000000016,0.2594396281633654
2.0590000000000015,0.25820639999999834
2.0600000000000014,0.2569763084423101
2.0610000000000013,0.25576073155768664
2.0620000000000016,0.2545613099999978
2.0630000000000015,0.25335770999999846
2.0640000000000014,0.2521948254449097
2.0650000000000013,0.25104927455508724
2.0660000000000016,0.24993088999999807
2.0670000000000015,0.24885886604978838
2.0680000000000014,0.24781936395020843
2.0690000000000013,0.2468200799999987
2.0700000000000016,0.2458451955808823
2.0710000000000015,0.24490100441911478
2.0720000000000014,0.24398947999999884
2.0730000000000013,0.24311178999999886
2.0740000000000016,0.24226026663233544
2.0750000000000015,0.24142658999999891
2.0760000000000014,0.24061378999999894
2.0770000000000013,0.23982173056388628
2.0780000000000016,0.23902736943611158
2.0790000000000015,0.2382986999999991
2.0800000000000014,0.2376155037892411
2.0810000000000013,0.23695339621075684
2.0820000000000016,0.23632591999999897
2.0830000000000015,0.23574099219156075
2.0840000000000014,0.23516290780843746
2.0850000000000013,0.23461855999999934
2.0860000000000016,0.23412481999999915
2.0870000000000015,0.2336432654559081
2.0880000000000014,0.23319782454409052
2.0890000000000013,0.23279132999999946
2.0900000000000016,0.2323986344791036
2.0910000000000015,0.23204342552089527
2.0920000000000014,0.23170767999999956
2.0930000000000013,0.23138259297040562
2.0940000000000016,0.23111229702959368
2.0950000000000015,0.23087654999999974
2.0960000000000014,0.23066916999999978
2.0970000000000013,0.230492566208379
2.0980000000000016,0.23035464999999986
2.0990000000000015,0.23025078999999993
2.1000000000000014,0.23018615735852826
2.1010000000000013,0.23015974264147165
2.1020000000000016,0.23017511000000002
2.1030000000000015,0.23019354144771048
2.1040000000000014,0.2302080185522896
2.1050000000000013,0.2302552300000001
2.1060000000000016,0.23032568823435326
2.1070000000000015,0.230408031765647
2.1080000000000014,0.23054425000000023
2.1090000000000013,0.23070560000000026
2.1100000000000017,0.23089591274645108
2.1110000000000015,0.23112337725354962
2.1120000000000014,0.2313967000000004
2.1130000000000013,0.23169847231653706
2.1140000000000017,0.23202163768346382
2.1150000000000015,0.2323692400000005
2.1160000000000014,0.2327381908778251
2.1170000000000013,0.23314696912217617
2.1180000000000017,0.23360607000000064
2.1190000000000015,0.2340757500000007
2.1200000000000014,0.23459024094581166
2.1210000000000013,0.23509969905418993
2.1220000000000017,0.23562121000000097
2.1230000000000016,0.2361661149490111
2.1240000000000014,0.23671560505099062
2.1250000000000013,0.23730166000000083
2.1260000000000017,0.23791748372125676
2.1270000000000016,0.2385546962787452
2.1280000000000014,0.2392254900000009
2.1290000000000013,0.23988822475504973
2.1300000000000017,0.24053577524495198
2.1310000000000016,0.24118471000000113
2.1320000000000014,0.24182728000000112
2.1330000000000013,0.2424560382143579
2.1340000000000017,0.2431381817856439
2.1350000000000016,0.24384503000000124
2.1360000000000015,0.24454553043091495
2.1370000000000013,0.24524983956908722
2.1380000000000017,0.24597049000000132
2.1390000000000016,0.24670025185862943
2.1400000000000015,0.2474188381413728
2.1410000000000013,0.24816798000000104
2.1420000000000017,0.24894069000000132
2.1430000000000016,0.24969002724555214
2.1440000000000015,0.25046248275445027
2.1450000000000014,0.251239030000001
2.1460000000000017,0.25200493923515427
2.1470000000000016,0.25279729076484825
2.1480000000000015,0.25360364000000113
2.1490000000000014,0.2544368733433323
2.1500000000000017,0.25527030665666994
2.1510000000000016,0.2560972600000015
2.1520000000000015,0.2569266300000015
2.1530000000000014,0.25776294636836444
2.1540000000000017,0.2586090600000015
2.1550000000000016,0.2594645300000016
2.1560000000000015,0.260328975696862
2.1570000000000014,0.2611859443031407
2.1580000000000017,0.2620427300000015
2.1590000000000016,0.26289942627874563
2.1600000000000015,0.263762213721257
2.1610000000000014,0.2646396500000011
2.1620000000000017,0.2654919828724269
2.1630000000000016,0.2663207071275757
2.1640000000000015,0.26715201000000105
2.1650000000000014,0.2679632300000011
2.1660000000000017,0.26877793331633804
2.1670000000000016,0.2696110966836645
2.1680000000000015,0.27045998000000115
2.1690000000000014,0.2713281168386333
2.1700000000000017,0.27219650316136906
2.1710000000000016,0.2730559100000015
2.1720000000000015,0.27388861053089514
2.1730000000000014,0.2746939194691074
2.1740000000000017,0.2755096000000014
2.1750000000000016,0.2763261800000015
2.1760000000000015,0.27716190642735855
2.1770000000000014,0.2780310800000011
2.1780000000000017,0.2788710900000015
2.1790000000000016,0.27970912252749586
2.1800000000000015,0.2805343974725067
2.1810000000000014,0.28133193000000106
2.1820000000000017,0.2821228085192974
2.1830000000000016,0.28290800148070505
2.1840000000000015,0.28368694000000105
2.1850000000000014,0.2844588972375534
2.1860000000000017,0.28523127276244903
2.1870000000000016,0.2860147400000014
2.1880000000000015,0.28680092000000107
2.1890000000000014,0.28758247842031687
2.1900000000000017,0.2883666815796856
2.1910000000000016,0.2891430600000014
2.1920000000000015,0.28991495766946734
2.1930000000000014,0.290691652330535
2.1940000000000017,0.29145795000000135
2.1950000000000016,0.29222203546890746
2.1960000000000015,0.2929767245310949
2.1970000000000014,0.293724690000001
2.1980000000000017,0.29448307000000135
2.1990000000000016,0.29524715792820844
2.2000000000000015,0.296026440000001
2.2010000000000014,0.296782020000001
2.2020000000000017,0.29753936169066303
2.2030000000000016,0.2982562683093392
2.2040000000000015,0.2989425700000009
2.2050000000000014,0.2996162843991212
2.2060000000000017,0.3002602756008811
2.2070000000000016,0.3009172700000012
2.2080000000000015,0.3015856246990612
2.2090000000000014,0.30223261530094075
2.2100000000000017,0.30286154000000104
2.2110000000000016,0.30345666000000104
2.2120000000000015,0.3040368500719864
2.2130000000000014,0.3045375699280152
2.2140000000000017,0.3050476900000008
2.2150000000000016,0.30552972132173634
2.2160000000000015,0.30594293867826494
2.2170000000000014,0.30634654000000044
2.2180000000000017,0.3066783484683068
2.2190000000000016,0.3069630315316941
2.2200000000000015,0.3072160800000003
2.2210000000000014,0.30743527000000026
2.2220000000000018,0.307640034052595
2.2230000000000016,0.30778056000000015
2.2240000000000015,0.3078982500000001
2.2250000000000014,0.3079865933283344
2.2260000000000018,0.30801987667166575
2.2270000000000016,0.3080280999999998
2.2280000000000015,0.3079388549500097
2.2290000000000014,0.30778835504998975
2.2300000000000018,0.3075374099999994
2.2310000000000016,0.30718959841031723
2.2320000000000015,0.3067737015896814
2.2330000000000014,0.30629533999999925
2.2340000000000018,0.3057040299999988
2.2350000000000017,0.30501960276144646
2.2360000000000015,0.30424721723855114
2.2370000000000014,0.3033685999999987
2.2380000000000018,0.30241231894021037
2.2390000000000017,0.3014017210597865
2.2400000000000015,0.3002470099999983
2.2410000000000014,0.29897732231453483
2.2420000000000018,0.2976004676854603
2.2430000000000017,0.29608332999999787
2.2440000000000015,0.2944806799999977
2.2450000000000014,0.29277548129673775
2.2460000000000018,0.29098844870325585
2.2470000000000017,0.2890939699999964
2.2480000000000016,0.28709745506698325
2.2490000000000014,0.28504812493301035
2.2500000000000018,0.2829325199999961
2.2510000000000017,0.2807218881093746
2.2520000000000016,0.27850298189061856
2.2530000000000014,0.27623649999999694
2.254000000000002,0.27392853135472534
2.2550000000000017,0.27164207864526757
2.2560000000000016,0.26932766999999597
2.2570000000000014,0.267038049999996
2.258000000000002,0.26475728543690896
2.2590000000000017,0.262511654563084
2.2600000000000016,0.26031535999999617
2.2610000000000015,0.2581709300909784
2.262000000000002,0.2560718399090141
2.2630000000000017,0.25403528999999647
2.2640000000000016,0.2520467458888191
2.2650000000000015,0.25010563411117487
2.266000000000002,0.2482291299999967
2.2670000000000017,0.24637187999999677
2.2680000000000016,0.24456601061687372
2.2690000000000015,0.24277217938312068
2.270000000000002,0.24098178999999692
2.2710000000000017,0.2392463493381296
2.2720000000000016,0.2375397306618651
2.2730000000000015,0.2358899999999979
2.274000000000002,0.23430647621375475
2.2750000000000017,0.23276861378624047
2.2760000000000016,0.2312404699999975
2.2770000000000015,0.22982643999999758
2.278000000000002,0.2284612365203453
2.2790000000000017,0.22721348999999794
2.2800000000000016,0.22605537999999817
2.2810000000000015,0.22502961711357578
2.282000000000002,0.22410075288642092
2.2830000000000017,0.2233295599999989
2.2840000000000016,0.22270493764746965
2.2850000000000015,0.2221814123525287
2.286000000000002,0.2218088199999995
2.2870000000000017,0.2215232973535291
2.2880000000000016,0.2213968326464705
2.2890000000000015,0.22131622000000004
2.290000000000002,0.2213356300000002
2.2910000000000017,0.2214398525005001
2.2920000000000016,0.22156485749950028
2.2930000000000015,0.22168320000000016
2.294000000000002,0.22177765470205965
2.2950000000000017,0.22182467529794048
2.2960000000000016,0.22183821999999995
2.2970000000000015,0.22180889034992987
2.298000000000002,0.22171238965006979
2.2990000000000017,0.22158880999999958
2.3000000000000016,0.22135193999999944
2.3010000000000015,0.22103186200779876
2.302000000000002,0.22064242999999917
2.3030000000000017,0.22016840999999907
2.3040000000000016,0.21964286399520005
2.3050000000000015,0.2190828160047982
2.306000000000002,0.21850375999999896
2.3070000000000017,0.21792568140871732
2.3080000000000016,0.21733976859128085
2.3090000000000015,0.21672665999999927
2.310000000000002,0.21617815354029105
2.3110000000000017,0.21561355645970698
2.3120000000000016,0.21514367999999925
2.3130000000000015,0.21472589999999953
2.314000000000002,0.21437052139072138
2.3150000000000017,0.2140844286092776
2.3160000000000016,0.21385548999999973
2.3170000000000015,0.21369355795640851
2.318000000000002,0.21357312204359105
2.3190000000000017,0.21352274999999996
2.3200000000000016,0.21348865084983004
2.3210000000000015,0.21349714915016998
2.322000000000002,0.21355380000000015
2.3230000000000017,0.21364918000000024
2.3240000000000016,0.21378881229777058
2.3250000000000015,0.21401179000000028
2.326000000000002,0.2142136500000004
2.3270000000000017,0.21443454546090823
2.3280000000000016,0.21468915453909257
2.3290000000000015,0.21492565000000038
2.330000000000002,0.21521252561787715
2.3310000000000017,0.21556870438212428
2.3320000000000016,0.21589671000000069
2.3330000000000015,0.21629049364927067
2.334000000000002,0.21662698635073052
2.3350000000000017,0.21692267000000057
2.3360000000000016,0.2172423000000005
2.3370000000000015,0.21754168985802888
2.338000000000002,0.21784027014197216
2.3390000000000017,0.21814278000000054
2.3400000000000016,0.21843815061287794
2.3410000000000015,0.21874427938712304
2.342000000000002,0.21904735000000058
2.3430000000000017,0.21938007767346573
2.3440000000000016,0.2196568123265351
2.3450000000000015,0.2198787800000003
2.346000000000002,0.22010247000000033
2.3470000000000018,0.22029654158784157
2.3480000000000016,0.22051242000000026
2.3490000000000015,0.22072424000000027
2.350000000000002,0.2209427398400324
2.3510000000000018,0.22114114015996839
2.3520000000000016,0.22135051000000044
2.3530000000000015,0.22160771998900253
2.354000000000002,0.2218076100109982
2.3550000000000018,0.22197299000000034
2.3560000000000016,0.22215439492501526
2.3570000000000015,0.2223036450749852
2.358000000000002,0.2224528600000003
2.3590000000000018,0.22263061000000028
2.3600000000000017,0.22278776355328958
2.3610000000000015,0.22292329644671088
2.362000000000002,0.2230435000000002
2.3630000000000018,0.22314733862027608
2.3640000000000017,0.22323354137972418
2.3650000000000015,0.22327782000000007
2.366000000000002,0.22333604585382938
2.3670000000000018,0.2233945841461709
2.3680000000000017,0.22345461000000008
2.3690000000000015,0.2235169900000001
2.370000000000002,0.2235943482493503
2.3710000000000018,0.22367684175065003
2.3720000000000017,0.22378029000000021
2.3730000000000016,0.22389788327934435
2.374000000000002,0.22403067672065613
2.3750000000000018,0.22418089000000027
2.3760000000000017,0.22433279530193986
2.3770000000000016,0.22448581469806062
2.378000000000002,0.22465239000000037
2.379000000000002,0.2248583559618079
2.3800000000000017,0.2250179740381926
2.3810000000000016,0.22518502000000026
2.382000000000002,0.22532116000000021
2.383000000000002,0.22542414497000607
2.3840000000000017,0.22547384502999407
2.3850000000000016,0.22551334999999995
2.386000000000002,0.22548511087882406
2.387000000000002,0.2253938991211756
2.3880000000000017,0.2252688899999997
2.3890000000000016,0.22510286491301698
2.390000000000002,0.22485199508698214
2.391000000000002,0.22452969999999933
2.3920000000000017,0.22414873999999924
2.3930000000000016,0.2237150468936204
2.394000000000002,0.2231839831063777
2.395000000000002,0.2225552399999988
2.3960000000000017,0.2218865515776832
2.3970000000000016,0.22110232842231436
2.398000000000002,0.22030978999999856
2.399000000000002,0.21950254124275
2.4000000000000017,0.21861496875724723
2.4010000000000016,0.21763829999999823
2.4020000000000015,0.21666085999999812
2.403000000000002,0.2156060954764503
2.4040000000000017,0.21459885999999828
2.4050000000000016,0.21362691999999822
2.406000000000002,0.2126213411007778
2.407000000000002,0.21163234889921823
2.4080000000000017,0.21058105999999796
2.4090000000000016,0.2094453411417699
2.4100000000000015,0.20835675885822674
2.411000000000002,0.20724178999999807
2.4120000000000017,0.20614948251249593
2.4130000000000016,0.20517460748750105
2.414000000000002,0.20401928999999777
2.415000000000002,0.2027628299999978
2.4160000000000017,0.20152312172965184
2.4170000000000016,0.20014041827034387
2.4180000000000015,0.19886716999999843
2.419000000000002,0.1976790969086163
2.4200000000000017,0.1964481830913799
2.4210000000000016,0.19520359999999784
2.422000000000002,0.19398940925614627
2.423000000000002,0.1927819707438489
2.4240000000000017,0.1915844499999979
2.4250000000000016,0.19041874999999792
2.4260000000000015,0.1892496669083074
2.427000000000002,0.18808155999999793
2.4280000000000017,0.18691421999999794
2.4290000000000016,0.1857546756328716
2.430000000000002,0.18461100436712435
2.431000000000002,0.18348793999999788
2.4320000000000017,0.18230577143571094
2.4330000000000016,0.18112012856428536
2.4340000000000015,0.17992032999999824
2.435000000000002,0.17861821679163983
2.4360000000000017,0.17748613320835613
2.4370000000000016,0.17645406999999805
2.438000000000002,0.17535943999999815
2.439000000000002,0.1743070763057372
2.4400000000000017,0.17327013369425912
2.4410000000000016,0.1722146099999981
2.4420000000000015,0.1711495683473289
2.443000000000002,0.17013304165266752
2.4440000000000017,0.1690816899999981
2.4450000000000016,0.16800826903319188
2.446000000000002,0.16709860096680487
2.447000000000002,0.1662017599999984
2.4480000000000017,0.16529012999999845
2.4490000000000016,0.16441862122187637
2.4500000000000015,0.16353083999999882
2.451000000000002,0.16264412999999853
2.4520000000000017,0.16180876359527954
2.4530000000000016,0.16094471640471777
2.454000000000002,0.1600784799999985
2.455000000000002,0.15924147306738473
2.4560000000000017,0.1583721469326118
2.4570000000000016,0.1575719999999985
2.4580000000000015,0.15672921867326403
2.459000000000002,0.15591595132673308
2.4600000000000017,0.15511205999999864
2.4610000000000016,0.1543423499999988
2.462000000000002,0.1536734856058773
2.463000000000002,0.15292954439411974
2.4640000000000017,0.15211502999999865
2.4650000000000016,0.15135413288942087
2.4660000000000015,0.15058302711057672
2.467000000000002,0.14979795999999865
2.4680000000000017,0.14902457880623762
2.4690000000000016,0.1483126411937602
2.470000000000002,0.1476103399999987
2.471000000000002,0.14688311999999884
2.4720000000000018,0.14621950835516348
2.4730000000000016,0.14560305999999912
2.4740000000000015,0.1449314499999992
2.475000000000002,0.14434705855928728
2.4760000000000018,0.14393265144071105
2.4770000000000016,0.14342261999999903
2.478000000000002,0.14287799327034498
2.479000000000002,0.14241069672965317
2.4800000000000018,0.14192299999999944
2.4810000000000016,0.14161218664667044
2.4820000000000015,0.14147865335332913
2.483000000000002,0.14125849
2.4840000000000018,0.14125628999999948
2.4850000000000017,0.14096269800339847
2.486000000000002,0.14044273199659965
2.487000000000002,0.13995801999999916
2.4880000000000018,0.1394831749100176
2.4890000000000017,0.13923227508998162
2.4900000000000015,0.1390418400000004
2.491000000000002,0.13933141762647466
2.4920000000000018,0.13930768237352523
2.4930000000000017,0.1390632700000003
2.494000000000002,0.13929774999999958
2.495000000000002,0.1390612618246351
2.4960000000000018,0.13907950817536496
2.4970000000000017,0.13972221000000032
2.4980000000000016,0.13989096440911855
2.499000000000002,0.1401350555908823
2.5000000000000018,0.14064027
2.5010000000000017,0.14064027
2.502000000000002,0.14064027
2.503000000000002,0.14064027
2.504000000000002,0.14064027
2.5050000000000017,0.14064027
2.5060000000000016,0.14064027
2.507000000000002,0.14064027
2.508000000000002,0.14064027
2.5090000000000017,0.14064027
2.510000000000002,0.14064027
2.511000000000002,0.14064027
2.512000000000002,0.14064027
2.5130000000000017,0.14064027
2.5140000000000016,0.14064027
2.515000000000002,0.14064027
2.516000000000002,0.14064027
2.5170000000000017,0.14064027
2.518000000000002,0.14064027
2.519000000000002,0.14064027
2.520000000000002,0.14064027
2.5210000000000017,0.14064027
2.5220000000000016,0.14064027
2.523000000000002,0.14064027
2.524000000000002,0.14064027
2.5250000000000017,0.14064027
2.526000000000002,0.14064027
2.527000000000002,0.14064027
2.528000000000002,0.14064027
2.5290000000000017,0.14064027
2.5300000000000016,0.14064027
2.531000000000002,0.14064027
2.532000000000002,0.14064027
2.5330000000000017,0.14064027
2.534000000000002,0.14064027
2.535000000000002,0.14064027
2.536000000000002,0.14064027
2.5370000000000017,0.14064027
2.5380000000000016,0.14064027
2.539000000000002,0.14064027
2.540000000000002,0.14064027
2.5410000000000017,0.14064027
2.542000000000002,0.14064027
2.543000000000002,0.14064027
2.544000000000002,0.14064027
2.5450000000000017,0.14064027
2.5460000000000016,0.14064027
2.547000000000002,0.14064027
2.548000000000002,0.14064027
2.5490000000000017,0.14064027
2.550000000000002,0.14064027
2.551000000000002,0.14064027
2.552000000000002,0.14064027
2.5530000000000017,0.14064027
2.5540000000000016,0.14064027
2.555000000000002,0.14064027
2.556000000000002,0.14064027
2.5570000000000017,0.14064027
2.558000000000002,0.14064027
2.559000000000002,0.14064027
2.560000000000002,0.14064027
2.5610000000000017,0.14064027
2.5620000000000016,0.14064027
2.563000000000002,0.14064027
2.564000000000002,0.14064027
2.5650000000000017,0.14064027
2.566000000000002,0.14064027
2.567000000000002,0.14064027
2.568000000000002,0.14064027
2.5690000000000017,0.14064027
2.5700000000000016,0.14064027
2.571000000000002,0.14064027
2.572000000000002,0.14064027
2.5730000000000017,0.14064027
2.574000000000002,0.14064027
2.575000000000002,0.14064027
2.576000000000002,0.14064027
2.5770000000000017,0.14064027
2.5780000000000016,0.14064027
2.579000000000002,0.14064027
2.580000000000002,0.14064027
2.5810000000000017,0.14064027
2.582000000000002,0.14064027
2.583000000000002,0.14064027
2.584000000000002,0.14064027
2.5850000000000017,0.14064027
2.5860000000000016,0.14064027
2.587000000000002,0.14064027
2.588000000000002,0.14064027
2.5890000000000017,0.14064027
2.590000000000002,0.14064027
2.591000000000002,0.14064027
2.592000000000002,0.14064027
2.5930000000000017,0.14064027
2.5940000000000016,0.14064027
2.595000000000002,0.14064027
2.596000000000002,0.14064027
2.5970000000000018,0.14064027
2.598000000000002,0.14064027
2.599000000000002,0.14064027
