wave,r
0.4,0.06751946678241434
0.401,0.06776553449393005
0.402,0.06631492750606988
0.403,0.066298649
0.404,0.06634190656742434
0.405,0.064549446
0.406,0.0648110564119617
0.40700000000000003,0.06385225258803824
0.40800000000000003,0.06226106433218342
0.40900000000000003,0.06349428266781666
0.41000000000000003,0.063156411
0.41100000000000003,0.06311612640284596
0.41200000000000003,0.063776381
0.41300000000000003,0.06262114564577358
0.41400000000000003,0.06328572300000004
0.41500000000000004,0.06403659615589681
0.41600000000000004,0.06285218584410306
0.41700000000000004,0.06316817599999999
0.41800000000000004,0.06328084987326127
0.41900000000000004,0.06330115300000004
0.42000000000000004,0.06416495709422905
0.42100000000000004,0.06397438
0.42200000000000004,0.06389530207225856
0.42300000000000004,0.06410252792774146
0.42400000000000004,0.06342065193710128
0.42500000000000004,0.06401436206289877
0.42600000000000005,0.06473176900000001
0.42700000000000005,0.06468287701073996
0.42800000000000005,0.06598395100000004
0.42900000000000005,0.06664775158960823
0.43000000000000005,0.06720671241039182
0.43100000000000005,0.06923765669783612
0.43200000000000005,0.07070744030216405
0.43300000000000005,0.07244726300000012
0.43400000000000005,0.07463238816292847
0.43500000000000005,0.07654868100000013
0.43600000000000005,0.07913312528848435
0.43700000000000006,0.08156197371151591
0.43800000000000006,0.0835087757875644
0.43900000000000006,0.08658753221243594
0.44000000000000006,0.08929367400000013
0.44100000000000006,0.09155378439889615
0.44200000000000006,0.0940243970000001
0.44300000000000006,0.09603608205148907
0.44400000000000006,0.09804123094851115
0.44500000000000006,0.10003259513759732
0.44600000000000006,0.10154635486240284
0.44700000000000006,0.10336819000000008
0.44800000000000006,0.10485268515504854
0.44900000000000007,0.10566942000000007
0.45000000000000007,0.1070102200571989
0.45100000000000007,0.1080159399428012
0.45200000000000007,0.10884313166706672
0.45300000000000007,0.11000983833293342
0.45400000000000007,0.1107339700000001
0.45500000000000007,0.11162114112828878
0.45600000000000007,0.11277518000000006
0.4570000000000001,0.11368918545534552
0.4580000000000001,0.1152347200000002
0.4590000000000001,0.11694677574728513
0.4600000000000001,0.11852150425271504
0.4610000000000001,0.12087839000000014
0.4620000000000001,0.12335338525004765
0.4630000000000001,0.1262415200000004
0.4640000000000001,0.13003416516764868
0.4650000000000001,0.13355093000000026
0.4660000000000001,0.13784019252175012
0.4670000000000001,0.14309236747825074
0.4680000000000001,0.14818276941801226
0.4690000000000001,0.15412457058198872
0.4700000000000001,0.16024163000000063
0.4710000000000001,0.16609804761042463
0.4720000000000001,0.17285909000000035
0.4730000000000001,0.17924957144537174
0.4740000000000001,0.1853941085546293
0.4750000000000001,0.1920835691914168
0.4760000000000001,0.1980027108085845
0.4770000000000001,0.20389768000000033
0.4780000000000001,0.20993989312906927
0.4790000000000001,0.21525280000000058
0.4800000000000001,0.2206729724020525
0.4810000000000001,0.22591317759794866
0.4820000000000001,0.23081346540949238
0.4830000000000001,0.23635441459050885
0.4840000000000001,0.24168807000000062
0.4850000000000001,0.24708733600734054
0.4860000000000001,0.25353920000000074
0.4870000000000001,0.2601033016587676
0.4880000000000001,0.26726917834123404
0.4890000000000001,0.2752325425982489
0.4900000000000001,0.28349236740175293
0.4910000000000001,0.29246125000000106
0.4920000000000001,0.30173253728712823
0.4930000000000001,0.31084794000000104
0.4940000000000001,0.32026198899801095
0.4950000000000001,0.32916179000000095
0.4960000000000001,0.3374595819288623
0.4970000000000001,0.34565246807113953
0.4980000000000001,0.3529039000000008
0.4990000000000001,0.35973655167348406
0.5000000000000001,0.3663572100000006
0.5010000000000001,0.372004384705395
0.5020000000000001,0.3774749142261895
0.5030000000000001,0.3826157871825415
0.5040000000000001,0.38705970556095587
0.5050000000000001,0.3915759000000004
0.5060000000000001,0.39581271052837397
0.5070000000000001,0.3998391292074399
0.5080000000000001,0.40413287412494175
0.5090000000000001,0.40804064000000045
0.5100000000000001,0.41184431927009335
0.5110000000000001,0.41577132245010234
0.5120000000000001,0.4193938275498985
0.5130000000000001,0.4231693022452231
0.5140000000000001,0.4268867100000004
0.5150000000000001,0.4301587366230331
0.5160000000000001,0.4338210334414284
0.5170000000000001,0.43726908103904844
0.5180000000000001,0.4404364783260838
0.5190000000000001,0.4441131429682302
0.5200000000000001,0.44740996362001934
0.5210000000000001,0.45059096456997205
0.5220000000000001,0.45405479536160787
0.5230000000000001,0.4572711000000003
0.5240000000000001,0.46058580279842853
0.5250000000000001,0.46386563653633883
0.5260000000000001,0.4666924534636618
0.5270000000000001,0.4696515204093046
0.5280000000000001,0.47247741000000026
0.5290000000000001,0.47507974564675676
0.5300000000000001,0.4778620755443232
0.5310000000000001,0.48038021963711847
0.5320000000000001,0.4827232765694661
0.5330000000000001,0.48510491040970444
0.5340000000000001,0.4871458804481778
0.5350000000000001,0.48916828932773393
0.5360000000000001,0.49115537012920296
0.5370000000000001,0.4927616700000002
0.5380000000000001,0.4945221064715297
0.5390000000000001,0.4961692495929206
0.5400000000000001,0.4974890136047199
0.5410000000000001,0.49892805560955633
0.5420000000000001,0.5001999700000002
0.5430000000000001,0.5013926866146694
0.5440000000000002,0.5027234200779963
0.5450000000000002,0.503759239283793
0.5460000000000002,0.5047256400000001
0.5470000000000002,0.5056389056272563
0.5480000000000002,0.5062016349782009
0.5490000000000002,0.5069505450217993
0.5500000000000002,0.5076312331931321
0.5510000000000002,0.50792438
0.5520000000000002,0.5084055724277485
0.5530000000000002,0.5086483416556172
0.5540000000000002,0.5087035288962553
0.5550000000000002,0.5090199668355684
0.5560000000000002,0.5090381490289902
0.5570000000000002,0.508941049038048
0.5580000000000002,0.5088929514429279
0.5590000000000002,0.5087235033890338
0.5600000000000002,0.50871491
0.5610000000000002,0.508802059503495
0.5620000000000002,0.508752409099836
0.5630000000000002,0.508707400900164
0.5640000000000002,0.5085626814472145
0.5650000000000002,0.5082944599999999
0.5660000000000002,0.5079359860846606
0.5670000000000002,0.5072402163671815
0.5680000000000002,0.5064524557552121
0.5690000000000002,0.5058258862656625
0.5700000000000002,0.505038072815828
0.5710000000000002,0.5043196569018548
0.5720000000000002,0.5036647496472175
0.5730000000000002,0.5029688569589391
0.5740000000000002,0.5027172000000001
0.5750000000000002,0.5028145330297303
0.5760000000000002,0.5031175097212113
0.5770000000000002,0.503603570278789
0.5780000000000002,0.5040368956667568
0.5790000000000002,0.5044919800000001
0.5800000000000002,0.5050973982814829
0.5810000000000002,0.5055114725771712
0.5820000000000002,0.5059307116152193
0.5830000000000002,0.5064119700000002
0.5840000000000002,0.5069047898527987
0.5850000000000002,0.507890074224389
0.5860000000000002,0.509101293663417
0.5870000000000002,0.5102370886420731
0.5880000000000002,0.5115629400000002
0.5890000000000002,0.5127481307636155
0.5900000000000002,0.5138244948921556
0.5910000000000002,0.5149875667385634
0.5920000000000002,0.5159035208405086
0.5930000000000002,0.5168864215944161
0.5940000000000002,0.5180458590892457
0.5950000000000002,0.5190003213661318
0.5960000000000002,0.5199288514294145
0.5970000000000002,0.5207173200000002
0.5980000000000002,0.5212863767514676
0.5990000000000002,0.5219615208105677
0.6000000000000002,0.5225020491894325
0.6010000000000002,0.5229575554449546
0.6020000000000002,0.5235793
0.6030000000000002,0.523808420901218
0.6040000000000002,0.5238985429146543
0.6050000000000002,0.5239956980568973
0.6060000000000002,0.5236395035620356
0.6070000000000002,0.523275135911659
0.6080000000000002,0.5228662961448926
0.6090000000000002,0.5221735407826607
0.6100000000000002,0.5215672960624211
0.6110000000000002,0.5208725299999998
0.6120000000000002,0.5200246519389193
0.6130000000000002,0.5192185442900282
0.6140000000000002,0.5184330457099714
0.6150000000000002,0.5177231470989708
0.6160000000000002,0.5171034299999999
0.6170000000000002,0.5165089928281282
0.6180000000000002,0.516150407618419
0.6190000000000002,0.5160710215877207
0.6200000000000002,0.5161579800000001
0.6210000000000002,0.5165232454330545
0.6220000000000002,0.5170665550386482
0.6230000000000002,0.5178184874420281
0.6240000000000002,0.5190060581241627
0.6250000000000002,0.5202784500000003
0.6260000000000002,0.521769539224685
0.6270000000000002,0.5236920063521829
0.6280000000000002,0.5255704124318789
0.6290000000000002,0.5277114285897863
0.6300000000000002,0.5301963700000005
0.6310000000000002,0.5327897087290642
0.6320000000000002,0.5357261619064052
0.6330000000000002,0.5389735650517512
0.6340000000000002,0.5424531700000008
0.6350000000000002,0.5461461890330914
0.6360000000000002,0.5500495057379714
0.6370000000000002,0.5543364042620305
0.6380000000000002,0.5591817615463168
0.6390000000000002,0.5642768100000012
0.6400000000000002,0.5698292898733991
0.6410000000000002,0.575816630471578
0.6420000000000002,0.5818323496856171
0.6430000000000002,0.5881036472869746
0.6440000000000002,0.5944719334015357
0.6450000000000002,0.6008120918054112
0.6460000000000002,0.6074023622918874
0.6470000000000002,0.6137637463862295
0.6480000000000002,0.6199032700000014
0.6490000000000002,0.6263032032840345
0.6500000000000002,0.6326316065927376
0.6510000000000002,0.6389612434072651
0.6520000000000002,0.6453018765936677
0.6530000000000002,0.6514541500000013
0.6540000000000002,0.6574235562719639
0.6550000000000002,0.6632371506872671
0.6560000000000002,0.6689267262084909
0.6570000000000003,0.6743829254380559
0.6580000000000003,0.6793770062625639
0.6590000000000003,0.6840032632099405
0.6600000000000003,0.6886637601850921
0.6610000000000003,0.6929590870468422
0.6620000000000003,0.6968758700000007
0.6630000000000003,0.7004588524590502
0.6640000000000003,0.7037047514336291
0.6650000000000003,0.7067525390442484
0.6660000000000003,0.7095238322871237
0.6670000000000003,0.7118950500000005
0.6680000000000003,0.7142038712123399
0.6690000000000003,0.7162644881814916
0.6700000000000003,0.7180544942000424
0.6710000000000003,0.7198343300000005
0.6720000000000003,0.7213783446765472
0.6730000000000003,0.7228460005449785
0.6740000000000003,0.7243732494550221
0.6750000000000003,0.7256920768117685
0.6760000000000003,0.7270471500000004
0.6770000000000003,0.7283641203130066
0.6780000000000003,0.7293954237834112
0.6790000000000003,0.7305215374777264
0.6800000000000003,0.7316185090302907
0.6810000000000003,0.7327167538039384
0.6820000000000003,0.7340971451257442
0.6830000000000003,0.7353534323113847
0.6840000000000003,0.7365659257501578
0.6850000000000003,0.7378898300000002
0.6860000000000003,0.7390626840221406
0.6870000000000003,0.7404649004625821
0.6880000000000003,0.7419880295374188
0.6890000000000003,0.7431482583977843
0.6900000000000003,0.7444714900000005
0.6910000000000003,0.7458458162490629
0.6920000000000003,0.747158269766312
0.6930000000000003,0.7484838134891258
0.6940000000000003,0.7497460073780742
0.6950000000000003,0.7510398737116375
0.6960000000000003,0.7524110330706468
0.6970000000000003,0.7535645653940306
0.6980000000000003,0.7547776578690577
0.6990000000000003,0.7560751400000002
0.7000000000000003,0.7572168224062243
0.7010000000000003,0.7584574425059002
0.7020000000000003,0.7595827374941007
0.7030000000000003,0.7605779100483008
0.7040000000000003,0.7618932700000002
0.7050000000000003,0.7631174528956293
0.7060000000000003,0.7642622358845059
0.7070000000000003,0.7654583860769966
0.7080000000000003,0.7664231100000003
0.7090000000000003,0.7673302998014983
0.7100000000000003,0.7683104506173695
0.7110000000000003,0.7693413190739467
0.7120000000000003,0.7702839305739118
0.7130000000000003,0.7710993900000003
0.7140000000000003,0.771804036641333
0.7150000000000003,0.7724681702477878
0.7160000000000003,0.7731430965014752
0.7170000000000003,0.7738808326226264
0.7180000000000003,0.774670547076971
0.7190000000000003,0.7753782444986752
0.7200000000000003,0.7761031782519875
0.7210000000000003,0.7768480651022514
0.7220000000000003,0.7775368100000003
0.7230000000000003,0.7783768887899882
0.7240000000000003,0.7792558878388867
0.7250000000000003,0.7801478321611138
0.7260000000000003,0.7813076284019843
0.7270000000000003,0.7825412200000005
0.7280000000000003,0.7838070526853541
0.7290000000000003,0.7850755834132296
0.7300000000000003,0.7861893577245143
0.7310000000000003,0.7873217386761872
0.7320000000000003,0.7884461390748909
0.7330000000000003,0.789353628767262
0.7340000000000003,0.7902919918491078
0.7350000000000003,0.7911989009309188
0.7360000000000003,0.7920053600000002
0.7370000000000003,0.7926864635686358
0.7380000000000003,0.7930433263785449
0.7390000000000003,0.7933622536214552
0.7400000000000003,0.7939109145133453
0.7410000000000003,0.7941314600000001
0.7420000000000003,0.7943413350830508
0.7430000000000003,0.7945954831864407
0.7440000000000003,0.7947016978757062
0.7450000000000003,0.79482943
0.7460000000000003,0.7949162103428035
0.7470000000000003,0.7949504912419378
0.7480000000000003,0.7950125881370932
0.7490000000000003,0.7949757603683074
0.7500000000000003,0.79489946
0.7510000000000003,0.7948258479698592
0.7520000000000003,0.79462283780051
0.7530000000000003,0.7945495214663266
0.7540000000000003,0.7944933805614056
0.7550000000000003,0.79419035
0.7560000000000003,0.7940837687364631
0.7570000000000003,0.7940205918953053
0.7580000000000003,0.7939294618226181
0.7590000000000003,0.7938865999999999
0.7600000000000003,0.793714459694297
0.7610000000000003,0.7936838963809448
0.7620000000000003,0.7940029436190553
0.7630000000000003,0.7944618454109543
0.7640000000000003,0.7954227300000004
0.7650000000000003,0.796683622227545
0.7660000000000003,0.7979063894843265
0.7670000000000003,0.79955586701045
0.7680000000000003,0.801442841130212
0.7690000000000003,0.803447030225203
0.7700000000000004,0.8054695442448883
0.7710000000000004,0.8071817886326691
0.7720000000000004,0.8087575242426854
0.7730000000000004,0.8103519100000005
0.7740000000000004,0.8118519347797483
0.7750000000000004,0.813329906783929
0.7760000000000004,0.8146691032160718
0.7770000000000004,0.8157948187428878
0.7780000000000004,0.8169236200000003
0.7790000000000004,0.818011071072811
0.7800000000000004,0.8190647095884209
0.7810000000000004,0.8200509902743867
0.7820000000000004,0.8207988025219255
0.7830000000000004,0.821520037870879
0.7840000000000004,0.822307125285436
0.7850000000000004,0.8230713970718467
0.7860000000000004,0.8239740009739198
0.7870000000000004,0.8248505600000002
0.7880000000000004,0.8255990774406491
0.7890000000000004,0.8263431364286787
0.7900000000000004,0.8268907590475478
0.7910000000000004,0.8274449044585448
0.7920000000000004,0.8281958700000002
0.7930000000000004,0.8288003922779863
0.7940000000000004,0.829414291583021
0.7950000000000004,0.8300021782422826
0.7960000000000004,0.8304683600000002
0.7970000000000004,0.8310347860546607
0.7980000000000004,0.8316402532364708
0.7990000000000004,0.8323020767635296
0.8000000000000004,0.8330330726900271
0.8010000000000004,0.8334669500000003
0.8020000000000004,0.8339039759814199
0.8030000000000004,0.8345021124610771
0.8040000000000004,0.8349174816926156
0.8050000000000004,0.8354675744990452
0.8060000000000004,0.8360789452649529
0.8070000000000004,0.8366054403872808
0.8080000000000004,0.8371248044190792
0.8090000000000004,0.8375781109339094
0.8100000000000004,0.8380059000000002
0.8110000000000004,0.838473324383344
0.8120000000000004,0.8389116590118397
0.8130000000000004,0.8393622509881606
0.8140000000000004,0.839814065481855
0.8150000000000004,0.8402233100000002
0.8160000000000004,0.8406421567246674
0.8170000000000004,0.8409783886740664
0.8180000000000004,0.8412675242172892
0.8190000000000004,0.8416844558306584
0.8200000000000004,0.8420203937331374
0.8210000000000004,0.8423937085741715
0.8220000000000004,0.8428224171387433
0.8230000000000004,0.8430447577766556
0.8240000000000004,0.8433309800000001
0.8250000000000004,0.8435795911689118
0.8260000000000004,0.8436964861865527
0.8270000000000004,0.8440058138134476
0.8280000000000004,0.844266357394574
0.8290000000000004,0.8445090700000001
0.8300000000000004,0.8448853566590667
0.8310000000000004,0.8452183118029101
0.8320000000000004,0.8456117421313936
0.8330000000000004,0.8459712300000001
0.8340000000000004,0.846123162894429
0.8350000000000004,0.8464126049993502
0.8360000000000004,0.8466625725009751
0.8370000000000004,0.8468625480002601
0.8380000000000004,0.8472273900000001
0.8390000000000004,0.8474434626703535
0.8400000000000004,0.8477104999559023
0.8410000000000004,0.8480423633627321
0.8420000000000004,0.848061559808098
0.8430000000000004,0.8482155821338214
0.8440000000000004,0.8484289633378332
0.8450000000000004,0.8485958549932504
0.8460000000000004,0.8488786743435436
0.8470000000000004,0.84893042
0.8480000000000004,0.8489925934517347
0.8490000000000004,0.8493377617499301
0.8500000000000004,0.84942525825007
0.8510000000000004,0.8495219290332904
0.8520000000000004,0.84963822
0.8530000000000004,0.8496776213429269
0.8540000000000004,0.8498119119901005
0.8550000000000004,0.8498782486732663
0.8560000000000004,0.8498727100554005
0.8570000000000004,0.8498884380980809
0.8580000000000004,0.8496982436225188
0.8590000000000004,0.8493793695662216
0.8600000000000004,0.848913014663593
0.8610000000000004,0.8482400199999998
0.8620000000000004,0.8476630925881254
0.8630000000000004,0.8469218994110231
0.8640000000000004,0.845892450588976
0.8650000000000004,0.8447548813757133
0.8660000000000004,0.8432540299999992
0.8670000000000004,0.8416254177106764
0.8680000000000004,0.8400109466194682
0.8690000000000004,0.8382315955870199
0.8700000000000004,0.8365444499999992
0.8710000000000004,0.8346751693569926
0.8720000000000004,0.8326108784955745
0.8730000000000004,0.8310356572566365
0.8740000000000004,0.8295666146903932
0.8750000000000004,0.82857251
0.8760000000000004,0.8284564054283088
0.8770000000000004,0.8289992667718622
0.8780000000000004,0.8305583288187598
0.8790000000000004,0.8329050865322662
0.8800000000000004,0.8357428300000016
0.8810000000000004,0.8392915212682381
0.8820000000000005,0.8428549330976466
0.8830000000000005,0.8462281725353269
0.8840000000000005,0.8493950400000011
0.8850000000000005,0.8519997838027392
0.8860000000000005,0.8543800513759459
0.8870000000000005,0.856448848624056
0.8880000000000005,0.8580354341342422
0.8890000000000005,0.8596552000000005
0.8900000000000005,0.8609538817876363
0.8910000000000005,0.8621326530562479
0.8920000000000005,0.8635678612958358
0.8930000000000005,0.8646296193824944
0.8940000000000005,0.8656910802640032
0.8950000000000005,0.866717474627469
0.8960000000000005,0.8674488480587975
0.8970000000000005,0.8683198612898262
0.8980000000000005,0.8690774400000003
0.8990000000000005,0.8697966388263887
0.9000000000000005,0.8706792709871607
0.9010000000000005,0.8712286290128397
0.9020000000000005,0.8719810124761251
0.9030000000000005,0.8727934400000001
0.9040000000000005,0.8730970143113433
0.9050000000000005,0.8738125793751316
0.9060000000000005,0.8744584170832461
0.9070000000000005,0.8750355742284426
0.9080000000000005,0.8759245354788551
0.9090000000000005,0.8764724255418233
0.9100000000000005,0.877249516687266
0.9110000000000005,0.8781807306878142
0.9120000000000005,0.8786107900000003
0.9130000000000005,0.8792358057299149
0.9140000000000005,0.8798087970544475
0.9150000000000005,0.8803772786303687
0.9160000000000005,0.8811372424003243
0.9170000000000005,0.8815431600000002
0.9180000000000005,0.8821586543698818
0.9190000000000005,0.8828771484451781
0.9200000000000005,0.8830497865475655
0.9210000000000005,0.8835536800000003
0.9220000000000005,0.884115166167362
0.9230000000000005,0.8847319063297471
0.9240000000000005,0.8855483936702535
0.9250000000000005,0.8859981855021553
0.9260000000000005,0.8865256300000003
0.9270000000000005,0.8871129228997581
0.9280000000000005,0.8874029070313487
0.9290000000000005,0.887970618645768
0.9300000000000005,0.8884375653305535
0.9310000000000005,0.8889091676527768
0.9320000000000005,0.8896744364392782
0.9330000000000005,0.8899964003410831
0.9340000000000005,0.890402611875719
0.9350000000000005,0.8909137800000002
0.9360000000000005,0.8913183283262837
0.9370000000000005,0.8921509494850208
0.9380000000000005,0.8926252005149795
0.9390000000000005,0.8928684575674758
0.9400000000000005,0.8934575300000003
0.9410000000000005,0.8938183324563249
0.9420000000000005,0.8944411488996553
0.9430000000000005,0.8950711374002304
0.9440000000000005,0.8953263774476746
0.9450000000000005,0.8958502440722409
0.9460000000000005,0.8962574674014301
0.9470000000000005,0.8966275388978554
0.9480000000000005,0.8971753645216908
0.9490000000000005,0.8976604300000001
0.9500000000000005,0.8979622713298133
0.9510000000000005,0.8980952537394505
0.9520000000000005,0.8982822262605497
0.9530000000000005,0.8987333154890551
0.9540000000000005,0.8990734800000001
0.9550000000000005,0.8994250969630698
0.9560000000000005,0.8997732422528875
0.9570000000000005,0.8998483384980752
0.9580000000000005,0.9004621500000001
0.9590000000000005,0.9006828679971799
0.9600000000000005,0.9004826058744066
0.9610000000000005,0.9012763261883909
0.9620000000000005,0.9011392613709274
0.9630000000000005,0.9013821500000004
0.9640000000000005,0.9021786480257604
0.9650000000000005,0.9019812395269238
0.9660000000000005,0.9022988036487177
0.9670000000000005,0.9028693942940431
0.9680000000000005,0.9034104317298174
0.9690000000000005,0.9035834027511622
0.9700000000000005,0.9032209608732562
0.9710000000000005,0.9035449535197353
0.9720000000000005,0.90407109
0.9730000000000005,0.9040044608190086
0.9740000000000005,0.9050863381952722
0.9750000000000005,0.9049961018047278
0.9760000000000005,0.904564384317243
0.9770000000000005,0.90523386
0.9780000000000005,0.9053164737569753
0.9790000000000005,0.9056921658845059
0.9800000000000005,0.9058883160769963
0.9810000000000005,0.905897739905799
0.9820000000000005,0.9066348097048971
0.9830000000000005,0.9066053050197491
0.9840000000000005,0.9068562924703767
0.9850000000000005,0.9074621139416792
0.9860000000000005,0.9073787300000007
0.9870000000000005,0.9086562412159123
0.9880000000000005,0.9087778165073394
0.9890000000000005,0.9081031834926598
0.9900000000000005,0.9089952610789113
0.9910000000000005,0.90886241
0.9920000000000005,0.9089543293664939
0.9930000000000005,0.909422655645418
0.9940000000000005,0.9099441695697218
0.9950000000000006,0.9105594799999998
0.9960000000000006,0.9102220457042568
0.9970000000000006,0.9097924884909757
0.9980000000000006,0.910217037263537
0.9990000000000006,0.9107398947713956
1.0000000000000004,0.9110080600000001
1.0010000000000006,0.9113535300000001
1.0020000000000007,0.9114977700000001
1.0030000000000006,0.91161501
1.0040000000000004,0.9116763681951806
1.0050000000000006,0.9118583200000001
1.0060000000000007,0.9120557300000001
1.0070000000000006,0.9122394300000001
1.0080000000000005,0.9124643800000001
1.0090000000000006,0.9127394216638337
1.0100000000000007,0.9129560600000002
1.0110000000000006,0.9132812000000005
1.0120000000000005,0.9139781
1.0130000000000006,0.9142405399999999
1.0140000000000007,0.914152448809119
1.0150000000000006,0.9143012200000001
1.0160000000000005,0.91440481
1.0170000000000006,0.9143834100000001
1.0180000000000007,0.9145792100000003
1.0190000000000006,0.9150822896920311
1.0200000000000005,0.91531682
1.0210000000000006,0.9153117500000002
1.0220000000000007,0.9156864300000004
1.0230000000000006,0.9162616700000004
1.0240000000000005,0.9166898700000004
1.0250000000000006,0.9173516600000002
1.0260000000000007,0.91776526
1.0270000000000006,0.9177728300000001
1.0280000000000005,0.9181182400000002
1.0290000000000006,0.9186918100000002
1.0300000000000007,0.9190878900000002
1.0310000000000006,0.9194914100000003
1.0320000000000005,0.9200045802939708
1.0330000000000006,0.92030752
1.0340000000000007,0.9203865500000001
1.0350000000000006,0.9205879000000002
1.0360000000000005,0.9207702900000001
1.0370000000000006,0.9209930516878313
1.0380000000000007,0.9212099300000002
1.0390000000000006,0.9214779700000002
1.0400000000000005,0.9218955600000001
1.0410000000000006,0.9221063300000001
1.0420000000000007,0.9222532953034698
1.0430000000000006,0.9223533299999999
1.0440000000000005,0.92220616
1.0450000000000006,0.9222642200000001
1.0460000000000007,0.92250329
1.0470000000000006,0.9225850618228177
1.0480000000000005,0.9226740600000001
1.0490000000000006,0.92281705
1.0500000000000007,0.9228878599999999
1.0510000000000006,0.9227938100000002
1.0520000000000005,0.9229359600000001
1.0530000000000006,0.9231854700000001
1.0540000000000007,0.9234154200000002
1.0550000000000006,0.9237745048585142
1.0560000000000005,0.92402309
1.0570000000000006,0.9241051100000002
1.0580000000000007,0.9243856700000003
1.0590000000000006,0.9247851400000001
1.0600000000000005,0.9251457201619839
1.0610000000000006,0.9254473400000003
1.0620000000000007,0.9258762000000001
1.0630000000000006,0.9262180900000002
1.0640000000000005,0.9265368000000003
1.0650000000000006,0.9269375399260077
1.0660000000000007,0.9275407800000003
1.0670000000000006,0.9278805900000001
1.0680000000000005,0.9280934900000001
1.0690000000000006,0.9283461000000001
1.0700000000000007,0.928520782531747
1.0710000000000006,0.9287061100000001
1.0720000000000005,0.9288919000000001
1.0730000000000006,0.9290971800000001
1.0740000000000007,0.9293466800000001
1.0750000000000006,0.9294418100000001
1.0760000000000005,0.9296110300000001
1.0770000000000006,0.9297472199999999
1.0780000000000007,0.92959708179982
1.0790000000000006,0.9296150800000001
1.0800000000000005,0.9297399500000001
1.0810000000000006,0.9299114900000001
1.0820000000000007,0.9300986500000004
1.0830000000000006,0.9305312109849015
1.0840000000000005,0.93064106
1.0850000000000006,0.93054307
1.0860000000000007,0.93055111
1.0870000000000006,0.93050331
1.0880000000000005,0.9304595643745625
1.0890000000000006,0.93047774
1.0900000000000007,0.9304249299999999
1.0910000000000006,0.9303003
1.0920000000000005,0.9301975399999999
1.0930000000000006,0.9299961501389861
1.0940000000000007,0.9297125899999997
1.0950000000000006,0.9293703399999996
1.0960000000000005,0.9288757999999997
1.0970000000000006,0.9283956299999997
1.0980000000000008,0.9279698099999995
1.0990000000000006,0.9273263799999995
1.1000000000000005,0.9265085499999997
1.1010000000000006,0.9257568699999994
1.1020000000000008,0.9248457599999994
1.1030000000000006,0.9240119499999995
1.1040000000000005,0.9232529399999997
1.1050000000000006,0.9225664699999994
1.1060000000000008,0.9216402329547037
1.1070000000000007,0.9205697799999992
1.1080000000000005,0.9194432499999992
1.1090000000000007,0.9181787999999992
1.1100000000000008,0.9168701199999991
1.1110000000000007,0.915578318148184
1.1120000000000005,0.9139597999999992
1.1130000000000007,0.9121375699999986
1.1140000000000008,0.9101122599999986
1.1150000000000007,0.9079573799999983
1.1160000000000005,0.905353150422956
1.1170000000000007,0.9026724699999977
1.1180000000000008,0.8993443799999967
1.1190000000000007,0.8956367399999972
1.1200000000000006,0.8913834699999977
1.1210000000000007,0.8864714612008769
1.1220000000000008,0.8809568899999958
1.1230000000000007,0.8746961999999951
1.1240000000000006,0.8674857599999964
1.1250000000000007,0.859437759999994
1.1260000000000008,0.8503901399999912
1.1270000000000007,0.840460119999993
1.1280000000000006,0.8299355499999924
1.1290000000000007,0.8185942314298486
1.1300000000000008,0.8068085299999892
1.1310000000000007,0.7947237499999914
1.1320000000000006,0.7819658499999943
1.1330000000000007,0.7691794599999913
1.1340000000000008,0.7559365734726433
1.1350000000000007,0.7429712999999913
1.1360000000000006,0.7298265099999914
1.1370000000000007,0.7169658499999916
1.1380000000000008,0.7043176299999894
1.1390000000000007,0.6923381779451981
1.1400000000000006,0.6811797599999934
1.1410000000000007,0.6711398399999945
1.1420000000000008,0.6627880299999958
1.1430000000000007,0.6564310199999972
1.1440000000000006,0.6522504080611913
1.1450000000000007,0.6506307700000008
1.1460000000000008,0.6518519500000035
1.1470000000000007,0.6558573200000042
1.1480000000000006,0.6621854900000063
1.1490000000000007,0.6715404400000071
1.1500000000000008,0.6821985800000114
1.1510000000000007,0.6950741400000094
1.1520000000000006,0.7092115900000066
1.1530000000000007,0.72401434000001
1.1540000000000008,0.7389672400000099
1.1550000000000007,0.7538034900000095
1.1560000000000006,0.7679365300000088
1.1570000000000007,0.78121484569144
1.1580000000000008,0.7938717600000103
1.1590000000000007,0.805427550000007
1.1600000000000006,0.8159225000000064
1.1610000000000007,0.8256684500000058
1.1620000000000008,0.8342908575472509
1.1630000000000007,0.8419663300000045
1.1640000000000006,0.8487411100000026
1.1650000000000007,0.8548467800000035
1.1660000000000008,0.8600129500000043
1.1670000000000007,0.8649149997950235
1.1680000000000006,0.8692352800000026
1.1690000000000007,0.8731519000000023
1.1700000000000008,0.8766710800000029
1.1710000000000007,0.879899560000002
1.1720000000000006,0.8828647134846533
1.1730000000000007,0.8855401300000016
1.1740000000000008,0.8879846900000016
1.1750000000000007,0.8902753600000013
1.1760000000000006,0.8923420900000013
1.1770000000000007,0.8942729200000014
1.1780000000000008,0.8962790400000017
1.1790000000000007,0.8981900200000011
1.1800000000000006,0.8999326089031104
1.1810000000000007,0.9016216400000011
1.1820000000000008,0.9032282200000014
1.1830000000000007,0.904770850000001
1.1840000000000006,0.9062784900000007
1.1850000000000007,0.907765657071294
1.1860000000000008,0.9092363700000012
1.1870000000000007,0.9105862400000009
1.1880000000000006,0.9118438400000007
1.1890000000000007,0.9130572700000007
1.1900000000000008,0.9140611496120397
1.1910000000000007,0.9149999600000007
1.1920000000000006,0.9159249100000005
1.1930000000000007,0.9167673600000006
1.1940000000000008,0.9176446200000008
1.1950000000000007,0.9184604684151592
1.1960000000000006,0.9192171100000004
1.1970000000000007,0.9199552500000004
1.1980000000000008,0.9206338500000005
1.1990000000000007,0.9212781200000003
1.2000000000000006,0.9218130100000004
1.2010000000000007,0.9222813800000005
1.2020000000000008,0.9227208500000004
1.2030000000000007,0.923106998112189
1.2040000000000006,0.9233881200000003
1.2050000000000007,0.9236992000000003
1.2060000000000008,0.9240219600000003
1.2070000000000007,0.9242547200000001
1.2080000000000006,0.9244679983441657
1.2090000000000007,0.9246514400000001
1.2100000000000009,0.9248030800000001
1.2110000000000007,0.9249123300000001
1.2120000000000006,0.9250889400000001
1.2130000000000007,0.9252821006839318
1.2140000000000009,0.9254329200000002
1.2150000000000007,0.9256454100000001
1.2160000000000006,0.9258361500000001
1.2170000000000007,0.9260782000000002
1.2180000000000009,0.926415466273373
1.2190000000000007,0.9267374300000002
1.2200000000000006,0.9271072100000003
1.2210000000000008,0.9275599100000005
1.2220000000000009,0.9280866400000004
1.2230000000000008,0.9285956600000006
1.2240000000000006,0.9291909300000004
1.2250000000000008,0.9298314500000003
1.2260000000000009,0.9303867200000006
1.2270000000000008,0.9310101900000003
1.2280000000000006,0.9315740500000004
1.2290000000000008,0.9320035600000003
1.2300000000000009,0.9324988700000004
1.2310000000000008,0.9329365874692533
1.2320000000000007,0.9333112800000003
1.2330000000000008,0.9337915200000003
1.2340000000000009,0.9342206100000003
1.2350000000000008,0.9345699000000004
1.2360000000000007,0.9349914017308273
1.2370000000000008,0.9354087100000003
1.2380000000000009,0.9357748000000002
1.2390000000000008,0.9361957900000002
1.2400000000000007,0.9365796400000003
1.2410000000000008,0.9369479031736829
1.2420000000000009,0.9372662900000003
1.2430000000000008,0.9375878000000003
1.2440000000000007,0.9377824100000001
1.2450000000000008,0.9380062800000001
1.2460000000000009,0.9382030803199681
1.2470000000000008,0.9383432300000001
1.2480000000000007,0.9385901700000001
1.2490000000000008,0.9387589100000001
1.2500000000000009,0.9388678700000002
1.2510000000000008,0.9389941100000001
1.2520000000000007,0.9390992500000002
1.2530000000000008,0.9392395000000001
1.254000000000001,0.9393561617828218
1.2550000000000008,0.9394739900000001
1.2560000000000007,0.9396138200000002
1.2570000000000008,0.93970627
1.258000000000001,0.93978578
1.2590000000000008,0.9398277405249476
1.2600000000000007,0.93983299
1.2610000000000008,0.93985552
1.262000000000001,0.93987417
1.2630000000000008,0.93983853
1.2640000000000007,0.9397934745055494
1.2650000000000008,0.9397231899999999
1.266000000000001,0.93963665
1.2670000000000008,0.93960226
1.2680000000000007,0.93959969
1.2690000000000008,0.9395436056084391
1.270000000000001,0.9394504399999999
1.2710000000000008,0.93933624
1.2720000000000007,0.93930781
1.2730000000000008,0.9393144199999999
1.274000000000001,0.9392431999999997
1.2750000000000008,0.9391164199999997
1.2760000000000007,0.9388664999999998
1.2770000000000008,0.9385842099999998
1.278000000000001,0.9382823699999997
1.2790000000000008,0.9379205099999998
1.2800000000000007,0.9375736099999997
1.2810000000000008,0.9372039399999996
1.282000000000001,0.9368093855584438
1.2830000000000008,0.9364649699999996
1.2840000000000007,0.9360234099999997
1.2850000000000008,0.9355092599999996
1.286000000000001,0.9349752699999995
1.2870000000000008,0.9343827279272069
1.2880000000000007,0.9336619999999997
1.2890000000000008,0.9329222999999994
1.290000000000001,0.9321025599999992
1.2910000000000008,0.9312252399999992
1.2920000000000007,0.9303563468893106
1.2930000000000008,0.9294096199999995
1.294000000000001,0.9285467299999993
1.2950000000000008,0.9277419399999992
1.2960000000000007,0.9269210699999996
1.2970000000000008,0.9261722148855108
1.298000000000001,0.9252873699999993
1.2990000000000008,0.9243848899999995
1.3000000000000007,0.9236212399999996
1.3010000000000008,0.9228914999999994
1.302000000000001,0.9222001399999993
1.3030000000000008,0.9216306799999997
1.3040000000000007,0.9211838799999996
1.3050000000000008,0.9206915061173879
1.306000000000001,0.9202526799999997
1.3070000000000008,0.9198736499999997
1.3080000000000007,0.9195260999999998
1.3090000000000008,0.9192194299999997
1.310000000000001,0.9189083271612836
1.3110000000000008,0.9185799399999995
1.3120000000000007,0.9181283099999995
1.3130000000000008,0.9176009899999995
1.314000000000001,0.9170163299999994
1.3150000000000008,0.9163087707559238
1.3160000000000007,0.9155069599999992
1.3170000000000008,0.9145857699999992
1.318000000000001,0.9136593899999992
1.3190000000000008,0.9127742099999993
1.3200000000000007,0.9118816592550738
1.3210000000000008,0.9110329699999993
1.322000000000001,0.910212699999999
1.3230000000000008,0.9093518899999996
1.3240000000000007,0.9086221499999996
1.3250000000000008,0.9080089899999995
1.326000000000001,0.9074005499999993
1.3270000000000008,0.9068180899999996
1.3280000000000007,0.9063596217308265
1.3290000000000008,0.9058769299999998
1.330000000000001,0.9055703899999998
1.3310000000000008,0.90543807
1.3320000000000007,0.9053803099999999
1.3330000000000009,0.9052993664533546
1.334000000000001,0.9052639
1.3350000000000009,0.9050996899999998
1.3360000000000007,0.9048668099999997
1.3370000000000009,0.9045106799999996
1.338000000000001,0.9039706540025992
1.3390000000000009,0.9032721499999992
1.3400000000000007,0.9022880799999993
1.3410000000000009,0.901192609999999
1.342000000000001,0.9001162599999987
1.3430000000000009,0.8988668349425046
1.3440000000000007,0.8976809399999993
1.3450000000000009,0.896606859999999
1.346000000000001,0.895506739999999
1.3470000000000009,0.8945792899999994
1.3480000000000008,0.8938629599999994
1.3490000000000009,0.8930659899999993
1.350000000000001,0.8923278499999994
1.3510000000000009,0.8915568599999993
1.3520000000000008,0.8907949299999993
1.3530000000000009,0.8899892599999994
1.354000000000001,0.8891559799999992
1.3550000000000009,0.8883144299999992
1.3560000000000008,0.8874315892550738
1.3570000000000009,0.8865241399999993
1.358000000000001,0.8857328299999995
1.3590000000000009,0.8851063299999996
1.3600000000000008,0.8845897299999996
1.3610000000000009,0.8841125533156681
1.362000000000001,0.8836457099999996
1.3630000000000009,0.8832056499999997
1.3640000000000008,0.8827918799999998
1.3650000000000009,0.8824612499999996
1.366000000000001,0.882145081616838
1.3670000000000009,0.8818092299999998
1.3680000000000008,0.8814991699999998
1.3690000000000009,0.8811575199999997
1.370000000000001,0.8808210499999998
1.3710000000000009,0.88053407869713
1.3720000000000008,0.8803349099999999
1.3730000000000009,0.88016665
1.374000000000001,0.88008809
1.3750000000000009,0.8801025200000001
1.3760000000000008,0.8801692700000001
1.377000000000001,0.8803025500000001
1.378000000000001,0.8804417800000003
1.379000000000001,0.8807677101139886
1.3800000000000008,0.8808688500000001
1.381000000000001,0.8809473499999999
1.382000000000001,0.8808493599999998
1.383000000000001,0.8806287099999996
1.3840000000000008,0.8802472375472449
1.385000000000001,0.8797227099999995
1.386000000000001,0.8790872699999991
1.387000000000001,0.878306979999999
1.3880000000000008,0.8774391399999995
1.389000000000001,0.8765674471692824
1.390000000000001,0.8757274699999991
1.391000000000001,0.8749575599999994
1.3920000000000008,0.8742403999999995
1.393000000000001,0.8735701999999994
1.394000000000001,0.872939473072692
1.395000000000001,0.8723951599999995
1.3960000000000008,0.8718559099999994
1.397000000000001,0.8712527799999993
1.398000000000001,0.8706909399999996
1.399000000000001,0.8701487199999994
1.4000000000000008,0.8695675699999994
1.4010000000000007,0.8689992399999996
1.402000000000001,0.8685035099999994
1.403000000000001,0.8679135999999995
1.4040000000000008,0.8672444799999995
1.4050000000000007,0.8666217299999995
1.406000000000001,0.8659837199999993
1.407000000000001,0.8653470335176476
1.4080000000000008,0.8647822099999996
1.4090000000000007,0.8640952699999994
1.410000000000001,0.8633418699999991
1.411000000000001,0.8625681999999991
1.4120000000000008,0.8616627784161578
1.4130000000000007,0.8608469399999994
1.414000000000001,0.8599910699999993
1.415000000000001,0.8592711099999994
1.4160000000000008,0.8586380499999996
1.4170000000000007,0.8581610177032294
1.418000000000001,0.8579523000000001
1.419000000000001,0.8579679100000003
1.4200000000000008,0.8583293600000006
1.4210000000000007,0.8589556200000006
1.422000000000001,0.8597908964723536
1.423000000000001,0.8609423600000012
1.4240000000000008,0.862292410000001
1.4250000000000007,0.8637140400000011
1.426000000000001,0.8653609800000018
1.427000000000001,0.8670655500000019
1.4280000000000008,0.8687413900000011
1.4290000000000007,0.870404060000001
1.430000000000001,0.871875422701731
1.431000000000001,0.873202440000001
1.4320000000000008,0.8742756800000008
1.4330000000000007,0.8751328600000005
1.434000000000001,0.8757845200000003
1.435000000000001,0.8761906863783624
1.4360000000000008,0.87645447
1.4370000000000007,0.87647933
1.438000000000001,0.8764753899999997
1.439000000000001,0.8762795299999999
1.4400000000000008,0.8761053274202578
1.4410000000000007,0.8758922799999997
1.442000000000001,0.8755916399999997
1.443000000000001,0.8752802599999996
1.4440000000000008,0.8748270899999995
1.4450000000000007,0.8742468980191975
1.446000000000001,0.8736112099999991
1.447000000000001,0.8728168599999991
1.4480000000000008,0.8720570199999994
1.4490000000000007,0.8712308999999996
1.450000000000001,0.8704288599999992
1.451000000000001,0.8697152699999993
1.4520000000000008,0.8690563999999995
1.4530000000000007,0.8684866494610536
1.454000000000001,0.8679812599999994
1.455000000000001,0.8674900499999996
1.4560000000000008,0.8669965299999995
1.4570000000000007,0.8664960299999994
1.458000000000001,0.8658815541855807
1.459000000000001,0.8652234099999995
1.4600000000000009,0.8645393299999994
1.4610000000000007,0.8637550499999993
1.462000000000001,0.8630042099999992
1.463000000000001,0.8622374666743318
1.4640000000000009,0.8614184899999993
1.4650000000000007,0.8605894399999995
1.466000000000001,0.8598167299999993
1.467000000000001,0.8591186399999994
1.4680000000000009,0.8584935125127482
1.4690000000000007,0.8579676199999998
1.470000000000001,0.8576278099999995
1.471000000000001,0.8571804799999996
1.4720000000000009,0.8567884599999995
1.4730000000000008,0.8563153699999997
1.474000000000001,0.8557935999999993
1.475000000000001,0.8552387399999994
1.4760000000000009,0.8546403599999994
1.4770000000000008,0.8540342999999995
1.478000000000001,0.8534118499999994
1.479000000000001,0.8527641299999994
1.4800000000000009,0.8521105099999994
1.4810000000000008,0.8513969650784916
1.482000000000001,0.8506477499999991
1.483000000000001,0.8498567299999992
1.4840000000000009,0.8490074899999992
1.4850000000000008,0.8481371999999994
1.486000000000001,0.8472287367633227
1.487000000000001,0.8462963699999989
1.4880000000000009,0.8453110499999993
1.4890000000000008,0.8443478299999994
1.490000000000001,0.843405009999999
1.491000000000001,0.8424847420267964
1.4920000000000009,0.8416895899999994
1.4930000000000008,0.8411213199999997
1.494000000000001,0.8407670299999997
1.495000000000001,0.8406123500000001
1.4960000000000009,0.8407520560293972
1.4970000000000008,0.8411287700000005
1.498000000000001,0.8417661200000007
1.499000000000001,0.8426009400000009
1.5000000000000009,0.843618990000001
1.5010000000000008,0.844750340000001
1.5020000000000011,0.8458797300000016
1.503000000000001,0.847043280000001
1.504000000000001,0.8481708646015409
1.5050000000000008,0.8492168800000008
1.5060000000000011,0.850156660000001
1.507000000000001,0.8510507300000009
1.508000000000001,0.8518300700000005
1.5090000000000008,0.8525018232166788
1.5100000000000011,0.8532339900000009
1.511000000000001,0.8539850700000009
1.512000000000001,0.8547546900000009
1.5130000000000008,0.8555957100000006
1.5140000000000011,0.8564343161393871
1.515000000000001,0.8572642200000009
1.516000000000001,0.8581047100000008
1.5170000000000008,0.8589946000000006
1.5180000000000011,0.859791400000001
1.519000000000001,0.860564212718729
1.520000000000001,0.8612719200000005
1.5210000000000008,0.8619148700000006
1.5220000000000011,0.8625276100000008
1.523000000000001,0.8631331900000004
1.524000000000001,0.8636529400000004
1.5250000000000008,0.8640809100000003
1.5260000000000011,0.8644898500000004
1.527000000000001,0.8648463500000003
1.528000000000001,0.8651455000000002
1.5290000000000008,0.8653941800000002
1.5300000000000011,0.8656484500000002
1.531000000000001,0.8658775700000002
1.532000000000001,0.8660313048575145
1.5330000000000008,0.86617988
1.5340000000000011,0.8662258399999999
1.535000000000001,0.86609709
1.536000000000001,0.86607397
1.5370000000000008,0.8660408911918808
1.5380000000000011,0.8660528100000001
1.539000000000001,0.8661182500000001
1.540000000000001,0.8661899000000001
1.5410000000000008,0.86626214
1.5420000000000011,0.8662961066033397
1.543000000000001,0.8663371200000001
1.544000000000001,0.8664229500000001
1.5450000000000008,0.8665514000000003
1.5460000000000012,0.8667688400000003
1.547000000000001,0.8670700498790124
1.548000000000001,0.8673886700000003
1.5490000000000008,0.8677548200000003
1.5500000000000012,0.8681343800000004
1.551000000000001,0.8685728900000006
1.552000000000001,0.8690871000000004
1.5530000000000008,0.8695371700000002
1.5540000000000012,0.8699162000000004
1.555000000000001,0.8702401116348367
1.556000000000001,0.8704564600000001
1.5570000000000008,0.8706415900000002
1.5580000000000012,0.8708562900000002
1.559000000000001,0.8710370100000001
1.560000000000001,0.8711816270212981
1.5610000000000008,0.8713518400000001
1.5620000000000012,0.87149119
1.563000000000001,0.87150687
1.564000000000001,0.87150788
1.5650000000000008,0.8715325575322468
1.5660000000000012,0.87153536
1.567000000000001,0.87152576
1.568000000000001,0.8714859499999998
1.5690000000000008,0.8713756799999998
1.5700000000000012,0.8711580817598237
1.571000000000001,0.8709104099999998
1.572000000000001,0.8706952299999998
1.5730000000000008,0.8704546099999998
1.5740000000000012,0.8701567099999997
1.575000000000001,0.8698244699999995
1.576000000000001,0.8694036599999995
1.5770000000000008,0.8688977399999995
1.5780000000000012,0.8683569344655526
1.579000000000001,0.8677015899999992
1.580000000000001,0.8670064799999995
1.5810000000000008,0.8663305599999993
1.5820000000000012,0.8655776399999989
1.583000000000001,0.8647721763053684
1.584000000000001,0.8639352299999993
1.5850000000000009,0.8630431299999992
1.5860000000000012,0.8621581199999989
1.587000000000001,0.8613536399999991
1.588000000000001,0.8605932160423949
1.5890000000000009,0.8598265099999993
1.5900000000000012,0.8590546799999991
1.591000000000001,0.8582319599999991
1.592000000000001,0.8574409499999992
1.5930000000000009,0.8567547886161377
1.5940000000000012,0.855922639999999
1.595000000000001,0.8549929899999988
1.596000000000001,0.8539943699999986
1.5970000000000009,0.8527170399999987
1.5980000000000012,0.8512380699999982
1.599000000000001,0.8496485399999981
1.600000000000001,0.8479492099999983
1.6010000000000009,0.8460332799999981
1.6020000000000012,0.8439051499999969
1.603000000000001,0.8416041699999978
1.604000000000001,0.8390921399999977
1.6050000000000009,0.8364089099999975
1.6060000000000012,0.8336577583601607
1.607000000000001,0.8308413599999966
1.608000000000001,0.8278878299999973
1.6090000000000009,0.8248385199999971
1.6100000000000012,0.8216071699999963
1.611000000000001,0.8181863403579599
1.612000000000001,0.8145899199999956
1.6130000000000009,0.8106901599999973
1.6140000000000012,0.8064442299999948
1.615000000000001,0.8017889899999945
1.616000000000001,0.7967592729716975
1.6170000000000009,0.7913770099999948
1.6180000000000012,0.7854886699999929
1.619000000000001,0.7791309399999925
1.620000000000001,0.7723219999999934
1.6210000000000009,0.7648206101389798
1.6220000000000012,0.7568007699999886
1.623000000000001,0.7482351099999918
1.624000000000001,0.7390162299999913
1.6250000000000009,0.7291970299999907
1.6260000000000012,0.7186499799999854
1.6270000000000011,0.707647559999985
1.628000000000001,0.6963723299999895
1.629000000000001,0.6846433257314155
1.6300000000000012,0.6727006399999836
1.6310000000000011,0.6604269699999862
1.632000000000001,0.6479827799999863
1.633000000000001,0.635644439999989
1.6340000000000012,0.6232618563513508
1.6350000000000011,0.6112253699999872
1.636000000000001,0.5996763699999877
1.637000000000001,0.5887131699999889
1.6380000000000012,0.5787574599999904
1.6390000000000011,0.5701840173442566
1.640000000000001,0.5629911999999937
1.641000000000001,0.5573738799999964
1.6420000000000012,0.5533654699999968
1.6430000000000011,0.5509080299999985
1.644000000000001,0.5496284479582028
1.645000000000001,0.5492556700000002
1.6460000000000012,0.5494992100000007
1.6470000000000011,0.5500290400000006
1.648000000000001,0.5505660200000002
1.649000000000001,0.55084294
1.6500000000000012,0.5507866699999993
1.6510000000000011,0.5502014199999988
1.652000000000001,0.5490717899999981
1.653000000000001,0.547395769999998
1.6540000000000012,0.5451667299999969
1.6550000000000011,0.5423172099999962
1.656000000000001,0.5389520499999957
1.657000000000001,0.5350093358394118
1.6580000000000013,0.5303677299999942
1.6590000000000011,0.5250741799999933
1.660000000000001,0.5190634699999924
1.661000000000001,0.5122274799999933
1.6620000000000013,0.5046969129366967
1.6630000000000011,0.4964262799999902
1.664000000000001,0.4876074799999919
1.665000000000001,0.47845234999999153
1.6660000000000013,0.4688705199999872
1.6670000000000011,0.4592431527367162
1.668000000000001,0.44969543999999145
1.669000000000001,0.4400703599999916
1.6700000000000013,0.43061899999998743
1.6710000000000012,0.42122029999998944
1.672000000000001,0.41175626640334967
1.673000000000001,0.4021782299999911
1.6740000000000013,0.39213266999998847
1.6750000000000012,0.38175561999998814
1.676000000000001,0.3710798299999878
1.677000000000001,0.360057179999988
1.6780000000000013,0.3492485899999885
1.6790000000000012,0.33886622999998933
1.680000000000001,0.3292641173502572
1.681000000000001,0.32103761999999425
1.6820000000000013,0.31454717999999404
1.6830000000000012,0.31010910999999763
1.684000000000001,0.3079817000000003
1.685000000000001,0.3082994888511175
1.6860000000000013,0.31108800000000697
1.6870000000000012,0.31630290000000943
1.688000000000001,0.3233584500000077
1.689000000000001,0.33198246000000886
1.6900000000000013,0.34197457078893384
1.6910000000000012,0.35283619000001526
1.692000000000001,0.3642737300000133
1.693000000000001,0.3762306000000107
1.6940000000000013,0.3882935900000159
1.6950000000000012,0.40019747961105406
1.696000000000001,0.41189539000001274
1.697000000000001,0.42337686000001257
1.6980000000000013,0.4346676500000122
1.6990000000000012,0.44560218000001195
1.700000000000001,0.45632806000001164
1.701000000000001,0.46683642000001124
1.7020000000000013,0.47699392000001334
1.7030000000000012,0.48698234142986846
1.704000000000001,0.49679664000001045
1.705000000000001,0.506214380000008
1.7060000000000013,0.5152083600000112
1.7070000000000012,0.5236410500000105
1.708000000000001,0.5314433680692016
1.709000000000001,0.5387240600000058
1.7100000000000013,0.5453580000000081
1.7110000000000012,0.5514106200000074
1.712000000000001,0.5569834100000056
1.713000000000001,0.5620628320577996
1.7140000000000013,0.5668300400000059
1.7150000000000012,0.5712542500000046
1.716000000000001,0.5754790300000047
1.717000000000001,0.5796771000000045
1.7180000000000013,0.5837648012298823
1.7190000000000012,0.5878464000000045
1.720000000000001,0.5919352200000045
1.721000000000001,0.5959947100000046
1.7220000000000013,0.6000556300000053
1.7230000000000012,0.6040597600000043
1.724000000000001,0.6079950900000044
1.725000000000001,0.6119790100000035
1.7260000000000013,0.6160227100000053
1.7270000000000012,0.6200430400000055
1.728000000000001,0.6242429600000036
1.729000000000001,0.6282475600000035
1.7300000000000013,0.6321770500000049
1.7310000000000012,0.6358829247555287
1.732000000000001,0.6395304800000037
1.733000000000001,0.6428214900000027
1.7340000000000013,0.6458514900000036
1.7350000000000012,0.6485787600000027
1.736000000000001,0.6509800408729153
1.737000000000001,0.6531887700000021
1.7380000000000013,0.6551078600000019
1.7390000000000012,0.6568493800000017
1.740000000000001,0.6583405100000015
1.741000000000001,0.6596854155094505
1.7420000000000013,0.6607453800000016
1.7430000000000012,0.6619015300000011
1.744000000000001,0.6629039000000013
1.745000000000001,0.6640440800000011
1.7460000000000013,0.6653008443235693
1.7470000000000012,0.6664248700000014
1.748000000000001,0.6675158700000009
1.749000000000001,0.6684804000000006
1.7500000000000013,0.6692769500000009
1.7510000000000012,0.6699312300000007
1.7520000000000011,0.6703938200000004
1.753000000000001,0.6706804600000001
1.7540000000000013,0.6708404985641435
1.7550000000000012,0.67082614
1.7560000000000011,0.6708055099999998
1.757000000000001,0.6706553099999998
1.7580000000000013,0.67044181
1.7590000000000012,0.6704717376402362
1.7600000000000011,0.6705481400000002
1.761000000000001,0.6707822100000006
1.7620000000000013,0.6712654800000007
1.7630000000000012,0.6717677700000005
1.7640000000000011,0.672300406736327
1.765000000000001,0.6729361400000007
1.7660000000000013,0.6735231900000007
1.7670000000000012,0.6740055100000008
1.7680000000000011,0.6745604900000006
1.769000000000001,0.6751573703119694
1.7700000000000014,0.6756748600000007
1.7710000000000012,0.6761522300000007
1.7720000000000011,0.6766487400000005
1.773000000000001,0.6770541100000005
1.7740000000000014,0.6775577700000007
1.7750000000000012,0.6781379600000008
1.7760000000000011,0.6787475900000006
1.777000000000001,0.6793593800000007
1.7780000000000014,0.6800968100000011
1.7790000000000012,0.6808942000000009
1.7800000000000011,0.6818198600000013
1.781000000000001,0.6829667100000011
1.7820000000000014,0.6839368233136701
1.7830000000000013,0.684969960000001
1.7840000000000011,0.6858570000000007
1.785000000000001,0.686585900000001
1.7860000000000014,0.6873431800000009
1.7870000000000013,0.6880219158214187
1.7880000000000011,0.6887801300000008
1.789000000000001,0.6895258400000006
1.7900000000000014,0.6903359900000011
1.7910000000000013,0.6911787400000013
1.7920000000000011,0.6921414937246285
1.793000000000001,0.6932155500000009
1.7940000000000014,0.6942236400000014
1.7950000000000013,0.6952325100000012
1.7960000000000012,0.6961705700000012
1.797000000000001,0.697154361620839
1.7980000000000014,0.698454260000002
1.7990000000000013,0.6999127300000018
1.8000000000000012,0.7015018500000019
1.801000000000001,0.7032272800000022
1.8020000000000014,0.7052217100000029
1.8030000000000013,0.7070574800000022
1.8040000000000012,0.7090939300000019
1.805000000000001,0.7108284469113103
1.8060000000000014,0.7122975600000019
1.8070000000000013,0.7136835500000017
1.8080000000000012,0.7149530600000013
1.809000000000001,0.7160256500000007
1.8100000000000014,0.7169257574902521
1.8110000000000013,0.7177006600000008
1.8120000000000012,0.7183154800000006
1.813000000000001,0.7187269300000002
1.8140000000000014,0.7189820400000001
1.8150000000000013,0.7190604121627838
1.8160000000000012,0.7188438799999997
1.817000000000001,0.7186322199999995
1.8180000000000014,0.7181521099999999
1.8190000000000013,0.7180444599999999
1.8200000000000012,0.7179864657994199
1.821000000000001,0.7180996500000003
1.8220000000000014,0.7184439300000007
1.8230000000000013,0.7189444900000007
1.8240000000000012,0.7195591900000008
1.825000000000001,0.7202753400000012
1.8260000000000014,0.7212647200000015
1.8270000000000013,0.7222971300000011
1.8280000000000012,0.7231177971982812
1.829000000000001,0.7239897800000007
1.8300000000000014,0.7246380400000015
1.8310000000000013,0.7257897900000002
1.8320000000000012,0.7259831400000004
1.833000000000001,0.7263032491850818
1.8340000000000014,0.7265951000000002
1.8350000000000013,0.7267020899999996
1.8360000000000012,0.7264910299999998
1.837000000000001,0.7263619899999999
1.8380000000000014,0.7262626399350064
1.8390000000000013,0.7259830199999994
1.8400000000000012,0.7254428299999994
1.841000000000001,0.7249585399999995
1.8420000000000014,0.7244133899999993
1.8430000000000013,0.7239128900499944
1.8440000000000012,0.7235771999999996
1.845000000000001,0.7231891799999997
1.8460000000000014,0.7229045599999995
1.8470000000000013,0.7225513499999995
1.8480000000000012,0.7221646899999999
1.849000000000001,0.7221072299999999
1.8500000000000014,0.7220449999999994
1.8510000000000013,0.7216311699999998
1.8520000000000012,0.7214351900000002
1.853000000000001,0.7215853300000001
1.8540000000000014,0.7217211700000001
1.8550000000000013,0.7218356700000006
1.8560000000000012,0.7222397090670938
1.857000000000001,0.7226303800000002
1.8580000000000014,0.7228581300000008
1.8590000000000013,0.7234504200000007
1.8600000000000012,0.7239366800000002
1.861000000000001,0.7241584893450658
1.8620000000000014,0.7243519400000001
1.8630000000000013,0.7244255499999993
1.8640000000000012,0.7238745699999997
1.865000000000001,0.7236025900000002
1.8660000000000014,0.7237161286461355
1.8670000000000013,0.7236715600000003
1.8680000000000012,0.7239383500000005
1.869000000000001,0.7244707300000002
1.8700000000000014,0.7247086800000003
1.8710000000000013,0.7249437964883515
1.8720000000000012,0.7253117000000003
1.873000000000001,0.7256229500000003
1.8740000000000014,0.7260265400000008
1.8750000000000013,0.7265910500000008
1.8760000000000012,0.7271785700000007
1.8770000000000011,0.7277486900000009
1.8780000000000014,0.728437010000001
1.8790000000000013,0.7291528532746733
1.8800000000000012,0.729685600000001
1.8810000000000011,0.7304992700000013
1.8820000000000014,0.7316322900000014
1.8830000000000013,0.7325744600000015
1.8840000000000012,0.7336590780701943
1.8850000000000011,0.7347397800000004
1.8860000000000015,0.735094370000001
1.8870000000000013,0.7357526400000017
1.8880000000000012,0.7369209500000015
1.8890000000000011,0.7382277693180697
1.8900000000000015,0.7394195800000017
1.8910000000000013,0.740559040000001
1.8920000000000012,0.7412889000000005
1.8930000000000011,0.7415941400000005
1.8940000000000015,0.7419477346405364
1.8950000000000014,0.7423550500000005
1.8960000000000012,0.7427027200000001
1.8970000000000011,0.7428026200000003
1.8980000000000015,0.7430322200000004
1.8990000000000014,0.7432742100000006
1.9000000000000012,0.7436997300000008
1.9010000000000011,0.7442664500000008
1.9020000000000015,0.744942190000001
1.9030000000000014,0.7455933100000003
1.9040000000000012,0.7458671900000002
1.9050000000000011,0.74607915
1.9060000000000015,0.7460299700000002
1.9070000000000014,0.7460780989951009
1.9080000000000013,0.7463680500000002
1.9090000000000011,0.7465772600000002
1.9100000000000015,0.7467665100000004
1.9110000000000014,0.7470076100000003
1.9120000000000013,0.7471916078542146
1.9130000000000011,0.7471701499999998
1.9140000000000015,0.7469327999999995
1.9150000000000014,0.7465144999999997
1.9160000000000013,0.7462334599999998
1.9170000000000011,0.746026180727927
1.9180000000000015,0.7456637
1.9190000000000014,0.7457193099999997
1.9200000000000013,0.7454662299999983
1.9210000000000012,0.7442367699999989
1.9220000000000015,0.743231520524946
1.9230000000000014,0.7422243399999988
1.9240000000000013,0.7413477899999993
1.9250000000000012,0.7407102599999994
1.9260000000000015,0.7402448699999995
1.9270000000000014,0.7399097699999994
1.9280000000000013,0.7395113099999997
1.9290000000000012,0.7391975499999999
1.9300000000000015,0.7391344215728426
1.9310000000000014,0.7390501499999999
1.9320000000000013,0.7389390499999999
1.9330000000000012,0.73883474
1.9340000000000015,0.7388463599999999
1.9350000000000014,0.7387876212018795
1.9360000000000013,0.7384996399999995
1.9370000000000012,0.7381127499999992
1.9380000000000015,0.7375380999999991
1.9390000000000014,0.7369125499999992
1.9400000000000013,0.7363228789671026
1.9410000000000012,0.7358167199999992
1.9420000000000015,0.735268119999999
1.9430000000000014,0.7346174099999991
1.9440000000000013,0.7339711799999991
1.9450000000000012,0.7333397331446847
1.9460000000000015,0.7327043999999989
1.9470000000000014,0.732014179999999
1.9480000000000013,0.7313550699999993
1.9490000000000012,0.7307447799999994
1.9500000000000015,0.7302556599999991
1.9510000000000014,0.7296887599999988
1.9520000000000013,0.7289340499999991
1.9530000000000012,0.7282925876902304
1.9540000000000015,0.727769489999999
1.9550000000000014,0.7271286799999992
1.9560000000000013,0.7265617799999993
1.9570000000000012,0.7259836199999988
1.9580000000000015,0.7250698021757812
1.9590000000000014,0.7242915599999991
1.9600000000000013,0.7236558199999992
1.9610000000000012,0.7231059699999995
1.9620000000000015,0.7227446399999995
1.9630000000000014,0.7223801364503544
1.9640000000000013,0.7220225299999997
1.9650000000000012,0.7218125499999998
1.9660000000000015,0.7215765099999996
1.9670000000000014,0.7213239099999995
1.9680000000000013,0.7210440879822014
1.9690000000000012,0.7208421799999997
1.9700000000000015,0.720504049999999
1.9710000000000014,0.7198768299999991
1.9720000000000013,0.7193359099999993
1.9730000000000012,0.7188546099999992
1.9740000000000015,0.7181981799999994
1.9750000000000014,0.7177914399999996
1.9760000000000013,0.7175819899999994
1.9770000000000012,0.7171979499999993
1.9780000000000015,0.7166885099999993
1.9790000000000014,0.7161999299999993
1.9800000000000013,0.7155923799999993
1.9810000000000012,0.7149885500569939
1.9820000000000015,0.7145891199999992
1.9830000000000014,0.7140740799999991
1.9840000000000013,0.713322819999999
1.9850000000000012,0.7125945099999992
1.9860000000000015,0.7119346123187669
1.9870000000000014,0.7111577999999984
1.9880000000000013,0.710116089999999
1.9890000000000012,0.7092193399999991
1.9900000000000015,0.7084432199999985
1.9910000000000014,0.7074647378482137
1.9920000000000013,0.7064869399999993
1.9930000000000012,0.7060139799999993
1.9940000000000015,0.705272559999998
1.9950000000000014,0.7039862899999986
1.9960000000000013,0.7028770409249061
1.9970000000000012,0.7018015999999984
1.9980000000000016,0.7006027699999987
1.9990000000000014,0.6995696399999985
2.0000000000000013,0.6984911599999983
2.0010000000000012,0.6972332458208342
2.0020000000000016,0.6958914541791621
2.0030000000000014,0.6945969499999984
2.0040000000000013,0.6934706489252134
2.0050000000000012,0.6921599010747836
2.0060000000000016,0.6906835399999972
2.0070000000000014,0.6891344199999967
2.0080000000000013,0.6872407212157549
2.0090000000000012,0.6854528787842412
2.0100000000000016,0.6837996799999971
2.0110000000000015,0.6821913790401892
2.0120000000000013,0.6804817809598055
2.0130000000000012,0.679010749999998
2.0140000000000016,0.6774789675844811
2.0150000000000015,0.6762548124155151
2.0160000000000013,0.6754533599999993
2.0170000000000012,0.6749527499999997
2.0180000000000016,0.6747320220545899
2.0190000000000015,0.6752525679454117
2.0200000000000014,0.6755215500000002
2.0210000000000012,0.6756861449580086
2.0220000000000016,0.675935725041992
2.0230000000000015,0.67587626
2.0240000000000014,0.6758666828484305
2.0250000000000012,0.6760951671515699
2.0260000000000016,0.67629415
2.0270000000000015,0.6763154300000003
2.0280000000000014,0.6764122703159685
2.0290000000000012,0.6765100400000004
2.0300000000000016,0.6767555500000005
2.0310000000000015,0.6770765527104584
2.0320000000000014,0.6774036572895425
2.0330000000000013,0.6777606000000007
2.0340000000000016,0.6783619313937219
2.0350000000000015,0.6787758686062794
2.0360000000000014,0.6790166500000003
2.0370000000000013,0.6792399367936414
2.0380000000000016,0.6793078732063588
2.0390000000000015,0.6792541699999999
2.0400000000000014,0.6791663199999998
2.0410000000000013,0.6789906190061983
2.0420000000000016,0.6785806809938005
2.0430000000000015,0.6781883799999997
2.0440000000000014,0.6779721690951807
2.0450000000000013,0.6776631209048187
2.0460000000000016,0.677131709999999
2.0470000000000015,0.6765539720345923
2.0480000000000014,0.6760743179654062
2.0490000000000013,0.6755810999999992
2.0500000000000016,0.6749984599999993
2.0510000000000015,0.6746259072552738
2.0520000000000014,0.6741114899999993
2.0530000000000013,0.6735364199999989
2.0540000000000016,0.6726762608568266
2.0550000000000015,0.6714848291431695
2.0560000000000014,0.6701809199999976
2.0570000000000013,0.6684054709178143
2.0580000000000016,0.6666146490821808
2.0590000000000015,0.6648167399999977
2.0600000000000014,0.6630809412337513
2.0610000000000013,0.6613932787662442
2.0620000000000016,0.6596942499999973
2.0630000000000015,0.6581325499999982
2.0640000000000014,0.6567113257438497
2.0650000000000013,0.6553687642561468
2.0660000000000016,0.6541792799999979
2.0670000000000015,0.6529724711177747
2.0680000000000014,0.6518836488822219
2.0690000000000013,0.6507352599999984
2.0700000000000016,0.6494787233123356
2.0710000000000015,0.6482118466876606
2.0720000000000014,0.6470541999999982
2.0730000000000013,0.6457801499999979
2.0740000000000016,0.6441643468613114
2.0750000000000015,0.6426329599999985
2.0760000000000014,0.641439619999998
2.0770000000000013,0.6399469484803019
2.0780000000000016,0.6382317515196935
2.0790000000000015,0.6365998999999973
2.0800000000000014,0.63462432617776
2.0810000000000013,0.6318861038222314
2.0820000000000016,0.6292366999999954
2.0830000000000015,0.6266622816896578
2.0840000000000014,0.623979178310334
2.0850000000000013,0.6213260299999964
2.0860000000000016,0.6186177099999943
2.0870000000000015,0.6154320922325488
2.0880000000000014,0.6125544177674422
2.0890000000000013,0.6097814999999965
2.0900000000000016,0.6072157457458477
2.0910000000000015,0.6052732042541462
2.0920000000000014,0.6034052399999978
2.0930000000000013,0.601841290445909
2.0940000000000016,0.6002457495540868
2.0950000000000015,0.5986055099999978
2.0960000000000014,0.5969856399999975
2.0970000000000013,0.5951322215428435
2.0980000000000016,0.593247649999997
2.0990000000000015,0.5909939399999965
2.1000000000000014,0.5883361922615432
2.1010000000000013,0.5855588077384482
2.1020000000000016,0.5822833199999943
2.1030000000000015,0.5790274898150315
2.1040000000000014,0.5756256401849579
2.1050000000000013,0.572357059999996
2.1060000000000016,0.569391892114572
2.1070000000000015,0.5663130378854183
2.1080000000000014,0.563425659999996
2.1090000000000013,0.560395539999996
2.1100000000000017,0.557363475207953
2.1110000000000015,0.5540155547920366
2.1120000000000014,0.5504224899999949
2.1130000000000013,0.5465952130953761
2.1140000000000017,0.5424261669046129
2.1150000000000015,0.5377839199999934
2.1160000000000014,0.5328293850169886
2.1170000000000013,0.527879554982996
2.1180000000000017,0.522293449999992
2.1190000000000015,0.5163132499999911
2.1200000000000014,0.5096721245850708
2.1210000000000013,0.5021179754149058
2.1220000000000017,0.49420400999998443
2.1230000000000016,0.4854258342441369
2.1240000000000014,0.47656827575583555
2.1250000000000013,0.46732568999998786
2.1260000000000017,0.45819332708756744
2.1270000000000016,0.44886420291240353
2.1280000000000014,0.43988418999998863
2.1290000000000013,0.43132984299339155
2.1300000000000017,0.42295977700658616
2.1310000000000016,0.4151124099999864
2.1320000000000014,0.407441289999987
2.1330000000000013,0.40012737559387274
2.1340000000000017,0.3928833144061079
2.1350000000000016,0.3855397399999872
2.1360000000000015,0.3783223253879107
2.1370000000000013,0.37107620461206675
2.1380000000000017,0.3634917399999871
2.1390000000000016,0.3562077291341612
2.1400000000000015,0.34879907086581574
2.1410000000000013,0.3420132699999919
2.1420000000000017,0.33591347999998966
2.1430000000000016,0.33011420482702625
2.1440000000000015,0.3249624751729577
2.1450000000000014,0.32014443999999376
2.1460000000000017,0.31548779165366236
2.1470000000000016,0.31120432834632433
2.1480000000000015,0.3074060699999953
2.1490000000000014,0.30392187383622915
2.1500000000000017,0.3008602361637627
2.1510000000000016,0.29796453999999595
2.1520000000000015,0.29567649999999585
2.1530000000000014,0.29331808584141233
2.1540000000000017,0.2909355799999957
2.1550000000000016,0.28849181999999546
2.1560000000000015,0.2859444557408469
2.1570000000000014,0.2829018642591436
2.1580000000000017,0.28037383999999554
2.1590000000000016,0.27787313293141086
2.1600000000000015,0.2761024470685836
2.1610000000000014,0.27487915999999957
2.1620000000000017,0.2745530214527103
2.1630000000000016,0.27506754854729126
2.1640000000000015,0.2764124600000036
2.1650000000000014,0.2790938600000042
2.1660000000000017,0.28222157310638524
2.1670000000000016,0.28625263689362734
2.1680000000000015,0.2905439700000064
2.1690000000000014,0.29539496650870395
2.1700000000000017,0.300260053491309
2.1710000000000016,0.30527103000000877
2.1720000000000015,0.31022003960808614
2.1730000000000014,0.3150161203919288
2.1740000000000017,0.3196911200000084
2.1750000000000016,0.324405730000008
2.1760000000000015,0.3288992006529414
2.1770000000000014,0.3330715600000054
2.1780000000000017,0.33710608000000675
2.1790000000000016,0.34090745240952425
2.1800000000000015,0.34473154759048763
2.1810000000000014,0.3477770700000035
2.1820000000000017,0.35039122867926736
2.1830000000000016,0.35237802132073887
2.1840000000000015,0.35312486000000076
2.1850000000000014,0.3536904939082185
2.1860000000000017,0.35382957609178195
2.1870000000000016,0.3538466699999994
2.1880000000000015,0.3535345799999996
2.1890000000000014,0.35323740514397106
2.1900000000000017,0.35308884485602854
2.1910000000000016,0.35274007999999984
2.1920000000000015,0.3526362601799632
2.1930000000000014,0.35213805982003527
2.1940000000000017,0.3512117599999978
2.1950000000000016,0.3500008175114951
2.1960000000000015,0.34837593248849985
2.1970000000000014,0.34642669999999676
2.1980000000000017,0.34397753999999553
2.1990000000000016,0.3414548869952951
2.2000000000000015,0.338124839999996
2.2010000000000014,0.3351084299999962
2.2020000000000017,0.33222500929113774
2.2030000000000016,0.3297179207088545
2.2040000000000015,0.32780831999999815
2.2050000000000014,0.3264224151349715
2.2060000000000017,0.32547376486502516
2.2070000000000016,0.32508784999999973
2.2080000000000015,0.32494617092981504
2.2090000000000014,0.32555546907018684
2.2100000000000017,0.3258571300000006
2.2110000000000016,0.3261902300000001
2.2120000000000015,0.32620815701659606
2.2130000000000014,0.32577832298340265
2.2140000000000017,0.32505565999999786
2.2150000000000016,0.323845355274943
2.2160000000000015,0.3225981047250531
2.2170000000000014,0.3207573899999979
2.2180000000000017,0.3191999635082961
2.2190000000000016,0.31783504649169964
2.2200000000000015,0.3167025099999992
2.2210000000000014,0.31611904999999935
2.2220000000000018,0.3156081468373159
2.2230000000000016,0.3153765199999997
2.2240000000000015,0.31517606999999986
2.2250000000000014,0.31511269509898
2.2260000000000018,0.3149636849010195
2.2270000000000016,0.3146950599999995
2.2280000000000015,0.3144231975024985
2.2290000000000014,0.31379822249749956
2.2300000000000018,0.3133089199999991
2.2310000000000016,0.31281772190861784
2.2320000000000015,0.3125368080913813
2.2330000000000014,0.3125177300000002
2.2340000000000018,0.3126889800000011
2.2350000000000017,0.3133131556688681
2.2360000000000015,0.3144698443311355
2.2370000000000014,0.3157367700000023
2.2380000000000018,0.31745062874025465
2.2390000000000017,0.31913803125975054
2.2400000000000015,0.32105890000000203
2.2410000000000014,0.3225568309638098
2.2420000000000018,0.3241664690361959
2.2430000000000017,0.32506265999999984
2.2440000000000015,0.3249326599999995
2.2450000000000014,0.3245479668486281
2.2460000000000018,0.32321645315136716
2.2470000000000017,0.32204973999999686
2.2480000000000016,0.32030911895820674
2.2490000000000014,0.31929870104179015
2.2500000000000018,0.31864887000000025
2.2510000000000017,0.318813632200562
2.2520000000000016,0.3201356377994421
2.2530000000000014,0.32216394000000437
2.254000000000002,0.32545691697561063
2.2550000000000017,0.3290266730244005
2.2560000000000016,0.333537820000008
2.2570000000000014,0.33805260000000764
2.258000000000002,0.34236365618577
2.2590000000000017,0.3468255138142438
2.2600000000000016,0.35135785000000797
2.2610000000000015,0.3558197737832513
2.262000000000002,0.3607576062167662
2.2630000000000017,0.365321960000008
2.2640000000000016,0.36982152049290773
2.2650000000000015,0.37372644950710443
2.266000000000002,0.37714463000000475
2.2670000000000017,0.3798282100000031
2.2680000000000016,0.38157491466906784
2.2690000000000015,0.38262160533093537
2.270000000000002,0.38265260999999884
2.2710000000000017,0.38200053819235974
2.2720000000000016,0.3808824618076368
2.2730000000000015,0.37896954999999705
2.274000000000002,0.3767627135072941
2.2750000000000017,0.3739977864926973
2.2760000000000016,0.37113773999999466
2.2770000000000015,0.3681408199999942
2.278000000000002,0.3648850855734363
2.2790000000000017,0.3614767799999937
2.2800000000000016,0.35793318999999296
2.2810000000000015,0.3539736497400457
2.282000000000002,0.3500710502599404
2.2830000000000017,0.346407799999993
2.2840000000000016,0.3424781676754579
2.2850000000000015,0.3381549223245286
2.286000000000002,0.3339953099999922
2.2870000000000017,0.32962693015996136
2.2880000000000016,0.32552852984002584
2.2890000000000015,0.3211363899999956
2.290000000000002,0.3178554799999948
2.2910000000000017,0.3149299084093154
2.2920000000000016,0.3132140015906793
2.2930000000000015,0.31345993000000144
2.294000000000002,0.3145405914847068
2.2950000000000017,0.3168554385153004
2.2960000000000016,0.31984603000000783
2.2970000000000015,0.32425772390622587
2.298000000000002,0.3286967860937899
2.2990000000000017,0.3338860300000086
2.3000000000000016,0.3387357600000075
2.3010000000000015,0.3429512884471616
2.302000000000002,0.3470216400000066
2.3030000000000017,0.35074657000000603
2.3040000000000016,0.35414114183663786
2.3050000000000015,0.35735950816337214
2.306000000000002,0.36028212000000404
2.3070000000000017,0.36255610246051134
2.3080000000000016,0.3646807075394953
2.3090000000000015,0.36677450000000245
2.310000000000002,0.3686122968516317
2.3110000000000017,0.3698808131483728
2.3120000000000016,0.3711999100000032
2.3130000000000015,0.37297249000000166
2.314000000000002,0.3742094999570107
2.3150000000000017,0.3755090700429939
2.3160000000000016,0.37637745999999966
2.3170000000000015,0.37617590440611776
2.318000000000002,0.37551996559387996
2.3190000000000017,0.3745945699999976
2.3200000000000016,0.37321693440711434
2.3210000000000015,0.37056100559287747
2.322000000000002,0.36806717999999483
2.3230000000000017,0.36515125999999526
2.3240000000000016,0.3625096874842485
2.3250000000000015,0.3605845299999979
2.326000000000002,0.3589996699999984
2.3270000000000017,0.35810194646970583
2.3280000000000016,0.3579666435302937
2.3290000000000015,0.3579940800000009
2.330000000000002,0.35867911946111086
2.3310000000000017,0.3601737305388951
2.3320000000000016,0.3614537400000024
2.3330000000000015,0.3627938065246971
2.334000000000002,0.36405905347530737
2.3350000000000017,0.3651672300000014
2.3360000000000016,0.36593768000000093
2.3370000000000015,0.3664617761487711
2.338000000000002,0.36702326385123085
2.3390000000000017,0.36741071999999914
2.3400000000000016,0.36692472943111376
2.3410000000000015,0.3669190405688862
2.342000000000002,0.36788508000000075
2.3430000000000017,0.36831358350829935
2.3440000000000016,0.3689486664917026
2.3450000000000015,0.36891722999999826
2.346000000000002,0.36762982999999755
2.3470000000000018,0.3662619382751697
2.3480000000000016,0.3645446899999975
2.3490000000000015,0.3626809999999969
2.350000000000002,0.3603757150809798
2.3510000000000018,0.35842652491901245
2.3520000000000016,0.35670038999999704
2.3530000000000015,0.35504370456608475
2.354000000000002,0.35378936543391076
2.3550000000000018,0.35268771999999793
2.3560000000000016,0.3515396948540277
2.3570000000000015,0.3505882351459694
2.358000000000002,0.35008066999999915
2.3590000000000018,0.34960263999999935
2.3600000000000017,0.34921659565986735
2.3610000000000015,0.34877319434013127
2.362000000000002,0.3482651099999993
2.3630000000000018,0.3478863320875817
2.3640000000000017,0.3474072079124168
2.3650000000000015,0.3469812000000004
2.366000000000002,0.3472925715536887
2.3670000000000018,0.3470081084463102
2.3680000000000017,0.34600495999999864
2.3690000000000015,0.345009449999998
2.370000000000002,0.3435025128394289
2.3710000000000018,0.34193090716056485
2.3720000000000017,0.3405229699999975
2.3730000000000016,0.3391218367976383
2.374000000000002,0.3377898132023569
2.3750000000000018,0.3360101299999969
2.3760000000000017,0.3342606626864592
2.3770000000000016,0.3320875273135341
2.378000000000002,0.32879346999999426
2.379000000000002,0.32558340183062906
2.3800000000000017,0.3226017081693616
2.3810000000000016,0.31928356999999347
2.382000000000002,0.315605099999992
2.383000000000002,0.3120015328654203
2.3840000000000017,0.307930187134567
2.3850000000000016,0.30408617999999327
2.386000000000002,0.30029349087481866
2.387000000000002,0.29720223912516897
2.3880000000000017,0.29452636999999643
2.3890000000000016,0.29253992102779347
2.390000000000002,0.2919501989722044
2.391000000000002,0.29147624999999944
2.3920000000000017,0.29114982000000045
2.3930000000000016,0.29138493037292623
2.394000000000002,0.29188865962707555
2.395000000000002,0.2929060200000038
2.3960000000000017,0.2950635749780075
2.3970000000000016,0.29701335502199855
2.398000000000002,0.29932544000000333
2.399000000000002,0.3011899953459333
2.4000000000000017,0.3027434546540715
2.4010000000000016,0.3037958099999994
2.4020000000000015,0.3034575900000002
2.403000000000002,0.30357901785721453
2.4040000000000017,0.30395260000000024
2.4050000000000016,0.30411264000000054
2.406000000000002,0.3044302044281159
2.407000000000002,0.30517448557188703
2.4080000000000017,0.3054089000000015
2.4090000000000016,0.30622630586183275
2.4100000000000015,0.3093849241381771
2.411000000000002,0.31120834000000086
2.4120000000000017,0.3116711757688473
2.4130000000000016,0.31232886423115475
2.414000000000002,0.31155281999999956
2.415000000000002,0.31130660000000193
2.4160000000000017,0.3123944069576099
2.4170000000000016,0.31326398304239284
2.4180000000000015,0.3136158900000011
2.419000000000002,0.31446665434513327
2.4200000000000017,0.3159101056548712
2.4210000000000016,0.3179405900000039
2.422000000000002,0.32011823646071125
2.423000000000002,0.32178284353929537
2.4240000000000017,0.3237954100000038
2.4250000000000016,0.3259095500000033
2.4260000000000015,0.3277777631786849
2.427000000000002,0.3298354400000017
2.4280000000000017,0.33080086000000053
2.4290000000000016,0.33110766869226427
2.430000000000002,0.33279459130774175
2.431000000000002,0.335298870000004
2.4320000000000017,0.33755021863427653
2.4330000000000016,0.33963656136572995
2.4340000000000015,0.3406975599999994
2.435000000000002,0.34023557479604005
2.4360000000000017,0.3397835352039584
2.4370000000000016,0.33897664999999566
2.438000000000002,0.33653354999999485
2.439000000000002,0.3336369373215313
2.4400000000000017,0.330910152678459
2.4410000000000016,0.327894539999995
2.4420000000000015,0.3250710180133926
2.443000000000002,0.322151151986597
2.4440000000000017,0.3189572699999965
2.4450000000000016,0.316983646585681
2.446000000000002,0.31584950341431495
2.447000000000002,0.31516530999999987
2.4480000000000017,0.31510045999999853
2.4490000000000016,0.3142478289301057
2.4500000000000015,0.3134371299999997
2.451000000000002,0.31317218999999946
2.4520000000000017,0.31286285141871495
2.4530000000000016,0.3120770385812826
2.454000000000002,0.3116726300000013
2.455000000000002,0.3124052767976414
2.4560000000000017,0.3128732532023604
2.4570000000000016,0.3130357600000012
2.4580000000000015,0.3137323185202967
2.459000000000002,0.314217521479705
2.4600000000000017,0.31445441000000407
2.4610000000000016,0.31672469000000214
2.462000000000002,0.3179290178244318
2.463000000000002,0.31630726217556177
2.4640000000000017,0.3151465099999972
2.4650000000000016,0.3135817436822613
2.4660000000000015,0.3122185663177344
2.467000000000002,0.31198176999999955
2.4680000000000017,0.31173871961107713
2.4690000000000016,0.31133483038892157
2.470000000000002,0.31050157999999956
2.471000000000002,0.3102652399999991
2.4720000000000018,0.3097698266833281
2.4730000000000016,0.3075366599999982
2.4740000000000015,0.3061544599999981
2.475000000000002,0.3046988930643849
2.4760000000000018,0.3036295369356108
2.4770000000000016,0.30523872000000246
2.478000000000002,0.30661003057088665
2.479000000000002,0.307015739429115
2.4800000000000018,0.30787854999999453
2.4810000000000016,0.304804599017188
2.4820000000000015,0.29949477098279553
2.483000000000002,0.29659866999999956
2.4840000000000018,0.2963521200000034
2.4850000000000017,0.2982470901749624
2.486000000000002,0.2966488398250319
2.487000000000002,0.2956770700000048
2.4880000000000018,0.29838111666166955
2.4890000000000017,0.29954773333833407
2.4900000000000015,0.304415110000011
2.491000000000002,0.3126562602149675
2.4920000000000018,0.3177584097850529
2.4930000000000017,0.32099903000000635
2.494000000000002,0.3257622100000076
2.495000000000002,0.330036684751047
2.4960000000000018,0.3286841952489476
2.4970000000000017,0.324803169999992
2.4980000000000016,0.3202983752089568
2.499000000000002,0.3194504647910401
2.5000000000000018,0.31945017
2.5010000000000017,0.31945017
2.502000000000002,0.31945017
2.503000000000002,0.31945017
2.504000000000002,0.31945017
2.5050000000000017,0.31945017
2.5060000000000016,0.31945017
2.507000000000002,0.31945017
2.508000000000002,0.31945017
2.5090000000000017,0.31945017
2.510000000000002,0.31945017
2.511000000000002,0.31945017
2.512000000000002,0.31945017
2.5130000000000017,0.31945017
2.5140000000000016,0.31945017
2.515000000000002,0.31945017
2.516000000000002,0.31945017
2.5170000000000017,0.31945017
2.518000000000002,0.31945017
2.519000000000002,0.31945017
2.520000000000002,0.31945017
2.5210000000000017,0.31945017
2.5220000000000016,0.31945017
2.523000000000002,0.31945017
2.524000000000002,0.31945017
2.5250000000000017,0.31945017
2.526000000000002,0.31945017
2.527000000000002,0.31945017
2.528000000000002,0.31945017
2.5290000000000017,0.31945017
2.5300000000000016,0.31945017
2.531000000000002,0.31945017
2.532000000000002,0.31945017
2.5330000000000017,0.31945017
2.534000000000002,0.31945017
2.535000000000002,0.31945017
2.536000000000002,0.31945017
2.5370000000000017,0.31945017
2.5380000000000016,0.31945017
2.539000000000002,0.31945017
2.540000000000002,0.31945017
2.5410000000000017,0.31945017
2.542000000000002,0.31945017
2.543000000000002,0.31945017
2.544000000000002,0.31945017
2.5450000000000017,0.31945017
2.5460000000000016,0.31945017
2.547000000000002,0.31945017
2.548000000000002,0.31945017
2.5490000000000017,0.31945017
2.550000000000002,0.31945017
2.551000000000002,0.31945017
2.552000000000002,0.31945017
2.5530000000000017,0.31945017
2.5540000000000016,0.31945017
2.555000000000002,0.31945017
2.556000000000002,0.31945017
2.5570000000000017,0.31945017
2.558000000000002,0.31945017
2.559000000000002,0.31945017
2.560000000000002,0.31945017
2.5610000000000017,0.31945017
2.5620000000000016,0.31945017
2.563000000000002,0.31945017
2.564000000000002,0.31945017
2.5650000000000017,0.31945017
2.566000000000002,0.31945017
2.567000000000002,0.31945017
2.568000000000002,0.31945017
2.5690000000000017,0.31945017
2.5700000000000016,0.31945017
2.571000000000002,0.31945017
2.572000000000002,0.31945017
2.5730000000000017,0.31945017
2.574000000000002,0.31945017
2.575000000000002,0.31945017
2.576000000000002,0.31945017
2.5770000000000017,0.31945017
2.5780000000000016,0.31945017
2.579000000000002,0.31945017
2.580000000000002,0.31945017
2.5810000000000017,0.31945017
2.582000000000002,0.31945017
2.583000000000002,0.31945017
2.584000000000002,0.31945017
2.5850000000000017,0.31945017
2.5860000000000016,0.31945017
2.587000000000002,0.31945017
2.588000000000002,0.31945017
2.5890000000000017,0.31945017
2.590000000000002,0.31945017
2.591000000000002,0.31945017
2.592000000000002,0.31945017
2.5930000000000017,0.31945017
2.5940000000000016,0.31945017
2.595000000000002,0.31945017
2.596000000000002,0.31945017
2.5970000000000018,0.31945017
2.598000000000002,0.31945017
2.599000000000002,0.31945017
