wave,r
0.4,1.08789
0.401,1.08789
0.402,1.08789
0.403,1.08789
0.404,1.08789
0.405,1.08789
0.406,1.08789
0.40700000000000003,1.08789
0.40800000000000003,1.08789
0.40900000000000003,1.08789
0.41000000000000003,1.08789
0.41100000000000003,1.08789
0.41200000000000003,1.08789
0.41300000000000003,1.08789
0.41400000000000003,1.08789
0.41500000000000004,1.08789
0.41600000000000004,1.08789
0.41700000000000004,1.08789
0.41800000000000004,1.08789
0.41900000000000004,1.08789
0.42000000000000004,1.08789
0.42100000000000004,1.08789
0.42200000000000004,1.08789
0.42300000000000004,1.08789
0.42400000000000004,1.08789
0.42500000000000004,1.08789
0.42600000000000005,1.08789
0.42700000000000005,1.08789
0.42800000000000005,1.08789
0.42900000000000005,1.08789
0.43000000000000005,1.08789
0.43100000000000005,1.08789
0.43200000000000005,1.08789
0.43300000000000005,1.08789
0.43400000000000005,1.08789
0.43500000000000005,1.08789
0.43600000000000005,1.08789
0.43700000000000006,1.0879033846153847
0.43800000000000006,1.0879187692307692
0.43900000000000006,1.0879341538461538
0.44000000000000006,1.0879495384615385
0.44100000000000006,1.087964923076923
0.44200000000000006,1.0879803076923078
0.44300000000000006,1.0878496159754225
0.44400000000000006,1.0874701996927802
0.44500000000000006,1.0870907834101382
0.44600000000000006,1.0867113671274962
0.44700000000000006,1.0863319508448541
0.44800000000000006,1.085952534562212
0.44900000000000007,1.0855731182795698
0.45000000000000007,1.0862265230769232
0.45100000000000007,1.0870480615384617
0.45200000000000007,1.0878696
0.45300000000000007,1.0886911384615385
0.45400000000000007,1.089512676923077
0.45500000000000007,1.0903342153846154
0.45600000000000007,1.0909175115207372
0.4570000000000001,1.0910772657450076
0.4580000000000001,1.091237019969278
0.4590000000000001,1.0913967741935484
0.4600000000000001,1.0915565284178188
0.4610000000000001,1.0917162826420892
0.4620000000000001,1.0918760368663596
0.4630000000000001,1.092436153846154
0.4640000000000001,1.0930669230769232
0.4650000000000001,1.0936976923076924
0.4660000000000001,1.0943284615384616
0.4670000000000001,1.0949592307692309
0.4680000000000001,1.09559
0.4690000000000001,1.0961978494623656
0.4700000000000001,1.096763133640553
0.4710000000000001,1.0973284178187406
0.4720000000000001,1.097893701996928
0.4730000000000001,1.0984589861751153
0.4740000000000001,1.0990242703533026
0.4750000000000001,1.09958955453149
0.4760000000000001,1.0999935483870968
0.4770000000000001,1.1003668202764978
0.4780000000000001,1.1007400921658987
0.4790000000000001,1.1011133640552997
0.4800000000000001,1.1014866359447006
0.4810000000000001,1.1018599078341016
0.4820000000000001,1.1022648461538465
0.4830000000000001,1.1027340769230771
0.4840000000000001,1.1032033076923078
0.4850000000000001,1.1036725384615387
0.4860000000000001,1.1041417692307693
0.4870000000000001,1.1046110000000002
0.4880000000000001,1.105080230769231
0.4890000000000001,1.1054659907834103
0.4900000000000001,1.1058346543778803
0.4910000000000001,1.1062033179723505
0.4920000000000001,1.1065719815668205
0.4930000000000001,1.1069406451612904
0.4940000000000001,1.1073093087557606
0.4950000000000001,1.107822488479263
0.4960000000000001,1.1086427649769588
0.4970000000000001,1.1094630414746545
0.4980000000000001,1.1102833179723504
0.4990000000000001,1.1111035944700463
0.5000000000000001,1.1119238709677421
0.5010000000000001,1.112744147465438
0.5020000000000001,1.1132720276497696
0.5030000000000001,1.113731321044547
0.5040000000000001,1.114190614439324
0.5050000000000001,1.1146499078341014
0.5060000000000001,1.1151092012288788
0.5070000000000001,1.115568494623656
0.5080000000000001,1.1159964516129033
0.5090000000000001,1.1163512903225807
0.5100000000000001,1.1167061290322582
0.5110000000000001,1.1170609677419356
0.5120000000000001,1.117415806451613
0.5130000000000001,1.1177706451612903
0.5140000000000001,1.1181254838709678
0.5150000000000001,1.118291013824885
0.5160000000000001,1.1184062211981567
0.5170000000000001,1.1185214285714287
0.5180000000000001,1.1186366359447004
0.5190000000000001,1.1187518433179724
0.5200000000000001,1.1188670506912441
0.5210000000000001,1.1190579569892474
0.5220000000000001,1.1194435176651305
0.5230000000000001,1.1198290783410139
0.5240000000000001,1.1202146390168972
0.5250000000000001,1.1206001996927804
0.5260000000000001,1.1209857603686637
0.5270000000000001,1.121371321044547
0.5280000000000001,1.1219000000000001
0.5290000000000001,1.1224714285714288
0.5300000000000001,1.1230428571428572
0.5310000000000001,1.1236142857142857
0.5320000000000001,1.1241857142857143
0.5330000000000001,1.1247571428571428
0.5340000000000001,1.125408049155146
0.5350000000000001,1.1262851612903226
0.5360000000000001,1.1271622734254994
0.5370000000000001,1.1280393855606758
0.5380000000000001,1.1289164976958526
0.5390000000000001,1.1297936098310293
0.5400000000000001,1.130670721966206
0.5410000000000001,1.130837004608295
0.5420000000000001,1.1307663440860214
0.5430000000000001,1.130695683563748
0.5440000000000002,1.1306250230414745
0.5450000000000002,1.1305543625192012
0.5460000000000002,1.1304837019969276
0.5470000000000002,1.130681059907834
0.5480000000000002,1.131727142857143
0.5490000000000002,1.1327732258064516
0.5500000000000002,1.1338193087557604
0.5510000000000002,1.1348653917050693
0.5520000000000002,1.1359114746543781
0.5530000000000002,1.136957557603687
0.5540000000000002,1.1377132104454686
0.5550000000000002,1.138361443932412
0.5560000000000002,1.139009677419355
0.5570000000000002,1.1396579109062983
0.5580000000000002,1.1403061443932414
0.5590000000000002,1.1409543778801845
0.5600000000000002,1.1414826420890938
0.5610000000000002,1.1415855606758833
0.5620000000000002,1.141688479262673
0.5630000000000002,1.1417913978494625
0.5640000000000002,1.1418943164362518
0.5650000000000002,1.1419972350230414
0.5660000000000002,1.142100153609831
0.5670000000000002,1.1424632208588956
0.5680000000000002,1.14293254601227
0.5690000000000002,1.1434018711656442
0.5700000000000002,1.1438711963190185
0.5710000000000002,1.1443405214723925
0.5720000000000002,1.1448098466257668
0.5730000000000002,1.1453233794162827
0.5740000000000002,1.1460253763440862
0.5750000000000002,1.1467273732718894
0.5760000000000002,1.147429370199693
0.5770000000000002,1.1481313671274964
0.5780000000000002,1.1488333640552997
0.5790000000000002,1.1495353609831032
0.5800000000000002,1.1502342242703536
0.5810000000000002,1.150931612903226
0.5820000000000002,1.1516290015360986
0.5830000000000002,1.152326390168971
0.5840000000000002,1.1530237788018436
0.5850000000000002,1.153721167434716
0.5860000000000002,1.1543310276073622
0.5870000000000002,1.1545135429447855
0.5880000000000002,1.1546960582822086
0.5890000000000002,1.1548785736196319
0.5900000000000002,1.1550610889570552
0.5910000000000002,1.1552436042944785
0.5920000000000002,1.1554261196319018
0.5930000000000002,1.1557675729646697
0.5940000000000002,1.1561946082949308
0.5950000000000002,1.1566216436251922
0.5960000000000002,1.1570486789554533
0.5970000000000002,1.1574757142857144
0.5980000000000002,1.1579027496159755
0.5990000000000002,1.1582906134969326
0.6000000000000002,1.1584378527607364
0.6010000000000002,1.15858509202454
0.6020000000000002,1.1587323312883437
0.6030000000000002,1.1588795705521473
0.6040000000000002,1.1590268098159509
0.6050000000000002,1.1591740490797546
0.6060000000000002,1.159485238095238
0.6070000000000002,1.1598969124423963
0.6080000000000002,1.1603085867895546
0.6090000000000002,1.160720261136713
0.6100000000000002,1.1611319354838712
0.6110000000000002,1.1615436098310292
0.6120000000000002,1.1619722546012272
0.6130000000000002,1.1625382055214726
0.6140000000000002,1.163104156441718
0.6150000000000002,1.1636701073619633
0.6160000000000002,1.1642360582822087
0.6170000000000002,1.164802009202454
0.6180000000000002,1.1653679601226994
0.6190000000000002,1.1657658525345622
0.6200000000000002,1.1660469585253457
0.6210000000000002,1.1663280645161291
0.6220000000000002,1.1666091705069124
0.6230000000000002,1.1668902764976958
0.6240000000000002,1.1671713824884793
0.6250000000000002,1.1674454601226993
0.6260000000000002,1.1676387116564417
0.6270000000000002,1.1678319631901841
0.6280000000000002,1.1680252147239265
0.6290000000000002,1.1682184662576687
0.6300000000000002,1.168411717791411
0.6310000000000002,1.1686049693251535
0.6320000000000002,1.1687695194274028
0.6330000000000002,1.168911518404908
0.6340000000000002,1.169053517382413
0.6350000000000002,1.1691955163599181
0.6360000000000002,1.1693375153374233
0.6370000000000002,1.1694795143149284
0.6380000000000002,1.1696215132924335
0.6390000000000002,1.1697635122699386
0.6400000000000002,1.169905511247444
0.6410000000000002,1.170047510224949
0.6420000000000002,1.1701895092024541
0.6430000000000002,1.1703315081799592
0.6440000000000002,1.1704735071574643
0.6450000000000002,1.1706155061349695
0.6460000000000002,1.1707575051124746
0.6470000000000002,1.1708995040899797
0.6480000000000002,1.1710415030674848
0.6490000000000002,1.1711835020449899
0.6500000000000002,1.171325501022495
0.6510000000000002,1.1714675
0.6520000000000002,1.1716094989775052
0.6530000000000002,1.1717514979550103
0.6540000000000002,1.1718934969325154
0.6550000000000002,1.1720354959100205
0.6560000000000002,1.1721774948875257
0.6570000000000003,1.1723194938650308
0.6580000000000003,1.1724614928425359
0.6590000000000003,1.172603491820041
0.6600000000000003,1.172745490797546
0.6610000000000003,1.1728874897750512
0.6620000000000003,1.1730294887525563
0.6630000000000003,1.1731714877300614
0.6640000000000003,1.1733134867075665
0.6650000000000003,1.1734554856850716
0.6660000000000003,1.1735974846625767
0.6670000000000003,1.1737394836400818
0.6680000000000003,1.173881482617587
0.6690000000000003,1.174023481595092
0.6700000000000003,1.1741654805725972
0.6710000000000003,1.1743074795501023
0.6720000000000003,1.1744494785276074
0.6730000000000003,1.1745914775051125
0.6740000000000003,1.1747334764826176
0.6750000000000003,1.1748754754601227
0.6760000000000003,1.1750174744376278
0.6770000000000003,1.175159473415133
0.6780000000000003,1.175301472392638
0.6790000000000003,1.1754434713701432
0.6800000000000003,1.1755854703476483
0.6810000000000003,1.1757274693251534
0.6820000000000003,1.1758694683026585
0.6830000000000003,1.1760114672801636
0.6840000000000003,1.1761534662576687
0.6850000000000003,1.1762954652351738
0.6860000000000003,1.176437464212679
0.6870000000000003,1.176579463190184
0.6880000000000003,1.1767214621676891
0.6890000000000003,1.1768634611451942
0.6900000000000003,1.1770054601226994
0.6910000000000003,1.1771474591002045
0.6920000000000003,1.1772894580777096
0.6930000000000003,1.1774314570552147
0.6940000000000003,1.1775734560327198
0.6950000000000003,1.177715455010225
0.6960000000000003,1.17785745398773
0.6970000000000003,1.1779994529652351
0.6980000000000003,1.1781414519427402
0.6990000000000003,1.1782834509202453
0.7000000000000003,1.1784254498977504
0.7010000000000003,1.1785674488752556
0.7020000000000003,1.1787094478527607
0.7030000000000003,1.1788514468302658
0.7040000000000003,1.1789934458077709
0.7050000000000003,1.179135444785276
0.7060000000000003,1.179277443762781
0.7070000000000003,1.1794194427402862
0.7080000000000003,1.1795614417177913
0.7090000000000003,1.1797034406952964
0.7100000000000003,1.1798598773006135
0.7110000000000003,1.1800469938650306
0.7120000000000003,1.180234110429448
0.7130000000000003,1.1804212269938652
0.7140000000000003,1.1806083435582824
0.7150000000000003,1.1807954601226995
0.7160000000000003,1.1809825766871167
0.7170000000000003,1.1811439263803682
0.7180000000000003,1.1812988343558284
0.7190000000000003,1.1814537423312885
0.7200000000000003,1.1816086503067484
0.7210000000000003,1.1817635582822086
0.7220000000000003,1.1819184662576687
0.7230000000000003,1.182145773353752
0.7240000000000003,1.1825592496171515
0.7250000000000003,1.1829727258805514
0.7260000000000003,1.183386202143951
0.7270000000000003,1.1837996784073508
0.7280000000000003,1.1842131546707504
0.7290000000000003,1.18462663093415
0.7300000000000003,1.1848530828220858
0.7310000000000003,1.1850171932515337
0.7320000000000003,1.1851813036809815
0.7330000000000003,1.1853454141104294
0.7340000000000003,1.1855095245398772
0.7350000000000003,1.185673634969325
0.7360000000000003,1.1858063399693721
0.7370000000000003,1.1858339050535989
0.7380000000000003,1.1858614701378254
0.7390000000000003,1.1858890352220521
0.7400000000000003,1.1859166003062787
0.7410000000000003,1.1859441653905054
0.7420000000000003,1.1859717304747321
0.7430000000000003,1.1860648159509204
0.7440000000000003,1.1861859815950921
0.7450000000000003,1.186307147239264
0.7460000000000003,1.1864283128834356
0.7470000000000003,1.1865494785276074
0.7480000000000003,1.1866706441717794
0.7490000000000003,1.1868003215926495
0.7500000000000003,1.1869687748851456
0.7510000000000003,1.1871372281776418
0.7520000000000003,1.187305681470138
0.7530000000000003,1.187474134762634
0.7540000000000003,1.1876425880551302
0.7550000000000003,1.1878110413476264
0.7560000000000003,1.1880035889570553
0.7570000000000003,1.1882091104294479
0.7580000000000003,1.1884146319018405
0.7590000000000003,1.1886201533742333
0.7600000000000003,1.188825674846626
0.7610000000000003,1.1890311963190185
0.7620000000000003,1.1892177641653907
0.7630000000000003,1.1892774885145483
0.7640000000000003,1.189337212863706
0.7650000000000003,1.1893969372128639
0.7660000000000003,1.1894566615620215
0.7670000000000003,1.1895163859111793
0.7680000000000003,1.1895761102603368
0.7690000000000003,1.189669938650307
0.7700000000000004,1.1897865030674848
0.7710000000000004,1.1899030674846627
0.7720000000000004,1.1900196319018406
0.7730000000000004,1.1901361963190185
0.7740000000000004,1.1902527607361963
0.7750000000000004,1.1903965084226649
0.7760000000000004,1.1908528637059728
0.7770000000000004,1.1913092189892804
0.7780000000000004,1.1917655742725883
0.7790000000000004,1.192221929555896
0.7800000000000004,1.192678284839204
0.7810000000000004,1.1931346401225118
0.7820000000000004,1.193317258805513
0.7830000000000004,1.193275911179173
0.7840000000000004,1.1932345635528332
0.7850000000000004,1.193193215926493
0.7860000000000004,1.1931518683001532
0.7870000000000004,1.1931105206738133
0.7880000000000004,1.1930767687595714
0.7890000000000004,1.1934152067381318
0.7900000000000004,1.1937536447166923
0.7910000000000004,1.1940920826952528
0.7920000000000004,1.1944305206738133
0.7930000000000004,1.1947689586523738
0.7940000000000004,1.1951073966309342
0.7950000000000004,1.1953505359877488
0.7960000000000004,1.1954944869831547
0.7970000000000004,1.1956384379785605
0.7980000000000004,1.1957823889739663
0.7990000000000004,1.1959263399693723
0.8000000000000004,1.196070290964778
0.8010000000000004,1.1962142419601838
0.8020000000000004,1.196256809815951
0.8030000000000004,1.1962951533742332
0.8040000000000004,1.1963334969325154
0.8050000000000004,1.1963718404907977
0.8060000000000004,1.19641018404908
0.8070000000000004,1.1964485276073622
0.8080000000000004,1.1965912863705974
0.8090000000000004,1.196866937212864
0.8100000000000004,1.1971425880551305
0.8110000000000004,1.1974182388973968
0.8120000000000004,1.1976938897396634
0.8130000000000004,1.1979695405819297
0.8140000000000004,1.1982451914241963
0.8150000000000004,1.1985110872894336
0.8160000000000004,1.198776018376723
0.8170000000000004,1.1990409494640124
0.8180000000000004,1.1993058805513017
0.8190000000000004,1.1995708116385913
0.8200000000000004,1.1998357427258806
0.8210000000000004,1.1999813782542113
0.8220000000000004,1.1999323736600305
0.8230000000000004,1.19988336906585
0.8240000000000004,1.1998343644716691
0.8250000000000004,1.1997853598774884
0.8260000000000004,1.1997363552833076
0.8270000000000004,1.199687350689127
0.8280000000000004,1.2000744104134764
0.8290000000000004,1.200538422664625
0.8300000000000004,1.2010024349157735
0.8310000000000004,1.201466447166922
0.8320000000000004,1.2019304594180706
0.8330000000000004,1.2023944716692192
0.8340000000000004,1.2026865137614677
0.8350000000000004,1.202613119266055
0.8360000000000004,1.2025397247706422
0.8370000000000004,1.2024663302752292
0.8380000000000004,1.2023929357798164
0.8390000000000004,1.2023195412844037
0.8400000000000004,1.2022461467889907
0.8410000000000004,1.2024473966309341
0.8420000000000004,1.202726110260337
0.8430000000000004,1.2030048238897397
0.8440000000000004,1.2032835375191426
0.8450000000000004,1.2035622511485453
0.8460000000000004,1.203840964777948
0.8470000000000004,1.2040867534456356
0.8480000000000004,1.2042337672281778
0.8490000000000004,1.2043807810107199
0.8500000000000004,1.204527794793262
0.8510000000000004,1.2046748085758041
0.8520000000000004,1.2048218223583462
0.8530000000000004,1.2049688361408883
0.8540000000000004,1.205107029096478
0.8550000000000004,1.205241791730475
0.8560000000000004,1.2053765543644717
0.8570000000000004,1.2055113169984686
0.8580000000000004,1.2056460796324655
0.8590000000000004,1.2057808422664624
0.8600000000000004,1.2059540122511485
0.8610000000000004,1.2062909188361408
0.8620000000000004,1.2066278254211333
0.8630000000000004,1.2069647320061256
0.8640000000000004,1.207301638591118
0.8650000000000004,1.2076385451761102
0.8660000000000004,1.2079754517611025
0.8670000000000004,1.2082111009174312
0.8680000000000004,1.2083945871559634
0.8690000000000004,1.2085780733944955
0.8700000000000004,1.2087615596330274
0.8710000000000004,1.2089450458715596
0.8720000000000004,1.2091285321100917
0.8730000000000004,1.2093183001531396
0.8740000000000004,1.2095541347626342
0.8750000000000004,1.2097899693721288
0.8760000000000004,1.2100258039816234
0.8770000000000004,1.210261638591118
0.8780000000000004,1.2104974732006126
0.8790000000000004,1.2107333078101072
0.8800000000000004,1.2108615749235472
0.8810000000000004,1.210915091743119
0.8820000000000005,1.210968608562691
0.8830000000000005,1.2110221253822628
0.8840000000000005,1.2110756422018347
0.8850000000000005,1.2111291590214066
0.8860000000000005,1.2111839050535986
0.8870000000000005,1.2112620061255743
0.8880000000000005,1.2113401071975498
0.8890000000000005,1.2114182082695253
0.8900000000000005,1.2114963093415008
0.8910000000000005,1.2115744104134762
0.8920000000000005,1.2116525114854517
0.8930000000000005,1.2118148318042814
0.8940000000000005,1.2120548929663608
0.8950000000000005,1.2122949541284405
0.8960000000000005,1.2125350152905199
0.8970000000000005,1.2127750764525995
0.8980000000000005,1.213015137614679
0.8990000000000005,1.2132551987767586
0.9000000000000005,1.213491117917305
0.9010000000000005,1.2137269525267995
0.9020000000000005,1.2139627871362941
0.9030000000000005,1.2141986217457887
0.9040000000000005,1.2144344563552836
0.9050000000000005,1.2146702909647782
0.9060000000000005,1.2149362385321103
0.9070000000000005,1.2152389908256882
0.9080000000000005,1.2155417431192663
0.9090000000000005,1.2158444954128442
0.9100000000000005,1.2161472477064221
0.9110000000000005,1.2164500000000003
0.9120000000000005,1.2167527522935782
0.9130000000000005,1.2168162327718224
0.9140000000000005,1.216856049004594
0.9150000000000005,1.216895865237366
0.9160000000000005,1.2169356814701378
0.9170000000000005,1.2169754977029097
0.9180000000000005,1.2170153139356814
0.9190000000000005,1.2171748012232417
0.9200000000000005,1.2175295412844038
0.9210000000000005,1.217884281345566
0.9220000000000005,1.218239021406728
0.9230000000000005,1.2185937614678901
0.9240000000000005,1.2189485015290522
0.9250000000000005,1.2193032415902143
0.9260000000000005,1.2193522935779817
0.9270000000000005,1.219343119266055
0.9280000000000005,1.2193339449541285
0.9290000000000005,1.219324770642202
0.9300000000000005,1.2193155963302753
0.9310000000000005,1.2193064220183487
0.9320000000000005,1.2193564220183488
0.9330000000000005,1.2195444954128443
0.9340000000000005,1.2197325688073395
0.9350000000000005,1.219920642201835
0.9360000000000005,1.2201087155963304
0.9370000000000005,1.2202967889908256
0.9380000000000005,1.220484862385321
0.9390000000000005,1.2206394027565084
0.9400000000000005,1.2207833537519142
0.9410000000000005,1.2209273047473201
0.9420000000000005,1.221071255742726
0.9430000000000005,1.2212152067381317
0.9440000000000005,1.2213591577335376
0.9450000000000005,1.221502003058104
0.9460000000000005,1.221641146788991
0.9470000000000005,1.2217802905198778
0.9480000000000005,1.2219194342507647
0.9490000000000005,1.2220585779816515
0.9500000000000005,1.2221977217125384
0.9510000000000005,1.2223368654434252
0.9520000000000005,1.2224802293577983
0.9530000000000005,1.2226254892966362
0.9540000000000005,1.222770749235474
0.9550000000000005,1.222916009174312
0.9560000000000005,1.22306126911315
0.9570000000000005,1.2232065290519878
0.9580000000000005,1.2233047706422018
0.9590000000000005,1.2231365749235472
0.9600000000000005,1.2229683792048929
0.9610000000000005,1.2228001834862383
0.9620000000000005,1.222631987767584
0.9630000000000005,1.2224637920489294
0.9640000000000005,1.222295596330275
0.9650000000000005,1.2223363302752295
0.9660000000000005,1.222510642201835
0.9670000000000005,1.2226849541284404
0.9680000000000005,1.222859266055046
0.9690000000000005,1.2230335779816515
0.9700000000000005,1.223207889908257
0.9710000000000005,1.2233902293577983
0.9720000000000005,1.2236792201834865
0.9730000000000005,1.2239682110091745
0.9740000000000005,1.2242572018348625
0.9750000000000005,1.2245461926605505
0.9760000000000005,1.2248351834862388
0.9770000000000005,1.2251241743119268
0.9780000000000005,1.225258379204893
0.9790000000000005,1.2252553211009174
0.9800000000000005,1.2252522629969418
0.9810000000000005,1.2252492048929664
0.9820000000000005,1.2252461467889908
0.9830000000000005,1.2252430886850152
0.9840000000000005,1.2252400305810396
0.9850000000000005,1.2251310091743117
0.9860000000000005,1.2250209174311926
0.9870000000000005,1.2249108256880734
0.9880000000000005,1.224800733944954
0.9890000000000005,1.2246906422018349
0.9900000000000005,1.2245805504587155
0.9910000000000005,1.2246326717557254
0.9920000000000005,1.2248830534351147
0.9930000000000005,1.225133435114504
0.9940000000000005,1.2253838167938933
0.9950000000000006,1.2256341984732826
0.9960000000000006,1.225884580152672
0.9970000000000006,1.2261349618320614
0.9980000000000006,1.2263100000000002
0.9990000000000006,1.2264766666666669
1.0000000000000004,1.2266433333333335
1.0010000000000006,1.2268100000000002
1.0020000000000007,1.2269766666666668
1.0030000000000006,1.2271433333333335
1.0040000000000004,1.22720376146789
1.0050000000000006,1.2270753211009173
1.0060000000000007,1.2269468807339448
1.0070000000000006,1.2268184403669724
1.0080000000000005,1.2266899999999998
1.0090000000000006,1.2265615596330275
1.0100000000000007,1.226433119266055
1.0110000000000006,1.226239886547812
1.0120000000000005,1.2260324311183144
1.0130000000000006,1.2258249756888167
1.0140000000000007,1.2256175202593191
1.0150000000000006,1.2254100648298216
1.0160000000000005,1.225202609400324
1.0170000000000006,1.2249951539708264
1.0180000000000007,1.2247876985413289
1.0190000000000006,1.2245802431118313
1.0200000000000005,1.2243727876823338
1.0210000000000006,1.224165332252836
1.0220000000000007,1.2239578768233386
1.0230000000000006,1.223750421393841
1.0240000000000005,1.2235429659643435
1.0250000000000006,1.2233355105348458
1.0260000000000007,1.2231280551053483
1.0270000000000006,1.2229205996758508
1.0280000000000005,1.2227131442463532
1.0290000000000006,1.2225056888168555
1.0300000000000007,1.222298233387358
1.0310000000000006,1.2220907779578605
1.0320000000000005,1.221883322528363
1.0330000000000006,1.2216758670988652
1.0340000000000007,1.2214684116693677
1.0350000000000006,1.2212609562398702
1.0360000000000005,1.2210535008103724
1.0370000000000006,1.220846045380875
1.0380000000000007,1.2206385899513774
1.0390000000000006,1.22043113452188
1.0400000000000005,1.2202236790923822
1.0410000000000006,1.2200162236628846
1.0420000000000007,1.2198087682333871
1.0430000000000006,1.2196013128038896
1.0440000000000005,1.2193938573743919
1.0450000000000006,1.2191864019448944
1.0460000000000007,1.2189789465153968
1.0470000000000006,1.2187714910858993
1.0480000000000005,1.2192490839694659
1.0490000000000006,1.219897938931298
1.0500000000000007,1.2205467938931303
1.0510000000000006,1.2211956488549622
1.0520000000000005,1.2218445038167942
1.0530000000000006,1.2224933587786264
1.0540000000000007,1.2229941221374045
1.0550000000000006,1.223050610687023
1.0560000000000005,1.2231070992366413
1.0570000000000006,1.2231635877862594
1.0580000000000007,1.2232200763358778
1.0590000000000006,1.2232765648854962
1.0600000000000005,1.2233330534351146
1.0610000000000006,1.2230988549618318
1.0620000000000007,1.2227400763358776
1.0630000000000006,1.2223812977099235
1.0640000000000005,1.2220225190839693
1.0650000000000006,1.221663740458015
1.0660000000000007,1.2213049618320608
1.0670000000000006,1.2210594512195125
1.0680000000000005,1.221455792682927
1.0690000000000006,1.2218521341463418
1.0700000000000007,1.2222484756097565
1.0710000000000006,1.222644817073171
1.0720000000000005,1.2230411585365857
1.0730000000000006,1.2234375000000002
1.0740000000000007,1.2235738778625955
1.0750000000000006,1.223529603053435
1.0760000000000005,1.2234853282442748
1.0770000000000006,1.2234410534351146
1.0780000000000007,1.2233967786259543
1.0790000000000006,1.223352503816794
1.0800000000000005,1.2233043816793894
1.0810000000000006,1.223163923664122
1.0820000000000007,1.223023465648855
1.0830000000000006,1.2228830076335877
1.0840000000000005,1.2227425496183204
1.0850000000000006,1.2226020916030533
1.0860000000000007,1.222461633587786
1.0870000000000006,1.2223802896341462
1.0880000000000005,1.2223604725609756
1.0890000000000006,1.222340655487805
1.0900000000000007,1.2223208384146342
1.0910000000000006,1.2223010213414633
1.0920000000000005,1.2222812042682927
1.0930000000000006,1.222261387195122
1.0940000000000007,1.2220938778625954
1.0950000000000006,1.221915251908397
1.0960000000000005,1.2217366259541984
1.0970000000000006,1.221558
1.0980000000000008,1.2213793740458014
1.0990000000000006,1.221200748091603
1.1000000000000005,1.2211752824427482
1.1010000000000006,1.2213997099236642
1.1020000000000008,1.2216241374045804
1.1030000000000006,1.2218485648854964
1.1040000000000005,1.2220729923664124
1.1050000000000006,1.2222974198473284
1.1060000000000008,1.2225218473282444
1.1070000000000007,1.222499268292683
1.1080000000000005,1.2224260975609755
1.1090000000000007,1.2223529268292683
1.1100000000000008,1.222279756097561
1.1110000000000007,1.2222065853658535
1.1120000000000005,1.2221334146341463
1.1130000000000007,1.2220837099236639
1.1140000000000008,1.2220974503816793
1.1150000000000007,1.2221111908396944
1.1160000000000005,1.2221249312977098
1.1170000000000007,1.2221386717557252
1.1180000000000008,1.2221524122137404
1.1190000000000007,1.2221661526717558
1.1200000000000006,1.222037195121951
1.1210000000000007,1.221852743902439
1.1220000000000008,1.2216682926829268
1.1230000000000007,1.2214838414634146
1.1240000000000006,1.2212993902439024
1.1250000000000007,1.22111493902439
1.1260000000000008,1.2209407022900762
1.1270000000000007,1.2208200916030534
1.1280000000000006,1.2206994809160305
1.1290000000000007,1.2205788702290075
1.1300000000000008,1.2204582595419846
1.1310000000000007,1.2203376488549618
1.1320000000000006,1.220217038167939
1.1330000000000007,1.2201709298780488
1.1340000000000008,1.2201724542682926
1.1350000000000007,1.2201739786585366
1.1360000000000006,1.2201755030487804
1.1370000000000007,1.2201770274390242
1.1380000000000008,1.220178551829268
1.1390000000000007,1.22017931402439
1.1400000000000006,1.220165594512195
1.1410000000000007,1.2201518749999998
1.1420000000000008,1.2201381554878048
1.1430000000000007,1.2201244359756096
1.1440000000000006,1.2201107164634144
1.1450000000000007,1.2200969969512194
1.1460000000000008,1.2200144427480915
1.1470000000000007,1.219860244274809
1.1480000000000006,1.2197060458015265
1.1490000000000007,1.219551847328244
1.1500000000000008,1.2193976488549616
1.1510000000000007,1.2192434503816791
1.1520000000000006,1.219089251908397
1.1530000000000007,1.2194568597560977
1.1540000000000008,1.2198577743902441
1.1550000000000007,1.2202586890243905
1.1560000000000006,1.2206596036585369
1.1570000000000007,1.2210605182926833
1.1580000000000008,1.2214614329268296
1.1590000000000007,1.2216729268292683
1.1600000000000006,1.2215753658536586
1.1610000000000007,1.2214778048780488
1.1620000000000008,1.221380243902439
1.1630000000000007,1.2212826829268293
1.1640000000000006,1.2211851219512195
1.1650000000000007,1.2210875609756098
1.1660000000000008,1.2212252366412217
1.1670000000000007,1.2214145496183209
1.1680000000000006,1.22160386259542
1.1690000000000007,1.2217931755725193
1.1700000000000008,1.2219824885496184
1.1710000000000007,1.2221718015267178
1.1720000000000006,1.2223005335365853
1.1730000000000007,1.2222654725609756
1.1740000000000008,1.2222304115853657
1.1750000000000007,1.222195350609756
1.1760000000000006,1.2221602896341461
1.1770000000000007,1.2221252286585365
1.1780000000000008,1.2220901676829266
1.1790000000000007,1.2221287042682927
1.1800000000000006,1.2221973018292682
1.1810000000000007,1.2222658993902438
1.1820000000000008,1.2223344969512195
1.1830000000000007,1.222403094512195
1.1840000000000006,1.2224716920731706
1.1850000000000007,1.2225718445121951
1.1860000000000008,1.2228508079268294
1.1870000000000007,1.2231297713414635
1.1880000000000006,1.2234087347560978
1.1890000000000007,1.2236876981707319
1.1900000000000008,1.2239666615853662
1.1910000000000007,1.2242456250000002
1.1920000000000006,1.2243644969512195
1.1930000000000007,1.224372118902439
1.1940000000000008,1.2243797408536585
1.1950000000000007,1.224387362804878
1.1960000000000006,1.2243949847560975
1.1970000000000007,1.224402606707317
1.1980000000000008,1.2244081707317072
1.1990000000000007,1.2243471951219511
1.2000000000000006,1.224286219512195
1.2010000000000007,1.224225243902439
1.2020000000000008,1.224164268292683
1.2030000000000007,1.2241032926829267
1.2040000000000006,1.2240423170731707
1.2050000000000007,1.2240852286585369
1.2060000000000008,1.2242452896341465
1.2070000000000007,1.2244053506097563
1.2080000000000006,1.224565411585366
1.2090000000000007,1.2247254725609757
1.2100000000000009,1.2248855335365856
1.2110000000000007,1.2250455945121952
1.2120000000000006,1.2251016158536585
1.2130000000000007,1.2251473475609758
1.2140000000000009,1.2251930792682928
1.2150000000000007,1.2252388109756098
1.2160000000000006,1.2252845426829269
1.2170000000000007,1.225330274390244
1.2180000000000009,1.2253909451219513
1.2190000000000007,1.2254793597560976
1.2200000000000006,1.225567774390244
1.2210000000000008,1.2256561890243904
1.2220000000000009,1.2257446036585367
1.2230000000000008,1.225833018292683
1.2240000000000006,1.2259214329268293
1.2250000000000008,1.2258460670731708
1.2260000000000009,1.2257271646341463
1.2270000000000008,1.2256082621951219
1.2280000000000006,1.2254893597560976
1.2290000000000008,1.2253704573170732
1.2300000000000009,1.2252515548780487
1.2310000000000008,1.2251582469512194
1.2320000000000007,1.225150625
1.2330000000000008,1.2251430030487807
1.2340000000000009,1.2251353810975611
1.2350000000000008,1.2251277591463416
1.2360000000000007,1.2251201371951221
1.2370000000000008,1.2251125152439026
1.2380000000000009,1.2251896646341467
1.2390000000000008,1.225308567073171
1.2400000000000007,1.2254274695121952
1.2410000000000008,1.2255463719512196
1.2420000000000009,1.225665274390244
1.2430000000000008,1.2257841768292683
1.2440000000000007,1.2258951981707316
1.2450000000000008,1.2259424542682926
1.2460000000000009,1.2259897103658537
1.2470000000000008,1.2260369664634145
1.2480000000000007,1.2260842225609756
1.2490000000000008,1.2261314786585367
1.2500000000000009,1.2261787347560975
1.2510000000000008,1.2262871951219514
1.2520000000000007,1.2264457317073172
1.2530000000000008,1.226604268292683
1.254000000000001,1.2267628048780488
1.2550000000000008,1.2269213414634146
1.2560000000000007,1.2270798780487806
1.2570000000000008,1.2272384146341464
1.258000000000001,1.2271751067073169
1.2590000000000008,1.2271095579268292
1.2600000000000007,1.2270440091463413
1.2610000000000008,1.2269784603658536
1.262000000000001,1.2269129115853656
1.2630000000000008,1.226847362804878
1.2640000000000007,1.226693500761035
1.2650000000000008,1.2264225722983255
1.266000000000001,1.2261516438356161
1.2670000000000008,1.2258807153729068
1.2680000000000007,1.2256097869101976
1.2690000000000008,1.2253388584474882
1.270000000000001,1.2250679299847789
1.2710000000000008,1.225450823170732
1.2720000000000007,1.2259401524390245
1.2730000000000008,1.2264294817073174
1.274000000000001,1.2269188109756102
1.2750000000000008,1.2274081402439028
1.2760000000000007,1.2278974695121954
1.2770000000000008,1.228330548780488
1.278000000000001,1.228632378048781
1.2790000000000008,1.2289342073170735
1.2800000000000007,1.229236036585366
1.2810000000000008,1.2295378658536589
1.282000000000001,1.2298396951219515
1.2830000000000008,1.2301415243902443
1.2840000000000007,1.2302143683409437
1.2850000000000008,1.2302067579908675
1.286000000000001,1.2301991476407914
1.2870000000000008,1.2301915372907155
1.2880000000000007,1.2301839269406394
1.2890000000000008,1.2301763165905633
1.290000000000001,1.2301948780487806
1.2910000000000008,1.2303412195121952
1.2920000000000007,1.2304875609756099
1.2930000000000008,1.2306339024390245
1.294000000000001,1.2307802439024391
1.2950000000000008,1.2309265853658538
1.2960000000000007,1.2310729268292682
1.2970000000000008,1.231222987804878
1.298000000000001,1.2313754268292683
1.2990000000000008,1.2315278658536586
1.3000000000000007,1.2316803048780487
1.3010000000000008,1.231832743902439
1.302000000000001,1.2319851829268293
1.3030000000000008,1.2321284779299848
1.3040000000000007,1.2320980365296803
1.3050000000000008,1.2320675951293758
1.306000000000001,1.2320371537290715
1.3070000000000008,1.232006712328767
1.3080000000000007,1.2319762709284627
1.3090000000000008,1.2319458295281582
1.310000000000001,1.231949756097561
1.3110000000000008,1.2319909146341463
1.3120000000000007,1.2320320731707317
1.3130000000000008,1.232073231707317
1.314000000000001,1.2321143902439025
1.3150000000000008,1.2321555487804878
1.3160000000000007,1.2321967073170732
1.3170000000000008,1.2321901978691019
1.318000000000001,1.2321795433789955
1.3190000000000008,1.2321688888888889
1.3200000000000007,1.2321582343987822
1.3210000000000008,1.2321475799086758
1.322000000000001,1.2321369254185692
1.3230000000000008,1.2322153658536588
1.3240000000000007,1.2324592682926832
1.3250000000000008,1.2327031707317075
1.326000000000001,1.232947073170732
1.3270000000000008,1.2331909756097563
1.3280000000000007,1.2334348780487807
1.3290000000000008,1.233678780487805
1.330000000000001,1.2337059512937594
1.3310000000000008,1.233675509893455
1.3320000000000007,1.2336450684931506
1.3330000000000009,1.2336146270928463
1.334000000000001,1.2335841856925418
1.3350000000000009,1.2335537442922375
1.3360000000000007,1.2335521341463416
1.3370000000000009,1.2336527439024392
1.338000000000001,1.2337533536585366
1.3390000000000009,1.2338539634146342
1.3400000000000007,1.2339545731707318
1.3410000000000009,1.2340551829268294
1.342000000000001,1.2341557926829267
1.3430000000000009,1.2342261643835617
1.3440000000000007,1.2342809589041095
1.3450000000000009,1.2343357534246575
1.346000000000001,1.2343905479452055
1.3470000000000009,1.2344453424657535
1.3480000000000008,1.2345001369863013
1.3490000000000009,1.234575068493151
1.350000000000001,1.2348536073059364
1.3510000000000009,1.2351321461187217
1.3520000000000008,1.2354106849315072
1.3530000000000009,1.2356892237442925
1.354000000000001,1.235967762557078
1.3550000000000009,1.2362463013698632
1.3560000000000008,1.2363625875190258
1.3570000000000009,1.236329101978691
1.358000000000001,1.236295616438356
1.3590000000000009,1.2362621308980213
1.3600000000000008,1.2362286453576863
1.3610000000000009,1.2361951598173515
1.362000000000001,1.2361616742770167
1.3630000000000009,1.236313506097561
1.3640000000000008,1.2364750914634146
1.3650000000000009,1.2366366768292685
1.366000000000001,1.2367982621951221
1.3670000000000009,1.2369598475609758
1.3680000000000008,1.2371214329268294
1.3690000000000009,1.2372496803652968
1.370000000000001,1.2373257838660578
1.3710000000000009,1.2374018873668189
1.3720000000000008,1.2374779908675801
1.3730000000000009,1.2375540943683412
1.374000000000001,1.2376301978691022
1.3750000000000009,1.2377063013698633
1.3760000000000008,1.2376463622526637
1.377000000000001,1.2375565601217655
1.378000000000001,1.2374667579908676
1.379000000000001,1.2373769558599694
1.3800000000000008,1.2372871537290715
1.381000000000001,1.2371973515981733
1.382000000000001,1.2371296194824961
1.383000000000001,1.2371280974124808
1.3840000000000008,1.2371265753424656
1.385000000000001,1.2371250532724505
1.386000000000001,1.2371235312024353
1.387000000000001,1.23712200913242
1.3880000000000008,1.2371204870624048
1.389000000000001,1.237025814307458
1.390000000000001,1.236887305936073
1.391000000000001,1.2367487975646878
1.3920000000000008,1.2366102891933028
1.393000000000001,1.2364717808219177
1.394000000000001,1.2363332724505327
1.395000000000001,1.236212850609756
1.3960000000000008,1.2362387652439024
1.397000000000001,1.2362646798780488
1.398000000000001,1.2362905945121951
1.399000000000001,1.2363165091463415
1.4000000000000008,1.2363424237804879
1.4010000000000007,1.2363683384146342
1.402000000000001,1.2362326636225265
1.403000000000001,1.2359647792998476
1.4040000000000008,1.2356968949771687
1.4050000000000007,1.23542901065449
1.406000000000001,1.235161126331811
1.407000000000001,1.2348932420091323
1.4080000000000008,1.2346253576864534
1.4090000000000007,1.2347676712328768
1.410000000000001,1.2349183561643837
1.411000000000001,1.2350690410958907
1.4120000000000008,1.2352197260273974
1.4130000000000007,1.2353704109589043
1.414000000000001,1.2355210958904113
1.415000000000001,1.2356368340943684
1.4160000000000008,1.235702283105023
1.4170000000000007,1.2357677321156775
1.418000000000001,1.235833181126332
1.419000000000001,1.2358986301369863
1.4200000000000008,1.235964079147641
1.4210000000000007,1.2360295281582954
1.422000000000001,1.236208767123288
1.423000000000001,1.236409680365297
1.4240000000000008,1.2366105936073062
1.4250000000000007,1.2368115068493153
1.426000000000001,1.2370124200913244
1.427000000000001,1.2372133333333335
1.4280000000000008,1.2373751823708208
1.4290000000000007,1.2374314133738602
1.430000000000001,1.2374876443768998
1.431000000000001,1.2375438753799393
1.4320000000000008,1.2376001063829787
1.4330000000000007,1.2376563373860183
1.434000000000001,1.2377125683890577
1.435000000000001,1.2378381735159818
1.4360000000000008,1.2379949467275497
1.4370000000000007,1.2381517199391174
1.438000000000001,1.2383084931506851
1.439000000000001,1.2384652663622528
1.4400000000000008,1.2386220395738206
1.4410000000000007,1.2387828310502285
1.442000000000001,1.2389730898021312
1.443000000000001,1.2391633485540337
1.4440000000000008,1.2393536073059364
1.4450000000000007,1.2395438660578388
1.446000000000001,1.2397341248097415
1.447000000000001,1.239924383561644
1.4480000000000008,1.2400769710806698
1.4490000000000007,1.2401987366818874
1.450000000000001,1.2403205022831052
1.451000000000001,1.2404422678843228
1.4520000000000008,1.2405640334855403
1.4530000000000007,1.2406857990867581
1.454000000000001,1.2408075646879757
1.455000000000001,1.2411023592085237
1.4560000000000008,1.2414006849315071
1.4570000000000007,1.2416990106544903
1.458000000000001,1.2419973363774737
1.459000000000001,1.242295662100457
1.4600000000000009,1.2425939878234402
1.4610000000000007,1.2427687519025876
1.462000000000001,1.2427657077625571
1.463000000000001,1.2427626636225266
1.4640000000000009,1.2427596194824964
1.4650000000000007,1.2427565753424659
1.466000000000001,1.2427535312024354
1.467000000000001,1.2427504870624049
1.4680000000000009,1.242918510638298
1.4690000000000007,1.2431191185410335
1.470000000000001,1.2433197264437692
1.471000000000001,1.2435203343465047
1.4720000000000009,1.2437209422492403
1.4730000000000008,1.2439215501519758
1.474000000000001,1.2440945357686455
1.475000000000001,1.244188904109589
1.4760000000000009,1.2442832724505328
1.4770000000000008,1.2443776407914766
1.478000000000001,1.2444720091324202
1.479000000000001,1.244566377473364
1.4800000000000009,1.2446607458143075
1.4810000000000008,1.2447173059360732
1.482000000000001,1.244756879756469
1.483000000000001,1.2447964535768645
1.4840000000000009,1.2448360273972603
1.4850000000000008,1.244875601217656
1.486000000000001,1.2449151750380518
1.487000000000001,1.2449686018237083
1.4880000000000009,1.2451236170212767
1.4890000000000008,1.2452786322188452
1.490000000000001,1.2454336474164136
1.491000000000001,1.2455886626139818
1.4920000000000009,1.2457436778115503
1.4930000000000008,1.2458986930091187
1.494000000000001,1.246040684931507
1.495000000000001,1.246171582952816
1.4960000000000009,1.246302480974125
1.4970000000000008,1.2464333789954338
1.498000000000001,1.2465642770167429
1.499000000000001,1.2466951750380517
1.5000000000000009,1.2468260730593608
1.5010000000000008,1.2468933890577507
1.5020000000000011,1.2469587386018237
1.503000000000001,1.2470240881458967
1.504000000000001,1.2470894376899697
1.5050000000000008,1.2471547872340425
1.5060000000000011,1.2472201367781155
1.507000000000001,1.2472890867579909
1.508000000000001,1.2473636681887368
1.5090000000000008,1.2474382496194825
1.5100000000000011,1.2475128310502284
1.511000000000001,1.2475874124809743
1.512000000000001,1.24766199391172
1.5130000000000008,1.2477365753424656
1.5140000000000011,1.2479892705167175
1.515000000000001,1.2482810638297874
1.516000000000001,1.2485728571428574
1.5170000000000008,1.2488646504559273
1.5180000000000011,1.2491564437689973
1.519000000000001,1.2494482370820672
1.520000000000001,1.24970397260274
1.5210000000000008,1.2498455251141554
1.5220000000000011,1.249987077625571
1.523000000000001,1.2501286301369865
1.524000000000001,1.250270182648402
1.5250000000000008,1.2504117351598174
1.5260000000000011,1.250553287671233
1.527000000000001,1.2504930851063827
1.528000000000001,1.2503335106382976
1.5290000000000008,1.2501739361702127
1.5300000000000011,1.2500143617021273
1.531000000000001,1.2498547872340424
1.532000000000001,1.2496952127659573
1.5330000000000008,1.2495858904109591
1.5340000000000011,1.249984672754947
1.535000000000001,1.250383455098935
1.536000000000001,1.2507822374429227
1.5370000000000008,1.2511810197869104
1.5380000000000011,1.2515798021308986
1.539000000000001,1.2519785844748863
1.540000000000001,1.2521012462006078
1.5410000000000008,1.251969027355623
1.5420000000000011,1.2518368085106382
1.543000000000001,1.2517045896656533
1.544000000000001,1.2515723708206685
1.5450000000000008,1.251440151975684
1.5460000000000012,1.251307933130699
1.547000000000001,1.2515357142857146
1.548000000000001,1.251786474164134
1.5490000000000008,1.2520372340425534
1.5500000000000012,1.252287993920973
1.551000000000001,1.2525387537993924
1.552000000000001,1.2527895136778118
1.5530000000000008,1.252975205479452
1.5540000000000012,1.2530452207001523
1.555000000000001,1.2531152359208524
1.556000000000001,1.2531852511415527
1.5570000000000008,1.2532552663622527
1.5580000000000012,1.253325281582953
1.559000000000001,1.2533952968036532
1.560000000000001,1.2536585258358666
1.5610000000000008,1.2539731155015201
1.5620000000000012,1.2542877051671737
1.563000000000001,1.254602294832827
1.564000000000001,1.2549168844984806
1.5650000000000008,1.255231474164134
1.5660000000000012,1.2554997872340425
1.567000000000001,1.2555940121580547
1.568000000000001,1.255688237082067
1.5690000000000008,1.2557824620060791
1.5700000000000012,1.2558766869300912
1.571000000000001,1.2559709118541034
1.572000000000001,1.2560651367781155
1.5730000000000008,1.2561947872340427
1.5740000000000012,1.2563452431610944
1.575000000000001,1.256495699088146
1.576000000000001,1.2566461550151977
1.5770000000000008,1.2567966109422495
1.5780000000000012,1.256947066869301
1.579000000000001,1.257093500761035
1.580000000000001,1.2571635159817351
1.5810000000000008,1.2572335312024354
1.5820000000000012,1.2573035464231355
1.583000000000001,1.2573735616438357
1.584000000000001,1.2574435768645358
1.5850000000000009,1.2575135920852358
1.5860000000000012,1.2573909726443764
1.587000000000001,1.2570596656534951
1.588000000000001,1.2567283586626137
1.5890000000000009,1.2563970516717322
1.5900000000000012,1.2560657446808507
1.591000000000001,1.2557344376899693
1.592000000000001,1.255403130699088
1.5930000000000009,1.2558911246200612
1.5940000000000012,1.2564701519756847
1.595000000000001,1.2570491793313077
1.596000000000001,1.2576282066869306
1.5970000000000009,1.2582072340425536
1.5980000000000012,1.258786261398177
1.599000000000001,1.2592743465045595
1.600000000000001,1.2595691793313073
1.6010000000000009,1.2598640121580549
1.6020000000000012,1.2601588449848027
1.603000000000001,1.2604536778115505
1.604000000000001,1.260748510638298
1.6050000000000009,1.2610433434650459
1.6060000000000012,1.260958054711246
1.607000000000001,1.2607392097264436
1.608000000000001,1.2605203647416412
1.6090000000000009,1.2603015197568386
1.6100000000000012,1.2600826747720362
1.611000000000001,1.2598638297872338
1.612000000000001,1.2596751367781154
1.6130000000000009,1.2596447416413372
1.6140000000000012,1.259614346504559
1.615000000000001,1.2595839513677811
1.616000000000001,1.259553556231003
1.6170000000000009,1.2595231610942248
1.6180000000000012,1.2594927659574466
1.619000000000001,1.259634255319149
1.620000000000001,1.2599002127659575
1.6210000000000009,1.260166170212766
1.6220000000000012,1.2604321276595747
1.623000000000001,1.2606980851063831
1.624000000000001,1.2609640425531916
1.6250000000000009,1.2612299999999999
1.6260000000000012,1.2612664741641337
1.6270000000000011,1.2613029483282674
1.628000000000001,1.2613394224924013
1.629000000000001,1.261375896656535
1.6300000000000012,1.2614123708206688
1.6310000000000011,1.2614488449848025
1.632000000000001,1.2614872340425534
1.633000000000001,1.2615282674772037
1.6340000000000012,1.2615693009118543
1.6350000000000011,1.2616103343465046
1.636000000000001,1.261651367781155
1.637000000000001,1.2616924012158055
1.6380000000000012,1.2617334346504558
1.6390000000000011,1.2615612765957442
1.640000000000001,1.2613485106382976
1.641000000000001,1.2611357446808509
1.6420000000000012,1.260922978723404
1.6430000000000011,1.2607102127659573
1.644000000000001,1.2604974468085104
1.645000000000001,1.2604133687808585
1.6460000000000012,1.2606955563995446
1.6470000000000011,1.2609777440182304
1.648000000000001,1.2612599316369164
1.649000000000001,1.2615421192556022
1.6500000000000012,1.2618243068742883
1.6510000000000011,1.262106494492974
1.652000000000001,1.26238868211166
1.653000000000001,1.262670869730346
1.6540000000000012,1.262953057349032
1.6550000000000011,1.2632352449677178
1.656000000000001,1.2635174325864036
1.657000000000001,1.2637996202050896
1.6580000000000013,1.2640818078237754
1.6590000000000011,1.2643639954424615
1.660000000000001,1.2646461830611473
1.661000000000001,1.264928370679833
1.6620000000000013,1.2652105582985191
1.6630000000000011,1.265492745917205
1.664000000000001,1.265774933535891
1.665000000000001,1.2660571211545768
1.6660000000000013,1.2663393087732628
1.6670000000000011,1.2666214963919487
1.668000000000001,1.2669036840106347
1.669000000000001,1.2671858716293205
1.6700000000000013,1.2674680592480065
1.6710000000000012,1.2677502468666924
1.672000000000001,1.2678744309559942
1.673000000000001,1.267986722306525
1.6740000000000013,1.2680990136570562
1.6750000000000012,1.2682113050075874
1.676000000000001,1.2683235963581185
1.677000000000001,1.2684358877086497
1.6780000000000013,1.268575106382979
1.6790000000000012,1.2687665957446812
1.680000000000001,1.2689580851063833
1.681000000000001,1.2691495744680854
1.6820000000000013,1.2693410638297875
1.6830000000000012,1.2695325531914896
1.684000000000001,1.2697240425531917
1.685000000000001,1.26989358662614
1.6860000000000013,1.270056200607903
1.6870000000000012,1.2702188145896658
1.688000000000001,1.2703814285714288
1.689000000000001,1.2705440425531915
1.6900000000000013,1.2707066565349545
1.6910000000000012,1.270836449165402
1.692000000000001,1.270816722306525
1.693000000000001,1.270796995447648
1.6940000000000013,1.2707772685887708
1.6950000000000012,1.2707575417298937
1.696000000000001,1.2707378148710167
1.697000000000001,1.2707180880121396
1.6980000000000013,1.2709207142857148
1.6990000000000012,1.2712778571428576
1.700000000000001,1.2716350000000005
1.701000000000001,1.2719921428571432
1.7020000000000013,1.2723492857142862
1.7030000000000012,1.2727064285714291
1.704000000000001,1.2730597723823975
1.705000000000001,1.273037010622155
1.7060000000000013,1.273014248861912
1.7070000000000012,1.2729914871016692
1.708000000000001,1.2729687253414264
1.709000000000001,1.2729459635811835
1.7100000000000013,1.2729232018209409
1.7110000000000012,1.2729738297872342
1.712000000000001,1.2731258054711247
1.713000000000001,1.2732777811550153
1.7140000000000013,1.2734297568389061
1.7150000000000012,1.2735817325227967
1.716000000000001,1.2737337082066873
1.717000000000001,1.2738856838905779
1.7180000000000013,1.2741177693474965
1.7190000000000012,1.2743651138088017
1.720000000000001,1.2746124582701066
1.721000000000001,1.2748598027314115
1.7220000000000013,1.2751071471927165
1.7230000000000012,1.2753544916540216
1.724000000000001,1.275555197568389
1.725000000000001,1.2756159878419453
1.7260000000000013,1.2756767781155016
1.7270000000000012,1.2757375683890577
1.728000000000001,1.275798358662614
1.729000000000001,1.2758591489361704
1.7300000000000013,1.2759199392097267
1.7310000000000012,1.275975584218513
1.732000000000001,1.276028694992413
1.733000000000001,1.2760818057663126
1.7340000000000013,1.2761349165402125
1.7350000000000012,1.2761880273141124
1.736000000000001,1.276241138088012
1.737000000000001,1.2763076024279212
1.7380000000000013,1.276527632776935
1.7390000000000012,1.2767476631259487
1.740000000000001,1.2769676934749623
1.741000000000001,1.277187723823976
1.7420000000000013,1.2774077541729896
1.7430000000000012,1.2776277845220032
1.744000000000001,1.2778174468085106
1.745000000000001,1.277975501519757
1.7460000000000013,1.2781335562310032
1.7470000000000012,1.2782916109422493
1.748000000000001,1.2784496656534956
1.749000000000001,1.2786077203647417
1.7500000000000013,1.278765775075988
1.7510000000000012,1.2789995599393023
1.7520000000000011,1.2792408345978759
1.753000000000001,1.2794821092564495
1.7540000000000013,1.279723383915023
1.7550000000000012,1.2799646585735966
1.7560000000000011,1.2802059332321702
1.757000000000001,1.2804015629742034
1.7580000000000013,1.280500197268589
1.7590000000000012,1.2805988315629744
1.7600000000000011,1.2806974658573598
1.761000000000001,1.2807961001517452
1.7620000000000013,1.2808947344461306
1.7630000000000012,1.2809933687405162
1.7640000000000011,1.281110972644377
1.765000000000001,1.2812355927051673
1.7660000000000013,1.2813602127659576
1.7670000000000012,1.2814848328267479
1.7680000000000011,1.2816094528875381
1.769000000000001,1.2817340729483282
1.7700000000000014,1.2819010015174512
1.7710000000000012,1.2823076783004557
1.7720000000000011,1.28271435508346
1.773000000000001,1.2831210318664648
1.7740000000000014,1.2835277086494694
1.7750000000000012,1.2839343854324738
1.7760000000000011,1.2843410622154785
1.777000000000001,1.2845888315629743
1.7780000000000014,1.2847117450682854
1.7790000000000012,1.2848346585735966
1.7800000000000011,1.2849575720789075
1.781000000000001,1.2850804855842186
1.7820000000000014,1.2852033990895297
1.7830000000000013,1.2853263125948406
1.7840000000000011,1.2850253110773895
1.785000000000001,1.2847111987860391
1.7860000000000014,1.2843970864946885
1.7870000000000013,1.284082974203338
1.7880000000000011,1.2837688619119876
1.789000000000001,1.283454749620637
1.7900000000000014,1.2833078603945374
1.7910000000000013,1.2834338088012143
1.7920000000000011,1.283559757207891
1.793000000000001,1.2836857056145676
1.7940000000000014,1.2838116540212445
1.7950000000000013,1.2839376024279212
1.7960000000000012,1.2840635508345979
1.797000000000001,1.2844232625189687
1.7980000000000014,1.284845113808802
1.7990000000000013,1.285266965098635
1.8000000000000012,1.2856888163884679
1.801000000000001,1.286110667678301
1.8020000000000014,1.2865325189681343
1.8030000000000013,1.2868827465857362
1.8040000000000012,1.286946479514416
1.805000000000001,1.2870102124430958
1.8060000000000014,1.2870739453717757
1.8070000000000013,1.2871376783004553
1.8080000000000012,1.2872014112291352
1.809000000000001,1.287265144157815
1.8100000000000014,1.2872622306525037
1.8110000000000013,1.2872167071320182
1.8120000000000012,1.2871711836115325
1.813000000000001,1.287125660091047
1.8140000000000014,1.2870801365705613
1.8150000000000013,1.2870346130500756
1.8160000000000012,1.2869909408194233
1.817000000000001,1.2870379817905917
1.8180000000000014,1.2870850227617603
1.8190000000000013,1.2871320637329287
1.8200000000000012,1.2871791047040972
1.821000000000001,1.2872261456752656
1.8220000000000014,1.2872731866464342
1.8230000000000013,1.2874207132018214
1.8240000000000012,1.2877014415781491
1.825000000000001,1.287982169954477
1.8260000000000014,1.2882628983308047
1.8270000000000013,1.2885436267071324
1.8280000000000012,1.2888243550834602
1.829000000000001,1.289105083459788
1.8300000000000014,1.2893195295902886
1.8310000000000013,1.289521350531108
1.8320000000000012,1.2897231714719273
1.833000000000001,1.2899249924127467
1.8340000000000014,1.2901268133535662
1.8350000000000013,1.2903286342943856
1.8360000000000012,1.2904788619119878
1.837000000000001,1.2904743095599391
1.8380000000000014,1.2904697572078907
1.8390000000000013,1.290465204855842
1.8400000000000012,1.2904606525037936
1.841000000000001,1.2904561001517452
1.8420000000000014,1.2904515477996965
1.8430000000000013,1.2905241122913507
1.8440000000000012,1.2906364036418818
1.845000000000001,1.290748694992413
1.8460000000000014,1.290860986342944
1.8470000000000013,1.2909732776934753
1.8480000000000012,1.2910855690440062
1.849000000000001,1.2911824582701061
1.8500000000000014,1.2910747192716236
1.8510000000000013,1.290966980273141
1.8520000000000012,1.2908592412746585
1.853000000000001,1.2907515022761757
1.8540000000000014,1.2906437632776933
1.8550000000000013,1.2905360242792105
1.8560000000000012,1.2906829090909095
1.857000000000001,1.2911056363636366
1.8580000000000014,1.2915283636363641
1.8590000000000013,1.2919510909090914
1.8600000000000012,1.2923738181818187
1.861000000000001,1.292796545454546
1.8620000000000014,1.2932192727272735
1.8630000000000013,1.2929094537177537
1.8640000000000012,1.2924997420333835
1.865000000000001,1.2920900303490133
1.8660000000000014,1.2916803186646428
1.8670000000000013,1.2912706069802726
1.8680000000000012,1.2908608952959024
1.869000000000001,1.290555037936267
1.8700000000000014,1.2905034446130499
1.8710000000000013,1.290451851289833
1.8720000000000012,1.290400257966616
1.873000000000001,1.290348664643399
1.8740000000000014,1.290297071320182
1.8750000000000013,1.290245477996965
1.8760000000000012,1.290053939393939
1.8770000000000011,1.289802424242424
1.8780000000000014,1.2895509090909087
1.8790000000000013,1.2892993939393935
1.8800000000000012,1.2890478787878785
1.8810000000000011,1.2887963636363633
1.8820000000000014,1.2886005007587258
1.8830000000000013,1.288905508345979
1.8840000000000012,1.2892105159332325
1.8850000000000011,1.2895155235204858
1.8860000000000015,1.2898205311077393
1.8870000000000013,1.2901255386949926
1.8880000000000012,1.290430546282246
1.8890000000000011,1.2904267678300452
1.8900000000000015,1.2901263125948401
1.8910000000000013,1.2898258573596353
1.8920000000000012,1.2895254021244305
1.8930000000000011,1.2892249468892256
1.8940000000000015,1.2889244916540208
1.8950000000000014,1.288624036418816
1.8960000000000012,1.2881413939393933
1.8970000000000011,1.2876429090909085
1.8980000000000015,1.2871444242424235
1.8990000000000014,1.2866459393939387
1.9000000000000012,1.2861474545454539
1.9010000000000011,1.285648969696969
1.9020000000000015,1.2851060546282236
1.9030000000000014,1.2844687253414255
1.9040000000000012,1.2838313960546275
1.9050000000000011,1.2831940667678294
1.9060000000000015,1.282556737481031
1.9070000000000014,1.281919408194233
1.9080000000000013,1.2812820789074348
1.9090000000000011,1.2810546969696968
1.9100000000000015,1.2809789393939393
1.9110000000000014,1.2809031818181817
1.9120000000000013,1.2808274242424242
1.9130000000000011,1.2807516666666665
1.9140000000000015,1.280675909090909
1.9150000000000014,1.280594415781487
1.9160000000000013,1.2804745371775417
1.9170000000000011,1.2803546585735963
1.9180000000000015,1.280234779969651
1.9190000000000014,1.2801149013657056
1.9200000000000013,1.2799950227617602
1.9210000000000012,1.279875144157815
1.9220000000000015,1.2798322727272728
1.9230000000000014,1.2798550000000002
1.9240000000000013,1.2798777272727275
1.9250000000000012,1.2799004545454546
1.9260000000000015,1.279923181818182
1.9270000000000014,1.279945909090909
1.9280000000000013,1.2799686363636364
1.9290000000000012,1.2802581335356604
1.9300000000000015,1.2805646585735968
1.9310000000000014,1.2808711836115332
1.9320000000000013,1.2811777086494693
1.9330000000000012,1.2814842336874055
1.9340000000000015,1.2817907587253419
1.9350000000000014,1.2821050757575763
1.9360000000000013,1.2824338636363641
1.9370000000000012,1.2827626515151518
1.9380000000000015,1.2830914393939399
1.9390000000000014,1.2834202272727278
1.9400000000000013,1.2837490151515156
1.9410000000000012,1.2840778030303035
1.9420000000000015,1.2850725000000018
1.9430000000000014,1.2862891666666683
1.9440000000000013,1.287505833333335
1.9450000000000012,1.2887225000000013
1.9460000000000015,1.2899391666666684
1.9470000000000014,1.2911558333333348
1.9480000000000013,1.2920773292867973
1.9490000000000012,1.2913261911987852
1.9500000000000015,1.2905750531107727
1.9510000000000014,1.2898239150227608
1.9520000000000013,1.2890727769347488
1.9530000000000012,1.2883216388467367
1.9540000000000015,1.2875705007587244
1.9550000000000014,1.2873613333333336
1.9560000000000013,1.2875780000000001
1.9570000000000012,1.2877946666666669
1.9580000000000015,1.2880113333333336
1.9590000000000014,1.2882280000000002
1.9600000000000013,1.288444666666667
1.9610000000000012,1.2886613333333334
1.9620000000000015,1.2891092727272733
1.9630000000000014,1.289566848484849
1.9640000000000013,1.2900244242424248
1.9650000000000012,1.2904820000000006
1.9660000000000015,1.2909395757575763
1.9670000000000014,1.291397151515152
1.9680000000000013,1.2916070909090906
1.9690000000000012,1.2913767878787876
1.9700000000000015,1.2911464848484846
1.9710000000000014,1.2909161818181816
1.9720000000000013,1.2906858787878785
1.9730000000000012,1.2904555757575755
1.9740000000000015,1.2902252727272725
1.9750000000000014,1.2904486666666672
1.9760000000000013,1.2908153333333336
1.9770000000000012,1.2911820000000003
1.9780000000000015,1.2915486666666671
1.9790000000000014,1.2919153333333337
1.9800000000000013,1.2922820000000004
1.9810000000000012,1.2925725189681334
1.9820000000000015,1.2924632625189678
1.9830000000000014,1.2923540060698024
1.9840000000000013,1.2922447496206373
1.9850000000000012,1.292135493171472
1.9860000000000015,1.2920262367223063
1.9870000000000014,1.291916980273141
1.9880000000000013,1.2920815909090915
1.9890000000000012,1.2924528030303035
1.9900000000000015,1.2928240151515158
1.9910000000000014,1.2931952272727278
1.9920000000000013,1.2935664393939401
1.9930000000000012,1.2939376515151522
1.9940000000000015,1.2943088636363644
1.9950000000000014,1.2946639090909098
1.9960000000000013,1.295018454545455
1.9970000000000012,1.2953730000000006
1.9980000000000016,1.295727545454546
1.9990000000000014,1.2960820909090915
2.0000000000000013,1.296436636363637
2.0010000000000012,1.2964307121212115
2.0020000000000016,1.2958110151515143
2.0030000000000014,1.2951913181818173
2.0040000000000013,1.2945716212121205
2.0050000000000012,1.2939519242424236
2.0060000000000016,1.2933322272727263
2.0070000000000014,1.2927125303030294
2.0080000000000013,1.293004000000001
2.0090000000000012,1.293567636363637
2.0100000000000016,1.2941312727272736
2.0110000000000015,1.29469490909091
2.0120000000000013,1.2952585454545462
2.0130000000000012,1.2958221818181825
2.0140000000000016,1.296413893939395
2.0150000000000015,1.2971426818181828
2.0160000000000013,1.2978714696969706
2.0170000000000012,1.2986002575757585
2.0180000000000016,1.2993290454545467
2.0190000000000015,1.3000578333333346
2.0200000000000014,1.3007866212121224
2.0210000000000012,1.3012338636363638
2.0220000000000016,1.3014687121212125
2.0230000000000015,1.301703560606061
2.0240000000000014,1.3019384090909094
2.0250000000000012,1.3021732575757579
2.0260000000000016,1.3024081060606065
2.0270000000000015,1.302642954545455
2.0280000000000014,1.3025353636363635
2.0290000000000012,1.3024171818181818
2.0300000000000016,1.3022989999999999
2.0310000000000015,1.3021808181818182
2.0320000000000014,1.3020626363636363
2.0330000000000013,1.3019444545454544
2.0340000000000016,1.3019013464447808
2.0350000000000015,1.3019860665658096
2.0360000000000014,1.3020707866868382
2.0370000000000013,1.302155506807867
2.0380000000000016,1.3022402269288957
2.0390000000000015,1.3023249470499245
2.0400000000000014,1.302409667170953
2.0410000000000013,1.30259696969697
2.0420000000000016,1.302816666666667
2.0430000000000015,1.303036363636364
2.0440000000000014,1.3032560606060608
2.0450000000000013,1.3034757575757578
2.0460000000000016,1.3036954545454549
2.0470000000000015,1.3038661818181816
2.0480000000000014,1.303779818181818
2.0490000000000013,1.3036934545454544
2.0500000000000016,1.3036070909090907
2.0510000000000015,1.3035207272727272
2.0520000000000014,1.3034343636363634
2.0530000000000013,1.303348
2.0540000000000016,1.303344787878788
2.0550000000000015,1.303406909090909
2.0560000000000014,1.3034690303030303
2.0570000000000013,1.3035311515151515
2.0580000000000016,1.3035932727272728
2.0590000000000015,1.303655393939394
2.0600000000000014,1.3037175151515152
2.0610000000000013,1.3040516363636367
2.0620000000000016,1.3043970909090914
2.0630000000000015,1.3047425454545458
2.0640000000000014,1.3050880000000005
2.0650000000000013,1.305433454545455
2.0660000000000016,1.3057789090909098
2.0670000000000015,1.305978214826021
2.0680000000000014,1.3059177004538578
2.0690000000000013,1.3058571860816943
2.0700000000000016,1.305796671709531
2.0710000000000015,1.3057361573373676
2.0720000000000014,1.3056756429652043
2.0730000000000013,1.3056151285930409
2.0740000000000016,1.3057034090909094
2.0750000000000015,1.3058412878787882
2.0760000000000014,1.305979166666667
2.0770000000000013,1.3061170454545457
2.0780000000000016,1.3062549242424246
2.0790000000000015,1.3063928030303034
2.0800000000000014,1.306547954545455
2.0810000000000013,1.3068009848484852
2.0820000000000016,1.3070540151515155
2.0830000000000015,1.307307045454546
2.0840000000000014,1.307560075757576
2.0850000000000013,1.3078131060606062
2.0860000000000016,1.3080661363636366
2.0870000000000015,1.3081708472012101
2.0880000000000014,1.3081542057488653
2.0890000000000013,1.3081375642965203
2.0900000000000016,1.3081209228441755
2.0910000000000015,1.3081042813918307
2.0920000000000014,1.3080876399394856
2.0930000000000013,1.3080709984871408
2.0940000000000016,1.3080728484848485
2.0950000000000015,1.3080758787878788
2.0960000000000014,1.308078909090909
2.0970000000000013,1.3080819393939394
2.0980000000000016,1.3080849696969696
2.0990000000000015,1.308088
2.1000000000000014,1.3082695158850235
2.1010000000000013,1.308797503782149
2.1020000000000016,1.309325491679275
2.1030000000000015,1.3098534795764003
2.1040000000000014,1.310381467473526
2.1050000000000013,1.3109094553706513
2.1060000000000016,1.3114374432677771
2.1070000000000015,1.3112835757575751
2.1080000000000014,1.3108775151515144
2.1090000000000013,1.3104714545454539
2.1100000000000017,1.3100653939393931
2.1110000000000015,1.3096593333333326
2.1120000000000014,1.309253272727272
2.1130000000000013,1.308910030257186
2.1140000000000017,1.3089871860816944
2.1150000000000015,1.309064341906203
2.1160000000000014,1.3091414977307112
2.1170000000000013,1.3092186535552195
2.1180000000000017,1.3092958093797278
2.1190000000000015,1.309372965204236
2.1200000000000014,1.309343818181818
2.1210000000000013,1.3092165454545452
2.1220000000000017,1.3090892727272725
2.1230000000000016,1.3089619999999997
2.1240000000000014,1.308834727272727
2.1250000000000013,1.3087074545454545
2.1260000000000017,1.3085801818181817
2.1270000000000016,1.3086604689863843
2.1280000000000014,1.30875880484115
2.1290000000000013,1.3088571406959155
2.1300000000000017,1.308955476550681
2.1310000000000016,1.3090538124054465
2.1320000000000014,1.309152148260212
2.1330000000000013,1.3092673676248112
2.1340000000000017,1.3094201664145237
2.1350000000000016,1.3095729652042363
2.1360000000000015,1.3097257639939488
2.1370000000000013,1.3098785627836613
2.1380000000000017,1.3100313615733739
2.1390000000000016,1.3101841603630864
2.1400000000000015,1.3102830303030304
2.1410000000000013,1.310358787878788
2.1420000000000017,1.3104345454545456
2.1430000000000016,1.3105103030303031
2.1440000000000015,1.3105860606060606
2.1450000000000014,1.3106618181818182
2.1460000000000017,1.3107360514372164
2.1470000000000016,1.3107965658093799
2.1480000000000015,1.3108570801815431
2.1490000000000014,1.3109175945537066
2.1500000000000017,1.3109781089258699
2.1510000000000016,1.3110386232980333
2.1520000000000015,1.3110991376701966
2.1530000000000014,1.3110558698940995
2.1540000000000017,1.310904583963691
2.1550000000000016,1.3107532980332826
2.1560000000000015,1.310602012102874
2.1570000000000014,1.3104507261724658
2.1580000000000017,1.3102994402420574
2.1590000000000016,1.3101481543116489
2.1600000000000015,1.3101740000000002
2.1610000000000014,1.310224
2.1620000000000017,1.3102740000000002
2.1630000000000016,1.310324
2.1640000000000015,1.3103740000000001
2.1650000000000014,1.310424
2.1660000000000017,1.3104667776096823
2.1670000000000016,1.3104909833585476
2.1680000000000015,1.3105151891074132
2.1690000000000014,1.3105393948562785
2.1700000000000017,1.3105636006051438
2.1710000000000016,1.3105878063540093
2.1720000000000015,1.3106120121028746
2.1730000000000014,1.310507488653555
2.1740000000000017,1.3103395612708015
2.1750000000000016,1.3101716338880482
2.1760000000000015,1.3100037065052947
2.1770000000000014,1.3098357791225415
2.1780000000000017,1.309667851739788
2.1790000000000016,1.3094911195158845
2.1800000000000015,1.3091764447806349
2.1810000000000014,1.3088617700453853
2.1820000000000017,1.3085470953101357
2.1830000000000016,1.308232420574886
2.1840000000000015,1.3079177458396365
2.1850000000000014,1.3076030711043867
2.1860000000000017,1.3073530711043868
2.1870000000000016,1.3071821180030254
2.1880000000000015,1.3070111649016638
2.1890000000000014,1.3068402118003022
2.1900000000000017,1.3066692586989406
2.1910000000000016,1.3064983055975792
2.1920000000000015,1.3063273524962176
2.1930000000000014,1.3061246293494702
2.1940000000000017,1.3059158547655065
2.1950000000000016,1.305707080181543
2.1960000000000015,1.305498305597579
2.1970000000000014,1.3052895310136154
2.1980000000000017,1.3050807564296518
2.1990000000000016,1.304914432677761
2.2000000000000015,1.3048902269288958
2.2010000000000014,1.3048660211800303
2.2020000000000017,1.304841815431165
2.2030000000000016,1.3048176096822997
2.2040000000000015,1.3047934039334343
2.2050000000000014,1.304769198184569
2.2060000000000017,1.3047393645990923
2.2070000000000016,1.3047060816944025
2.2080000000000015,1.3046727987897127
2.2090000000000014,1.3046395158850228
2.2100000000000017,1.3046062329803327
2.2110000000000016,1.304572950075643
2.2120000000000015,1.3045394099848713
2.2130000000000014,1.304480408472012
2.2140000000000017,1.3044214069591527
2.2150000000000016,1.3043624054462934
2.2160000000000015,1.304303403933434
2.2170000000000014,1.3042444024205748
2.2180000000000017,1.3041854009077154
2.2190000000000016,1.3040356278366105
2.2200000000000015,1.3037496974281386
2.2210000000000014,1.3034637670196667
2.2220000000000018,1.3031778366111946
2.2230000000000016,1.3028919062027227
2.2240000000000015,1.3026059757942505
2.2250000000000014,1.3023200453857786
2.2260000000000018,1.3022145839636912
2.2270000000000016,1.302157095310136
2.2280000000000015,1.3020996066565809
2.2290000000000014,1.3020421180030255
2.2300000000000018,1.3019846293494703
2.2310000000000016,1.3019271406959152
2.2320000000000015,1.3017767927382744
2.2330000000000014,1.3012034190620263
2.2340000000000018,1.300630045385778
2.2350000000000017,1.30005667170953
2.2360000000000015,1.299483298033282
2.2370000000000014,1.298909924357034
2.2380000000000018,1.2983365506807858
2.2390000000000017,1.2978442360060507
2.2400000000000015,1.2974130711043865
2.2410000000000014,1.2969819062027226
2.2420000000000018,1.2965507413010582
2.2430000000000017,1.296119576399394
2.2440000000000015,1.29568841149773
2.2450000000000014,1.295257246596066
2.2460000000000018,1.2949262934947043
2.2470000000000017,1.294599515885022
2.2480000000000016,1.2942727382753398
2.2490000000000014,1.2939459606656576
2.2500000000000018,1.2936191830559753
2.2510000000000017,1.293292405446293
2.2520000000000016,1.293017613293051
2.2530000000000014,1.292839365558912
2.254000000000002,1.292661117824773
2.2550000000000017,1.2924828700906341
2.2560000000000016,1.2923046223564951
2.2570000000000014,1.2921263746223564
2.258000000000002,1.2919481268882174
2.2590000000000017,1.2916780181543113
2.2600000000000016,1.2913739334341903
2.2610000000000015,1.291069848714069
2.262000000000002,1.290765763993948
2.2630000000000017,1.290461679273827
2.2640000000000016,1.290157594553706
2.2650000000000015,1.289878925869894
2.266000000000002,1.2897866414523447
2.2670000000000017,1.2896943570347956
2.2680000000000016,1.2896020726172464
2.2690000000000015,1.2895097881996973
2.270000000000002,1.289417503782148
2.2710000000000017,1.289325219364599
2.2720000000000016,1.2891141149773067
2.2730000000000015,1.2887888502269285
2.274000000000002,1.28846358547655
2.2750000000000017,1.2881383207261718
2.2760000000000016,1.2878130559757937
2.2770000000000015,1.2874877912254155
2.278000000000002,1.287162526475037
2.2790000000000017,1.286486948640482
2.2800000000000016,1.2857724471299081
2.2810000000000015,1.285057945619334
2.282000000000002,1.28434344410876
2.2830000000000017,1.2836289425981862
2.2840000000000016,1.282914441087612
2.2850000000000015,1.2823669591527986
2.286000000000002,1.28224895612708
2.2870000000000017,1.2821309531013614
2.2880000000000016,1.2820129500756428
2.2890000000000015,1.2818949470499241
2.290000000000002,1.2817769440242055
2.2910000000000017,1.2816589409984869
2.2920000000000016,1.2814307401812683
2.2930000000000015,1.2811482628398787
2.294000000000002,1.2808657854984888
2.2950000000000017,1.2805833081570992
2.2960000000000016,1.2803008308157096
2.2970000000000015,1.28001835347432
2.298000000000002,1.279735022692889
2.2990000000000017,1.2794354765506804
2.3000000000000016,1.2791359304084715
2.3010000000000015,1.278836384266263
2.302000000000002,1.278536838124054
2.3030000000000017,1.2782372919818452
2.3040000000000016,1.2779377458396364
2.3050000000000015,1.2776430513595163
2.306000000000002,1.2773545317220538
2.3070000000000017,1.2770660120845916
2.3080000000000016,1.2767774924471293
2.3090000000000015,1.276488972809667
2.310000000000002,1.2762004531722049
2.3110000000000017,1.2759119335347426
2.3120000000000016,1.2757830862329802
2.3130000000000015,1.2756892889561269
2.314000000000002,1.2755954916792736
2.3150000000000017,1.2755016944024204
2.3160000000000016,1.2754078971255671
2.3170000000000015,1.2753140998487138
2.318000000000002,1.2752003474320237
2.3190000000000017,1.2750115256797578
2.3200000000000016,1.274822703927492
2.3210000000000015,1.2746338821752263
2.322000000000002,1.2744450604229602
2.3230000000000017,1.2742562386706944
2.3240000000000016,1.2740674169184287
2.3250000000000015,1.2738311195158845
2.326000000000002,1.2735618305597574
2.3270000000000017,1.2732925416036305
2.3280000000000016,1.2730232526475034
2.3290000000000015,1.2727539636913763
2.330000000000002,1.2724846747352492
2.3310000000000017,1.272215385779122
2.3320000000000016,1.2722351661631421
2.3330000000000015,1.2722608459214502
2.334000000000002,1.2722865256797584
2.3350000000000017,1.2723122054380664
2.3360000000000016,1.2723378851963745
2.3370000000000015,1.2723635649546827
2.338000000000002,1.2723756495468277
2.3390000000000017,1.2723635649546827
2.3400000000000016,1.2723514803625375
2.3410000000000015,1.2723393957703926
2.342000000000002,1.2723273111782476
2.3430000000000017,1.2723152265861026
2.3440000000000016,1.2723031419939577
2.3450000000000015,1.2722339485627836
2.346000000000002,1.2721446898638424
2.3470000000000018,1.2720554311649015
2.3480000000000016,1.2719661724659606
2.3490000000000015,1.2718769137670196
2.350000000000002,1.2717876550680787
2.3510000000000018,1.2717194259818734
2.3520000000000016,1.2717919335347434
2.3530000000000015,1.2718644410876134
2.354000000000002,1.2719369486404835
2.3550000000000018,1.2720094561933535
2.3560000000000016,1.2720819637462237
2.3570000000000015,1.2721544712990938
2.358000000000002,1.2722531722054382
2.3590000000000018,1.2723770392749245
2.3600000000000017,1.272500906344411
2.3610000000000015,1.2726247734138973
2.362000000000002,1.2727486404833839
2.3630000000000018,1.2728725075528704
2.3640000000000017,1.2729963746223567
2.3650000000000015,1.2730625113464449
2.366000000000002,1.2731215128593043
2.3670000000000018,1.2731805143721635
2.3680000000000017,1.273239515885023
2.3690000000000015,1.2732985173978821
2.370000000000002,1.2733575189107416
2.3710000000000018,1.2734499093655594
2.3720000000000017,1.2736281570996981
2.3730000000000016,1.2738064048338371
2.374000000000002,1.273984652567976
2.3750000000000018,1.274162900302115
2.3760000000000017,1.2743411480362539
2.3770000000000016,1.2745193957703929
2.378000000000002,1.2744055287009057
2.379000000000002,1.2741411782477334
2.3800000000000017,1.2738768277945614
2.3810000000000016,1.273612477341389
2.382000000000002,1.2733481268882167
2.383000000000002,1.2730837764350447
2.3840000000000017,1.2728323564954682
2.3850000000000016,1.2728912688821752
2.386000000000002,1.2729501812688822
2.387000000000002,1.2730090936555891
2.3880000000000017,1.273068006042296
2.3890000000000016,1.273126918429003
2.390000000000002,1.27318583081571
2.391000000000002,1.2733646525679765
2.3920000000000017,1.2737090634441093
2.3930000000000016,1.2740534743202423
2.394000000000002,1.2743978851963753
2.395000000000002,1.274742296072508
2.3960000000000017,1.2750867069486411
2.3970000000000016,1.275431117824774
2.398000000000002,1.2750806646525672
2.399000000000002,1.274556495468277
2.4000000000000017,1.2740323262839872
2.4010000000000016,1.2735081570996971
2.4020000000000015,1.2729839879154072
2.403000000000002,1.272459818731117
2.4040000000000017,1.2721401208459224
2.4050000000000016,1.2727519033232637
2.406000000000002,1.2733636858006052
2.407000000000002,1.2739754682779465
2.4080000000000017,1.2745872507552878
2.4090000000000016,1.275199033232629
2.4100000000000015,1.2758108157099703
2.411000000000002,1.276179818731118
2.4120000000000017,1.276358066465257
2.4130000000000016,1.276536314199396
2.414000000000002,1.2767145619335352
2.415000000000002,1.2768928096676742
2.4160000000000017,1.2770710574018131
2.4170000000000016,1.2772493051359521
2.4180000000000015,1.2769362537764346
2.419000000000002,1.2765918429003016
2.4200000000000017,1.2762474320241686
2.4210000000000016,1.2759030211480358
2.422000000000002,1.2755586102719028
2.423000000000002,1.2752141993957697
2.4240000000000017,1.2749766163141993
2.4250000000000016,1.2749660422960725
2.4260000000000015,1.2749554682779456
2.427000000000002,1.2749448942598187
2.4280000000000017,1.2749343202416918
2.4290000000000016,1.274923746223565
2.430000000000002,1.274913172205438
2.431000000000002,1.2746847734138966
2.4320000000000017,1.2743630211480357
2.4330000000000016,1.2740412688821747
2.4340000000000015,1.2737195166163138
2.435000000000002,1.2733977643504526
2.4360000000000017,1.2730760120845916
2.4370000000000016,1.2727807250755288
2.438000000000002,1.2727897885196375
2.439000000000002,1.2727988519637463
2.4400000000000017,1.272807915407855
2.4410000000000016,1.2728169788519637
2.4420000000000015,1.2728260422960724
2.443000000000002,1.2728351057401812
2.4440000000000017,1.2727921266968323
2.4450000000000016,1.2726880542986423
2.446000000000002,1.2725839819004523
2.447000000000002,1.272479909502262
2.4480000000000017,1.272375837104072
2.4490000000000016,1.272271764705882
2.4500000000000015,1.272167692307692
2.451000000000002,1.2719619335347427
2.4520000000000017,1.2717353474320237
2.4530000000000016,1.2715087613293048
2.454000000000002,1.2712821752265857
2.455000000000002,1.2710555891238666
2.4560000000000017,1.2708290030211478
2.4570000000000016,1.2705779909365555
2.4580000000000015,1.2702350906344406
2.459000000000002,1.2698921903323257
2.4600000000000017,1.2695492900302108
2.4610000000000016,1.269206389728096
2.462000000000002,1.268863489425981
2.463000000000002,1.2685205891238662
2.4640000000000017,1.2683336555891236
2.4650000000000016,1.268255105740181
2.4660000000000015,1.2681765558912383
2.467000000000002,1.2680980060422957
2.4680000000000017,1.2680194561933533
2.4690000000000016,1.2679409063444107
2.470000000000002,1.267862356495468
2.471000000000002,1.2674430316742074
2.4720000000000018,1.2670131674208136
2.4730000000000016,1.26658330316742
2.4740000000000015,1.2661534389140263
2.475000000000002,1.2657235746606326
2.4760000000000018,1.265293710407239
2.4770000000000016,1.265096797583082
2.478000000000002,1.2653520845921455
2.479000000000002,1.2656073716012088
2.4800000000000018,1.2658626586102724
2.4810000000000016,1.2661179456193359
2.4820000000000015,1.2663732326283992
2.483000000000002,1.2666285196374627
2.4840000000000018,1.2662192749244698
2.4850000000000017,1.2655516012084578
2.486000000000002,1.2648839274924455
2.487000000000002,1.2642162537764337
2.4880000000000018,1.2635485800604216
2.4890000000000017,1.2628809063444095
2.4900000000000015,1.2623057918552039
2.491000000000002,1.2625637104072402
2.4920000000000018,1.2628216289592764
2.4930000000000017,1.2630795475113126
2.494000000000002,1.263337466063349
2.495000000000002,1.2635953846153851
2.4960000000000018,1.2638533031674213
2.4970000000000017,1.2639329438543245
2.4980000000000016,1.2638115477996963
2.499000000000002,1.263690151745068
2.5000000000000018,1.2635687556904398
2.5010000000000017,1.2634473596358116
2.502000000000002,1.2633259635811833
2.503000000000002,1.2632045675265553
2.504000000000002,1.2630526666666664
2.5050000000000017,1.2628966060606057
2.5060000000000016,1.2627405454545453
2.507000000000002,1.2625844848484846
2.508000000000002,1.262428424242424
2.5090000000000017,1.2622723636363633
2.510000000000002,1.262104848484848
2.511000000000002,1.2619078787878784
2.512000000000002,1.2617109090909087
2.5130000000000017,1.2615139393939392
2.5140000000000016,1.2613169696969695
2.515000000000002,1.2611199999999996
2.516000000000002,1.26092303030303
2.5170000000000017,1.2608610303030303
2.518000000000002,1.2608625454545455
2.519000000000002,1.2608640606060608
2.520000000000002,1.260865575757576
2.5210000000000017,1.260867090909091
2.5220000000000016,1.2608686060606062
2.523000000000002,1.2608547040971168
2.524000000000002,1.2606635053110773
2.5250000000000017,1.2604723065250378
2.526000000000002,1.2602811077389982
2.527000000000002,1.2600899089529587
2.528000000000002,1.2598987101669192
2.5290000000000017,1.2597075113808798
2.5300000000000016,1.2595424393939392
2.531000000000002,1.2594045606060604
2.532000000000002,1.2592666818181817
2.5330000000000017,1.2591288030303027
2.534000000000002,1.258990924242424
2.535000000000002,1.2588530454545452
2.536000000000002,1.2587151666666663
2.5370000000000017,1.2588200151515154
2.5380000000000016,1.2589548636363639
2.539000000000002,1.2590897121212123
2.540000000000002,1.2592245606060608
2.5410000000000017,1.2593594090909093
2.542000000000002,1.2594942575757577
2.543000000000002,1.2596023030303032
2.544000000000002,1.2596447272727274
2.5450000000000017,1.2596871515151515
2.5460000000000016,1.259729575757576
2.547000000000002,1.2597720000000001
2.548000000000002,1.2598144242424243
2.5490000000000017,1.2598568484848487
2.550000000000002,1.259972454545455
2.551000000000002,1.2601209393939397
2.552000000000002,1.2602694242424246
2.5530000000000017,1.2604179090909093
2.5540000000000016,1.2605663939393943
2.555000000000002,1.260714878787879
2.556000000000002,1.2608517727272728
2.5570000000000017,1.2608714696969698
2.558000000000002,1.2608911666666667
2.559000000000002,1.2609108636363637
2.560000000000002,1.2609305606060606
2.5610000000000017,1.2609502575757576
2.5620000000000016,1.2609699545454545
2.563000000000002,1.2610282575757576
2.564000000000002,1.2611267424242425
2.5650000000000017,1.2612252272727273
2.566000000000002,1.2613237121212124
2.567000000000002,1.2614221969696973
2.568000000000002,1.261520681818182
2.5690000000000017,1.261619166666667
2.5700000000000016,1.2616111212121213
2.571000000000002,1.261589909090909
2.572000000000002,1.2615686969696969
2.5730000000000017,1.261547484848485
2.574000000000002,1.2615262727272727
2.575000000000002,1.2615050606060605
2.576000000000002,1.261573045454546
2.5770000000000017,1.2618594090909097
2.5780000000000016,1.2621457727272731
2.579000000000002,1.262432136363637
2.580000000000002,1.2627185000000005
2.5810000000000017,1.2630048636363642
2.582000000000002,1.263291227272728
2.583000000000002,1.2633141363636362
2.584000000000002,1.2632186818181816
2.5850000000000017,1.263123227272727
2.5860000000000016,1.2630277727272725
2.587000000000002,1.262932318181818
2.588000000000002,1.2628368636363634
2.5890000000000017,1.2627603636363638
2.590000000000002,1.2628755151515154
2.591000000000002,1.262990666666667
2.592000000000002,1.2631058181818184
2.5930000000000017,1.26322096969697
2.5940000000000016,1.2633361212121215
2.595000000000002,1.263451272727273
2.596000000000002,1.2633483963691372
2.5970000000000018,1.2630185930408466
2.598000000000002,1.262688789712556
2.599000000000002,1.2623589863842657
