wave,r
0.4,0.7071000089421211
0.401,0.7091646392263156
0.402,0.7110872707736846
0.403,0.7128682700000001
0.404,0.7146701019816801
0.405,0.71650064
0.406,0.7180237348698028
0.40700000000000003,0.7195107151301974
0.40800000000000003,0.7210561758646827
0.40900000000000003,0.7226426441353173
0.41000000000000003,0.7240451600000001
0.41100000000000003,0.7253460769908302
0.41200000000000003,0.72660726
0.41300000000000003,0.727857062209878
0.41400000000000003,0.7290780500000001
0.41500000000000004,0.7303192725644488
0.41600000000000004,0.7315757174355514
0.41700000000000004,0.73272383
0.41800000000000004,0.733873828500015
0.41900000000000004,0.7349895800000001
0.42000000000000004,0.7360357110851892
0.42100000000000004,0.73714423
0.42200000000000004,0.7382536005277895
0.42300000000000004,0.7393063794722106
0.42400000000000004,0.7402690195615088
0.42500000000000004,0.7412251704384913
0.42600000000000005,0.74216062
0.42700000000000005,0.7430664990634094
0.42800000000000005,0.74397284
0.42900000000000005,0.7448109482151358
0.43000000000000005,0.7456324617848643
0.43100000000000005,0.7464826774146518
0.43200000000000005,0.7472241425853483
0.43300000000000005,0.74791908
0.43400000000000005,0.7486045468300317
0.43500000000000005,0.74928755
0.43600000000000005,0.7499060661415773
0.43700000000000006,0.7505202238584229
0.43800000000000006,0.751161466101578
0.43900000000000006,0.7517716238984221
0.44000000000000006,0.75241047
0.44100000000000006,0.7530659334453657
0.44200000000000006,0.75370824
0.44300000000000006,0.7543591368769624
0.44400000000000006,0.7550468331230376
0.44500000000000006,0.7557679472477551
0.44600000000000006,0.756492722752245
0.44700000000000006,0.75720966
0.44800000000000006,0.7579345027515725
0.44900000000000007,0.7586779
0.45000000000000007,0.7594368575606488
0.45100000000000007,0.7601929224393512
0.45200000000000007,0.760940677400352
0.45300000000000007,0.761680712599648
0.45400000000000007,0.7624502800000001
0.45500000000000007,0.7631837026657734
0.45600000000000007,0.76387101
0.4570000000000001,0.7645652969170308
0.4580000000000001,0.7652570000000001
0.4590000000000001,0.7659227862178757
0.4600000000000001,0.7665445737821244
0.4610000000000001,0.76712132
0.4620000000000001,0.7676926842863572
0.4630000000000001,0.7682488600000001
0.4640000000000001,0.7687624747528525
0.4650000000000001,0.76923776
0.4660000000000001,0.7696940346067079
0.4670000000000001,0.7701547053932922
0.4680000000000001,0.7706459244207117
0.4690000000000001,0.7710879955792884
0.4700000000000001,0.77149886
0.4710000000000001,0.7719172245794542
0.4720000000000001,0.77237517
0.4730000000000001,0.7728124941704166
0.4740000000000001,0.7732295358295834
0.4750000000000001,0.7736569641896162
0.4760000000000001,0.7740759258103838
0.4770000000000001,0.77448159
0.4780000000000001,0.7748816042152579
0.4790000000000001,0.77530313
0.4800000000000001,0.7757149337789245
0.4810000000000001,0.7760928262210756
0.4820000000000001,0.7764384740972181
0.4830000000000001,0.776848195902782
0.4840000000000001,0.77724105
0.4850000000000001,0.7776023063874362
0.4860000000000001,0.77795964
0.4870000000000001,0.7783098833920322
0.4880000000000001,0.7786490866079679
0.4890000000000001,0.7789788832663348
0.4900000000000001,0.7793055167336653
0.4910000000000001,0.77961743
0.4920000000000001,0.77991741700013
0.4930000000000001,0.78021622
0.4940000000000001,0.7805358830796691
0.4950000000000001,0.78084385
0.4960000000000001,0.7811356829730406
0.4970000000000001,0.7814329870269595
0.4980000000000001,0.78173673
0.4990000000000001,0.7820345770215299
0.5000000000000001,0.78231519
0.5010000000000001,0.7825878925159503
0.5020000000000001,0.7828394873667317
0.5030000000000001,0.7830850450888456
0.5040000000000001,0.7833435474149741
0.5050000000000001,0.78359145
0.5060000000000001,0.7838253444151793
0.5070000000000001,0.7840461033772311
0.5080000000000001,0.7842552058179582
0.5090000000000001,0.7844699
0.5100000000000001,0.7846645116189163
0.5110000000000001,0.7848264034782609
0.5120000000000001,0.7850003165217391
0.5130000000000001,0.7851790182129821
0.5140000000000001,0.78535199
0.5150000000000001,0.7855050615455309
0.5160000000000001,0.7856596145540723
0.5170000000000001,0.7858114169639518
0.5180000000000001,0.7859564985491855
0.5190000000000001,0.7860985413137132
0.5200000000000001,0.7862299124328783
0.5210000000000001,0.7863515563506824
0.5220000000000001,0.7864677888376768
0.5230000000000001,0.78658974
0.5240000000000001,0.7867210513197133
0.5250000000000001,0.7868530222613096
0.5260000000000001,0.7869660877386904
0.5270000000000001,0.7870703289575897
0.5280000000000001,0.78715861
0.5290000000000001,0.787231331497215
0.5300000000000001,0.7873061921868907
0.5310000000000001,0.7873790885420728
0.5320000000000001,0.7874620591702917
0.5330000000000001,0.7875662409162092
0.5340000000000001,0.7876578612193391
0.5350000000000001,0.7877188281709915
0.5360000000000001,0.7877656795314907
0.5370000000000001,0.78784829
0.5380000000000001,0.7879220807117142
0.5390000000000001,0.7879932522582871
0.5400000000000001,0.7880685284944753
0.5410000000000001,0.7881222394628946
0.5420000000000001,0.78815484
0.5430000000000001,0.7881844009465527
0.5440000000000002,0.788231728580171
0.5450000000000002,0.7882600994325943
0.5460000000000002,0.78829056
0.5470000000000002,0.7883281101532016
0.5480000000000002,0.7883434304637814
0.5490000000000002,0.7883666195362186
0.5500000000000002,0.7884049396167963
0.5510000000000002,0.78844881
0.5520000000000002,0.7884477399945998
0.5530000000000002,0.7884472008780561
0.5540000000000002,0.7884764694146292
0.5550000000000002,0.7885431593330934
0.5560000000000002,0.7886039006080061
0.5570000000000002,0.78866470139813
0.5580000000000002,0.7887346079028049
0.5590000000000002,0.7888035786205861
0.5600000000000002,0.78887808
0.5610000000000002,0.7889490105198051
0.5620000000000002,0.7890009906459742
0.5630000000000002,0.7890332893540258
0.5640000000000002,0.7890673296595966
0.5650000000000002,0.78911453
0.5660000000000002,0.7891721716308163
0.5670000000000002,0.7892537124157792
0.5680000000000002,0.7893342383894805
0.5690000000000002,0.7893786395559956
0.5700000000000002,0.7893599896816968
0.5710000000000002,0.7893281592752361
0.5720000000000002,0.7892919210871456
0.5730000000000002,0.7892348205710115
0.5740000000000002,0.78918266
0.5750000000000002,0.7891608500202002
0.5760000000000002,0.7891628692192312
0.5770000000000002,0.7891238307807688
0.5780000000000002,0.789093550302803
0.5790000000000002,0.78909034
0.5800000000000002,0.7891139406556066
0.5810000000000002,0.789146721040648
0.5820000000000002,0.7891814093062347
0.5830000000000002,0.78920329
0.5840000000000002,0.7891966697496975
0.5850000000000002,0.7891716394408279
0.5860000000000002,0.7891436808387581
0.5870000000000002,0.7891254401824036
0.5880000000000002,0.78912348
0.5890000000000002,0.7891020196285925
0.5900000000000002,0.7890648791471426
0.5910000000000002,0.7890364505685715
0.5920000000000002,0.7890235201293012
0.5930000000000002,0.7890206000667006
0.5940000000000002,0.7890272705341732
0.5950000000000002,0.7890539791987401
0.5960000000000002,0.7890526700262003
0.5970000000000002,0.78902286
0.5980000000000002,0.7889817396071961
0.5990000000000002,0.7889424592310308
0.6000000000000002,0.7889040107689692
0.6010000000000002,0.7888583504566046
0.6020000000000002,0.78879321
0.6030000000000002,0.7887152393359868
0.6040000000000002,0.7886488381421929
0.6050000000000002,0.7885869112385381
0.6060000000000002,0.7884591212779127
0.6070000000000002,0.7883071286469864
0.6080000000000002,0.7881718280544973
0.6090000000000002,0.7880745529182541
0.6100000000000002,0.7879417513280266
0.6110000000000002,0.78780222
0.6120000000000002,0.787693259609596
0.6130000000000002,0.7876542207689692
0.6140000000000002,0.7876926692310308
0.6150000000000002,0.7877784991416914
0.6160000000000002,0.78786933
0.6170000000000002,0.7879265496877969
0.6180000000000002,0.7879109373070345
0.6190000000000002,0.7878211717953102
0.6200000000000002,0.78768086
0.6210000000000002,0.7875075881450815
0.6220000000000002,0.7873220961009948
0.6230000000000002,0.7871271458485075
0.6240000000000002,0.7869004022674453
0.6250000000000002,0.7866464899999999
0.6260000000000002,0.7863807673671472
0.6270000000000002,0.7861174818449077
0.6280000000000002,0.7858456454367281
0.6290000000000002,0.7855870125863258
0.6300000000000002,0.7853561
0.6310000000000002,0.785165847700515
0.6320000000000002,0.7850508734492275
0.6330000000000002,0.784981131394814
0.6340000000000002,0.78492576
0.6350000000000002,0.7848554800793008
0.6360000000000002,0.7848634118155274
0.6370000000000002,0.7849541881844726
0.6380000000000002,0.7851024285175853
0.6390000000000002,0.78529817
0.6400000000000002,0.7855084520379408
0.6410000000000002,0.785712245961302
0.6420000000000002,0.7859109560257989
0.6430000000000002,0.786172387385674
0.6440000000000002,0.7864429421809219
0.6450000000000002,0.7866610325438728
0.6460000000000002,0.7867882261841908
0.6470000000000002,0.7869066588156763
0.6480000000000002,0.78703791
0.6490000000000002,0.7871633200739008
0.6500000000000002,0.7871707098546059
0.6510000000000002,0.7871634401453942
0.6520000000000002,0.7871923997103971
0.6530000000000002,0.78722507
0.6540000000000002,0.7872309092263923
0.6550000000000002,0.7871922277756113
0.6560000000000002,0.7871180814829258
0.6570000000000003,0.7870801103797038
0.6580000000000003,0.7870706299111991
0.6590000000000003,0.7870617490630468
0.6600000000000003,0.7870149014054297
0.6610000000000003,0.7869430207188144
0.6620000000000003,0.78686744
0.6630000000000003,0.7867944791327826
0.6640000000000003,0.7867077572605369
0.6650000000000003,0.7866164418263086
0.6660000000000003,0.7865237609268093
0.6670000000000003,0.78643638
0.6680000000000003,0.7863746287626618
0.6690000000000003,0.7863127618560073
0.6700000000000003,0.7862263317286172
0.6710000000000003,0.78609651
0.6720000000000003,0.7859381386553864
0.6730000000000003,0.785803678323867
0.6740000000000003,0.7857198716761329
0.6750000000000003,0.7856712904858049
0.6760000000000003,0.78559405
0.6770000000000003,0.7854920589622792
0.6780000000000003,0.7853882866491675
0.6790000000000003,0.7852765922338883
0.6800000000000003,0.7851647711182111
0.6810000000000003,0.7850677993257933
0.6820000000000003,0.7850003784622769
0.6830000000000003,0.7849234923065846
0.6840000000000003,0.7848367117356173
0.6850000000000003,0.78474545
0.6860000000000003,0.78465347899809
0.6870000000000003,0.7845532876206951
0.6880000000000003,0.7844343223793048
0.6890000000000003,0.7842898414448144
0.6900000000000003,0.78413063
0.6910000000000003,0.7839739267873679
0.6920000000000003,0.7838132946428679
0.6930000000000003,0.7836347235714214
0.6940000000000003,0.7834750415968159
0.6950000000000003,0.783366079412894
0.6960000000000003,0.7833073687222638
0.6970000000000003,0.7832434819166041
0.6980000000000003,0.7831375010598212
0.6990000000000003,0.78299415
0.7000000000000003,0.7828341083906839
0.7010000000000003,0.7826731764561417
0.7020000000000003,0.7824959835438582
0.7030000000000003,0.782284442115421
0.7040000000000003,0.7820209899999999
0.7050000000000003,0.7817392838571384
0.7060000000000003,0.7814321394093294
0.7070000000000003,0.7810791170604469
0.7080000000000003,0.7806495999999998
0.7090000000000003,0.780144264419244
0.7100000000000003,0.7795861881915901
0.7110000000000003,0.7789957677126141
0.7120000000000003,0.7783420765369305
0.7130000000000003,0.7776073199999998
0.7140000000000003,0.7767873910686212
0.7150000000000003,0.7758942525393728
0.7160000000000003,0.7749788983070843
0.7170000000000003,0.774096378825188
0.7180000000000003,0.7733316947905478
0.7190000000000003,0.7728107575085246
0.7200000000000003,0.7726861837372131
0.7210000000000003,0.772961194499545
0.7220000000000003,0.7735155200000002
0.7230000000000003,0.7740705034022342
0.7240000000000003,0.7744107201621935
0.7250000000000003,0.7744188298378065
0.7260000000000003,0.7740759834285342
0.7270000000000003,0.7734638499999997
0.7280000000000003,0.7726421298931976
0.7290000000000003,0.7716314428192588
0.7300000000000003,0.7703920847871603
0.7310000000000003,0.7689220447004467
0.7320000000000003,0.7672608921202206
0.7330000000000003,0.7654729131482421
0.7340000000000003,0.7636303252776356
0.7350000000000003,0.7617387989152777
0.7360000000000003,0.7598359599999993
0.7370000000000003,0.7579964836938364
0.7380000000000003,0.7563658740038395
0.7390000000000003,0.7550660659961597
0.7400000000000003,0.7541458092024919
0.7410000000000003,0.7535636399999999
0.7420000000000003,0.753092930617106
0.7430000000000003,0.7526237856310183
0.7440000000000003,0.7521448195793209
0.7450000000000003,0.7517814
0.7460000000000003,0.7517185233349334
0.7470000000000003,0.7520520248110597
0.7480000000000003,0.752792577783411
0.7490000000000003,0.7538473494521893
0.7500000000000003,0.7551558600000006
0.7510000000000003,0.7566774071760441
0.7520000000000003,0.758395015052048
0.7530000000000003,0.7602300832986357
0.7540000000000003,0.7620760015408159
0.7550000000000003,0.7638276800000006
0.7560000000000003,0.7653919765416733
0.7570000000000003,0.766719060187491
0.7580000000000003,0.7677941684979854
0.7590000000000003,0.7686415900000002
0.7600000000000003,0.7693636458621589
0.7610000000000003,0.7699498589070439
0.7620000000000003,0.7703952110929565
0.7630000000000003,0.770716606786068
0.7640000000000003,0.7709735
0.7650000000000003,0.771138910653213
0.7660000000000003,0.7712042308870557
0.7670000000000003,0.7712337994086297
0.7680000000000003,0.7712538797991979
0.7690000000000003,0.7713016308440084
0.7700000000000004,0.771386030679366
0.7710000000000004,0.7714199989809509
0.7720000000000004,0.7713955002450049
0.7730000000000004,0.77132016
0.7740000000000004,0.7712113284120841
0.7750000000000004,0.7710525359065636
0.7760000000000004,0.7708478640934362
0.7770000000000004,0.7706098023806238
0.7780000000000004,0.7703560599999999
0.7790000000000004,0.770080744808348
0.7800000000000004,0.769821163380531
0.7810000000000004,0.7696005144129793
0.7820000000000004,0.7693794422107221
0.7830000000000004,0.7691013766853667
0.7840000000000004,0.7687699130457476
0.7850000000000004,0.7684222004313783
0.7860000000000004,0.768081843403568
0.7870000000000004,0.7677620599999999
0.7880000000000004,0.7674519967103342
0.7890000000000004,0.7671230305072745
0.7900000000000004,0.7668066063284835
0.7910000000000004,0.766485513210932
0.7920000000000004,0.7661492199999999
0.7930000000000004,0.7658069628299584
0.7940000000000004,0.765448460755062
0.7950000000000004,0.7650650776676765
0.7960000000000004,0.7646525499999998
0.7970000000000004,0.7642063453406532
0.7980000000000004,0.7637404099678011
0.7990000000000004,0.7632388000321985
0.8000000000000004,0.7626801755862557
0.8010000000000004,0.7620959899999997
0.8020000000000004,0.7615199045543909
0.8030000000000004,0.7609753449410528
0.8040000000000004,0.7604733800392979
0.8050000000000004,0.7599779449543493
0.8060000000000004,0.759490845307253
0.8070000000000004,0.7590215711480424
0.8080000000000004,0.758578973277936
0.8090000000000004,0.7581847978834787
0.8100000000000004,0.7578196499999998
0.8110000000000004,0.7574695870686706
0.8120000000000004,0.7571764553151873
0.8130000000000004,0.7569422146848125
0.8140000000000004,0.7567654817673176
0.8150000000000004,0.75663841
0.8160000000000004,0.7565436988459885
0.8170000000000004,0.7564859989539523
0.8180000000000004,0.7564511306973651
0.8190000000000004,0.7564098204131041
0.8200000000000004,0.7563431294914948
0.8210000000000004,0.7562922794148292
0.8220000000000004,0.7562630208777561
0.8230000000000004,0.7562014506157123
0.8240000000000004,0.75608635
0.8250000000000004,0.755933998211882
0.8260000000000004,0.7557551851517939
0.8270000000000004,0.7555127748482059
0.8280000000000004,0.7552432426953268
0.8290000000000004,0.7549750199999999
0.8300000000000004,0.7547241950779506
0.8310000000000004,0.7544780918017099
0.8320000000000004,0.7542048154655265
0.8330000000000004,0.7539206099999999
0.8340000000000004,0.7536675875961759
0.8350000000000004,0.7534272063213838
0.8360000000000004,0.753243275517924
0.8370000000000004,0.753118161251125
0.8380000000000004,0.7530053299999999
0.8390000000000004,0.7528647781366626
0.8400000000000004,0.7526784426278685
0.8410000000000004,0.7524327049147541
0.8420000000000004,0.7521157331697316
0.8430000000000004,0.7516675544298441
0.8440000000000004,0.7511105374718262
0.8450000000000004,0.7504841287922601
0.8460000000000004,0.7497982537175368
0.8470000000000004,0.7490614099999997
0.8480000000000004,0.7483026325046248
0.8490000000000004,0.7475530954021836
0.8500000000000004,0.7468232045978157
0.8510000000000004,0.7460910173218729
0.8520000000000004,0.7453683599999996
0.8530000000000004,0.7446985145782914
0.8540000000000004,0.7441563486209688
0.8550000000000004,0.7437770475860205
0.8560000000000004,0.7435719420510205
0.8570000000000004,0.7435113789586896
0.8580000000000004,0.7434072439195039
0.8590000000000004,0.7431032191207438
0.8600000000000004,0.7424863061692232
0.8610000000000004,0.7415002599999994
0.8620000000000004,0.7401159223425228
0.8630000000000004,0.7383501674774999
0.8640000000000004,0.7362240425224981
0.8650000000000004,0.7337259949805488
0.8660000000000004,0.7309396299999986
0.8670000000000004,0.7278559113931125
0.8680000000000004,0.7244255553682297
0.8690000000000004,0.7206044964211772
0.8700000000000004,0.7163249899999979
0.8710000000000004,0.7115498272034694
0.8720000000000004,0.7062701645001725
0.8730000000000004,0.7004951732497352
0.8740000000000004,0.6943301616502305
0.8750000000000004,0.6879737399999972
0.8760000000000004,0.6817288426246497
0.8770000000000004,0.6759913370898432
0.8780000000000004,0.6712276652734341
0.8790000000000004,0.6678094641817405
0.8800000000000004,0.66598499
0.8810000000000004,0.6659291101226945
0.8820000000000005,0.6674352448159598
0.8830000000000005,0.6700657073900751
0.8840000000000005,0.6731872600000012
0.8850000000000005,0.6760540200447015
0.8860000000000005,0.678058464033839
0.8870000000000005,0.6787601559661617
0.8880000000000005,0.6779102184996846
0.8890000000000005,0.6753981699999981
0.8900000000000005,0.6712279322014412
0.8910000000000005,0.6654480295353197
0.8920000000000005,0.6580992069764477
0.8930000000000005,0.6493339776525721
0.8940000000000005,0.6394210028565233
0.8950000000000005,0.6287066478039051
0.8960000000000005,0.6175968432941296
0.8970000000000005,0.6065207007614096
0.8980000000000005,0.5958653699999955
0.8990000000000005,0.5859747217050126
0.9000000000000005,0.57714524666833
0.9010000000000005,0.5694786633316633
0.9020000000000005,0.5629339854465512
0.9030000000000005,0.5573736399999979
0.9040000000000005,0.5526074598903972
0.9050000000000005,0.5486020035008233
0.9060000000000005,0.5453853643327818
0.9070000000000005,0.5430135937175359
0.9080000000000005,0.5415067631513312
0.9090000000000005,0.5408219127046648
0.9100000000000005,0.5409571459430029
0.9110000000000005,0.5419586799844002
0.9120000000000005,0.5439235000000013
0.9130000000000005,0.5469871027796577
0.9140000000000005,0.5512651069644545
0.9150000000000005,0.5568305886903681
0.9160000000000005,0.5636151321543248
0.9170000000000005,0.571542200000004
0.9180000000000005,0.5804647938305126
0.9190000000000005,0.5901563192542423
0.9200000000000005,0.600474803629941
0.9210000000000005,0.6112333500000061
0.9220000000000005,0.6222036992408978
0.9230000000000005,0.6331277811219597
0.9240000000000005,0.6436838788780497
0.9250000000000005,0.6535873609653147
0.9260000000000005,0.6626156600000045
0.9270000000000005,0.6706029901769069
0.9280000000000005,0.6776206526941683
0.9290000000000005,0.6837104582038925
0.9300000000000005,0.6889501276034786
0.9310000000000005,0.6934698597256992
0.9320000000000005,0.697442419736315
0.9330000000000005,0.700929235395532
0.9340000000000005,0.7039827689295907
0.9350000000000005,0.706672730000001
0.9360000000000005,0.709011870695608
0.9370000000000005,0.711081427400305
0.9380000000000005,0.7129514425996968
0.9390000000000005,0.7146481730327312
0.9400000000000005,0.7162177600000008
0.9410000000000005,0.7176749973338741
0.9420000000000005,0.7190416896499181
0.9430000000000005,0.7203633535667222
0.9440000000000005,0.7216275173583743
0.9450000000000005,0.7228410917047177
0.9460000000000005,0.7240115625722721
0.9470000000000005,0.7251401761415934
0.9480000000000005,0.7262266791349832
0.9490000000000005,0.7272822300000005
0.9500000000000005,0.7282909290223907
0.9510000000000005,0.7291931657981685
0.9520000000000005,0.7299830742018323
0.9530000000000005,0.730625083579936
0.9540000000000005,0.7310899500000001
0.9550000000000005,0.7313713426072261
0.9560000000000005,0.7315016987412629
0.9570000000000005,0.731459740839158
0.9580000000000005,0.7312284699999998
0.9590000000000005,0.7308165942785425
0.9600000000000005,0.730244445932703
0.9610000000000005,0.7295410811009445
0.9620000000000005,0.7287256181546627
0.9630000000000005,0.7278011399999994
0.9640000000000005,0.7268813713393264
0.9650000000000005,0.726015305652017
0.9660000000000005,0.7252037062319879
0.9670000000000005,0.7244123879131787
0.9680000000000005,0.7237448048524483
0.9690000000000005,0.7232300519562019
0.9700000000000005,0.7228278620656966
0.9710000000000005,0.7224503875494752
0.9720000000000005,0.7221848999999999
0.9730000000000005,0.7220044680199801
0.9740000000000005,0.7218064628308866
0.9750000000000005,0.7214480071691131
0.9760000000000005,0.7209807046730465
0.9770000000000005,0.7203774999999996
0.9780000000000005,0.7195858897435944
0.9790000000000005,0.7185602440977946
0.9800000000000005,0.7173635039348026
0.9810000000000005,0.716047063164431
0.9820000000000005,0.7145777730644298
0.9830000000000005,0.7128842151509415
0.9840000000000005,0.7111417622735855
0.9850000000000005,0.709217149246184
0.9860000000000005,0.7070384599999987
0.9870000000000005,0.7046309450754495
0.9880000000000005,0.7021384866297333
0.9890000000000005,0.6994699733702636
0.9900000000000005,0.6966710979887785
0.9910000000000005,0.6938477199999983
0.9920000000000005,0.6909452141856403
0.9930000000000005,0.6881544997558106
0.9940000000000005,0.6854796934961236
0.9950000000000006,0.6828856499999987
0.9960000000000006,0.6805314167801664
0.9970000000000006,0.6782094360629957
0.9980000000000006,0.6760125859055036
0.9990000000000006,0.6740640594851887
1.0000000000000004,0.6722648699999993
1.0010000000000006,0.670795499999999
1.0020000000000007,0.6693263099999991
1.0030000000000006,0.667946579999999
1.0040000000000004,0.6664363401809812
1.0050000000000006,0.6649381499999989
1.0060000000000007,0.6633010499999988
1.0070000000000006,0.6616080399999992
1.0080000000000005,0.6597716799999991
1.0090000000000006,0.6577456927337256
1.0100000000000007,0.6556730299999985
1.0110000000000006,0.6534889899999986
1.0120000000000005,0.651262699999999
1.0130000000000006,0.6491296899999986
1.0140000000000007,0.6471032726417346
1.0150000000000006,0.645291569999999
1.0160000000000005,0.6437505499999995
1.0170000000000006,0.6425368199999996
1.0180000000000007,0.6415463699999997
1.0190000000000006,0.6409814364933504
1.0200000000000005,0.64074451
1.0210000000000006,0.6408501300000004
1.0220000000000007,0.6413217200000005
1.0230000000000006,0.6421137500000007
1.0240000000000005,0.6431875800000005
1.0250000000000006,0.6443815800000009
1.0260000000000007,0.6456663000000009
1.0270000000000006,0.6470205200000005
1.0280000000000005,0.6483123300000005
1.0290000000000006,0.6495320200000004
1.0300000000000007,0.6506567600000007
1.0310000000000006,0.6517601600000007
1.0320000000000005,0.6527087894510553
1.0330000000000006,0.6535033000000006
1.0340000000000007,0.6542791100000005
1.0350000000000006,0.6549843500000004
1.0360000000000005,0.6555754500000002
1.0370000000000006,0.6561645314218582
1.0380000000000007,0.6567787500000003
1.0390000000000006,0.6573432700000003
1.0400000000000005,0.6579264400000002
1.0410000000000006,0.6585193300000003
1.0420000000000007,0.659067395193481
1.0430000000000006,0.6596095600000004
1.0440000000000005,0.6601753800000002
1.0450000000000006,0.6606429800000003
1.0460000000000007,0.6610788700000002
1.0470000000000006,0.6614508827987204
1.0480000000000005,0.6617401800000001
1.0490000000000006,0.6620048300000001
1.0500000000000007,0.6622243500000001
1.0510000000000006,0.6624188400000001
1.0520000000000005,0.6625852600000001
1.0530000000000006,0.6627394000000001
1.0540000000000007,0.6628981800000001
1.0550000000000006,0.6630613341785822
1.0560000000000005,0.66320312
1.0570000000000006,0.66329014
1.0580000000000007,0.6632969399999998
1.0590000000000006,0.66320407
1.0600000000000005,0.6631508892290771
1.0610000000000006,0.66294318
1.0620000000000007,0.66294169
1.0630000000000006,0.6628860800000002
1.0640000000000005,0.6631340400000001
1.0650000000000006,0.6634728561183884
1.0660000000000007,0.6641114400000009
1.0670000000000006,0.6650940200000008
1.0680000000000005,0.6663611500000007
1.0690000000000006,0.6680126200000012
1.0700000000000007,0.6699184094210594
1.0710000000000006,0.6719667900000016
1.0720000000000005,0.674356340000001
1.0730000000000006,0.6766518400000017
1.0740000000000007,0.6792219900000016
1.0750000000000006,0.6814732600000015
1.0760000000000005,0.6838045700000013
1.0770000000000006,0.6857395200000013
1.0780000000000007,0.6874977043535656
1.0790000000000006,0.6889412400000008
1.0800000000000005,0.6901105000000004
1.0810000000000006,0.6910299100000005
1.0820000000000007,0.6916422800000003
1.0830000000000006,0.6919790609189083
1.0840000000000005,0.69208825
1.0850000000000006,0.6920010999999998
1.0860000000000007,0.6917799099999997
1.0870000000000006,0.6914038699999997
1.0880000000000005,0.6908430460823914
1.0890000000000006,0.6902409799999993
1.0900000000000007,0.6892226899999992
1.0910000000000006,0.6881213199999989
1.0920000000000005,0.6864574599999992
1.0930000000000006,0.6846629994460544
1.0940000000000007,0.6820645299999979
1.0950000000000006,0.6789337999999976
1.0960000000000005,0.6753271799999971
1.0970000000000006,0.6709688299999967
1.0980000000000008,0.6660650999999952
1.0990000000000006,0.6607003799999963
1.1000000000000005,0.6551738399999978
1.1010000000000006,0.6500763899999964
1.1020000000000008,0.644701659999997
1.1030000000000006,0.6401508499999974
1.1040000000000005,0.6361501799999982
1.1050000000000006,0.6322424399999982
1.1060000000000008,0.6295194597160254
1.1070000000000007,0.6253166199999978
1.1080000000000005,0.622054339999996
1.1090000000000007,0.6160936999999956
1.1100000000000008,0.6096265299999938
1.1110000000000007,0.60033871981601
1.1120000000000005,0.5886368799999941
1.1130000000000007,0.5754548299999898
1.1140000000000008,0.5601104499999892
1.1150000000000007,0.5437380099999898
1.1160000000000005,0.528399033897601
1.1170000000000007,0.5110859899999913
1.1180000000000008,0.4981057599999886
1.1190000000000007,0.48520785999999455
1.1200000000000006,0.47701909999999764
1.1210000000000007,0.47178890301969484
1.1220000000000008,0.46926364000000104
1.1230000000000007,0.4708147300000013
1.1240000000000006,0.47274274000000255
1.1250000000000007,0.4784968500000026
1.1260000000000008,0.4823744900000043
1.1270000000000007,0.4872631400000026
1.1280000000000006,0.4911703200000012
1.1290000000000007,0.4930274198660134
1.1300000000000008,0.4930260799999971
1.1310000000000007,0.4897850199999966
1.1320000000000006,0.48460280999999616
1.1330000000000007,0.4759187399999922
1.1340000000000008,0.46419679137485254
1.1350000000000007,0.45041053999998865
1.1360000000000006,0.4333617399999881
1.1370000000000007,0.4154974799999861
1.1380000000000008,0.3946777599999822
1.1390000000000007,0.3746619315828295
1.1400000000000006,0.3527087299999864
1.1410000000000007,0.33230748999998594
1.1420000000000008,0.31122683999998746
1.1430000000000007,0.29241963999998793
1.1440000000000006,0.27435843612037697
1.1450000000000007,0.25797885999999065
1.1460000000000008,0.24399503999998895
1.1470000000000007,0.23156223999999365
1.1480000000000006,0.22201971999999498
1.1490000000000007,0.21445986999999672
1.1500000000000008,0.20955685999999812
1.1510000000000007,0.20743481999999955
1.1520000000000006,0.2067629100000009
1.1530000000000007,0.2088526900000016
1.1540000000000008,0.2112228600000032
1.1550000000000007,0.2160352800000025
1.1560000000000006,0.21977383000000345
1.1570000000000007,0.22494625827917444
1.1580000000000008,0.228229050000003
1.1590000000000007,0.2315885600000008
1.1600000000000006,0.23281754999999985
1.1610000000000007,0.23257480999999908
1.1620000000000008,0.23121004524847255
1.1630000000000007,0.2276625299999964
1.1640000000000006,0.2222504599999971
1.1650000000000007,0.21567755999999427
1.1660000000000008,0.2070873399999922
1.1670000000000007,0.19829691904209046
1.1680000000000006,0.1877550499999936
1.1690000000000007,0.17811963999999292
1.1700000000000008,0.1674843399999918
1.1710000000000007,0.1582437599999939
1.1720000000000006,0.1490576486111333
1.1730000000000007,0.1412994899999953
1.1740000000000008,0.13426607999999612
1.1750000000000007,0.1284303699999969
1.1760000000000006,0.12382448999999747
1.1770000000000007,0.12002605999999817
1.1780000000000008,0.11728506999999826
1.1790000000000007,0.11531198999999905
1.1800000000000006,0.11386903119588017
1.1810000000000007,0.11338098999999965
1.1820000000000008,0.1128703400000001
1.1830000000000007,0.11297781999999996
1.1840000000000006,0.11291270000000007
1.1850000000000007,0.11310352029797029
1.1860000000000008,0.11320649999999997
1.1870000000000007,0.11317137000000023
1.1880000000000006,0.11351964000000005
1.1890000000000007,0.1135730500000007
1.1900000000000008,0.11463089421557932
1.1910000000000007,0.11557829000000228
1.1920000000000006,0.11813853000000213
1.1930000000000007,0.12132935000000321
1.1940000000000008,0.1261315800000054
1.1950000000000007,0.13220997216078895
1.1960000000000006,0.1397463400000059
1.1970000000000007,0.14862211000000702
1.1980000000000008,0.15915555000000975
1.1990000000000007,0.17013027000000838
1.2000000000000006,0.18272935000000812
1.2010000000000007,0.19489448000001175
1.2020000000000008,0.20809855000001076
1.2030000000000007,0.22021633195981294
1.2040000000000006,0.23253593000000758
1.2050000000000007,0.24390139000000713
1.2060000000000008,0.25462952000000905
1.2070000000000007,0.2648423300000063
1.2080000000000006,0.2742434273022766
1.2090000000000007,0.28361645000000585
1.2100000000000009,0.29239100000000784
1.2110000000000007,0.3012198200000078
1.2120000000000006,0.3099815200000058
1.2130000000000007,0.3186201461373934
1.2140000000000009,0.32723358000000746
1.2150000000000007,0.33562350000000535
1.2160000000000006,0.3436174100000053
1.2170000000000007,0.3515085900000049
1.2180000000000009,0.3588013207269333
1.2190000000000007,0.36566254000000425
1.2200000000000006,0.3721016000000039
1.2210000000000008,0.3780459200000051
1.2220000000000009,0.3838110900000047
1.2230000000000008,0.38906512000000465
1.2240000000000006,0.39431894000000334
1.2250000000000008,0.3993020100000033
1.2260000000000009,0.40431231000000434
1.2270000000000008,0.40917403000000324
1.2280000000000006,0.4140341900000032
1.2290000000000008,0.41878352000000324
1.2300000000000009,0.42365667000000434
1.2310000000000008,0.428506091614842
1.2320000000000007,0.43342224000000334
1.2330000000000008,0.4384635700000046
1.2340000000000009,0.44358149000000474
1.2350000000000008,0.4488816600000036
1.2360000000000007,0.4542941317678272
1.2370000000000008,0.4598118100000038
1.2380000000000009,0.46553826000000503
1.2390000000000008,0.4712569400000039
1.2400000000000007,0.4771128000000038
1.2410000000000008,0.48284094718528625
1.2420000000000009,0.48859215000000505
1.2430000000000008,0.49430501000000504
1.2440000000000007,0.4999792600000037
1.2450000000000008,0.5055788800000037
1.2460000000000009,0.5112016577222325
1.2470000000000008,0.5167222000000037
1.2480000000000007,0.5222587000000036
1.2490000000000008,0.5275183300000035
1.2500000000000009,0.5327341000000043
1.2510000000000008,0.5376699600000041
1.2520000000000007,0.5422916400000027
1.2530000000000008,0.5465049700000033
1.254000000000001,0.5502722738606172
1.2550000000000008,0.5537108800000028
1.2560000000000007,0.5567999500000018
1.2570000000000008,0.5593933500000017
1.258000000000001,0.5619081300000018
1.2590000000000008,0.5640619182211793
1.2600000000000007,0.5662441300000013
1.2610000000000008,0.5682195400000017
1.262000000000001,0.5702037800000018
1.2630000000000008,0.5721674600000016
1.2640000000000007,0.5740233044155595
1.2650000000000008,0.5758574600000015
1.266000000000001,0.5774958700000015
1.2670000000000008,0.5791313100000008
1.2680000000000007,0.5804179900000008
1.2690000000000008,0.5815670550934916
1.270000000000001,0.5823654500000003
1.2710000000000008,0.5827855499999999
1.2720000000000007,0.5826681899999995
1.2730000000000008,0.5819108499999986
1.274000000000001,0.580464119999998
1.2750000000000008,0.5782338399999974
1.2760000000000007,0.5753117799999977
1.2770000000000008,0.571847979999997
1.278000000000001,0.5674298999999963
1.2790000000000008,0.5632042299999966
1.2800000000000007,0.5582285499999972
1.2810000000000008,0.5539256299999958
1.282000000000001,0.5493260630636903
1.2830000000000008,0.5457566999999975
1.2840000000000007,0.5422931899999985
1.2850000000000008,0.5401596999999987
1.286000000000001,0.5386735199999999
1.2870000000000008,0.5385636487791228
1.2880000000000007,0.5395514400000014
1.2890000000000008,0.5417515000000025
1.290000000000001,0.5453350500000042
1.2910000000000008,0.5499326600000048
1.2920000000000007,0.5554874945165518
1.2930000000000008,0.5615693300000042
1.294000000000001,0.5679484000000057
1.2950000000000008,0.5742647100000052
1.2960000000000007,0.5800834300000035
1.2970000000000008,0.5854102373192724
1.298000000000001,0.5897990500000032
1.2990000000000008,0.5934300400000019
1.3000000000000007,0.5963462000000013
1.3010000000000008,0.5983614900000015
1.302000000000001,0.5999770200000009
1.3030000000000008,0.6007489600000004
1.3040000000000007,0.60135734
1.3050000000000008,0.6013846326217378
1.306000000000001,0.6013108499999995
1.3070000000000008,0.6007922899999996
1.3080000000000007,0.6003003699999995
1.3090000000000008,0.5995380899999996
1.310000000000001,0.598849402413758
1.3110000000000008,0.5980735399999993
1.3120000000000007,0.5973637699999993
1.3130000000000008,0.5966627599999995
1.314000000000001,0.5960041299999994
1.3150000000000008,0.5954062297900204
1.3160000000000007,0.5947124399999993
1.3170000000000008,0.5939400799999991
1.318000000000001,0.5929043899999986
1.3190000000000008,0.5913969899999982
1.3200000000000007,0.5893357061283854
1.3210000000000008,0.5863361999999968
1.322000000000001,0.5828401999999946
1.3230000000000008,0.5780185499999962
1.3240000000000007,0.5723067499999954
1.3250000000000008,0.5654926899999929
1.326000000000001,0.5575512599999903
1.3270000000000008,0.5488276499999911
1.3280000000000007,0.5388336905359391
1.3290000000000008,0.5288390499999902
1.330000000000001,0.5177907299999907
1.3310000000000008,0.5072707499999902
1.3320000000000007,0.49628588999999107
1.3330000000000009,0.4862427087301176
1.334000000000001,0.4763300099999921
1.3350000000000009,0.46738689999999267
1.3360000000000007,0.45905655999999345
1.3370000000000009,0.4516578899999941
1.338000000000001,0.4450473510538877
1.3390000000000009,0.4393627299999959
1.3400000000000007,0.4347771999999976
1.3410000000000009,0.43120327999999775
1.342000000000001,0.42866795999999785
1.3430000000000009,0.426720724723526
1.3440000000000007,0.4251424999999988
1.3450000000000009,0.423313559999997
1.346000000000001,0.41992493999999636
1.3470000000000009,0.4166369999999943
1.3480000000000008,0.41024079999999474
1.3490000000000009,0.4023871999999909
1.350000000000001,0.39205222999998857
1.3510000000000009,0.37920727999998743
1.3520000000000008,0.36508959999998497
1.3530000000000009,0.34820150999998906
1.354000000000001,0.3317750699999837
1.3550000000000009,0.31341093999998487
1.3560000000000008,0.2963191744055466
1.3570000000000009,0.27856322999998595
1.358000000000001,0.2627282999999863
1.3590000000000009,0.24734343999998806
1.3600000000000008,0.23391587999999203
1.3610000000000009,0.2219728475322371
1.362000000000001,0.21174816999999047
1.3630000000000009,0.2031526399999952
1.3640000000000008,0.19596443999999621
1.3650000000000009,0.1902852499999961
1.366000000000001,0.18589850867412797
1.3670000000000009,0.18248763999999779
1.3680000000000008,0.1799743299999988
1.3690000000000009,0.17816514999999883
1.370000000000001,0.17685888999999913
1.3710000000000009,0.17587791809718945
1.3720000000000008,0.17510510999999931
1.3730000000000009,0.17433203999999958
1.374000000000001,0.17371943999999948
1.3750000000000009,0.17311076999999936
1.3760000000000008,0.1723907899999997
1.377000000000001,0.17208143999999964
1.378000000000001,0.1717521100000003
1.379000000000001,0.17205811654034658
1.3800000000000008,0.17272352000000096
1.381000000000001,0.17382683000000157
1.382000000000001,0.17561670000000185
1.383000000000001,0.177277090000002
1.3840000000000008,0.17952633077692348
1.385000000000001,0.18113410000000155
1.386000000000001,0.182843880000001
1.387000000000001,0.18377872000000056
1.3880000000000008,0.18427557999999997
1.389000000000001,0.1842432632316768
1.390000000000001,0.1836195299999988
1.391000000000001,0.18253701999999872
1.3920000000000008,0.18110538999999853
1.393000000000001,0.17944842999999844
1.394000000000001,0.17768898594440372
1.395000000000001,0.1759923199999987
1.3960000000000008,0.17450883999999897
1.397000000000001,0.1733625799999993
1.398000000000001,0.17272806
1.399000000000001,0.17272027000000062
1.4000000000000008,0.17341375000000125
1.4010000000000007,0.17483534000000142
1.402000000000001,0.1769752500000034
1.403000000000001,0.1800169100000029
1.4040000000000008,0.18325952000000276
1.4050000000000007,0.18736799000000254
1.406000000000001,0.19116485000000472
1.407000000000001,0.19542293674432903
1.4080000000000008,0.1990903800000024
1.4090000000000007,0.20266269000000214
1.410000000000001,0.20586467000000297
1.411000000000001,0.20855118000000253
1.4120000000000008,0.21138138230977077
1.4130000000000007,0.21380448000000196
1.414000000000001,0.21675707000000266
1.415000000000001,0.2197517000000031
1.4160000000000008,0.2232158900000035
1.4170000000000007,0.22715649593940845
1.418000000000001,0.23124118000000402
1.419000000000001,0.23576613000000401
1.4200000000000008,0.24030574000000393
1.4210000000000007,0.24473663000000279
1.422000000000001,0.2488927143915652
1.423000000000001,0.25245947000000263
1.4240000000000008,0.25539815000000143
1.4250000000000007,0.25760120000000103
1.426000000000001,0.2590721200000008
1.427000000000001,0.2597810000000001
1.4280000000000008,0.2598591099999997
1.4290000000000007,0.25947248999999944
1.430000000000001,0.25862548585641326
1.431000000000001,0.25748404999999874
1.4320000000000008,0.2560686199999986
1.4330000000000007,0.2544730899999989
1.434000000000001,0.25277599999999856
1.435000000000001,0.25115492735826245
1.4360000000000008,0.24932850999999878
1.4370000000000007,0.24795788999999874
1.438000000000001,0.24655900999999936
1.439000000000001,0.24582783999999963
1.4400000000000008,0.24541962082191746
1.4410000000000007,0.24561147000000066
1.442000000000001,0.2463540600000013
1.443000000000001,0.2475071300000016
1.4440000000000008,0.2493180600000017
1.4450000000000007,0.2512204497610255
1.446000000000001,0.25364706000000253
1.447000000000001,0.2559707200000029
1.4480000000000008,0.25862300000000155
1.4490000000000007,0.2609557500000016
1.450000000000001,0.26338515000000223
1.451000000000001,0.26538897000000194
1.4520000000000008,0.26715669000000125
1.4530000000000007,0.26859904768323245
1.454000000000001,0.2696758800000009
1.455000000000001,0.27054089000000053
1.4560000000000008,0.2711826000000005
1.4570000000000007,0.2718292200000007
1.458000000000001,0.27261595230377084
1.459000000000001,0.2736389900000013
1.4600000000000009,0.27510756000000164
1.4610000000000007,0.27697757000000206
1.462000000000001,0.2793113900000031
1.463000000000001,0.28210061107789514
1.4640000000000009,0.28523865000000304
1.4650000000000007,0.28864712000000237
1.466000000000001,0.292196990000004
1.467000000000001,0.295810940000004
1.4680000000000009,0.2994035507389291
1.4690000000000007,0.3028717000000022
1.470000000000001,0.3061363400000034
1.471000000000001,0.3091895600000029
1.4720000000000009,0.3118425300000021
1.4730000000000008,0.3142194200000013
1.474000000000001,0.3161314400000017
1.475000000000001,0.317684350000001
1.4760000000000009,0.31878024000000055
1.4770000000000008,0.3194053800000003
1.478000000000001,0.31969269999999983
1.479000000000001,0.3195197299999996
1.4800000000000009,0.3191031499999992
1.4810000000000008,0.31822460781821754
1.482000000000001,0.3173027899999985
1.483000000000001,0.315976259999999
1.4840000000000009,0.31485658999999877
1.4850000000000008,0.3134629399999994
1.486000000000001,0.3125706587101279
1.487000000000001,0.3116577599999998
1.4880000000000009,0.31143466000000003
1.4890000000000008,0.31155810000000045
1.490000000000001,0.3123408600000015
1.491000000000001,0.3136809059954019
1.4920000000000009,0.3156024200000023
1.4930000000000008,0.318199340000002
1.494000000000001,0.32120395000000396
1.495000000000001,0.32475623000000353
1.4960000000000009,0.3287703585871446
1.4970000000000008,0.3332810700000044
1.498000000000001,0.3382329900000048
1.499000000000001,0.3436236100000051
1.5000000000000009,0.3493166000000053
1.5010000000000008,0.3553297200000054
1.5020000000000011,0.3614114500000081
1.503000000000001,0.3675127600000055
1.504000000000001,0.373694540116994
1.5050000000000008,0.3796957100000053
1.5060000000000011,0.3856262000000065
1.507000000000001,0.3914752300000064
1.508000000000001,0.39722469000000515
1.5090000000000008,0.4030461217658276
1.5100000000000011,0.40886378000000656
1.511000000000001,0.41474697000000665
1.512000000000001,0.42072865000000653
1.5130000000000008,0.42664897000000385
1.5140000000000011,0.4323993249645096
1.515000000000001,0.43793696000000576
1.516000000000001,0.44312704000000425
1.5170000000000008,0.4478512400000037
1.5180000000000011,0.45204094000000394
1.519000000000001,0.455593764717532
1.520000000000001,0.4586047500000021
1.5210000000000008,0.46099666000000145
1.5220000000000011,0.46264455000000176
1.523000000000001,0.4639968900000006
1.524000000000001,0.4646567100000006
1.5250000000000008,0.4653644900000002
1.5260000000000011,0.46553057000000064
1.527000000000001,0.4661185100000004
1.528000000000001,0.46648583000000093
1.5290000000000008,0.4675440800000008
1.5300000000000011,0.46878186000000216
1.531000000000001,0.4707277700000027
1.532000000000001,0.4731785727167312
1.5330000000000008,0.4762057400000025
1.5340000000000011,0.4799612200000044
1.535000000000001,0.48389694000000516
1.536000000000001,0.4885507500000039
1.5370000000000008,0.4929992379972038
1.5380000000000011,0.49787921000000485
1.539000000000001,0.5022209300000039
1.540000000000001,0.5066130200000033
1.5410000000000008,0.510362680000003
1.5420000000000011,0.5137539708709166
1.543000000000001,0.516584870000002
1.544000000000001,0.5188779800000016
1.5450000000000008,0.5207808000000013
1.5460000000000012,0.5221294800000011
1.547000000000001,0.523173465601441
1.548000000000001,0.5238190300000002
1.5490000000000008,0.52412218
1.5500000000000012,0.5240629299999996
1.551000000000001,0.5236284699999992
1.552000000000001,0.5228847899999987
1.5530000000000008,0.5216581799999989
1.5540000000000012,0.5200580999999976
1.555000000000001,0.5179313906149362
1.556000000000001,0.5154375399999971
1.5570000000000008,0.5122480399999967
1.5580000000000012,0.5084745299999951
1.559000000000001,0.5041196899999955
1.560000000000001,0.4989962099729975
1.5610000000000008,0.49349593999999436
1.5620000000000012,0.48711618999999173
1.563000000000001,0.4809119099999941
1.564000000000001,0.47426264999999423
1.5650000000000008,0.46776543972102247
1.5660000000000012,0.4615839099999926
1.567000000000001,0.4560468199999948
1.568000000000001,0.45135509999999657
1.5690000000000008,0.44752665999999763
1.5700000000000012,0.444851397526244
1.571000000000001,0.44313838999999905
1.572000000000001,0.4423128399999999
1.5730000000000008,0.44221136000000033
1.5740000000000012,0.44267416000000087
1.575000000000001,0.44344935000000096
1.576000000000001,0.4442996400000009
1.5770000000000008,0.44508946000000044
1.5780000000000012,0.44556595240275987
1.579000000000001,0.4456899799999996
1.580000000000001,0.4453303499999992
1.5810000000000008,0.4444846199999988
1.5820000000000012,0.44310169999999754
1.583000000000001,0.44126452718127923
1.584000000000001,0.4390363399999977
1.5850000000000009,0.4363891199999974
1.5860000000000012,0.4334294499999955
1.587000000000001,0.43007060999999597
1.588000000000001,0.4264014469163045
1.5890000000000009,0.42224361999999577
1.5900000000000012,0.4174777899999942
1.591000000000001,0.41224279999999347
1.592000000000001,0.406370549999993
1.5930000000000009,0.40009021803319145
1.5940000000000012,0.39393144999999247
1.595000000000001,0.38713371999999396
1.596000000000001,0.3816954499999939
1.5970000000000009,0.3762097399999969
1.5980000000000012,0.3727286499999974
1.599000000000001,0.3703896699999989
1.600000000000001,0.36938527000000065
1.6010000000000009,0.37013280000000065
1.6020000000000012,0.37090075000000305
1.603000000000001,0.3731808700000009
1.604000000000001,0.37421173000000135
1.6050000000000009,0.3757100099999998
1.6060000000000012,0.37551582458854016
1.607000000000001,0.37466170999999754
1.608000000000001,0.372465639999997
1.6090000000000009,0.3690885599999962
1.6100000000000012,0.3647688599999938
1.611000000000001,0.35923553460453234
1.612000000000001,0.3530815799999921
1.6130000000000009,0.3459850499999948
1.6140000000000012,0.33811583999999034
1.615000000000001,0.32941749999998954
1.616000000000001,0.3199884229076993
1.6170000000000009,0.3097159599999902
1.6180000000000012,0.2986285699999867
1.619000000000001,0.2866969099999861
1.620000000000001,0.2741709599999881
1.6210000000000009,0.26071566552943587
1.6220000000000012,0.2469098099999806
1.623000000000001,0.23235071999998716
1.624000000000001,0.21786929999998655
1.6250000000000009,0.20273853999998695
1.6260000000000012,0.18803961999998006
1.6270000000000011,0.17307309999998136
1.628000000000001,0.1590710699999876
1.629000000000001,0.1451163959113969
1.6300000000000012,0.13247550999998406
1.6310000000000011,0.1205253499999883
1.632000000000001,0.10999278999998933
1.633000000000001,0.10038982999999278
1.6340000000000012,0.0922573413543567
1.6350000000000011,0.08553088499999384
1.636000000000001,0.07997975499999531
1.637000000000001,0.07575243699999652
1.6380000000000012,0.07261995199999802
1.6390000000000011,0.07083127686751137
1.640000000000001,0.0699561390000003
1.641000000000001,0.07022561100000108
1.6420000000000012,0.07144277500000319
1.6430000000000011,0.0738358720000034
1.644000000000001,0.07690263432377085
1.645000000000001,0.081109434000004
1.6460000000000012,0.08560653800000735
1.6470000000000011,0.09111426000000686
1.648000000000001,0.09625525000000514
1.649000000000001,0.10203191000000437
1.6500000000000012,0.10695372000000654
1.6510000000000011,0.11186114000000431
1.652000000000001,0.11574921000000371
1.653000000000001,0.11908761000000226
1.6540000000000012,0.1216403300000018
1.6550000000000011,0.12325250000000157
1.656000000000001,0.12465257000000071
1.657000000000001,0.12528555839116162
1.6580000000000013,0.12606947000000043
1.6590000000000011,0.12647618000000063
1.660000000000001,0.12704369000000068
1.661000000000001,0.12765710000000033
1.6620000000000013,0.12800201431456906
1.6630000000000011,0.12844515999999967
1.664000000000001,0.12814880999999956
1.665000000000001,0.12763927999999874
1.6660000000000013,0.1262208499999972
1.6670000000000011,0.12412668941605619
1.668000000000001,0.12147964999999693
1.669000000000001,0.11802150999999678
1.6700000000000013,0.11440166999999435
1.6710000000000012,0.11015941999999546
1.672000000000001,0.10606581936005968
1.673000000000001,0.10163688999999629
1.6740000000000013,0.09746412199999531
1.6750000000000012,0.09323943399999565
1.676000000000001,0.08932708199999573
1.677000000000001,0.08549331899999614
1.6780000000000013,0.08201220599999638
1.6790000000000012,0.07875712999999679
1.680000000000001,0.07586496969332819
1.681000000000001,0.07325190299999797
1.6820000000000013,0.07096303999999744
1.6830000000000012,0.06904105099999808
1.684000000000001,0.06732217199999874
1.685000000000001,0.06590627807569123
1.6860000000000013,0.06463703499999866
1.6870000000000012,0.06364090699999876
1.688000000000001,0.06271370499999933
1.689000000000001,0.061966955999999386
1.6900000000000013,0.06128043465213392
1.6910000000000012,0.060728068999999336
1.692000000000001,0.06022930899999955
1.693000000000001,0.059823266999999694
1.6940000000000013,0.059480141999999646
1.6950000000000012,0.05921665634856481
1.696000000000001,0.059005811999999845
1.697000000000001,0.05885878999999991
1.6980000000000013,0.05878009599999999
1.6990000000000012,0.05877134900000008
1.700000000000001,0.058842685000000186
1.701000000000001,0.05901078100000031
1.7020000000000013,0.05928979800000045
1.7030000000000012,0.05962739555804473
1.704000000000001,0.060082976000000524
1.705000000000001,0.06055193400000049
1.7060000000000013,0.061097406000000694
1.7070000000000012,0.06162843500000077
1.708000000000001,0.062207620904710145
1.709000000000001,0.06273666800000048
1.7100000000000013,0.06327995700000061
1.7110000000000012,0.06374220600000055
1.712000000000001,0.06416063800000038
1.713000000000001,0.06450616844695567
1.7140000000000013,0.06478987600000026
1.7150000000000012,0.06499278500000015
1.716000000000001,0.06512838600000005
1.717000000000001,0.06518066699999996
1.7180000000000013,0.06514378968773117
1.7190000000000012,0.06503711599999976
1.720000000000001,0.06482835899999974
1.721000000000001,0.06459018599999962
1.7220000000000013,0.06424687799999958
1.7230000000000012,0.0639374699999996
1.724000000000001,0.06357870999999966
1.725000000000001,0.06327938299999973
1.7260000000000013,0.06298867599999969
1.7270000000000012,0.06275941399999976
1.728000000000001,0.06257896099999988
1.729000000000001,0.06243421899999994
1.7300000000000013,0.0623483699999999
1.7310000000000012,0.0622755369426057
1.732000000000001,0.062244962999999966
1.733000000000001,0.062214865999999994
1.7340000000000013,0.06220560099999999
1.7350000000000012,0.062202554000000014
1.736000000000001,0.06220282118648139
1.737000000000001,0.06222468600000003
1.7380000000000013,0.06224673600000008
1.7390000000000012,0.062321082000000104
1.740000000000001,0.062415551000000166
1.741000000000001,0.0625668838667135
1.7420000000000013,0.06276346700000034
1.7430000000000012,0.06301188500000032
1.744000000000001,0.0632943210000004
1.745000000000001,0.06365942200000038
1.7460000000000013,0.06407847509469107
1.7470000000000012,0.06458711600000078
1.748000000000001,0.0651717190000006
1.749000000000001,0.0658458100000007
1.7500000000000013,0.06662260700000107
1.7510000000000012,0.06742863400000118
1.7520000000000011,0.06831858300000121
1.753000000000001,0.06922537100000083
1.7540000000000013,0.07016783364703666
1.7550000000000012,0.07115430400000138
1.7560000000000011,0.0721812100000012
1.757000000000001,0.07326412200000128
1.7580000000000013,0.07441451400000162
1.7590000000000012,0.07563044410559096
1.7600000000000011,0.07692150000000156
1.761000000000001,0.07832495900000166
1.7620000000000013,0.07982973800000255
1.7630000000000012,0.08147449800000199
1.7640000000000011,0.08327896755304659
1.765000000000001,0.08524676400000233
1.7660000000000013,0.08735141900000296
1.7670000000000012,0.08957440400000309
1.7680000000000011,0.09188289200000264
1.769000000000001,0.09427465382382014
1.7700000000000014,0.09670850600000332
1.7710000000000012,0.09919586000000348
1.7720000000000011,0.10181523000000357
1.773000000000001,0.10449044000000252
1.7740000000000014,0.10731979000000391
1.7750000000000012,0.11025218000000418
1.7760000000000011,0.11338899000000369
1.777000000000001,0.11670867000000382
1.7780000000000014,0.12015034000000493
1.7790000000000012,0.1238618900000041
1.7800000000000011,0.12754798000000436
1.781000000000001,0.13147545000000402
1.7820000000000014,0.13509619875212991
1.7830000000000013,0.13878372000000358
1.7840000000000011,0.14200568000000333
1.785000000000001,0.14501394000000278
1.7860000000000014,0.14750504000000283
1.7870000000000013,0.14963990299670224
1.7880000000000011,0.15126987000000128
1.789000000000001,0.15240781000000062
1.7900000000000014,0.15309174000000028
1.7910000000000013,0.15330896999999963
1.7920000000000011,0.15304399649734998
1.793000000000001,0.15221410999999901
1.7940000000000014,0.1510959299999978
1.7950000000000013,0.14944296999999757
1.7960000000000012,0.14760019999999777
1.797000000000001,0.14556543347665019
1.7980000000000014,0.14346532999999717
1.7990000000000013,0.14134081999999773
1.8000000000000012,0.1393011699999978
1.801000000000001,0.13732473999999795
1.8020000000000014,0.13547183999999718
1.8030000000000013,0.13364530999999802
1.8040000000000012,0.1318723899999981
1.805000000000001,0.13013603483451489
1.8060000000000014,0.1283843799999977
1.8070000000000013,0.1266516099999977
1.8080000000000012,0.12492180999999813
1.809000000000001,0.12324264999999857
1.8100000000000014,0.12162563848014987
1.8110000000000013,0.12011043999999815
1.8120000000000012,0.11872919999999842
1.813000000000001,0.1175538899999991
1.8140000000000014,0.11656046999999889
1.8150000000000013,0.11572765328167077
1.8160000000000012,0.11513805999999929
1.817000000000001,0.11460744999999962
1.8180000000000014,0.11427081999999951
1.8190000000000013,0.11390543999999966
1.8200000000000012,0.11365305523847584
1.821000000000001,0.11332544999999965
1.8220000000000014,0.11301700999999938
1.8230000000000013,0.1126181899999995
1.8240000000000012,0.11215650999999945
1.825000000000001,0.11165693999999934
1.8260000000000014,0.11106775999999911
1.8270000000000013,0.11049898999999917
1.8280000000000012,0.10987682302969635
1.829000000000001,0.10930711999999941
1.8300000000000014,0.1087770399999993
1.8310000000000013,0.10824708999999957
1.8320000000000012,0.10792075999999973
1.833000000000001,0.1077105611268871
1.8340000000000014,0.10752182999999987
1.8350000000000013,0.10742494999999992
1.8360000000000012,0.10736286999999989
1.837000000000001,0.10728074999999986
1.8380000000000014,0.10715417265773404
1.8390000000000013,0.10696144999999968
1.8400000000000012,0.1067189099999997
1.841000000000001,0.10643824999999958
1.8420000000000014,0.10605979999999951
1.8430000000000013,0.10574295168483112
1.8440000000000012,0.1053560499999997
1.845000000000001,0.10508641999999972
1.8460000000000014,0.10483477999999977
1.8470000000000013,0.10468488999999992
1.8480000000000012,0.10461918000000002
1.849000000000001,0.10462701000000012
1.8500000000000014,0.10473296000000032
1.8510000000000013,0.10497107000000029
1.8520000000000012,0.10519172000000049
1.853000000000001,0.10555289000000022
1.8540000000000014,0.1057968700000004
1.8550000000000013,0.10609692000000019
1.8560000000000012,0.10623900100489965
1.857000000000001,0.10634904999999996
1.8580000000000014,0.10631448999999976
1.8590000000000013,0.10613301999999955
1.8600000000000012,0.10579850999999946
1.861000000000001,0.1053090409509041
1.8620000000000014,0.10461854999999885
1.8630000000000013,0.10387861999999895
1.8640000000000012,0.10292665999999902
1.865000000000001,0.1020332399999988
1.8660000000000014,0.10095228809518887
1.8670000000000013,0.10004644999999872
1.8680000000000012,0.09909102299999914
1.869000000000001,0.09832217499999929
1.8700000000000014,0.09768322899999929
1.8710000000000013,0.09715052027087223
1.8720000000000012,0.09682317799999979
1.873000000000001,0.096662529
1.8740000000000014,0.0966549440000003
1.8750000000000013,0.09687507200000033
1.8760000000000012,0.09711657500000058
1.8770000000000011,0.09755571200000049
1.8780000000000014,0.09791959800000058
1.8790000000000013,0.0983532083614644
1.8800000000000012,0.09873682300000049
1.8810000000000011,0.09910403200000037
1.8820000000000014,0.09944617700000055
1.8830000000000013,0.09980368600000045
1.8840000000000012,0.10013634835516494
1.8850000000000011,0.10051990000000044
1.8860000000000015,0.10092191000000067
1.8870000000000013,0.10134783000000074
1.8880000000000012,0.10182160000000051
1.8890000000000011,0.10228210394960553
1.8900000000000015,0.1027973300000007
1.8910000000000013,0.10324572000000057
1.8920000000000012,0.10366783000000057
1.8930000000000011,0.10409982000000036
1.8940000000000015,0.10442635734626586
1.8950000000000014,0.10469487000000029
1.8960000000000012,0.10491414000000017
1.8970000000000011,0.10503635000000021
1.8980000000000015,0.1051898400000001
1.8990000000000014,0.10526615000000021
1.9000000000000012,0.1054190000000002
1.9010000000000011,0.10556599000000023
1.9020000000000015,0.10577853000000037
1.9030000000000014,0.10602234000000041
1.9040000000000012,0.1063266300000004
1.9050000000000011,0.10668149000000045
1.9060000000000015,0.1070815500000007
1.9070000000000014,0.10753377147685303
1.9080000000000013,0.1080485400000006
1.9090000000000011,0.10858253000000065
1.9100000000000015,0.10917120000000093
1.9110000000000014,0.10976616000000086
1.9120000000000013,0.11041326240176055
1.9130000000000011,0.11103728000000075
1.9140000000000015,0.11171025000000082
1.9150000000000014,0.11232409000000078
1.9160000000000013,0.11291143000000077
1.9170000000000011,0.11349834130886972
1.9180000000000015,0.11399998000000063
1.9190000000000014,0.11446572000000052
1.9200000000000013,0.11485390000000041
1.9210000000000012,0.11516635000000032
1.9220000000000015,0.11544879175582483
1.9230000000000014,0.11565505000000026
1.9240000000000013,0.11585317000000017
1.9250000000000012,0.11599695000000017
1.9260000000000015,0.11614919000000024
1.9270000000000014,0.11629772000000019
1.9280000000000013,0.11642104000000011
1.9290000000000012,0.11651780000000013
1.9300000000000015,0.11663247087191282
1.9310000000000014,0.11664118999999999
1.9320000000000013,0.1166304199999998
1.9330000000000012,0.11648135999999974
1.9340000000000015,0.11624427999999959
1.9350000000000014,0.1159329745415452
1.9360000000000013,0.1154783899999994
1.9370000000000012,0.11503286999999926
1.9380000000000015,0.11447725999999935
1.9390000000000014,0.11398305999999933
1.9400000000000013,0.11348304000199917
1.9410000000000012,0.11297864999999943
1.9420000000000015,0.11254811999999938
1.9430000000000014,0.11214666999999956
1.9440000000000013,0.11181331999999962
1.9450000000000012,0.11153187814418522
1.9460000000000015,0.11129158999999975
1.9470000000000014,0.11113138999999973
1.9480000000000013,0.11096236999999985
1.9490000000000012,0.11082019999999985
1.9500000000000015,0.11069973999999985
1.9510000000000014,0.11059917999999987
1.9520000000000013,0.1105140399999999
1.9530000000000012,0.1104439948385161
1.9540000000000015,0.11039237999999992
1.9550000000000014,0.11034166999999993
1.9560000000000013,0.11028962999999997
1.9570000000000012,0.11026969999999998
1.9580000000000015,0.11026480244475557
1.9590000000000014,0.11028925000000009
1.9600000000000013,0.11035334000000008
1.9610000000000012,0.11041104000000011
1.9620000000000015,0.1104894400000001
1.9630000000000014,0.11055938300569952
1.9640000000000013,0.11063416000000009
1.9650000000000012,0.11070912000000006
1.9660000000000015,0.11077149000000011
1.9670000000000014,0.11084330000000014
1.9680000000000013,0.11093116121387872
1.9690000000000012,0.11099253000000017
1.9700000000000015,0.11114150000000025
1.9710000000000014,0.11130705000000041
1.9720000000000013,0.11156152000000044
1.9730000000000012,0.1118969100000004
1.9740000000000015,0.11225419000000064
1.9750000000000014,0.1126670800000006
1.9760000000000013,0.11311789000000062
1.9770000000000012,0.1135901800000007
1.9780000000000015,0.11412436000000081
1.9790000000000014,0.11473786000000087
1.9800000000000013,0.11539614000000097
1.9810000000000012,0.1161245438306178
1.9820000000000015,0.1168628500000011
1.9830000000000014,0.117565910000001
1.9840000000000013,0.11831723000000083
1.9850000000000012,0.11893886000000067
1.9860000000000015,0.11954838656334442
1.9870000000000014,0.12001402000000062
1.9880000000000013,0.12041148000000029
1.9890000000000012,0.12067691000000014
1.9900000000000015,0.12079974000000009
1.9910000000000014,0.12085616435756433
1.9920000000000013,0.12078411999999979
1.9930000000000012,0.12063025999999978
1.9940000000000015,0.12043588999999964
1.9950000000000014,0.12020588999999972
1.9960000000000013,0.11999652093690603
1.9970000000000012,0.11973653999999974
1.9980000000000016,0.11953354999999972
1.9990000000000014,0.11932139999999981
2.0000000000000013,0.11918112999999982
2.0010000000000012,0.11904110873225354
2.0020000000000016,0.11902843126774644
2.0030000000000014,0.11909381000000017
2.0040000000000013,0.11922755574185193
2.0050000000000012,0.11948497425814864
2.0060000000000016,0.11975887000000053
2.0070000000000014,0.12005785000000052
2.0080000000000013,0.12035457345730882
2.0090000000000012,0.1205891465426917
2.0100000000000016,0.12078577000000014
2.0110000000000015,0.12086351081783644
2.0120000000000013,0.12087168918216358
2.0130000000000012,0.12077149999999968
2.0140000000000016,0.12054127354529053
2.0150000000000015,0.12027672645470866
2.0160000000000013,0.1198912399999995
2.0170000000000012,0.1195208299999994
2.0180000000000016,0.11907147979903955
2.0190000000000015,0.1186694702009592
2.0200000000000014,0.11826296999999947
2.0210000000000012,0.11787169612477465
2.0220000000000016,0.11753294387522445
2.0230000000000015,0.11721485999999966
2.0240000000000014,0.11695808736952583
2.0250000000000012,0.11673178263047367
2.0260000000000016,0.11652048999999974
2.0270000000000015,0.11636995999999966
2.0280000000000014,0.11617968902709701
2.0290000000000012,0.1160204599999997
2.0300000000000016,0.1157959799999996
2.0310000000000015,0.11556643016796592
2.0320000000000014,0.11526810983203314
2.0330000000000013,0.11492216999999949
2.0340000000000016,0.11453525439512025
2.0350000000000015,0.11407920560487834
2.0360000000000014,0.11360216999999931
2.0370000000000013,0.11308577733053328
2.0380000000000016,0.11255908266946532
2.0390000000000015,0.11204993999999932
2.0400000000000014,0.11153598999999936
2.0410000000000013,0.1110601133543286
2.0420000000000016,0.11059365664567017
2.0430000000000015,0.11020103999999951
2.0440000000000014,0.10983346226754617
2.0450000000000013,0.10955613773245322
2.0460000000000016,0.10933912999999973
2.0470000000000015,0.10918362186762634
2.0480000000000014,0.1091022981323734
2.0490000000000013,0.10906442000000004
2.0500000000000016,0.10909515000000013
2.0510000000000015,0.10916210330466963
2.0520000000000014,0.10927635000000016
2.0530000000000013,0.10940243000000015
2.0540000000000016,0.10951900545490927
2.0550000000000015,0.10967355454509121
2.0560000000000014,0.1098210400000002
2.0570000000000013,0.10998195715856848
2.0580000000000016,0.11015354284143197
2.0590000000000015,0.11035708000000022
2.0600000000000014,0.11052495962707481
2.0610000000000013,0.11072123037292571
2.0620000000000016,0.11083618000000026
2.0630000000000015,0.11097476999999997
2.0640000000000014,0.110953552209558
2.0650000000000013,0.11087564779044179
2.0660000000000016,0.11065922999999932
2.0670000000000015,0.11027317880623776
2.0680000000000014,0.10966124119376033
2.0690000000000013,0.10879239999999853
2.0700000000000016,0.10768996622975173
2.0710000000000015,0.1062522637702438
2.0720000000000014,0.1045587399999973
2.0730000000000013,0.10254206999999708
2.0740000000000016,0.1003568626812282
2.0750000000000015,0.0980836749999965
2.0760000000000014,0.09545521399999689
2.0770000000000013,0.09312392188322041
2.0780000000000016,0.09060275411677288
2.0790000000000015,0.08856260799999735
2.0800000000000014,0.08657565847290316
2.0810000000000013,0.08517038752709247
2.0820000000000016,0.08415159599999888
2.0830000000000015,0.08352339947930412
2.0840000000000014,0.08351819252069585
2.0850000000000013,0.08389165300000115
2.0860000000000016,0.08474353000000191
2.0870000000000015,0.08582428107108783
2.0880000000000014,0.08709499192891612
2.0890000000000013,0.0884483080000017
2.0900000000000016,0.089714923279746
2.0910000000000015,0.09091772072025775
2.0920000000000014,0.09175899600000098
2.0930000000000013,0.09249455770985833
2.0940000000000016,0.09275165629014236
2.0950000000000015,0.0926874279999994
2.0960000000000014,0.09224276999999881
2.0970000000000013,0.09134865524127457
2.0980000000000016,0.09023106799999803
2.0990000000000015,0.08874685299999772
2.1000000000000014,0.08704273630433605
2.1010000000000013,0.085125779695658
2.1020000000000016,0.08309311399999628
2.1030000000000015,0.08098820925474562
2.1040000000000014,0.07886075674524777
2.1050000000000013,0.07680916799999736
2.1060000000000016,0.07482889083812945
2.1070000000000015,0.0730172721618649
2.1080000000000014,0.07134345199999806
2.1090000000000013,0.06988562599999834
2.1100000000000017,0.0686487694646055
2.1110000000000015,0.06767341553539145
2.1120000000000014,0.06692702299999938
2.1130000000000013,0.06645468612827408
2.1140000000000017,0.06622596887172531
2.1150000000000015,0.06627929200000045
2.1160000000000014,0.06661001339902112
2.1170000000000013,0.06718400360098065
2.1180000000000017,0.06806304300000143
2.1190000000000015,0.06913916000000175
2.1200000000000014,0.07044692971555917
2.1210000000000013,0.07185408528444522
2.1220000000000017,0.07338774200000284
2.1230000000000016,0.07498036886662918
2.1240000000000014,0.07652903513337564
2.1250000000000013,0.07808465500000189
2.1260000000000017,0.07950544718176575
2.1270000000000016,0.0808072648182383
2.1280000000000014,0.08195051600000132
2.1290000000000013,0.08294094342001695
2.1300000000000017,0.08375514357998523
2.1310000000000016,0.0843826090000009
2.1320000000000014,0.08489328600000061
2.1330000000000013,0.08523639639612106
2.1340000000000017,0.0854903576038796
2.1350000000000016,0.08559785000000006
2.1360000000000015,0.08563122155388911
2.1370000000000013,0.08555676044611069
2.1380000000000017,0.08537837899999953
2.1390000000000016,0.08511528985922755
2.1400000000000015,0.08473388214077128
2.1410000000000013,0.08423254599999917
2.1420000000000017,0.08362080199999865
2.1430000000000016,0.08285227529763904
2.1440000000000015,0.08196525170235819
2.1450000000000014,0.0809321179999985
2.1460000000000017,0.07980686891531497
2.1470000000000016,0.07858602208468123
2.1480000000000015,0.07730092899999827
2.1490000000000014,0.07599951312127419
2.1500000000000017,0.07466072587872224
2.1510000000000016,0.07334373099999761
2.1520000000000015,0.07200188199999773
2.1530000000000014,0.07072211897630046
2.1540000000000017,0.06942777299999792
2.1550000000000016,0.06825277999999796
2.1560000000000015,0.06710301030963646
2.1570000000000014,0.06610610669036045
2.1580000000000017,0.0651438609999987
2.1590000000000016,0.06442096190681769
2.1600000000000015,0.0638400300931805
2.1610000000000014,0.06346422399999983
2.1620000000000017,0.06334375609568099
2.1630000000000016,0.06342471290431925
2.1640000000000015,0.0637707110000007
2.1650000000000014,0.06429837600000098
2.1660000000000017,0.06504031189152312
2.1670000000000016,0.06592922710847963
2.1680000000000015,0.0669034500000014
2.1690000000000014,0.06795914037272671
2.1700000000000017,0.06903286762727615
2.1710000000000016,0.07009884000000181
2.1720000000000015,0.07112147322125738
2.1730000000000014,0.07213368577874577
2.1740000000000017,0.07306650300000157
2.1750000000000016,0.07395217600000147
2.1760000000000015,0.0747787723403672
2.1770000000000014,0.07554362700000096
2.1780000000000017,0.07625836100000116
2.1790000000000016,0.07691783472825531
2.1800000000000015,0.07751511727174655
2.1810000000000014,0.07805410800000065
2.1820000000000017,0.07854204507728524
2.1830000000000016,0.0789728179227161
2.1840000000000015,0.07935214800000044
2.1850000000000014,0.07968639261787673
2.1860000000000017,0.0799525713821241
2.1870000000000016,0.0801661690000003
2.1880000000000015,0.08032693700000017
2.1890000000000014,0.08044859030153978
2.1900000000000017,0.08052160569846044
2.1910000000000016,0.08055322599999998
2.1920000000000015,0.0805461217711457
2.1930000000000014,0.08050383322885417
2.1940000000000017,0.08041743899999977
2.1950000000000016,0.0802816258469303
2.1960000000000015,0.0800900951530691
2.1970000000000014,0.07983291099999958
2.1980000000000017,0.07952000899999938
2.1990000000000016,0.07916844325157418
2.2000000000000015,0.07876095899999944
2.2010000000000014,0.07833082199999937
2.2020000000000017,0.07785076940691782
2.2030000000000016,0.07735483859308065
2.2040000000000015,0.07680995799999929
2.2050000000000014,0.07628028574634985
2.2060000000000017,0.0757277492536482
2.2070000000000016,0.07519116999999907
2.2080000000000015,0.07466659576214671
2.2090000000000014,0.07413421723785163
2.2100000000000017,0.07360184199999904
2.2110000000000016,0.07306202499999903
2.2120000000000015,0.07251357748090295
2.2130000000000014,0.07196838651909536
2.2140000000000017,0.07142326999999898
2.2150000000000016,0.0708567247530485
2.2160000000000015,0.07030425524694978
2.2170000000000014,0.06975467499999927
2.2180000000000017,0.06919741020405826
2.2190000000000016,0.06861945079593995
2.2200000000000015,0.06801048699999916
2.2210000000000014,0.0673743189999991
2.2220000000000018,0.06669877764323454
2.2230000000000016,0.06598520999999898
2.2240000000000015,0.06521791999999893
2.2250000000000014,0.06441779798230216
2.2260000000000018,0.06355762101769478
2.2270000000000016,0.06269504099999852
2.2280000000000015,0.061863009021394334
2.2290000000000014,0.06100322297860299
2.2300000000000018,0.06023163699999865
2.2310000000000016,0.059465486708457284
2.2320000000000015,0.05883257129154074
2.2330000000000014,0.058265175999999405
2.2340000000000018,0.05781813699999944
2.2350000000000017,0.05750262686412675
2.2360000000000015,0.05724126813587244
2.2370000000000014,0.05708739899999983
2.2380000000000018,0.05696333023605276
2.2390000000000017,0.056945690763947183
2.2400000000000015,0.056902140000000045
2.2410000000000014,0.05693966894541085
2.2420000000000018,0.05689912305458902
2.2430000000000017,0.05684770299999985
2.2440000000000015,0.05673491999999978
2.2450000000000014,0.056565659423315005
2.2460000000000018,0.05635989257668428
2.2470000000000017,0.056115418999999535
2.2480000000000016,0.055845517443910746
2.2490000000000014,0.05554995655608834
2.2500000000000018,0.055253117999999504
2.2510000000000017,0.054976217940811416
2.2520000000000016,0.05471562605918777
2.2530000000000014,0.05449339699999972
2.254000000000002,0.05428363003979174
2.2550000000000017,0.05409402796020768
2.2560000000000016,0.05391590299999974
2.2570000000000014,0.05376738299999977
2.258000000000002,0.053637269894121
2.2590000000000017,0.05352621110587866
2.2600000000000016,0.05342955899999979
2.2610000000000015,0.0533119515335931
2.262000000000002,0.0531972874664065
2.2630000000000017,0.05307080599999973
2.2640000000000016,0.05291912489852008
2.2650000000000015,0.052788110101479505
2.266000000000002,0.0526590869999998
2.2670000000000017,0.05254475799999981
2.2680000000000016,0.05244096065956792
2.2690000000000015,0.05233755634043176
2.270000000000002,0.05223434399999984
2.2710000000000017,0.05214577392141557
2.2720000000000016,0.05205498807858415
2.2730000000000015,0.05199676799999997
2.274000000000002,0.05197710992011593
2.2750000000000017,0.051946311079883976
2.2760000000000016,0.05193180599999997
2.2770000000000015,0.05191654699999995
2.278000000000002,0.05188937771692825
2.2790000000000017,0.051878676
2.2800000000000016,0.05187704400000001
2.2810000000000015,0.05188525245260949
2.282000000000002,0.05189977854739055
2.2830000000000017,0.05193535600000011
2.2840000000000016,0.051997637088082464
2.2850000000000015,0.05204851791191769
2.286000000000002,0.05210369100000011
2.2870000000000017,0.05216510272055597
2.2880000000000016,0.05221230827944418
2.2890000000000015,0.052291192000000146
2.290000000000002,0.0523981120000002
2.2910000000000017,0.052510892988602495
2.2920000000000016,0.052640779011397916
2.2930000000000015,0.052773621000000125
2.294000000000002,0.05286806092251562
2.2950000000000017,0.052947286077484626
2.2960000000000016,0.053007632000000054
2.2970000000000015,0.05303861577114583
2.298000000000002,0.0530763272288543
2.2990000000000017,0.05311098299999997
2.3000000000000016,0.053093980999999964
2.3010000000000015,0.05307465193290668
2.302000000000002,0.05302660199999986
2.3030000000000017,0.05294720799999989
2.3040000000000016,0.05288585285452898
2.3050000000000015,0.0528143981454708
2.306000000000002,0.0527469549999999
2.3070000000000017,0.05269298670105972
2.3080000000000016,0.05264999729894015
2.3090000000000015,0.052622220999999955
2.310000000000002,0.05259186532943407
2.3110000000000017,0.05256515967056584
2.3120000000000016,0.052550270999999975
2.3130000000000015,0.052536319999999984
2.314000000000002,0.0525283422206559
2.3150000000000017,0.052550548779344175
2.3160000000000016,0.05254038399999996
2.3170000000000015,0.05251672954479101
2.318000000000002,0.05249217745520891
2.3190000000000017,0.05244980799999994
2.3200000000000016,0.052413884226354665
2.3210000000000015,0.05237614777364522
2.322000000000002,0.05234941799999995
2.3230000000000017,0.052322145999999965
2.3240000000000016,0.052309848995700445
2.3250000000000015,0.052319805999999996
2.326000000000002,0.052316806999999986
2.3270000000000017,0.05231019944691063
2.3280000000000016,0.05231466855308939
2.3290000000000015,0.05230172700000003
2.330000000000002,0.05232041088402328
2.3310000000000017,0.0523692511159769
2.3320000000000016,0.05241169400000012
2.3330000000000015,0.05247925370415926
2.334000000000002,0.052536295295840946
2.3350000000000017,0.052575152000000125
2.3360000000000016,0.05264698000000014
2.3370000000000015,0.05272503469906035
2.338000000000002,0.052822025300940004
2.3390000000000017,0.05296168800000019
2.3400000000000016,0.0530676817700462
2.3410000000000015,0.0531953822299542
2.342000000000002,0.0532815050000001
2.3430000000000017,0.05333599848630281
2.3440000000000016,0.05338086151369733
2.3450000000000015,0.05338713500000002
2.346000000000002,0.053403798000000016
2.3470000000000018,0.053409846791320895
2.3480000000000016,0.053427760000000026
2.3490000000000015,0.05344750400000004
2.350000000000002,0.0534694333207359
2.3510000000000018,0.053492640679264195
2.3520000000000016,0.053514224000000034
2.3530000000000015,0.05353077142391527
2.354000000000002,0.05356501057608485
2.3550000000000018,0.0536013580000001
2.3560000000000016,0.053654757316936745
2.3570000000000015,0.053737926683063514
2.358000000000002,0.053801708000000156
2.3590000000000018,0.05389086500000008
2.3600000000000017,0.05393530818216357
2.3610000000000015,0.05393712981783644
2.362000000000002,0.053954567999999974
2.3630000000000018,0.053937198041391736
2.3640000000000017,0.05394761195860829
2.3650000000000015,0.05397705700000005
2.366000000000002,0.054012157677264645
2.3670000000000018,0.054058930322735545
2.3680000000000017,0.05410632900000007
2.3690000000000015,0.05415863900000009
2.370000000000002,0.054226208671065944
2.3710000000000018,0.054302919328934364
2.3720000000000017,0.05439021800000022
2.3730000000000016,0.05451404110167981
2.374000000000002,0.054605057898320514
2.3750000000000018,0.05469854900000011
2.3760000000000017,0.054758841978904266
2.3770000000000016,0.05478863102109583
2.378000000000002,0.05480302899999994
2.379000000000002,0.05476974682643471
2.3800000000000017,0.054768011173565286
2.3810000000000016,0.05479730999999995
2.382000000000002,0.05476971699999993
2.383000000000002,0.05473979184553079
2.3840000000000017,0.054668247154468996
2.3850000000000016,0.05452508099999977
2.386000000000002,0.05439040862247521
2.387000000000002,0.054246633377524216
2.3880000000000017,0.05409269399999967
2.3890000000000016,0.0539087815660865
2.390000000000002,0.05373444243391288
2.391000000000002,0.053554970999999674
2.3920000000000017,0.05337804899999968
2.3930000000000016,0.053198704233653
2.394000000000002,0.05303104076634641
2.395000000000002,0.052868864999999717
2.3960000000000017,0.052710020750149696
2.3970000000000016,0.05253752224984977
2.398000000000002,0.05241328499999982
2.399000000000002,0.05231032784553076
2.4000000000000017,0.05222878315446898
2.4010000000000016,0.05219671899999994
2.4020000000000015,0.05216243899999993
2.403000000000002,0.052120857158184104
2.4040000000000017,0.05212826700000011
2.4050000000000016,0.05219139500000008
2.406000000000002,0.052234563144671196
2.407000000000002,0.052296009855329055
2.4080000000000017,0.05236641300000007
2.4090000000000016,0.05240591959558105
2.4100000000000015,0.052511875404419275
2.411000000000002,0.05269087100000023
2.4120000000000017,0.05282639489982031
2.4130000000000016,0.05299539310018021
2.414000000000002,0.053116295000000174
2.415000000000002,0.0532151720000001
2.4160000000000017,0.05327075884703063
2.4170000000000016,0.053289229152969436
2.4180000000000015,0.053291163999999884
2.419000000000002,0.053204682571685674
2.4200000000000017,0.05321039942831435
2.4210000000000016,0.053265698000000014
2.422000000000002,0.0532748289309139
2.423000000000002,0.05331413806908626
2.4240000000000017,0.05331616799999984
2.4250000000000016,0.05322807700000005
2.4260000000000015,0.05325630017768227
2.427000000000002,0.0533543860000001
2.4280000000000017,0.05341225900000019
2.4290000000000016,0.053523243394221244
2.430000000000002,0.05356718560577893
2.431000000000002,0.053538635000000064
2.4320000000000017,0.05357547662967416
2.4330000000000016,0.053631773370326014
2.4340000000000015,0.05367664200000007
2.435000000000002,0.05373338126354739
2.4360000000000017,0.05379601673645283
2.4370000000000016,0.05385634300000007
2.438000000000002,0.05389644600000013
2.439000000000002,0.053971684052489484
2.4400000000000017,0.05396220894751048
2.4410000000000016,0.05386976199999996
2.4420000000000015,0.05384631911537688
2.443000000000002,0.05381747288462302
2.4440000000000017,0.05381246699999995
2.4450000000000016,0.053780748953709066
2.446000000000002,0.05366028604629051
2.447000000000002,0.053566351999999894
2.4480000000000017,0.05350517099999989
2.4490000000000016,0.053447087010998914
2.4500000000000015,0.05345719700000005
2.451000000000002,0.05349071700000018
2.4520000000000017,0.05359123130613892
2.4530000000000016,0.05368429269386137
2.454000000000002,0.053665384999999996
2.455000000000002,0.05366255193701241
2.4560000000000017,0.05357192206298723
2.4570000000000016,0.053481821000000034
2.4580000000000015,0.05350245134943017
2.459000000000002,0.05353594565056996
2.4600000000000017,0.05367375500000004
2.4610000000000016,0.053697224999999946
2.462000000000002,0.05366657492051585
2.463000000000002,0.05364578007948406
2.4640000000000017,0.053487393999999924
2.4650000000000016,0.05344396105178977
2.4660000000000015,0.05352447894821048
2.467000000000002,0.05355481100000004
2.4680000000000017,0.053578526878024474
2.4690000000000016,0.05362730712197568
2.470000000000002,0.05366855900000016
2.471000000000002,0.05375464600000028
2.4720000000000018,0.05391207737496275
2.4730000000000016,0.05406582700000021
2.4740000000000015,0.05422621600000023
2.475000000000002,0.05439818888542334
2.4760000000000018,0.05460704311457749
2.4770000000000016,0.054802481000000375
2.478000000000002,0.055020414325435286
2.479000000000002,0.05520366867456544
2.4800000000000018,0.05536068600000027
2.4810000000000016,0.05551278160098004
2.4820000000000015,0.05565879139902041
2.483000000000002,0.05576288000000009
2.4840000000000018,0.055814855000000205
2.4850000000000017,0.05593152158438328
2.486000000000002,0.05602736541561706
2.487000000000002,0.056183569000000155
2.4880000000000018,0.056271414288242165
2.4890000000000017,0.05615429671175747
2.4900000000000015,0.056034791999999785
2.491000000000002,0.05587469430843832
2.4920000000000018,0.05587777869156169
2.4930000000000017,0.05619331800000029
2.494000000000002,0.05641174300000022
2.495000000000002,0.05653673655598894
2.4960000000000018,0.056602296444011324
2.4970000000000017,0.05646503699999974
2.4980000000000016,0.05631753174575135
2.499000000000002,0.05662498925424975
2.5000000000000018,0.056908846
2.5010000000000017,0.056908846
2.502000000000002,0.056908846
2.503000000000002,0.056908846
2.504000000000002,0.056908846
2.5050000000000017,0.056908846
2.5060000000000016,0.056908846
2.507000000000002,0.056908846
2.508000000000002,0.056908846
2.5090000000000017,0.056908846
2.510000000000002,0.056908846
2.511000000000002,0.056908846
2.512000000000002,0.056908846
2.5130000000000017,0.056908846
2.5140000000000016,0.056908846
2.515000000000002,0.056908846
2.516000000000002,0.056908846
2.5170000000000017,0.056908846
2.518000000000002,0.056908846
2.519000000000002,0.056908846
2.520000000000002,0.056908846
2.5210000000000017,0.056908846
2.5220000000000016,0.056908846
2.523000000000002,0.056908846
2.524000000000002,0.056908846
2.5250000000000017,0.056908846
2.526000000000002,0.056908846
2.527000000000002,0.056908846
2.528000000000002,0.056908846
2.5290000000000017,0.056908846
2.5300000000000016,0.056908846
2.531000000000002,0.056908846
2.532000000000002,0.056908846
2.5330000000000017,0.056908846
2.534000000000002,0.056908846
2.535000000000002,0.056908846
2.536000000000002,0.056908846
2.5370000000000017,0.056908846
2.5380000000000016,0.056908846
2.539000000000002,0.056908846
2.540000000000002,0.056908846
2.5410000000000017,0.056908846
2.542000000000002,0.056908846
2.543000000000002,0.056908846
2.544000000000002,0.056908846
2.5450000000000017,0.056908846
2.5460000000000016,0.056908846
2.547000000000002,0.056908846
2.548000000000002,0.056908846
2.5490000000000017,0.056908846
2.550000000000002,0.056908846
2.551000000000002,0.056908846
2.552000000000002,0.056908846
2.5530000000000017,0.056908846
2.5540000000000016,0.056908846
2.555000000000002,0.056908846
2.556000000000002,0.056908846
2.5570000000000017,0.056908846
2.558000000000002,0.056908846
2.559000000000002,0.056908846
2.560000000000002,0.056908846
2.5610000000000017,0.056908846
2.5620000000000016,0.056908846
2.563000000000002,0.056908846
2.564000000000002,0.056908846
2.5650000000000017,0.056908846
2.566000000000002,0.056908846
2.567000000000002,0.056908846
2.568000000000002,0.056908846
2.5690000000000017,0.056908846
2.5700000000000016,0.056908846
2.571000000000002,0.056908846
2.572000000000002,0.056908846
2.5730000000000017,0.056908846
2.574000000000002,0.056908846
2.575000000000002,0.056908846
2.576000000000002,0.056908846
2.5770000000000017,0.056908846
2.5780000000000016,0.056908846
2.579000000000002,0.056908846
2.580000000000002,0.056908846
2.5810000000000017,0.056908846
2.582000000000002,0.056908846
2.583000000000002,0.056908846
2.584000000000002,0.056908846
2.5850000000000017,0.056908846
2.5860000000000016,0.056908846
2.587000000000002,0.056908846
2.588000000000002,0.056908846
2.5890000000000017,0.056908846
2.590000000000002,0.056908846
2.591000000000002,0.056908846
2.592000000000002,0.056908846
2.5930000000000017,0.056908846
2.5940000000000016,0.056908846
2.595000000000002,0.056908846
2.596000000000002,0.056908846
2.5970000000000018,0.056908846
2.598000000000002,0.056908846
2.599000000000002,0.056908846
