wave,r
0.4,0.7073593851787965
0.401,0.711249928465631
0.402,0.7150964915343693
0.403,0.7184765900000002
0.404,0.721656828197618
0.405,0.72495818
0.406,0.7275780586189278
0.40700000000000003,0.7294399513810724
0.40800000000000003,0.7307089715975681
0.40900000000000003,0.731868728402432
0.41000000000000003,0.7333131400000001
0.41100000000000003,0.7347462056693433
0.41200000000000003,0.73585051
0.41300000000000003,0.7368275621288788
0.41400000000000003,0.73804045
0.41500000000000004,0.7390257142801143
0.41600000000000004,0.7394537257198857
0.41700000000000004,0.74026877
0.41800000000000004,0.7408137245504545
0.41900000000000004,0.74099743
0.42000000000000004,0.74134243800892
0.42100000000000004,0.74214333
0.42200000000000004,0.742941206598668
0.42300000000000004,0.7436010734013321
0.42400000000000004,0.7446704017865643
0.42500000000000004,0.7458490582134358
0.42600000000000005,0.7471279500000001
0.42700000000000005,0.748430260099299
0.42800000000000005,0.74944019
0.42900000000000005,0.7502191171940561
0.43000000000000005,0.7509385228059439
0.43100000000000005,0.75161606050249
0.43200000000000005,0.75166630949751
0.43300000000000005,0.7515384
0.43400000000000005,0.7513738838166618
0.43500000000000005,0.75075555
0.43600000000000005,0.7499458110648787
0.43700000000000006,0.7490522989351212
0.43800000000000006,0.7481212493685125
0.43900000000000006,0.7470581006314874
0.44000000000000006,0.7458636199999998
0.44100000000000006,0.744533853297667
0.44200000000000006,0.7431884999999999
0.44300000000000006,0.7421594201558968
0.44400000000000006,0.7411750098441031
0.44500000000000006,0.7402144045439091
0.44600000000000006,0.7396687954560908
0.44700000000000006,0.73934627
0.44800000000000006,0.7390466929957701
0.44900000000000007,0.7387041999999999
0.45000000000000007,0.7386596220157596
0.45100000000000007,0.7388611979842402
0.45200000000000007,0.7391305014411712
0.45300000000000007,0.7392746185588288
0.45400000000000007,0.73949218
0.45500000000000007,0.7397394775270247
0.45600000000000007,0.74001241
0.4570000000000001,0.7403901252565475
0.4580000000000001,0.7409157800000001
0.4590000000000001,0.7414997859436812
0.4600000000000001,0.7420941540563188
0.4610000000000001,0.74284863
0.4620000000000001,0.7436519219670803
0.4630000000000001,0.7445182800000001
0.4640000000000001,0.7455004595598045
0.4650000000000001,0.7464564400000001
0.4660000000000001,0.7474774207613849
0.4670000000000001,0.7485535592386153
0.4680000000000001,0.7495173891837165
0.4690000000000001,0.7504357608162837
0.4700000000000001,0.7514068500000001
0.4710000000000001,0.7524574494705054
0.4720000000000001,0.7534045
0.4730000000000001,0.754365629652207
0.4740000000000001,0.7553308503477931
0.4750000000000001,0.7562176091628168
0.4760000000000001,0.7571338908371834
0.4770000000000001,0.7580823300000001
0.4780000000000001,0.7590912711757885
0.4790000000000001,0.7602088500000002
0.4800000000000001,0.761386583807124
0.4810000000000001,0.7627672961928763
0.4820000000000001,0.764501230166897
0.4830000000000001,0.7665179198331036
0.4840000000000001,0.7689124900000003
0.4850000000000001,0.7717224719001814
0.4860000000000001,0.7749505000000004
0.4870000000000001,0.778679051621768
0.4880000000000001,0.782841228378233
0.4890000000000001,0.787388319978001
0.4900000000000001,0.7923861200220002
0.4910000000000001,0.7979171900000007
0.4920000000000001,0.8038588805830948
0.4930000000000001,0.8100487600000008
0.4940000000000001,0.8165799467493332
0.4950000000000001,0.8232548800000008
0.4960000000000001,0.8300426094541117
0.4970000000000001,0.8369880205458898
0.4980000000000001,0.8436836600000007
0.4990000000000001,0.8502039247973529
0.5000000000000001,0.8566086300000006
0.5010000000000001,0.862697416805537
0.5020000000000001,0.8683779576079204
0.5030000000000001,0.8736315549280542
0.5040000000000001,0.8784366919487199
0.5050000000000001,0.8825886800000005
0.5060000000000001,0.8862599149145546
0.5070000000000001,0.8895056426281689
0.5080000000000001,0.8921766365804661
0.5090000000000001,0.8943523800000002
0.5100000000000001,0.8961175840537408
0.5110000000000001,0.8975229496186155
0.5120000000000001,0.8985038803813848
0.5130000000000001,0.899155613482735
0.5140000000000001,0.89959222
0.5150000000000001,0.8998853604661093
0.5160000000000001,0.8999319659322034
0.5170000000000001,0.8997963727118644
0.5180000000000001,0.8995510924528245
0.5190000000000001,0.8992364962782627
0.5200000000000001,0.8988643215698214
0.5210000000000001,0.8984428126452676
0.5220000000000001,0.8979812946151923
0.5230000000000001,0.89749968
0.5240000000000001,0.8970155649705496
0.5250000000000001,0.8965126194348226
0.5260000000000001,0.8959843605651773
0.5270000000000001,0.8955682541610415
0.5280000000000001,0.89523834
0.5290000000000001,0.8948776600209001
0.5300000000000001,0.8943787082024898
0.5310000000000001,0.8939854578650067
0.5320000000000001,0.8937453024015242
0.5330000000000001,0.8935538474888748
0.5340000000000001,0.8933027344366781
0.5350000000000001,0.8930245683449827
0.5360000000000001,0.8926955532901657
0.5370000000000001,0.89224547
0.5380000000000001,0.8918363462048241
0.5390000000000001,0.8914568280110994
0.5400000000000001,0.8910571979926004
0.5410000000000001,0.8906619539524395
0.5420000000000001,0.89033848
0.5430000000000001,0.8900842649660516
0.5440000000000002,0.8898325675509224
0.5450000000000002,0.8895759651320514
0.5460000000000002,0.88933378
0.5470000000000002,0.889138998913389
0.5480000000000002,0.8890303405565778
0.5490000000000002,0.8890581694434222
0.5500000000000002,0.8891752988286884
0.5510000000000002,0.88931364
0.5520000000000002,0.8895171923907478
0.5530000000000002,0.8897562671789411
0.5540000000000002,0.8899955652140393
0.5550000000000002,0.890206747888179
0.5560000000000002,0.8904043411361114
0.5570000000000002,0.8905179500297985
0.5580000000000002,0.8905194399553022
0.5590000000000002,0.8905088302122022
0.5600000000000002,0.89045393
0.5610000000000002,0.8905066331864319
0.5620000000000002,0.8908252754977801
0.5630000000000002,0.89110016450222
0.5640000000000002,0.8913182578190783
0.5650000000000002,0.89144897
0.5660000000000002,0.8913951437509374
0.5670000000000002,0.891082682816859
0.5680000000000002,0.8905099114554271
0.5690000000000002,0.8898042470566705
0.5700000000000002,0.8891974636514365
0.5710000000000002,0.8885626060734961
0.5720000000000002,0.8878662808897554
0.5730000000000002,0.887250666156123
0.5740000000000002,0.88698041
0.5750000000000002,0.8871365854163542
0.5760000000000002,0.8876782247134116
0.5770000000000002,0.8884138952865888
0.5780000000000002,0.8891259328796289
0.5790000000000002,0.88963598
0.5800000000000002,0.8898304075729757
0.5810000000000002,0.8897090486689665
0.5820000000000002,0.8893313475540222
0.5830000000000002,0.8888133199999999
0.5840000000000002,0.888354358507485
0.5850000000000002,0.8882051129884506
0.5860000000000002,0.8883545355173242
0.5870000000000002,0.8886405771395428
0.5880000000000002,0.88890886
0.5890000000000002,0.8891515112207244
0.5900000000000002,0.8892735758269087
0.5910000000000002,0.8891344727820609
0.5920000000000002,0.8888204131406313
0.5930000000000002,0.8883792152887529
0.5940000000000002,0.8879080914126293
0.5950000000000002,0.8874787228810559
0.5960000000000002,0.8869108713571134
0.5970000000000002,0.8862252199999999
0.5980000000000002,0.8855505537939379
0.5990000000000002,0.8849299479708811
0.6000000000000002,0.8843284920291187
0.6010000000000002,0.883787695407954
0.6020000000000002,0.8833983499999999
0.6030000000000002,0.8829588249334985
0.6040000000000002,0.8824521735071246
0.6050000000000002,0.8819024109952501
0.6060000000000002,0.8813440255838557
0.6070000000000002,0.8808697457280572
0.6080000000000002,0.8804425502276885
0.6090000000000002,0.8799539346584669
0.6100000000000002,0.8794876946623932
0.6110000000000002,0.8791201099999999
0.6120000000000002,0.8788231559706597
0.6130000000000002,0.8784202210705571
0.6140000000000002,0.8779737489294427
0.6150000000000002,0.8775293244442444
0.6160000000000002,0.8770930799999999
0.6170000000000002,0.8765593083994839
0.6180000000000002,0.8759792843458826
0.6190000000000002,0.8754574804360781
0.6200000000000002,0.8750829699999999
0.6210000000000002,0.8746868360040599
0.6220000000000002,0.8742872427201639
0.6230000000000002,0.873923250919754
0.6240000000000002,0.873613063101862
0.6250000000000002,0.8733896000000001
0.6260000000000002,0.8732064378893578
0.6270000000000002,0.8729953748342583
0.6280000000000002,0.8728231834438278
0.6290000000000002,0.872712971102111
0.6300000000000002,0.87261856
0.6310000000000002,0.8724594688830558
0.6320000000000002,0.8724036216754163
0.6330000000000002,0.8724338393955939
0.6340000000000002,0.87243503
0.6350000000000002,0.8723052093020931
0.6360000000000002,0.8722354201333946
0.6370000000000002,0.8722420898666053
0.6380000000000002,0.8722204602163022
0.6390000000000002,0.87223577
0.6400000000000002,0.8721868387154743
0.6410000000000002,0.8720583876721163
0.6420000000000002,0.8719807915519223
0.6430000000000002,0.8718429813781138
0.6440000000000002,0.8716868191135911
0.6450000000000002,0.8715981784290785
0.6460000000000002,0.8715196323563822
0.6470000000000002,0.8713436717596351
0.6480000000000002,0.8710379599999999
0.6490000000000002,0.870733978701787
0.6500000000000002,0.8706041577266909
0.6510000000000002,0.8704904922733091
0.6520000000000002,0.8702476624283242
0.6530000000000002,0.8699828399999999
0.6540000000000002,0.8696598344341443
0.6550000000000002,0.8693815443818808
0.6560000000000002,0.8691942737454127
0.6570000000000003,0.8688197137456374
0.6580000000000003,0.8684911684174841
0.6590000000000003,0.8683329177293134
0.6600000000000003,0.8682193834060297
0.6610000000000003,0.868093971254125
0.6620000000000003,0.86792183
0.6630000000000003,0.8676820370763415
0.6640000000000003,0.8673896744157792
0.6650000000000003,0.8672035337228138
0.6660000000000003,0.8670882611527115
0.6670000000000003,0.8668720699999999
0.6680000000000003,0.8666125446884656
0.6690000000000003,0.8663469679673016
0.6700000000000003,0.8661330342786427
0.6710000000000003,0.8659783
0.6720000000000003,0.865757407312373
0.6730000000000003,0.865488645598976
0.6740000000000003,0.8652685944010239
0.6750000000000003,0.8651607010789107
0.6760000000000003,0.86510277
0.6770000000000003,0.865112781046121
0.6780000000000003,0.8652173892740362
0.6790000000000003,0.8651931904839757
0.6800000000000003,0.8651927700042001
0.6810000000000003,0.865392633889839
0.6820000000000003,0.8657816183941804
0.6830000000000003,0.8662013274087297
0.6840000000000003,0.8666613008005082
0.6850000000000003,0.8672455000000001
0.6860000000000003,0.8679060969583697
0.6870000000000003,0.8686019350971964
0.6880000000000003,0.869356794902804
0.6890000000000003,0.8702636309316096
0.6900000000000003,0.8712922900000003
0.6910000000000003,0.8723836728218285
0.6920000000000003,0.8735247689578525
0.6930000000000003,0.8748233640280989
0.6940000000000003,0.8762328459051595
0.6950000000000003,0.8776772739703401
0.6960000000000003,0.8790743077110149
0.6970000000000003,0.8804598584334787
0.6980000000000003,0.8818791358072164
0.6990000000000003,0.8833868500000003
0.7000000000000003,0.8849616741300417
0.7010000000000003,0.8863746747898088
0.7020000000000003,0.887614165210192
0.7030000000000003,0.8886825893157934
0.7040000000000003,0.8895717900000002
0.7050000000000003,0.8905255983905842
0.7060000000000003,0.89144511780171
0.7070000000000003,0.8920385081321935
0.7080000000000003,0.8923329100000001
0.7090000000000003,0.8925124423848239
0.7100000000000003,0.8927509275480228
0.7110000000000003,0.8931283286779662
0.7120000000000003,0.8937163841193826
0.7130000000000003,0.8945412000000004
0.7140000000000003,0.8956123135394711
0.7150000000000003,0.896966269550323
0.7160000000000003,0.8986179469664523
0.7170000000000003,0.9004745914335148
0.7180000000000003,0.9022832046331467
0.7190000000000003,0.9037465166824663
0.7200000000000003,0.9050806399763015
0.7210000000000003,0.9063387848371488
0.7220000000000003,0.9072650700000002
0.7230000000000003,0.9078002012094122
0.7240000000000003,0.9079211375060997
0.7250000000000003,0.9077964424939002
0.7260000000000003,0.9077558504059041
0.7270000000000003,0.9076210899999999
0.7280000000000003,0.9074169383733673
0.7290000000000003,0.9072542754654267
0.7300000000000003,0.9071031230230489
0.7310000000000003,0.9069775912553125
0.7320000000000003,0.9068830595505954
0.7330000000000003,0.9068381205817709
0.7340000000000003,0.9068672091273436
0.7350000000000003,0.906876919902898
0.7360000000000003,0.9067424499999999
0.7370000000000003,0.9064268463413633
0.7380000000000003,0.9060609834878603
0.7390000000000003,0.9057353765121394
0.7400000000000003,0.9054580327734277
0.7410000000000003,0.9050875899999999
0.7420000000000003,0.9046024598014979
0.7430000000000003,0.9040925390214488
0.7440000000000003,0.9037265873190339
0.7450000000000003,0.9034236099999999
0.7460000000000003,0.903080165722657
0.7470000000000003,0.9026524316736162
0.7480000000000003,0.9022361124895752
0.7490000000000003,0.9017709546515928
0.7500000000000003,0.9012781399999998
0.7510000000000003,0.9007990355689112
0.7520000000000003,0.900355929897405
0.7530000000000003,0.9000191767350632
0.7540000000000003,0.8996881833099329
0.7550000000000003,0.8992149199999999
0.7560000000000003,0.8988322533855306
0.7570000000000003,0.8985015299217038
0.7580000000000003,0.8981840063504634
0.7590000000000003,0.8978792399999999
0.7600000000000003,0.8975506957614574
0.7610000000000003,0.8971268397068116
0.7620000000000003,0.8966121802931881
0.7630000000000003,0.896199764124141
0.7640000000000003,0.8959083599999998
0.7650000000000003,0.895628685859817
0.7660000000000003,0.8952146679091044
0.7670000000000003,0.8948116380605968
0.7680000000000003,0.8945290428259282
0.7690000000000003,0.8943872483726837
0.7700000000000004,0.8942245125295734
0.7710000000000004,0.8938509912056395
0.7720000000000004,0.8934012744971898
0.7730000000000004,0.8930146099999999
0.7740000000000004,0.8926584676455763
0.7750000000000004,0.8924230267637294
0.7760000000000004,0.8922612132362705
0.7770000000000004,0.892050152110621
0.7780000000000004,0.8917288199999999
0.7790000000000004,0.891415534705747
0.7800000000000004,0.8911508222078894
0.7810000000000004,0.8908910851947401
0.7820000000000004,0.8906021128897288
0.7830000000000004,0.890238396113761
0.7840000000000004,0.8898497740636968
0.7850000000000004,0.8895529589044546
0.7860000000000004,0.8892317432121641
0.7870000000000004,0.8889172699999999
0.7880000000000004,0.8885800153168062
0.7890000000000004,0.8881116987997598
0.7900000000000004,0.8877383574668265
0.7910000000000004,0.8874765626179261
0.7920000000000004,0.8872576399999998
0.7930000000000004,0.8870783958292084
0.7940000000000004,0.8868698562561871
0.7950000000000004,0.8865748059010589
0.7960000000000004,0.8861793299999998
0.7970000000000004,0.8857890374512745
0.7980000000000004,0.8855341672785089
0.7990000000000004,0.8853980927214912
0.8000000000000004,0.8851582423985239
0.8010000000000004,0.8847830899999999
0.8020000000000004,0.8844274280377606
0.8030000000000004,0.8842312059088046
0.8040000000000004,0.8840948327274636
0.8050000000000004,0.8839249016993169
0.8060000000000004,0.8837824495588956
0.8070000000000004,0.8837383388330583
0.8080000000000004,0.8836799917504125
0.8090000000000004,0.8836712201754018
0.8100000000000004,0.8836905999999999
0.8110000000000004,0.8836499487428874
0.8120000000000004,0.8835242379568816
0.8130000000000004,0.8834220820431182
0.8140000000000004,0.883402410196702
0.8150000000000004,0.88340288
0.8160000000000004,0.8833479301288013
0.8170000000000004,0.8833543720365983
0.8180000000000004,0.883422258642268
0.8190000000000004,0.8833595506271062
0.8200000000000004,0.8833134196583966
0.8210000000000004,0.8832792593242338
0.8220000000000004,0.8832454710136493
0.8230000000000004,0.8832370600841017
0.8240000000000004,0.88322383
0.8250000000000004,0.8832619213345134
0.8260000000000004,0.8833953721041159
0.8270000000000004,0.8835005778958842
0.8280000000000004,0.8835339496662967
0.8290000000000004,0.88347334
0.8300000000000004,0.8833906111538116
0.8310000000000004,0.8834483012320383
0.8320000000000004,0.8834893691786412
0.8330000000000004,0.8835169100000001
0.8340000000000004,0.883648339790198
0.8350000000000004,0.8836273592214389
0.8360000000000004,0.8835884311678416
0.8370000000000004,0.8836029798544971
0.8380000000000004,0.88357908
0.8390000000000004,0.8835674497418948
0.8400000000000004,0.8835416368729563
0.8410000000000004,0.8834374020846957
0.8420000000000004,0.8832238921351213
0.8430000000000004,0.8830615883971838
0.8440000000000004,0.8829013046322683
0.8450000000000004,0.8826329180515973
0.8460000000000004,0.8822709972384722
0.8470000000000004,0.8818634699999998
0.8480000000000004,0.8814633460320601
0.8490000000000004,0.8810665493432261
0.8500000000000004,0.8805337106567734
0.8510000000000004,0.8798056872802725
0.8520000000000004,0.8788832999999996
0.8530000000000004,0.8777699955896112
0.8540000000000004,0.8763289469827503
0.8550000000000004,0.8745617053448319
0.8560000000000004,0.872494600671106
0.8570000000000004,0.8700888500953997
0.8580000000000004,0.8670983796355166
0.8590000000000004,0.8635801555467213
0.8600000000000004,0.8595449703520054
0.8610000000000004,0.8548945799999976
0.8620000000000004,0.8496500217627154
0.8630000000000004,0.8438262834000613
0.8640000000000004,0.8374962865999331
0.8650000000000004,0.8307563173997713
0.8660000000000004,0.8236167399999967
0.8670000000000004,0.8164912962814599
0.8680000000000004,0.80980538833958
0.8690000000000004,0.8037500411069419
0.8700000000000004,0.7987061699999982
0.8710000000000004,0.7948264844346431
0.8720000000000004,0.7922699822102891
0.8730000000000004,0.7913804966845654
0.8740000000000004,0.7922360214442292
0.8750000000000004,0.7948173300000018
0.8760000000000004,0.7988863508241191
0.8770000000000004,0.8039687855452256
0.8780000000000004,0.8098202929698542
0.8790000000000004,0.8160706774960774
0.8800000000000004,0.8222507800000025
0.8810000000000004,0.8279366309079568
0.8820000000000005,0.8329820286380701
0.8830000000000005,0.8372241651577536
0.8840000000000005,0.8405714000000011
0.8850000000000005,0.843193610593007
0.8860000000000005,0.8452529021637142
0.8870000000000005,0.8468610878362873
0.8880000000000005,0.8481821867890685
0.8890000000000005,0.8495900000000006
0.8900000000000005,0.8510548670108411
0.8910000000000005,0.8527559660024011
0.8920000000000005,0.854956045998401
0.8930000000000005,0.8574838347220485
0.8940000000000005,0.860371381451916
0.8950000000000005,0.8635165734686279
0.8960000000000005,0.8666900047970618
0.8970000000000005,0.8697635192648869
0.8980000000000005,0.8727929000000013
0.8990000000000005,0.8756740945686469
0.9000000000000005,0.878130951371146
0.9010000000000005,0.8801995086288559
0.9020000000000005,0.8820478715164161
0.9030000000000005,0.8836775400000005
0.9040000000000005,0.8849472029302299
0.9050000000000005,0.8860937095956207
0.9060000000000005,0.8870802302695869
0.9070000000000005,0.8878917018853193
0.9080000000000005,0.8885873667400678
0.9090000000000005,0.8892613731303438
0.9100000000000005,0.8899178903044851
0.9110000000000005,0.8904797943809879
0.9120000000000005,0.8908776000000002
0.9130000000000005,0.8912746936240727
0.9140000000000005,0.8916370999934005
0.9150000000000005,0.8919702133377333
0.9160000000000005,0.8923480462216623
0.9170000000000005,0.8927682600000002
0.9180000000000005,0.8931731661686917
0.9190000000000005,0.8934816007469628
0.9200000000000005,0.893661556400964
0.9210000000000005,0.8938412700000001
0.9220000000000005,0.894064312897429
0.9230000000000005,0.8943540567135316
0.9240000000000005,0.8946897332864687
0.9250000000000005,0.8949755371419715
0.9260000000000005,0.89517838
0.9270000000000005,0.8952699304709094
0.9280000000000005,0.8953170266764663
0.9290000000000005,0.8955395755490226
0.9300000000000005,0.8957235781599816
0.9310000000000005,0.8957996416284164
0.9320000000000005,0.8959624860756964
0.9330000000000005,0.8962662708864558
0.9340000000000005,0.8963469283869839
0.9350000000000005,0.8962726600000002
0.9360000000000005,0.8964284112117121
0.9370000000000005,0.896549580698572
0.9380000000000005,0.8965845093014279
0.9390000000000005,0.8965593002521026
0.9400000000000005,0.8965962500000001
0.9410000000000005,0.8967032403600036
0.9420000000000005,0.8967212402558872
0.9430000000000005,0.8967297698294086
0.9440000000000005,0.8968455788418885
0.9450000000000005,0.8967855586445863
0.9460000000000005,0.8966500180736963
0.9470000000000005,0.8965537028894555
0.9480000000000005,0.8965379601574031
0.9490000000000005,0.89646995
0.9500000000000005,0.8964201800584006
0.9510000000000005,0.8964260202575898
0.9520000000000005,0.8964388997424104
0.9530000000000005,0.8963353010360103
0.9540000000000005,0.8962246799999999
0.9550000000000005,0.8960502057395573
0.9560000000000005,0.8958371871837407
0.9570000000000005,0.895743311877506
0.9580000000000005,0.8954894499999999
0.9590000000000005,0.8952739795219952
0.9600000000000005,0.8952261771689415
0.9610000000000005,0.8950846242465876
0.9620000000000005,0.8947928029182581
0.9630000000000005,0.8944865499999999
0.9640000000000005,0.8942860980943617
0.9650000000000005,0.8940955295095244
0.9660000000000005,0.8937458469936501
0.9670000000000005,0.8933256342021418
0.9680000000000005,0.8930083474220741
0.9690000000000005,0.8927505484969748
0.9700000000000005,0.892175397254537
0.9710000000000005,0.8918979255492554
0.9720000000000005,0.8917822199999997
0.9730000000000005,0.8912838662341621
0.9740000000000005,0.8909072853687852
0.9750000000000005,0.8906757246312146
0.9760000000000005,0.8903510632466323
0.9770000000000005,0.8898357699999999
0.9780000000000005,0.8895717858448167
0.9790000000000005,0.8891562696829157
0.9800000000000005,0.8888123668780559
0.9810000000000005,0.8887962101615016
0.9820000000000005,0.8887928070698705
0.9830000000000005,0.8884997944796759
0.9840000000000005,0.8882237782804858
0.9850000000000005,0.888043171806036
0.9860000000000005,0.8876090599999998
0.9870000000000005,0.8873097257048569
0.9880000000000005,0.8868802105101793
0.9890000000000005,0.8864057194898202
0.9900000000000005,0.8862232618245182
0.9910000000000005,0.8860315699999999
0.9920000000000005,0.8857819944865447
0.9930000000000005,0.8855063232914353
0.9940000000000005,0.8852827044723762
0.9950000000000006,0.8850639499999999
0.9960000000000006,0.8847946471836717
0.9970000000000006,0.8845130154416277
0.9980000000000006,0.884285096837558
0.9990000000000006,0.8840801120498408
1.0000000000000004,0.8840657499999998
1.0010000000000006,0.8836322999999998
1.0020000000000007,0.8833710599999999
1.0030000000000006,0.88315493
1.0040000000000004,0.8831100682151782
1.0050000000000006,0.8826922199999997
1.0060000000000007,0.8821498199999996
1.0070000000000006,0.8816751799999997
1.0080000000000005,0.8809192199999998
1.0090000000000006,0.8804162362673731
1.0100000000000007,0.8800789099999998
1.0110000000000006,0.8797581199999999
1.0120000000000005,0.8795138
1.0130000000000006,0.8792227499999999
1.0140000000000007,0.8790592763473651
1.0150000000000006,0.8787720799999996
1.0160000000000005,0.8781987399999999
1.0170000000000006,0.87783241
1.0180000000000007,0.8777805000000002
1.0190000000000006,0.8778824698030198
1.0200000000000005,0.8779963900000002
1.0210000000000006,0.8784518200000002
1.0220000000000007,0.87871385
1.0230000000000006,0.8787301800000002
1.0240000000000005,0.8790946000000002
1.0250000000000006,0.8795968300000004
1.0260000000000007,0.8802155900000006
1.0270000000000006,0.8811221700000004
1.0280000000000005,0.8818882100000004
1.0290000000000006,0.8828204900000003
1.0300000000000007,0.8835395600000004
1.0310000000000006,0.8842079600000003
1.0320000000000005,0.8846388323147687
1.0330000000000006,0.8850619800000002
1.0340000000000007,0.8853516600000002
1.0350000000000006,0.8856261400000001
1.0360000000000005,0.8858289700000002
1.0370000000000006,0.8860223993090692
1.0380000000000007,0.8861154900000001
1.0390000000000006,0.8863111100000002
1.0400000000000005,0.88670117
1.0410000000000006,0.8867673899999999
1.0420000000000007,0.8866220845305469
1.0430000000000006,0.8865888699999999
1.0440000000000005,0.8863846099999999
1.0450000000000006,0.88624907
1.0460000000000007,0.88620985
1.0470000000000006,0.8862698040045996
1.0480000000000005,0.8862283799999999
1.0490000000000006,0.88605779
1.0500000000000007,0.88606411
1.0510000000000006,0.8860746
1.0520000000000005,0.8862366100000001
1.0530000000000006,0.8865495900000002
1.0540000000000007,0.8868274100000003
1.0550000000000006,0.8872581405629438
1.0560000000000005,0.8875637700000001
1.0570000000000006,0.8878001000000001
1.0580000000000007,0.88803154
1.0590000000000006,0.8881101600000001
1.0600000000000005,0.8883759307779224
1.0610000000000006,0.8888837100000002
1.0620000000000007,0.8892981400000003
1.0630000000000006,0.8897903000000004
1.0640000000000005,0.8902396600000001
1.0650000000000006,0.8905293610298972
1.0660000000000007,0.8906015200000003
1.0670000000000006,0.8908285500000002
1.0680000000000005,0.8910318000000003
1.0690000000000006,0.8912202100000001
1.0700000000000007,0.8914505569653036
1.0710000000000006,0.8916012
1.0720000000000005,0.89171815
1.0730000000000006,0.8918406400000001
1.0740000000000007,0.89198065
1.0750000000000006,0.89204961
1.0760000000000005,0.8919869099999999
1.0770000000000006,0.89179099
1.0780000000000007,0.8917444804109589
1.0790000000000006,0.8916485899999999
1.0800000000000005,0.89145285
1.0810000000000006,0.8913434099999997
1.0820000000000007,0.8910612499999998
1.0830000000000006,0.8906542128327163
1.0840000000000005,0.8900825399999996
1.0850000000000006,0.8894509699999994
1.0860000000000007,0.8886465999999991
1.0870000000000006,0.8875764599999993
1.0880000000000005,0.8865253151144878
1.0890000000000006,0.8854296799999992
1.0900000000000007,0.8842743599999991
1.0910000000000006,0.8829021499999992
1.0920000000000005,0.8815215799999994
1.0930000000000006,0.880134068751124
1.0940000000000007,0.878638919999999
1.0950000000000006,0.8771876699999991
1.0960000000000005,0.875839949999999
1.0970000000000006,0.8743951299999991
1.0980000000000008,0.8730266699999985
1.0990000000000006,0.8713239399999988
1.1000000000000005,0.8695372299999992
1.1010000000000006,0.8675052499999986
1.1020000000000008,0.8654135499999983
1.1030000000000006,0.8628318299999981
1.1040000000000005,0.8600631999999986
1.1050000000000006,0.8569413999999976
1.1060000000000008,0.8532207517768192
1.1070000000000007,0.8489385199999968
1.1080000000000005,0.8441634799999964
1.1090000000000007,0.8389027099999963
1.1100000000000008,0.8332591699999959
1.1110000000000007,0.8271591491100841
1.1120000000000005,0.8204502499999968
1.1130000000000007,0.8132976899999949
1.1140000000000008,0.8055565399999945
1.1150000000000007,0.7974083999999939
1.1160000000000005,0.7882808027597185
1.1170000000000007,0.778592649999993
1.1180000000000008,0.7680898899999901
1.1190000000000007,0.756799579999992
1.1200000000000006,0.7448056899999943
1.1210000000000007,0.7319507954894432
1.1220000000000008,0.7185078299999905
1.1230000000000007,0.70439928999999
1.1240000000000006,0.6893781399999931
1.1250000000000007,0.6738614399999894
1.1260000000000008,0.6577867299999854
1.1270000000000007,0.6413766099999889
1.1280000000000006,0.6247005499999886
1.1290000000000007,0.6075734708938982
1.1300000000000008,0.5904824099999852
1.1310000000000007,0.5738075999999884
1.1320000000000006,0.556407689999993
1.1330000000000007,0.5406568599999896
1.1340000000000008,0.5250260475762326
1.1350000000000007,0.5116018099999917
1.1360000000000006,0.49918338999999307
1.1370000000000007,0.48877059999999445
1.1380000000000008,0.4803998499999946
1.1390000000000007,0.47428273171182506
1.1400000000000006,0.47050281999999893
1.1410000000000007,0.4689264900000005
1.1420000000000008,0.46966931000000195
1.1430000000000007,0.472576350000003
1.1440000000000006,0.4770913984951532
1.1450000000000007,0.48319241000000507
1.1460000000000008,0.4907359500000075
1.1470000000000007,0.49926117000000586
1.1480000000000006,0.5080867400000068
1.1490000000000007,0.5182105900000064
1.1500000000000008,0.5277774300000088
1.1510000000000007,0.5376234700000063
1.1520000000000006,0.547083200000004
1.1530000000000007,0.5561641500000054
1.1540000000000008,0.5643771300000049
1.1550000000000007,0.5717658400000043
1.1560000000000006,0.5782320500000037
1.1570000000000007,0.5836539714548579
1.1580000000000008,0.5882685200000034
1.1590000000000007,0.5921800100000022
1.1600000000000006,0.5954664900000021
1.1610000000000007,0.5985943100000021
1.1620000000000008,0.6017658632416784
1.1630000000000007,0.6052982800000029
1.1640000000000006,0.6095787900000025
1.1650000000000007,0.6150041200000042
1.1660000000000008,0.6211799400000066
1.1670000000000007,0.628704987495255
1.1680000000000006,0.6373705300000064
1.1690000000000007,0.647085730000007
1.1700000000000008,0.6575535500000098
1.1710000000000007,0.6685710000000077
1.1720000000000006,0.6800503020698
1.1730000000000007,0.6913725700000073
1.1740000000000008,0.7023869200000071
1.1750000000000007,0.7131340500000065
1.1760000000000006,0.7230099400000061
1.1770000000000007,0.7320938700000057
1.1780000000000008,0.7406014800000069
1.1790000000000007,0.7482906600000047
1.1800000000000006,0.7553492114018631
1.1810000000000007,0.761863230000004
1.1820000000000008,0.7678193400000047
1.1830000000000007,0.7732471800000034
1.1840000000000006,0.778254330000002
1.1850000000000007,0.782768774949508
1.1860000000000008,0.7868182700000034
1.1870000000000007,0.7905138700000023
1.1880000000000006,0.7939549700000021
1.1890000000000007,0.797091010000002
1.1900000000000008,0.8000255265483476
1.1910000000000007,0.8029263000000026
1.1920000000000006,0.805813370000002
1.1930000000000007,0.808789010000002
1.1940000000000008,0.8118633000000027
1.1950000000000007,0.8148898473452679
1.1960000000000006,0.8178553000000018
1.1970000000000007,0.8205979500000016
1.1980000000000008,0.8229937000000018
1.1990000000000007,0.8251265900000012
1.2000000000000006,0.826975290000001
1.2010000000000007,0.8284987800000012
1.2020000000000008,0.829875830000001
1.2030000000000007,0.8310385215858422
1.2040000000000006,0.8320543800000005
1.2050000000000007,0.8329379600000006
1.2060000000000008,0.8338690400000007
1.2070000000000007,0.8347410000000005
1.2080000000000006,0.8355332781101896
1.2090000000000007,0.8363143800000005
1.2100000000000009,0.8370069300000006
1.2110000000000007,0.8376929200000006
1.2120000000000006,0.8384627700000006
1.2130000000000007,0.8393199742795728
1.2140000000000009,0.8402256400000008
1.2150000000000007,0.8411537400000006
1.2160000000000006,0.8421033000000008
1.2170000000000007,0.8430320600000006
1.2180000000000009,0.8440166915368471
1.2190000000000007,0.8451297300000008
1.2200000000000006,0.8462345000000006
1.2210000000000008,0.8472650100000009
1.2220000000000009,0.8483266800000009
1.2230000000000008,0.8492816700000007
1.2240000000000006,0.8500484800000006
1.2250000000000008,0.8508407500000006
1.2260000000000009,0.8516606100000007
1.2270000000000008,0.8524290300000006
1.2280000000000006,0.8532036500000004
1.2290000000000008,0.8539488900000005
1.2300000000000009,0.8547093900000008
1.2310000000000008,0.8555945575742432
1.2320000000000007,0.8565703000000008
1.2330000000000008,0.8575642100000009
1.2340000000000009,0.8586116400000009
1.2350000000000008,0.8596422100000006
1.2360000000000007,0.8605804724317575
1.2370000000000008,0.8615047900000006
1.2380000000000009,0.8624000000000008
1.2390000000000008,0.8632471600000006
1.2400000000000007,0.8640182000000003
1.2410000000000008,0.864761935626438
1.2420000000000009,0.8654160500000005
1.2430000000000008,0.8660051800000005
1.2440000000000007,0.8664441700000002
1.2450000000000008,0.8668558600000004
1.2460000000000009,0.867333722213779
1.2470000000000008,0.8676678500000002
1.2480000000000007,0.8679803000000003
1.2490000000000008,0.8683326800000002
1.2500000000000009,0.8685923800000003
1.2510000000000008,0.8688883200000004
1.2520000000000007,0.8692081000000003
1.2530000000000008,0.8694731600000002
1.254000000000001,0.8697301295550447
1.2550000000000008,0.8699256800000003
1.2560000000000007,0.8701244000000001
1.2570000000000008,0.8703607900000001
1.258000000000001,0.8705349000000001
1.2590000000000008,0.8706936389231078
1.2600000000000007,0.8708828700000001
1.2610000000000008,0.87098408
1.262000000000001,0.87100661
1.2630000000000008,0.87102997
1.2640000000000007,0.8710182311738827
1.2650000000000008,0.8709974299999999
1.266000000000001,0.8709346099999999
1.2670000000000008,0.8708546199999999
1.2680000000000007,0.8707520399999998
1.2690000000000008,0.8706048247215278
1.270000000000001,0.8704920999999999
1.2710000000000008,0.8703629399999999
1.2720000000000007,0.87025601
1.2730000000000008,0.8701857899999998
1.274000000000001,0.87011534
1.2750000000000008,0.8700673599999998
1.2760000000000007,0.8699694299999999
1.2770000000000008,0.8697547899999998
1.278000000000001,0.8694269099999997
1.2790000000000008,0.8690087199999995
1.2800000000000007,0.8684015899999995
1.2810000000000008,0.8676713099999991
1.282000000000001,0.866723363168682
1.2830000000000008,0.8655550499999991
1.2840000000000007,0.864231349999999
1.2850000000000008,0.8626972999999986
1.286000000000001,0.8610783799999985
1.2870000000000008,0.8592793241955792
1.2880000000000007,0.8574212799999986
1.2890000000000008,0.8553612799999984
1.290000000000001,0.8531039399999979
1.2910000000000008,0.8506814199999976
1.2920000000000007,0.847932674874511
1.2930000000000008,0.845051939999998
1.294000000000001,0.8421181399999972
1.2950000000000008,0.8389846699999973
1.2960000000000007,0.8360173099999981
1.2970000000000008,0.8331578259484027
1.298000000000001,0.830355229999998
1.2990000000000008,0.8280630699999987
1.3000000000000007,0.8260527299999989
1.3010000000000008,0.8243039799999988
1.302000000000001,0.8229485199999986
1.3030000000000008,0.8217866399999993
1.3040000000000007,0.8208573499999996
1.3050000000000008,0.8201584441935804
1.306000000000001,0.8198003799999998
1.3070000000000008,0.81954265
1.3080000000000007,0.8195068200000001
1.3090000000000008,0.8196332500000001
1.310000000000001,0.8198113484041597
1.3110000000000008,0.8198953899999999
1.3120000000000007,0.8197212799999996
1.3130000000000008,0.8192776999999996
1.314000000000001,0.818546469999999
1.3150000000000008,0.81746856779022
1.3160000000000007,0.8161271799999986
1.3170000000000008,0.8145883099999983
1.318000000000001,0.8126656999999982
1.3190000000000008,0.8106173299999981
1.3200000000000007,0.8085168300499933
1.3210000000000008,0.8063555399999982
1.322000000000001,0.8043882799999978
1.3230000000000008,0.8024441599999989
1.3240000000000007,0.8007345799999989
1.3250000000000008,0.7991397399999989
1.326000000000001,0.7978326099999988
1.3270000000000008,0.7967738499999992
1.3280000000000007,0.7958562468613134
1.3290000000000008,0.7953248599999994
1.330000000000001,0.7945552499999995
1.3310000000000008,0.7938746799999994
1.3320000000000007,0.793094689999999
1.3330000000000009,0.7920216119218065
1.334000000000001,0.7906408299999983
1.3350000000000009,0.7887965999999978
1.3360000000000007,0.7864628999999973
1.3370000000000009,0.783508119999997
1.338000000000001,0.7801641543965567
1.3390000000000009,0.7763690399999963
1.3400000000000007,0.7722628099999973
1.3410000000000009,0.7682438499999966
1.342000000000001,0.7644470299999964
1.3430000000000009,0.7611133833646607
1.3440000000000007,0.7585022399999989
1.3450000000000009,0.7567605399999991
1.346000000000001,0.7557027299999995
1.3470000000000009,0.7553383100000005
1.3480000000000008,0.7559657100000005
1.3490000000000009,0.7566706500000013
1.350000000000001,0.758202850000001
1.3510000000000009,0.7592822900000014
1.3520000000000008,0.7607383700000007
1.3530000000000009,0.7615488800000004
1.354000000000001,0.7621862300000001
1.3550000000000009,0.7623026999999997
1.3560000000000008,0.7620324429807015
1.3570000000000009,0.761362249999999
1.358000000000001,0.7602302399999986
1.3590000000000009,0.7587398899999983
1.3600000000000008,0.7568792699999985
1.3610000000000009,0.7546829561213855
1.362000000000001,0.7522441699999971
1.3630000000000009,0.7496758699999982
1.3640000000000008,0.7469966399999982
1.3650000000000009,0.7443396399999977
1.366000000000001,0.7417889450694904
1.3670000000000009,0.7392572799999978
1.3680000000000008,0.7367458899999985
1.3690000000000009,0.7343412599999979
1.370000000000001,0.731972579999998
1.3710000000000009,0.7296933979182063
1.3720000000000008,0.7276548699999982
1.3730000000000009,0.7257092599999989
1.374000000000001,0.7240564799999987
1.3750000000000009,0.722505509999999
1.3760000000000008,0.7214096799999993
1.377000000000001,0.7205130499999995
1.378000000000001,0.7201123800000001
1.379000000000001,0.7201898374692534
1.3800000000000008,0.7204645300000007
1.381000000000001,0.7212420100000007
1.382000000000001,0.7219540500000012
1.383000000000001,0.7230598300000006
1.3840000000000008,0.7237993032886717
1.385000000000001,0.7245321900000005
1.386000000000001,0.7250487200000001
1.387000000000001,0.7251570799999997
1.3880000000000008,0.7248822999999995
1.389000000000001,0.7241761206179376
1.390000000000001,0.7229999299999982
1.391000000000001,0.7213934699999983
1.3920000000000008,0.719492549999998
1.393000000000001,0.7172152999999978
1.394000000000001,0.7147417173582615
1.395000000000001,0.7121076599999976
1.3960000000000008,0.7093436099999976
1.397000000000001,0.7066557399999971
1.398000000000001,0.7040734299999979
1.399000000000001,0.7017148099999982
1.4000000000000008,0.6996830099999986
1.4010000000000007,0.6980301099999991
1.402000000000001,0.6966780399999989
1.403000000000001,0.6957109599999995
1.4040000000000008,0.6952475899999997
1.4050000000000007,0.6948063999999999
1.406000000000001,0.6946894499999999
1.407000000000001,0.6945877661083891
1.4080000000000008,0.6945488500000001
1.4090000000000007,0.6946834900000001
1.410000000000001,0.6949191700000006
1.411000000000001,0.6953819400000005
1.4120000000000008,0.695960666287372
1.4130000000000007,0.6968235400000008
1.414000000000001,0.6979607300000011
1.415000000000001,0.6992453900000013
1.4160000000000008,0.7007311600000014
1.4170000000000007,0.7022532477912218
1.418000000000001,0.7036737800000011
1.419000000000001,0.7048817300000008
1.4200000000000008,0.7058098900000006
1.4210000000000007,0.7063984300000001
1.422000000000001,0.7065446853744626
1.423000000000001,0.7063691599999995
1.4240000000000008,0.7058058999999994
1.4250000000000007,0.7050508299999994
1.426000000000001,0.7041298699999989
1.427000000000001,0.703117609999999
1.4280000000000008,0.7021737699999995
1.4290000000000007,0.7012863799999995
1.430000000000001,0.7005764849964998
1.431000000000001,0.7000264499999996
1.4320000000000008,0.6996299599999998
1.4330000000000007,0.69937146
1.434000000000001,0.6993170400000001
1.435000000000001,0.6994319294410561
1.4360000000000008,0.6997263400000004
1.4370000000000007,0.7002329800000006
1.438000000000001,0.7008772500000007
1.439000000000001,0.7016772600000009
1.4400000000000008,0.702624885237477
1.4410000000000007,0.7037637800000011
1.442000000000001,0.7049917000000016
1.443000000000001,0.7064031400000014
1.4440000000000008,0.7078491400000014
1.4450000000000007,0.7094280321107902
1.446000000000001,0.7109989500000018
1.447000000000001,0.7126464200000018
1.4480000000000008,0.7142574800000011
1.4490000000000007,0.7158966700000011
1.450000000000001,0.7175149900000017
1.451000000000001,0.7191047100000015
1.4520000000000008,0.720487360000001
1.4530000000000007,0.7216317316318374
1.454000000000001,0.7224480500000003
1.455000000000001,0.7227801699999999
1.4560000000000008,0.7226945199999995
1.4570000000000007,0.7220674799999991
1.458000000000001,0.7210084474632518
1.459000000000001,0.7194830799999984
1.4600000000000009,0.7175990899999981
1.4610000000000007,0.7155107899999981
1.462000000000001,0.7133454699999976
1.463000000000001,0.7111933552114766
1.4640000000000009,0.7091282599999983
1.4650000000000007,0.7073028699999989
1.466000000000001,0.7056719699999987
1.467000000000001,0.704437199999999
1.4680000000000009,0.7035745062693723
1.4690000000000007,0.7029681799999999
1.470000000000001,0.7027798899999999
1.471000000000001,0.7026413700000003
1.4720000000000009,0.70284164
1.4730000000000008,0.7028847900000001
1.474000000000001,0.70311642
1.475000000000001,0.7030936499999999
1.4760000000000009,0.7029781299999998
1.4770000000000008,0.7027468099999997
1.478000000000001,0.7023894799999996
1.479000000000001,0.7019152599999995
1.4800000000000009,0.7013379899999993
1.4810000000000008,0.7006475061863807
1.482000000000001,0.699809369999999
1.483000000000001,0.6989095199999991
1.4840000000000009,0.697921279999999
1.4850000000000008,0.6968361099999992
1.486000000000001,0.6955993183531632
1.487000000000001,0.6943828499999986
1.4880000000000009,0.6930800699999992
1.4890000000000008,0.6917795499999992
1.490000000000001,0.6905693399999987
1.491000000000001,0.6893978071532834
1.4920000000000009,0.6882650899999991
1.4930000000000008,0.6872683199999995
1.494000000000001,0.6864186499999992
1.495000000000001,0.6857478599999997
1.4960000000000009,0.6853136834176579
1.4970000000000008,0.6850337999999999
1.498000000000001,0.68488401
1.499000000000001,0.6848627900000002
1.5000000000000009,0.6849356300000001
1.5010000000000008,0.6850357100000001
1.5020000000000011,0.6851434700000001
1.503000000000001,0.68524021
1.504000000000001,0.6852826566923308
1.5050000000000008,0.6853495800000001
1.5060000000000011,0.6854803600000002
1.507000000000001,0.6856806300000003
1.508000000000001,0.6859803200000003
1.5090000000000008,0.6863769774162587
1.5100000000000011,0.6868511400000006
1.511000000000001,0.6873894900000007
1.512000000000001,0.6879932300000008
1.5130000000000008,0.6887173700000006
1.5140000000000011,0.6895130704299579
1.515000000000001,0.6903640000000011
1.516000000000001,0.6913912300000011
1.5170000000000008,0.6925893400000012
1.5180000000000011,0.6937984800000014
1.519000000000001,0.6951191879292085
1.520000000000001,0.6965147900000014
1.5210000000000008,0.6979565000000013
1.5220000000000011,0.6994877500000023
1.523000000000001,0.7012053700000015
1.524000000000001,0.7028307300000015
1.5250000000000008,0.7045215400000013
1.5260000000000011,0.7060672600000016
1.527000000000001,0.7075772900000016
1.528000000000001,0.7089574300000011
1.5290000000000008,0.7102137800000008
1.5300000000000011,0.7114332900000012
1.531000000000001,0.7125081400000012
1.532000000000001,0.7136373997450265
1.5330000000000008,0.7147348500000008
1.5340000000000011,0.7158380700000012
1.535000000000001,0.7169809300000012
1.536000000000001,0.718074860000001
1.5370000000000008,0.7191748410918916
1.5380000000000011,0.7201857600000011
1.539000000000001,0.7211578500000008
1.540000000000001,0.7220499500000007
1.5410000000000008,0.7228246300000006
1.5420000000000011,0.7235272997330274
1.543000000000001,0.7241423100000004
1.544000000000001,0.7246772600000004
1.5450000000000008,0.7251642300000004
1.5460000000000012,0.7256122200000005
1.547000000000001,0.7260279884231582
1.548000000000001,0.7263742100000002
1.5490000000000008,0.7266004700000002
1.5500000000000012,0.72672105
1.551000000000001,0.7267193199999998
1.552000000000001,0.7266121499999999
1.5530000000000008,0.7265231599999998
1.5540000000000012,0.7264205799999998
1.555000000000001,0.72626392449855
1.556000000000001,0.7261089099999999
1.5570000000000008,0.7259228799999998
1.5580000000000012,0.7256776099999996
1.559000000000001,0.7254069999999998
1.560000000000001,0.7251432827817216
1.5610000000000008,0.7248710999999995
1.5620000000000012,0.7245584699999996
1.563000000000001,0.7242869099999998
1.564000000000001,0.7240027799999996
1.5650000000000008,0.7236337469033094
1.5660000000000012,0.7232124799999994
1.567000000000001,0.7227013699999993
1.568000000000001,0.7221263099999995
1.5690000000000008,0.7215141099999994
1.5700000000000012,0.7209069707139278
1.571000000000001,0.7202906599999992
1.572000000000001,0.7195870899999991
1.5730000000000008,0.7187756899999993
1.5740000000000012,0.7178296999999987
1.575000000000001,0.7167378699999987
1.576000000000001,0.7155305699999985
1.5770000000000008,0.7142195099999986
1.5780000000000012,0.7127372780881893
1.579000000000001,0.7111181599999982
1.580000000000001,0.7094242599999985
1.5810000000000008,0.7076158499999984
1.5820000000000012,0.7057322299999974
1.583000000000001,0.7037917254214556
1.584000000000001,0.7018459399999982
1.5850000000000009,0.6998434699999982
1.5860000000000012,0.6978493299999976
1.587000000000001,0.695991159999998
1.588000000000001,0.6942055185641417
1.5890000000000009,0.6926137199999988
1.5900000000000012,0.6912804799999988
1.591000000000001,0.690183879999999
1.592000000000001,0.6893137699999993
1.5930000000000009,0.6886609252844711
1.5940000000000012,0.6880833499999993
1.595000000000001,0.6875113199999993
1.596000000000001,0.6868337999999992
1.5970000000000009,0.6859993899999991
1.5980000000000012,0.6849772899999986
1.599000000000001,0.6837326899999984
1.600000000000001,0.6822727899999984
1.6010000000000009,0.6804863799999981
1.6020000000000012,0.6783464599999967
1.603000000000001,0.6758723299999975
1.604000000000001,0.6730064199999969
1.6050000000000009,0.6694744799999963
1.6060000000000012,0.6653217596770267
1.607000000000001,0.6605185299999939
1.608000000000001,0.6550434799999948
1.6090000000000009,0.6491140699999943
1.6100000000000012,0.6427665399999927
1.611000000000001,0.6361358475832337
1.612000000000001,0.6293116799999923
1.6130000000000009,0.6222739199999952
1.6140000000000012,0.6149662699999914
1.615000000000001,0.6071349399999906
1.616000000000001,0.5986687666173294
1.6170000000000009,0.5893304299999905
1.6180000000000012,0.5787634299999869
1.619000000000001,0.5669495499999857
1.620000000000001,0.5540980699999875
1.6210000000000009,0.5400341463923491
1.6220000000000012,0.5253567699999803
1.623000000000001,0.5104854099999869
1.624000000000001,0.4957332599999877
1.6250000000000009,0.4818582799999885
1.6260000000000012,0.4688275499999843
1.6270000000000011,0.4570954399999861
1.628000000000001,0.44662570999999157
1.629000000000001,0.4371517410258894
1.6300000000000012,0.42866199999998955
1.6310000000000011,0.4208288199999917
1.632000000000001,0.4133704899999921
1.633000000000001,0.4062682999999939
1.6340000000000012,0.39939413139085334
1.6350000000000011,0.3929080399999934
1.636000000000001,0.3869545799999939
1.637000000000001,0.3814602199999947
1.6380000000000012,0.3766719699999956
1.6390000000000011,0.3726888983071651
1.640000000000001,0.3694357599999974
1.641000000000001,0.3670800899999987
1.6420000000000012,0.36561053999999915
1.6430000000000011,0.3649877600000001
1.644000000000001,0.3651062381521849
1.645000000000001,0.3659413800000012
1.6460000000000012,0.36734599000000234
1.6470000000000011,0.36908478000000244
1.648000000000001,0.3709259300000014
1.649000000000001,0.37249368000000077
1.6500000000000012,0.3733977699999998
1.6510000000000011,0.3732137099999983
1.652000000000001,0.37169140999999645
1.653000000000001,0.3684931399999955
1.6540000000000012,0.36344626999999224
1.6550000000000011,0.35644939999999037
1.656000000000001,0.34776356999998853
1.657000000000001,0.337423896257363
1.6580000000000013,0.32558646999998575
1.6590000000000011,0.31273474999998496
1.660000000000001,0.29920795999998434
1.661000000000001,0.2851249599999875
1.6620000000000013,0.27104407634834915
1.6630000000000011,0.25730755999998545
1.664000000000001,0.24421146999998938
1.665000000000001,0.23224472999999043
1.6660000000000013,0.2214554299999876
1.6670000000000011,0.21214557098589162
1.668000000000001,0.20425775999999418
1.669000000000001,0.19769180999999542
1.6700000000000013,0.19254503999999487
1.6710000000000012,0.18870080999999692
1.672000000000001,0.18592377770322674
1.673000000000001,0.18415703999999913
1.6740000000000013,0.18319475999999968
1.6750000000000012,0.1828824000000002
1.676000000000001,0.18307196000000064
1.677000000000001,0.18365683000000108
1.6780000000000013,0.18463235000000136
1.6790000000000012,0.18585764000000146
1.680000000000001,0.18718117209879145
1.681000000000001,0.18860216000000132
1.6820000000000013,0.1900980500000021
1.6830000000000012,0.19167480000000203
1.684000000000001,0.19352582000000193
1.685000000000001,0.19571082912009044
1.6860000000000013,0.19830203000000407
1.6870000000000012,0.20136049000000458
1.688000000000001,0.20479655000000344
1.689000000000001,0.20867099000000383
1.6900000000000013,0.212977339365069
1.6910000000000012,0.21753567000000626
1.692000000000001,0.22224294000000522
1.693000000000001,0.226952310000004
1.6940000000000013,0.23145930000000545
1.6950000000000012,0.23555360056994823
1.696000000000001,0.23913905000000327
1.697000000000001,0.24207671000000242
1.6980000000000013,0.24426097000000177
1.6990000000000012,0.24587190000000123
1.700000000000001,0.24697536000000078
1.701000000000001,0.24766847000000067
1.7020000000000013,0.24825934000000074
1.7030000000000012,0.24882856567943296
1.704000000000001,0.24958536000000137
1.705000000000001,0.25081411000000153
1.7060000000000013,0.2525875600000032
1.7070000000000012,0.2550193400000042
1.708000000000001,0.2581817962783769
1.709000000000001,0.26224458000000445
1.7100000000000013,0.26725951000000775
1.7110000000000012,0.2730908400000089
1.712000000000001,0.2797399500000081
1.713000000000001,0.2870485891360941
1.7140000000000013,0.2948024600000106
1.7150000000000012,0.3027809000000089
1.716000000000001,0.3107920300000088
1.717000000000001,0.31874731000000844
1.7180000000000013,0.32635490924008564
1.7190000000000012,0.3334415000000074
1.720000000000001,0.34007397000000666
1.721000000000001,0.346082840000006
1.7220000000000013,0.35147709000000665
1.7230000000000012,0.3564839100000052
1.724000000000001,0.361154880000005
1.725000000000001,0.36563009000000385
1.7260000000000013,0.3699506500000059
1.7270000000000012,0.37435949000000557
1.728000000000001,0.3785411700000041
1.729000000000001,0.3831733200000041
1.7300000000000013,0.38781929000000687
1.7310000000000012,0.3930053122117854
1.732000000000001,0.3986274300000067
1.733000000000001,0.404677330000006
1.7340000000000013,0.41144419000000865
1.7350000000000012,0.4179364100000079
1.736000000000001,0.4250711286941377
1.737000000000001,0.4311580700000067
1.7380000000000013,0.4371891600000051
1.7390000000000012,0.44171634000000426
1.740000000000001,0.44556528000000245
1.741000000000001,0.4477723392940729
1.7420000000000013,0.44846912999999966
1.7430000000000012,0.44823416999999793
1.744000000000001,0.4463957299999977
1.745000000000001,0.4443228799999971
1.7460000000000013,0.4410491873692589
1.7470000000000012,0.43790375999999587
1.748000000000001,0.43481161999999757
1.749000000000001,0.43209090999999805
1.7500000000000013,0.42988973999999813
1.7510000000000012,0.42847001999999923
1.7520000000000011,0.4278686000000005
1.753000000000001,0.4282621100000009
1.7540000000000013,0.4293462276142406
1.7550000000000012,0.43082237000000223
1.7560000000000011,0.4324728300000016
1.757000000000001,0.43389907000000105
1.7580000000000013,0.4348595100000005
1.7590000000000012,0.43521770832016765
1.7600000000000011,0.43490090999999864
1.761000000000001,0.433716119999998
1.7620000000000013,0.43193912999999645
1.7630000000000012,0.4296511699999975
1.7640000000000011,0.4273483702799696
1.765000000000001,0.42526804999999823
1.7660000000000013,0.42367892999999895
1.7670000000000012,0.4228778500000001
1.7680000000000011,0.4229488100000013
1.769000000000001,0.424103084572544
1.7700000000000014,0.42648956000000504
1.7710000000000012,0.430283520000006
1.7720000000000011,0.4348200300000081
1.773000000000001,0.4408569900000054
1.7740000000000014,0.44694662000000973
1.7750000000000012,0.45422730000000866
1.7760000000000011,0.4607357700000077
1.777000000000001,0.4676947600000063
1.7780000000000014,0.473381070000007
1.7790000000000012,0.4786391900000043
1.7800000000000011,0.4825603100000031
1.781000000000001,0.48534161000000203
1.7820000000000014,0.4872144540505958
1.7830000000000013,0.48785495999999995
1.7840000000000011,0.48782732999999884
1.785000000000001,0.48678186999999834
1.7860000000000014,0.48526885999999675
1.7870000000000013,0.48281422670232665
1.7880000000000011,0.48018124999999634
1.789000000000001,0.47690352999999713
1.7900000000000014,0.47363906999999494
1.7910000000000013,0.46985530999999575
1.7920000000000011,0.46662914261673494
1.793000000000001,0.4632576999999978
1.7940000000000014,0.4606771499999973
1.7950000000000013,0.45869582999999853
1.7960000000000012,0.4575911499999996
1.797000000000001,0.4572255665583438
1.7980000000000014,0.45782378000000173
1.7990000000000013,0.45911694000000236
1.8000000000000012,0.4612695000000023
1.801000000000001,0.46338391000000295
1.8020000000000014,0.4660286000000038
1.8030000000000013,0.46846437000000285
1.8040000000000012,0.47100383000000257
1.805000000000001,0.47330827800820124
1.8060000000000014,0.47548836000000266
1.8070000000000013,0.47750729000000236
1.8080000000000012,0.4792977300000019
1.809000000000001,0.48103863000000147
1.8100000000000014,0.48263788588341383
1.8110000000000013,0.48419672000000197
1.8120000000000012,0.4856648100000019
1.813000000000001,0.4870917500000012
1.8140000000000014,0.4884492200000018
1.8150000000000013,0.48976974794720696
1.8160000000000012,0.49100429000000173
1.817000000000001,0.4922868300000014
1.8180000000000014,0.49353203000000173
1.8190000000000013,0.49484253000000183
1.8200000000000012,0.49623505074792695
1.821000000000001,0.4975124600000013
1.8220000000000014,0.4987141200000021
1.8230000000000013,0.5000873800000015
1.8240000000000012,0.5014584100000016
1.825000000000001,0.5028988100000018
1.8260000000000014,0.5045065900000025
1.8270000000000013,0.5061222900000019
1.8280000000000012,0.5075656983161699
1.829000000000001,0.5089488600000015
1.8300000000000014,0.5103033200000033
1.8310000000000013,0.5128288300000012
1.8320000000000012,0.5137611600000022
1.833000000000001,0.5153801595630454
1.8340000000000014,0.5167757900000014
1.8350000000000013,0.5178547500000015
1.8360000000000012,0.5189165500000015
1.837000000000001,0.5199976600000012
1.8380000000000014,0.5211407556904326
1.8390000000000013,0.5223163400000015
1.8400000000000012,0.5234116900000009
1.841000000000001,0.5242018100000004
1.8420000000000014,0.5246462200000005
1.8430000000000013,0.5248981448075196
1.8440000000000012,0.5250400299999999
1.845000000000001,0.5249240399999994
1.8460000000000014,0.5243362799999983
1.8470000000000013,0.523300409999998
1.8480000000000012,0.5218374099999977
1.849000000000001,0.5198507899999973
1.8500000000000014,0.5174858599999966
1.8510000000000013,0.5149998699999966
1.8520000000000012,0.5124098099999954
1.853000000000001,0.5089626899999973
1.8540000000000014,0.5058701599999964
1.8550000000000013,0.5031797299999964
1.8560000000000012,0.5004562123087664
1.857000000000001,0.49807929999999795
1.8580000000000014,0.49626382999999835
1.8590000000000013,0.49499913999999867
1.8600000000000012,0.4940108399999993
1.861000000000001,0.4933817704389558
1.8620000000000014,0.4930861600000005
1.8630000000000013,0.4934062100000008
1.8640000000000012,0.4941131800000014
1.865000000000001,0.4953659800000023
1.8660000000000014,0.49748676792121105
1.8670000000000013,0.500190080000004
1.8680000000000012,0.5031518900000032
1.869000000000001,0.5059536100000036
1.8700000000000014,0.5091064600000047
1.8710000000000013,0.5125866019858059
1.8720000000000012,0.5155949000000044
1.873000000000001,0.5188221900000024
1.8740000000000014,0.5215520900000024
1.8750000000000013,0.5232819900000019
1.8760000000000012,0.5247277600000017
1.8770000000000011,0.525950910000001
1.8780000000000014,0.5267087200000006
1.8790000000000013,0.5270956034826524
1.8800000000000012,0.5275304300000002
1.8810000000000011,0.5276796799999998
1.8820000000000014,0.5274537799999997
1.8830000000000013,0.5272399199999991
1.8840000000000012,0.5265968070482947
1.8850000000000011,0.5262672899999997
1.8860000000000015,0.5259911999999999
1.8870000000000013,0.5259924500000008
1.8880000000000012,0.526598930000001
1.8890000000000011,0.5274615637366272
1.8900000000000015,0.5281430500000013
1.8910000000000013,0.5289755500000014
1.8920000000000012,0.5300216100000011
1.8930000000000011,0.5308153000000008
1.8940000000000015,0.5315322783021709
1.8950000000000014,0.5326066600000011
1.8960000000000012,0.5334409500000009
1.8970000000000011,0.5340716200000005
1.8980000000000015,0.5344664500000004
1.8990000000000014,0.5347483799999999
1.9000000000000012,0.5346627199999993
1.9010000000000011,0.5340777599999993
1.9020000000000015,0.5334297999999986
1.9030000000000014,0.5325260799999983
1.9040000000000012,0.5313054899999987
1.9050000000000011,0.5301280599999988
1.9060000000000015,0.528987529999998
1.9070000000000014,0.5276708386851295
1.9080000000000013,0.5262576899999984
1.9090000000000011,0.5248606799999982
1.9100000000000015,0.5232347199999974
1.9110000000000014,0.5214961799999984
1.9120000000000013,0.5203648421507838
1.9130000000000011,0.5193863499999989
1.9140000000000015,0.5183831499999991
1.9150000000000014,0.5177333399999994
1.9160000000000013,0.517199639999999
1.9170000000000011,0.5164370662573734
1.9180000000000015,0.5159990199999999
1.9190000000000014,0.5158742100000002
1.9200000000000013,0.5160194600000005
1.9210000000000012,0.5164437300000007
1.9220000000000015,0.5170730270702939
1.9230000000000014,0.5180518000000016
1.9240000000000013,0.5192850800000013
1.9250000000000012,0.5204842100000016
1.9260000000000015,0.5218979700000024
1.9270000000000014,0.5233743200000021
1.9280000000000013,0.5247583400000015
1.9290000000000012,0.5261565400000019
1.9300000000000015,0.5278327716238396
1.9310000000000014,0.5292490100000019
1.9320000000000013,0.5306600900000015
1.9330000000000012,0.5317564000000008
1.9340000000000015,0.5324548500000006
1.9350000000000014,0.532886877772223
1.9360000000000013,0.5330645999999999
1.9370000000000012,0.5329525499999995
1.9380000000000015,0.5325778099999992
1.9390000000000014,0.5318878299999985
1.9400000000000013,0.530770771705828
1.9410000000000012,0.5288796999999975
1.9420000000000015,0.5270487699999972
1.9430000000000014,0.5252241499999972
1.9440000000000013,0.5231653999999967
1.9450000000000012,0.5206838381561812
1.9460000000000015,0.5184601499999966
1.9470000000000014,0.5162555599999964
1.9480000000000013,0.5139582799999981
1.9490000000000012,0.5122105499999987
1.9500000000000015,0.5110210199999986
1.9510000000000014,0.5101194399999986
1.9520000000000013,0.5092505799999996
1.9530000000000012,0.5088788773272678
1.9540000000000015,0.5093521500000008
1.9550000000000014,0.5098320200000013
1.9560000000000013,0.5107603100000011
1.9570000000000012,0.5116325000000013
1.9580000000000015,0.5126365564173595
1.9590000000000014,0.5134007300000007
1.9600000000000013,0.5139498100000004
1.9610000000000012,0.5142722100000003
1.9620000000000015,0.5144817799999998
1.9630000000000014,0.5143717610018996
1.9640000000000013,0.5139772899999995
1.9650000000000012,0.5135840199999994
1.9660000000000015,0.5129798099999978
1.9670000000000014,0.5115719999999981
1.9680000000000013,0.5103865285471437
1.9690000000000012,0.5094175899999988
1.9700000000000015,0.5083526999999987
1.9710000000000014,0.5075126899999987
1.9720000000000013,0.5066723199999985
1.9730000000000012,0.5056186299999988
1.9740000000000015,0.5045934899999985
1.9750000000000014,0.5036916699999987
1.9760000000000013,0.5027216099999989
1.9770000000000012,0.5019084199999991
1.9780000000000015,0.5012595699999992
1.9790000000000014,0.5006846799999994
1.9800000000000013,0.5002739999999996
1.9810000000000012,0.4999616364013595
1.9820000000000015,0.4996256499999997
1.9830000000000014,0.4994292300000001
1.9840000000000013,0.4995103200000001
1.9850000000000012,0.49959734000000017
1.9860000000000015,0.49974041437856254
1.9870000000000014,0.4999842000000004
1.9880000000000013,0.5001977100000001
1.9890000000000012,0.5002636299999997
1.9900000000000015,0.5001044899999995
1.9910000000000014,0.499778242624737
1.9920000000000013,0.49925666999999907
1.9930000000000012,0.498558999999999
1.9940000000000015,0.4976238899999982
1.9950000000000014,0.4964571299999983
1.9960000000000013,0.49517009870312806
1.9970000000000012,0.4936295399999977
1.9980000000000016,0.4919048799999973
1.9990000000000014,0.48992233999999735
2.0000000000000013,0.4879395399999971
2.0010000000000012,0.48578687232853174
2.0020000000000016,0.4836101576714625
2.0030000000000014,0.4816113999999973
2.0040000000000013,0.47957879660367725
2.0050000000000012,0.4778448333963189
2.0060000000000016,0.4763638699999975
2.0070000000000014,0.4749707599999981
2.0080000000000013,0.47391169416916507
2.0090000000000012,0.47295338583083285
2.0100000000000016,0.47182443999999857
2.0110000000000015,0.47101380667066534
2.0120000000000013,0.47068051332933364
2.0130000000000012,0.4703761299999999
2.0140000000000016,0.47029451209158174
2.0150000000000015,0.47031542790841835
2.0160000000000013,0.47017801
2.0170000000000012,0.4701714200000003
2.0180000000000016,0.470386322789443
2.0190000000000015,0.4709142172105587
2.0200000000000014,0.47139907000000086
2.0210000000000012,0.4720509404769053
2.0220000000000016,0.47265570952309627
2.0230000000000015,0.47302958000000056
2.0240000000000014,0.4734567663927221
2.0250000000000012,0.4740206936072791
2.0260000000000016,0.47444898000000085
2.0270000000000015,0.4749168500000006
2.0280000000000014,0.47524725695930453
2.0290000000000012,0.47537169000000007
2.0300000000000016,0.47541704999999945
2.0310000000000015,0.4751197512467499
2.0320000000000014,0.4746322187532486
2.0330000000000013,0.47404926999999897
2.0340000000000016,0.4732609039092166
2.0350000000000015,0.4722999960907804
2.0360000000000014,0.47133805999999845
2.0370000000000013,0.47015777893321137
2.0380000000000016,0.46844711106678405
2.0390000000000015,0.46678429999999754
2.0400000000000014,0.46494757999999764
2.0410000000000013,0.46313720857728274
2.0420000000000016,0.4616229814227132
2.0430000000000015,0.46008190999999765
2.0440000000000014,0.4583191219836014
2.0450000000000013,0.4567389580163951
2.0460000000000016,0.45521980999999745
2.0470000000000015,0.4537911563867205
2.0480000000000014,0.45245502361327533
2.0490000000000013,0.45126619999999856
2.0500000000000016,0.45019611999999826
2.0510000000000015,0.44923368624337423
2.0520000000000014,0.4482822699999989
2.0530000000000013,0.447449709999999
2.0540000000000016,0.4467042937512482
2.0550000000000015,0.4457418062487488
2.0560000000000014,0.4449661399999992
2.0570000000000013,0.44433551158068346
2.0580000000000016,0.44395131841931557
2.0590000000000015,0.4438773100000002
2.0600000000000014,0.44398370703759293
2.0610000000000013,0.4443540829624081
2.0620000000000016,0.44496074000000124
2.0630000000000015,0.44564757000000116
2.0640000000000014,0.4465133871185773
2.0650000000000013,0.447384572881425
2.0660000000000016,0.44847971000000164
2.0670000000000015,0.4494145915646882
2.0680000000000014,0.45013023843531397
2.0690000000000013,0.45087832000000083
2.0700000000000016,0.4514828021645681
2.0710000000000015,0.45210444783543385
2.0720000000000014,0.4527683600000009
2.0730000000000013,0.45348158000000116
2.0740000000000016,0.454336247272274
2.0750000000000015,0.4551089700000011
2.0760000000000014,0.455959710000001
2.0770000000000013,0.45670025579284235
2.0780000000000016,0.4574581842071597
2.0790000000000015,0.4579448700000003
2.0800000000000014,0.4581587130153972
2.0810000000000013,0.4582888669846033
2.0820000000000016,0.4581459199999991
2.0830000000000015,0.45764820922715344
2.0840000000000014,0.4569404807728444
2.0850000000000013,0.45610510999999854
2.0860000000000016,0.45502280999999706
2.0870000000000015,0.4533628378214331
2.0880000000000014,0.45174105217856186
2.0890000000000013,0.4502280099999977
2.0900000000000016,0.44845895815836573
2.0910000000000015,0.44684054184162925
2.0920000000000014,0.4449739499999969
2.0930000000000013,0.4426368950379894
2.0940000000000016,0.4400872749620038
2.0950000000000015,0.4373447599999961
2.0960000000000014,0.4344197799999955
2.0970000000000013,0.4310588996300327
2.0980000000000016,0.4273551999999946
2.0990000000000015,0.4232940699999937
2.1000000000000014,0.41855031443210594
2.1010000000000013,0.4137946355678793
2.1020000000000016,0.40865584999999116
2.1030000000000015,0.4036995928434225
2.1040000000000014,0.3982280271565605
2.1050000000000013,0.39358397999999445
2.1060000000000016,0.3894141423005343
2.1070000000000015,0.38593714769945486
2.1080000000000014,0.38394060999999774
2.1090000000000013,0.38224637999999916
2.1100000000000017,0.3816390181973594
2.1110000000000015,0.3809209918026384
2.1120000000000014,0.3806509399999992
2.1130000000000013,0.3800553830883807
2.1140000000000017,0.37868626691161567
2.1150000000000015,0.3773357899999966
2.1160000000000014,0.3747785154858971
2.1170000000000013,0.3712333745140919
2.1180000000000017,0.36683484999999205
2.1190000000000015,0.36085783999999166
2.1200000000000014,0.3545909330273831
2.1210000000000013,0.3475212069725949
2.1220000000000017,0.34030958999998695
2.1230000000000016,0.3329516227524373
2.1240000000000014,0.3253791472475392
2.1250000000000013,0.3179339499999896
2.1260000000000017,0.3101132616596552
2.1270000000000016,0.30212985834032
2.1280000000000014,0.29372420999998805
2.1290000000000013,0.2847660103419208
2.1300000000000017,0.2754694296580545
2.1310000000000016,0.26550903999998193
2.1320000000000014,0.2553453999999816
2.1330000000000013,0.2450484280813713
2.1340000000000017,0.2344292419186004
2.1350000000000016,0.22378448999998074
2.1360000000000015,0.2129482786982431
2.1370000000000013,0.20223526130172365
2.1380000000000017,0.19129310999998136
2.1390000000000016,0.18081007093079643
2.1400000000000015,0.17001937906917003
2.1410000000000013,0.160461599999988
2.1420000000000017,0.15144595999998653
2.1430000000000016,0.14387028000398952
2.1440000000000015,0.13787031999599184
2.1450000000000014,0.13323677999999617
2.1460000000000017,0.13036111631373445
2.1470000000000016,0.12862425368626015
2.1480000000000015,0.12854287000000109
2.1490000000000014,0.12935769849530362
2.1500000000000017,0.13164265150470247
2.1510000000000016,0.13431275000000711
2.1520000000000015,0.13830705000000676
2.1530000000000014,0.1421173389711086
2.1540000000000017,0.14620544000000643
2.1550000000000016,0.14982507000000472
2.1560000000000015,0.15248783015097386
2.1570000000000014,0.15498933984903396
2.1580000000000017,0.15623752999999987
2.1590000000000016,0.1561519452699448
2.1600000000000015,0.15540464473005286
2.1610000000000014,0.15303201999999683
2.1620000000000017,0.1506481206428666
2.1630000000000016,0.14765454935712408
2.1640000000000015,0.14492910999999614
2.1650000000000014,0.14204130999999703
2.1660000000000017,0.1398109001009766
2.1670000000000016,0.1378119098990172
2.1680000000000015,0.13679106999999985
2.1690000000000014,0.13668174082683568
2.1700000000000017,0.13759000917316672
2.1710000000000016,0.13972744000000545
2.1720000000000015,0.1427946227834508
2.1730000000000014,0.14742245721656363
2.1740000000000017,0.1525622000000111
2.1750000000000016,0.15881807000001152
2.1760000000000015,0.1652969921077989
2.1770000000000014,0.17276894000000947
2.1780000000000017,0.1798735400000111
2.1790000000000016,0.1861244209058295
2.1800000000000015,0.19273347909419106
2.1810000000000014,0.1981182700000059
2.1820000000000017,0.20252980320636363
2.1830000000000016,0.2055618667936458
2.1840000000000015,0.2074852900000007
2.1850000000000014,0.20802460946510498
2.1860000000000017,0.20631926053488972
2.1870000000000016,0.20405925999999297
2.1880000000000015,0.20010110999999495
2.1890000000000014,0.19631651553688673
2.1900000000000017,0.1912718844630976
2.1910000000000016,0.1875198899999943
2.1920000000000015,0.1843198753829206
2.1930000000000014,0.18257370461707398
2.1940000000000017,0.1830292900000029
2.1950000000000016,0.18466058545791447
2.1960000000000015,0.1884151645420972
2.1970000000000014,0.19283848000000806
2.1980000000000017,0.19887885000001113
2.1990000000000016,0.20513745821018978
2.2000000000000015,0.21181956000000887
2.2010000000000014,0.2184780400000088
2.2020000000000017,0.2250763899380227
2.2030000000000016,0.23147577006199718
2.2040000000000015,0.2374943000000079
2.2050000000000014,0.24346011913718127
2.2060000000000017,0.2488514908628379
2.2070000000000016,0.2538647700000077
2.2080000000000015,0.2581911158658332
2.2090000000000014,0.2621497741341791
2.2100000000000017,0.2649917000000033
2.2110000000000016,0.2668548800000016
2.2120000000000015,0.2677683486582674
2.2130000000000014,0.26715493134173074
2.2140000000000017,0.2660177399999956
2.2150000000000016,0.26354960162067215
2.2160000000000015,0.26126580837932073
2.2170000000000014,0.25812851999999686
2.2180000000000017,0.2558129044281114
2.2190000000000016,0.2539571855718829
2.2200000000000015,0.2531178900000006
2.2210000000000014,0.2535729400000018
2.2220000000000018,0.2549030937616284
2.2230000000000016,0.25774071000000454
2.2240000000000015,0.26113948000000625
2.2250000000000014,0.26584759838633043
2.2260000000000018,0.27063146161368656
2.2270000000000016,0.2759698600000091
2.2280000000000015,0.28110192934713896
2.2290000000000014,0.2862954006528772
2.2300000000000018,0.2908897400000075
2.2310000000000016,0.29510043869526653
2.2320000000000015,0.29858739130474427
2.2330000000000014,0.30093157000000204
2.2340000000000018,0.3024771200000022
2.2350000000000017,0.30371209400619964
2.2360000000000015,0.30425215599380206
2.2370000000000014,0.3044409499999997
2.2380000000000018,0.30421245351129733
2.2390000000000017,0.30394756648870186
2.2400000000000015,0.30315699999999923
2.2410000000000014,0.3025638124175159
2.2420000000000018,0.3021879875824828
2.2430000000000017,0.3020010000000002
2.2440000000000015,0.3021146700000001
2.2450000000000014,0.302208368010399
2.2460000000000018,0.3028884719896034
2.2470000000000017,0.30310830000000044
2.2480000000000016,0.30335647368126284
2.2490000000000014,0.3027932863187354
2.2500000000000018,0.30170416999999633
2.2510000000000017,0.29963052939711543
2.2520000000000016,0.2964245006028746
2.2530000000000014,0.2923844199999923
2.254000000000002,0.2866156766136677
2.2550000000000017,0.28068181338631387
2.2560000000000016,0.27362340999998797
2.2570000000000014,0.26683422999998796
2.258000000000002,0.2600501791481603
2.2590000000000017,0.25384166085182036
2.2600000000000016,0.2480992399999912
2.2610000000000015,0.24315046457307854
2.262000000000002,0.23889619542690638
2.2630000000000017,0.23563125999999654
2.2640000000000016,0.23367501757248355
2.2650000000000015,0.23245074242751265
2.266000000000002,0.23245797000000115
2.2670000000000017,0.23309463000000274
2.2680000000000016,0.23464775838132676
2.2690000000000015,0.2365315716186791
2.270000000000002,0.2387612500000048
2.2710000000000017,0.241467930385927
2.2720000000000016,0.2440717896140811
2.2730000000000015,0.24687661000000333
2.274000000000002,0.24937548613977584
2.2750000000000017,0.25173688386023146
2.2760000000000016,0.2538220900000031
2.2770000000000015,0.25556108000000244
2.278000000000002,0.25692303380462217
2.2790000000000017,0.25805104000000123
2.2800000000000016,0.25873265000000006
2.2810000000000015,0.2587627003069383
2.282000000000002,0.258565769693061
2.2830000000000017,0.25789498999999866
2.2840000000000016,0.25713619803039245
2.2850000000000015,0.2562165019696047
2.286000000000002,0.25517123999999786
2.2870000000000017,0.2539632640121957
2.2880000000000016,0.2528033859878007
2.2890000000000015,0.2515156599999984
2.290000000000002,0.25033977999999857
2.2910000000000017,0.24951277428314184
2.2920000000000016,0.2485556057168552
2.2930000000000015,0.24763041999999863
2.294000000000002,0.24660880496300522
2.2950000000000017,0.2452584350369906
2.2960000000000016,0.2439982999999971
2.2970000000000015,0.24237875949109983
2.298000000000002,0.24117367050889588
2.2990000000000017,0.24028816999999902
2.3000000000000016,0.23973834999999985
2.3010000000000015,0.23966277755724416
2.302000000000002,0.2400710400000012
2.3030000000000017,0.2407438500000022
2.3040000000000016,0.24197672745951174
2.3050000000000015,0.2442513225404953
2.306000000000002,0.24671583000000522
2.3070000000000017,0.24965802869626572
2.3080000000000016,0.2527449913037439
2.3090000000000015,0.2562855500000043
2.310000000000002,0.25952849721456256
2.3110000000000017,0.26290064278544945
2.3120000000000016,0.26587021000000405
2.3130000000000015,0.26815781000000244
2.314000000000002,0.2699889535033013
2.3150000000000017,0.2712239864967031
2.3160000000000016,0.2720474900000008
2.3170000000000015,0.2724952034363126
2.318000000000002,0.27242956656368716
2.3190000000000017,0.27181356999999823
2.3200000000000016,0.2708205046000771
2.3210000000000015,0.2690665053999174
2.322000000000002,0.267064929999996
2.3230000000000017,0.2648102899999956
2.3240000000000016,0.2623287153524605
2.3250000000000015,0.25968223999999623
2.326000000000002,0.25684165999999475
2.3270000000000017,0.2538618674275096
2.3280000000000016,0.25083614257248094
2.3290000000000015,0.24766128999999532
2.330000000000002,0.24414913288641493
2.3310000000000017,0.24037799711356994
2.3320000000000016,0.23647920999999308
2.3330000000000015,0.2325962935362865
2.334000000000002,0.22873165646369975
2.3350000000000017,0.2249054799999929
2.3360000000000016,0.2209223199999935
2.3370000000000015,0.21726209776944075
2.338000000000002,0.21393979223054743
2.3390000000000017,0.2105739699999946
2.3400000000000016,0.2075215614956959
2.3410000000000015,0.20443651850429453
2.342000000000002,0.20109539999999435
2.3430000000000017,0.19791391985602363
2.3440000000000016,0.19471248014396642
2.3450000000000015,0.1918733399999963
2.346000000000002,0.18909626999999607
2.3470000000000018,0.18687826242275504
2.3480000000000016,0.1852024899999985
2.3490000000000015,0.18408746999999945
2.350000000000002,0.1836738072045592
2.3510000000000018,0.18374585279544106
2.3520000000000016,0.18457338000000198
2.3530000000000015,0.18567832655269229
2.354000000000002,0.18744385344731399
2.3550000000000018,0.18908785000000328
2.3560000000000016,0.19093007710458162
2.3570000000000015,0.19250112289542326
2.358000000000002,0.19372581000000177
2.3590000000000018,0.19473104000000163
2.3600000000000017,0.19565373064987068
2.3610000000000015,0.1960602293501306
2.362000000000002,0.19572643999999934
2.3630000000000018,0.1953479296430704
2.3640000000000017,0.19474436035692771
2.3650000000000015,0.19371418999999895
2.366000000000002,0.19293231908717945
2.3670000000000018,0.1914231909128145
2.3680000000000017,0.18881612999999614
2.3690000000000015,0.18591020999999489
2.370000000000002,0.18207983078283604
2.3710000000000018,0.1784876592171496
2.3720000000000017,0.17487056999999373
2.3730000000000016,0.17134108517196053
2.374000000000002,0.1681928048280283
2.3750000000000018,0.16515680999999371
2.3760000000000017,0.16162315971705238
2.3770000000000016,0.15902033028293952
2.378000000000002,0.15696060999999784
2.379000000000002,0.15574874209758086
2.3800000000000017,0.15596971790241984
2.3810000000000016,0.1567105200000022
2.382000000000002,0.15796116000000476
2.383000000000002,0.1601090720375975
2.3840000000000017,0.16322944796241218
2.3850000000000016,0.1668076800000088
2.386000000000002,0.1717561055898918
2.387000000000002,0.1765120044101272
2.3880000000000017,0.1815736300000081
2.3890000000000016,0.1861212316536759
2.390000000000002,0.19023776834633874
2.391000000000002,0.19377278000000464
2.3920000000000017,0.196381240000004
2.3930000000000016,0.19863400425115227
2.394000000000002,0.20017651574885323
2.395000000000002,0.2014847800000019
2.3960000000000017,0.20255087637572605
2.3970000000000016,0.2033146336242763
2.398000000000002,0.2035091200000007
2.399000000000002,0.20391592999900082
2.4000000000000017,0.20431592000100038
2.4010000000000016,0.2047440900000015
2.4020000000000015,0.20558146000000138
2.403000000000002,0.20636446169983155
2.4040000000000017,0.20719419000000078
2.4050000000000016,0.20762829000000121
2.406000000000002,0.20831213573385293
2.407000000000002,0.2081694742661465
2.4080000000000017,0.2066827299999974
2.4090000000000016,0.20521526470905535
2.4100000000000015,0.20346235529093917
2.411000000000002,0.20104261999999495
2.4120000000000017,0.19820099588581827
2.4130000000000016,0.19535985411417292
2.414000000000002,0.19122555999999438
2.415000000000002,0.18806381999999686
2.4160000000000017,0.18629828635172668
2.4170000000000016,0.18446180364826759
2.4180000000000015,0.1834395399999981
2.419000000000002,0.18200682836832308
2.4200000000000017,0.17999051163167062
2.4210000000000016,0.1789036999999989
2.422000000000002,0.17828609244251115
2.423000000000002,0.17811051755748816
2.4240000000000017,0.17920361000000185
2.4250000000000016,0.18023764000000134
2.4260000000000015,0.18098111565243585
2.427000000000002,0.1826028200000029
2.4280000000000017,0.18424186000000195
2.4290000000000016,0.18532872352029714
2.430000000000002,0.1860639264797055
2.431000000000002,0.1868864300000009
2.4320000000000017,0.18739574455008956
2.4330000000000016,0.18714124544990962
2.4340000000000015,0.1870851999999984
2.435000000000002,0.18586952366726256
2.4360000000000017,0.1834061963327287
2.4370000000000016,0.18121227999999465
2.438000000000002,0.17820235999999195
2.439000000000002,0.17366602070285153
2.4400000000000017,0.16877304929713108
2.4410000000000016,0.1635810899999904
2.4420000000000015,0.15818133120175273
2.443000000000002,0.15389334879823202
2.4440000000000017,0.14944800999998975
2.4450000000000016,0.14367539038791305
2.446000000000002,0.13787926961206634
2.447000000000002,0.13266658999999145
2.4480000000000017,0.127856279999991
2.4490000000000016,0.12279715773921862
2.4500000000000015,0.11817454999999295
2.451000000000002,0.11288430999999116
2.4520000000000017,0.10790670035292442
2.4530000000000016,0.10481022964706596
2.454000000000002,0.10187673999999425
2.455000000000002,0.09864431517175981
2.4560000000000017,0.09580603282822885
2.4570000000000016,0.09337577999999588
2.4580000000000015,0.09105259616236425
2.459000000000002,0.08901421983762851
2.4600000000000017,0.08743660899999799
2.4610000000000016,0.08630055899999811
2.462000000000002,0.0852362298828233
2.463000000000002,0.08517505811717643
2.4640000000000017,0.08460877799999637
2.4650000000000016,0.082562116913415
2.4660000000000015,0.08113125108658054
2.467000000000002,0.08011686099999765
2.4680000000000017,0.07880014160107846
2.4690000000000016,0.07797615239891897
2.470000000000002,0.07754486799999806
2.471000000000002,0.07644884999999924
2.4720000000000018,0.07601750322217918
2.4730000000000016,0.07687972500000115
2.4740000000000015,0.0777451170000009
2.475000000000002,0.07842426625105343
2.4760000000000018,0.08019677674895365
2.4770000000000016,0.08328357300000724
2.478000000000002,0.0873608111915699
2.479000000000002,0.09135272680844607
2.4800000000000018,0.09585115300000863
2.4810000000000016,0.10071192513397957
2.4820000000000015,0.10466326486603271
2.483000000000002,0.10790000000000617
2.4840000000000018,0.11137425000000636
2.4850000000000017,0.11496009099880573
2.486000000000002,0.11837007900120639
2.487000000000002,0.12218346000000842
2.4880000000000018,0.12692557482604472
2.4890000000000017,0.13307383517397442
2.4900000000000015,0.13975412000000786
2.491000000000002,0.14564585994301985
2.4920000000000018,0.14974529005699658
2.4930000000000017,0.14978894999999937
2.494000000000002,0.14930145000000675
2.495000000000002,0.15309811750350358
2.4960000000000018,0.15517315249650473
2.4970000000000017,0.15583712000000313
2.4980000000000016,0.15760903693261213
2.499000000000002,0.1567783630673849
2.5000000000000018,0.15677819
2.5010000000000017,0.15677819
2.502000000000002,0.15677819
2.503000000000002,0.15677819
2.504000000000002,0.15677819
2.5050000000000017,0.15677819
2.5060000000000016,0.15677819
2.507000000000002,0.15677819
2.508000000000002,0.15677819
2.5090000000000017,0.15677819
2.510000000000002,0.15677819
2.511000000000002,0.15677819
2.512000000000002,0.15677819
2.5130000000000017,0.15677819
2.5140000000000016,0.15677819
2.515000000000002,0.15677819
2.516000000000002,0.15677819
2.5170000000000017,0.15677819
2.518000000000002,0.15677819
2.519000000000002,0.15677819
2.520000000000002,0.15677819
2.5210000000000017,0.15677819
2.5220000000000016,0.15677819
2.523000000000002,0.15677819
2.524000000000002,0.15677819
2.5250000000000017,0.15677819
2.526000000000002,0.15677819
2.527000000000002,0.15677819
2.528000000000002,0.15677819
2.5290000000000017,0.15677819
2.5300000000000016,0.15677819
2.531000000000002,0.15677819
2.532000000000002,0.15677819
2.5330000000000017,0.15677819
2.534000000000002,0.15677819
2.535000000000002,0.15677819
2.536000000000002,0.15677819
2.5370000000000017,0.15677819
2.5380000000000016,0.15677819
2.539000000000002,0.15677819
2.540000000000002,0.15677819
2.5410000000000017,0.15677819
2.542000000000002,0.15677819
2.543000000000002,0.15677819
2.544000000000002,0.15677819
2.5450000000000017,0.15677819
2.5460000000000016,0.15677819
2.547000000000002,0.15677819
2.548000000000002,0.15677819
2.5490000000000017,0.15677819
2.550000000000002,0.15677819
2.551000000000002,0.15677819
2.552000000000002,0.15677819
2.5530000000000017,0.15677819
2.5540000000000016,0.15677819
2.555000000000002,0.15677819
2.556000000000002,0.15677819
2.5570000000000017,0.15677819
2.558000000000002,0.15677819
2.559000000000002,0.15677819
2.560000000000002,0.15677819
2.5610000000000017,0.15677819
2.5620000000000016,0.15677819
2.563000000000002,0.15677819
2.564000000000002,0.15677819
2.5650000000000017,0.15677819
2.566000000000002,0.15677819
2.567000000000002,0.15677819
2.568000000000002,0.15677819
2.5690000000000017,0.15677819
2.5700000000000016,0.15677819
2.571000000000002,0.15677819
2.572000000000002,0.15677819
2.5730000000000017,0.15677819
2.574000000000002,0.15677819
2.575000000000002,0.15677819
2.576000000000002,0.15677819
2.5770000000000017,0.15677819
2.5780000000000016,0.15677819
2.579000000000002,0.15677819
2.580000000000002,0.15677819
2.5810000000000017,0.15677819
2.582000000000002,0.15677819
2.583000000000002,0.15677819
2.584000000000002,0.15677819
2.5850000000000017,0.15677819
2.5860000000000016,0.15677819
2.587000000000002,0.15677819
2.588000000000002,0.15677819
2.5890000000000017,0.15677819
2.590000000000002,0.15677819
2.591000000000002,0.15677819
2.592000000000002,0.15677819
2.5930000000000017,0.15677819
2.5940000000000016,0.15677819
2.595000000000002,0.15677819
2.596000000000002,0.15677819
2.5970000000000018,0.15677819
2.598000000000002,0.15677819
2.599000000000002,0.15677819
