wave,r
0.4,0.61396927
0.401,0.61396927
0.402,0.61396927
0.403,0.61396927
0.404,0.61396927
0.405,0.61396927
0.406,0.6139689395340077
0.40700000000000003,0.5809223404659904
0.40800000000000003,0.5738651145070116
0.40900000000000003,0.6093158154929904
0.41000000000000003,0.6059020199999983
0.41100000000000003,0.5739745692745071
0.41200000000000003,0.57711029
0.41300000000000003,0.5887548373151259
0.41400000000000003,0.5714863499999995
0.41500000000000004,0.5623370197553045
0.41600000000000004,0.5543125502446946
0.41700000000000004,0.54917884
0.41800000000000004,0.5189641721466767
0.41900000000000004,0.5229325300000008
0.42000000000000004,0.539198333428466
0.42100000000000004,0.54454118
0.42200000000000004,0.5453752322090555
0.42300000000000004,0.5395961377909438
0.42400000000000004,0.5430201599001022
0.42500000000000004,0.5460101700998982
0.42600000000000005,0.5453380299999995
0.42700000000000005,0.5362805401531995
0.42800000000000005,0.5572958600000013
0.42900000000000005,0.5806872296963052
0.43000000000000005,0.5636568603036929
0.43100000000000005,0.5717021144635107
0.43200000000000005,0.5711484655364892
0.43300000000000005,0.5596162099999995
0.43400000000000005,0.5515843899901997
0.43500000000000005,0.5425834100000005
0.43600000000000005,0.5527856140728185
0.43700000000000006,0.5511928959271813
0.43800000000000006,0.55220742301904
0.43900000000000006,0.5595093269809609
0.44000000000000006,0.5689637700000002
0.44100000000000006,0.5736273633640666
0.44200000000000006,0.5588735299999996
0.44300000000000006,0.5527259396555064
0.44400000000000006,0.5436914903444926
0.44500000000000006,0.5507773689157223
0.44600000000000006,0.561668941084279
0.44700000000000006,0.57504869
0.44800000000000006,0.5741540289466105
0.44900000000000007,0.5845374500000006
0.45000000000000007,0.5936951134195311
0.45100000000000007,0.5830370665804678
0.45200000000000007,0.5689402537822242
0.45300000000000007,0.5663184762177755
0.45400000000000007,0.5742023000000004
0.45500000000000007,0.5774328376946233
0.45600000000000007,0.5883340800000005
0.4570000000000001,0.599094953364367
0.4580000000000001,0.61343139
0.4590000000000001,0.6136964638290231
0.4600000000000001,0.6080793661709762
0.4610000000000001,0.6012519600000011
0.4620000000000001,0.6202543299763015
0.4630000000000001,0.6363641599999998
0.4640000000000001,0.6355832702378007
0.4650000000000001,0.6646070500000006
0.4660000000000001,0.6761610702600919
0.4670000000000001,0.6481870797399035
0.4680000000000001,0.6397089771327584
0.4690000000000001,0.6494222528672433
0.4700000000000001,0.6634326000000028
0.4710000000000001,0.6885066514794876
0.4720000000000001,0.7116545999999997
0.4730000000000001,0.7075998975567471
0.4740000000000001,0.6913555724432502
0.4750000000000001,0.6968366150237004
0.4760000000000001,0.7053389849763014
0.4770000000000001,0.7033241400000012
0.4780000000000001,0.7244553853142478
0.4790000000000001,0.7329868100000007
0.4800000000000001,0.7393789051171981
0.4810000000000001,0.7428906248828028
0.4820000000000001,0.7469360334763286
0.4830000000000001,0.7302836665236676
0.4840000000000001,0.7149039500000004
0.4850000000000001,0.7187701713377871
0.4860000000000001,0.7036201400000002
0.4870000000000001,0.7059979578454457
0.4880000000000001,0.7307825021545599
0.4890000000000001,0.7576802486854283
0.4900000000000001,0.776548791314576
0.4910000000000001,0.7706695199999998
0.4920000000000001,0.7689338473567263
0.4930000000000001,0.7627065199999998
0.4940000000000001,0.760776979741605
0.4950000000000001,0.7827511400000025
0.4960000000000001,0.8047471549610019
0.4970000000000001,0.8152432550390004
0.4980000000000001,0.7929435399999967
0.4990000000000001,0.7628763906714898
0.5000000000000001,0.7739913500000009
0.5010000000000001,0.7819819867041375
0.5020000000000001,0.8036516998470074
0.5030000000000001,0.801979933435328
0.5040000000000001,0.7765022647814462
0.5050000000000001,0.7770757100000014
0.5060000000000001,0.7905653952659374
0.5070000000000001,0.7978286921010954
0.5080000000000001,0.7793504095810936
0.5090000000000001,0.7677807199999996
0.5100000000000001,0.7650838972510723
0.5110000000000001,0.7638087157361689
0.5120000000000001,0.7480955242638275
0.5130000000000001,0.7345228357264549
0.5140000000000001,0.7364736800000007
0.5150000000000001,0.7422286120988436
0.5160000000000001,0.7524378766209674
0.5170000000000001,0.7419919089193527
0.5180000000000001,0.7445407845086456
0.5190000000000001,0.7629997405407049
0.5200000000000001,0.7600541491146456
0.5210000000000001,0.7740098813280362
0.5220000000000001,0.8180890991987916
0.5230000000000001,0.8376192999999961
0.5240000000000001,0.801941628993787
0.5250000000000001,0.7838414431642737
0.5260000000000001,0.787499656835727
0.5270000000000001,0.8068672263211666
0.5280000000000001,0.8229953599999982
0.5290000000000001,0.8070791072923715
0.5300000000000001,0.7939439277543113
0.5310000000000001,0.7875357381637911
0.5320000000000001,0.7799874654829535
0.5330000000000001,0.7811777220222216
0.5340000000000001,0.7893791856723134
0.5350000000000001,0.7596628014915201
0.5360000000000001,0.7445622410012174
0.5370000000000001,0.7519342300000029
0.5380000000000001,0.7779323560768217
0.5390000000000001,0.7785395050538447
0.5400000000000001,0.761374633297433
0.5410000000000001,0.7753272404677071
0.5420000000000001,0.7625861800000001
0.5430000000000001,0.76349314441238
0.5440000000000002,0.7707137633814323
0.5450000000000002,0.7741793306909073
0.5460000000000002,0.7822218499999967
0.5470000000000002,0.7518234299303956
0.5480000000000002,0.7288170196644139
0.5490000000000002,0.733300240335587
0.5500000000000002,0.7241500915042134
0.5510000000000002,0.7003168499999992
0.5520000000000002,0.6936414667245314
0.5530000000000002,0.6743144669533522
0.5540000000000002,0.6732129120310982
0.5550000000000002,0.6770432216959177
0.5560000000000002,0.706242682285724
0.5570000000000002,0.7124707531230399
0.5580000000000002,0.6936269053154308
0.5590000000000002,0.690554621436214
0.5600000000000002,0.6923230900000005
0.5610000000000002,0.6967440177569746
0.5620000000000002,0.6785197878082846
0.5630000000000002,0.6639102021917106
0.5640000000000002,0.6821847472479756
0.5650000000000002,0.6967479000000015
0.5660000000000002,0.7037627006189073
0.5670000000000002,0.7092935145417731
0.5680000000000002,0.7104449069721515
0.5690000000000002,0.7266141983040858
0.5700000000000002,0.7374498068765694
0.5710000000000002,0.741137106781158
0.5720000000000002,0.726976164828256
0.5730000000000002,0.7133436963245241
0.5740000000000002,0.726191400000001
0.5750000000000002,0.7308093185222859
0.5760000000000002,0.7356615595358198
0.5770000000000002,0.7411383504641827
0.5780000000000002,0.7618083632968365
0.5790000000000002,0.7673072800000005
0.5800000000000002,0.7690964520479225
0.5810000000000002,0.7786982387178625
0.5820000000000002,0.7679888341880882
0.5830000000000002,0.7295571600000037
0.5840000000000002,0.7461833343545483
0.5850000000000002,0.7756178522193853
0.5860000000000002,0.7582288216709133
0.5870000000000002,0.7415140171478402
0.5880000000000002,0.7332459699999965
0.5890000000000002,0.7170858547153917
0.5900000000000002,0.700557870317084
0.5910000000000002,0.6999017731219438
0.5920000000000002,0.6861267277530751
0.5930000000000002,0.6679849886254828
0.5940000000000002,0.6468474321915848
0.5950000000000002,0.6204570117126096
0.5960000000000002,0.5961450462380568
0.5970000000000002,0.5940716300000017
0.5980000000000002,0.6022546669870656
0.5990000000000002,0.5759535224518979
0.6000000000000002,0.5570761175480937
0.6010000000000002,0.5474609461498599
0.6020000000000002,0.5492776600000008
0.6030000000000002,0.5529037880380601
0.6040000000000002,0.5487077825048751
0.6050000000000002,0.5507912783300839
0.6060000000000002,0.5604256636546382
0.6070000000000002,0.5604694423620245
0.6080000000000002,0.5657057051717431
0.6090000000000002,0.5739642922423893
0.6100000000000002,0.5833655259873214
0.6110000000000002,0.5672402999999961
0.6120000000000002,0.5496115460772614
0.6130000000000002,0.5532195796450181
0.6140000000000002,0.5722018303549903
0.6150000000000002,0.5940479815379192
0.6160000000000002,0.6032683299999976
0.6170000000000002,0.5924318763769647
0.6180000000000002,0.5972511326005747
0.6190000000000002,0.6156711515996244
0.6200000000000002,0.6188694799999997
0.6210000000000002,0.6180684618833205
0.6220000000000002,0.6242566409490522
0.6230000000000002,0.622804093576421
0.6240000000000002,0.6372502155340132
0.6250000000000002,0.6690536100000042
0.6260000000000002,0.6880225487065741
0.6270000000000002,0.6878936325894742
0.6280000000000002,0.7019799482736896
0.6290000000000002,0.7089785200157013
0.6300000000000002,0.6970828199999961
0.6310000000000002,0.6794155157062153
0.6320000000000002,0.6822008264406785
0.6330000000000002,0.6852503390095909
0.6340000000000002,0.6885348
0.6350000000000002,0.6880261043059424
0.6360000000000002,0.6854569004445837
0.6370000000000002,0.6929791295554195
0.6380000000000002,0.697963900152803
0.6390000000000002,0.7027156900000023
0.6400000000000002,0.7129696376745593
0.6410000000000002,0.7347363382564863
0.6420000000000002,0.7313448878290078
0.6430000000000002,0.707667526777661
0.6440000000000002,0.6990245302588018
0.6450000000000002,0.6960506407658635
0.6460000000000002,0.7045889338512099
0.6470000000000002,0.7046856890349807
0.6480000000000002,0.702611210000002
0.6490000000000002,0.7118033697152952
0.6500000000000002,0.7047747957057692
0.6510000000000002,0.6925600842942254
0.6520000000000002,0.6886408691904908
0.6530000000000002,0.6845735900000001
0.6540000000000002,0.6851569632944351
0.6550000000000002,0.6953214484805765
0.6560000000000002,0.6976041343462832
0.6570000000000003,0.6931322647200459
0.6580000000000003,0.6954504800634036
0.6590000000000003,0.7064565657409125
0.6600000000000003,0.7047436113886301
0.6610000000000003,0.6984410330271588
0.6620000000000003,0.6914759900000031
0.6630000000000003,0.7052820724869525
0.6640000000000003,0.7155306684256805
0.6650000000000003,0.7224781910495491
0.6660000000000003,0.7294800799811018
0.6670000000000003,0.7170943599999992
0.6680000000000003,0.7131072986917675
0.6690000000000003,0.7225418869623547
0.6700000000000003,0.7207312962185618
0.6710000000000003,0.7294219100000044
0.6720000000000003,0.7428133961699597
0.6730000000000003,0.735430208537455
0.6740000000000003,0.7188570814625377
0.6750000000000003,0.7148372901954008
0.6760000000000003,0.7347520600000015
0.6770000000000003,0.7391056408215148
0.6780000000000003,0.733188083441129
0.6790000000000003,0.7369694543725822
0.6800000000000003,0.7505729639629435
0.6810000000000003,0.759391574999149
0.6820000000000003,0.7558912880661923
0.6830000000000003,0.742294597900701
0.6840000000000003,0.7480602946744481
0.6850000000000003,0.7505909199999999
0.6860000000000003,0.749954696646468
0.6870000000000003,0.7556193808151698
0.6880000000000003,0.7631601391848343
0.6890000000000003,0.763000191601016
0.6900000000000003,0.7699319099999988
0.6910000000000003,0.766271882993525
0.6920000000000003,0.7509223522750891
0.6930000000000003,0.7619981884832784
0.6940000000000003,0.7784373856069607
0.6950000000000003,0.7818871812823115
0.6960000000000003,0.7770154787805605
0.6970000000000003,0.7754545068291581
0.6980000000000003,0.7864563599777026
0.6990000000000003,0.7892383299999987
0.7000000000000003,0.7834250910691074
0.7010000000000003,0.7715324481428776
0.7020000000000003,0.7819395918571292
0.7030000000000003,0.8019093103009086
0.7040000000000003,0.7882732700000016
0.7050000000000003,0.795081715454163
0.7060000000000003,0.8208535864241783
0.7070000000000003,0.8187343923838801
0.7080000000000003,0.8272529199999968
0.7090000000000003,0.8179031012156041
0.7100000000000003,0.7880252783942805
0.7110000000000003,0.7889449924085798
0.7120000000000003,0.8068171112737306
0.7130000000000003,0.8155353699999995
0.7140000000000003,0.8142140258888237
0.7150000000000003,0.8358027849356578
0.7160000000000003,0.853300640042904
0.7170000000000003,0.8359462535508306
0.7180000000000003,0.8045313644656437
0.7190000000000003,0.8009784138193157
0.7200000000000003,0.8216693792710427
0.7210000000000003,0.8300862416701197
0.7220000000000003,0.835351230000003
0.7230000000000003,0.844441632943429
0.7240000000000003,0.8427358614019415
0.7250000000000003,0.8353059585980536
0.7260000000000003,0.824244610614203
0.7270000000000003,0.8264636400000035
0.7280000000000003,0.8366797601411043
0.7290000000000003,0.842693703122244
0.7300000000000003,0.8431311112518376
0.7310000000000003,0.8495343859660616
0.7320000000000003,0.8535767403726027
0.7330000000000003,0.8496142337033173
0.7340000000000003,0.85729939944503
0.7350000000000003,0.8634269187252762
0.7360000000000003,0.8567855399999981
0.7370000000000003,0.8512012153496528
0.7380000000000003,0.8487361863853439
0.7390000000000003,0.8465554536146547
0.7400000000000003,0.8467132984210842
0.7410000000000003,0.8499102000000021
0.7420000000000003,0.8563231255088541
0.7430000000000003,0.8535985930919447
0.7440000000000003,0.8517016579387024
0.7450000000000003,0.8685387400000069
0.7460000000000003,0.8890968452764498
0.7470000000000003,0.8816245425654701
0.7480000000000003,0.876752816151791
0.7490000000000003,0.8827922296025938
0.7500000000000003,0.8711675399999979
0.7510000000000003,0.8649750526499558
0.7520000000000003,0.8722395457984066
0.7530000000000003,0.8627661594677234
0.7540000000000003,0.8516471911900088
0.7550000000000003,0.8615190400000055
0.7560000000000003,0.8778698597223189
0.7570000000000003,0.8933559754165338
0.7580000000000003,0.9014542280393832
0.7590000000000003,0.8957621499999983
0.7600000000000003,0.8902871078132761
0.7610000000000003,0.8850685623711055
0.7620000000000003,0.8861871176288952
0.7630000000000003,0.8827488743833425
0.7640000000000003,0.8713922500000026
0.7650000000000003,0.8794625592298877
0.7660000000000003,0.8873849498992006
0.7670000000000003,0.8753815900671925
0.7680000000000003,0.8865315384958894
0.7690000000000003,0.8909646324633179
0.7700000000000004,0.8732113509286541
0.7710000000000004,0.8747577836070203
0.7720000000000004,0.890719070382814
0.7730000000000004,0.8995693300000008
0.7740000000000004,0.9023717449020484
0.7750000000000004,0.9008620672911097
0.7760000000000004,0.9052266227088931
0.7770000000000004,0.8959652526164226
0.7780000000000004,0.885228689999999
0.7790000000000004,0.8821344081054854
0.7800000000000004,0.8955398934909331
0.7810000000000004,0.9159895910060567
0.7820000000000004,0.9137766021344205
0.7830000000000004,0.9036689610195064
0.7840000000000004,0.8937710575280228
0.7850000000000004,0.8911474587079636
0.7860000000000004,0.9014232372383488
0.7870000000000004,0.9234398600000023
0.7880000000000004,0.9303686471551403
0.7890000000000004,0.9230842227142624
0.7900000000000004,0.9178413648571553
0.7910000000000004,0.913212586287661
0.7920000000000004,0.9226181500000007
0.7930000000000004,0.9246237011444355
0.7940000000000004,0.9021809232833268
0.7950000000000004,0.8973617363731621
0.7960000000000004,0.9250184899999967
0.7970000000000004,0.91758013666916
0.7980000000000004,0.9002475014453438
0.7990000000000004,0.9053197685546596
0.8000000000000004,0.9068536046623472
0.8010000000000004,0.9024066300000044
0.8020000000000004,0.9124895642284883
0.8030000000000004,0.9219118337219103
0.8040000000000004,0.9120358975187207
0.8050000000000004,0.9006948434108296
0.8060000000000004,0.8996043651019551
0.8070000000000004,0.9101144306433695
0.8080000000000004,0.9141465990349499
0.8090000000000004,0.9076834992682905
0.8100000000000004,0.9026767000000002
0.8110000000000004,0.9034676609266116
0.8120000000000004,0.9095603381866755
0.8130000000000004,0.91646967181333
0.8140000000000004,0.9267258774372784
0.8150000000000004,0.9214061499999975
0.8160000000000004,0.9156838028935301
0.8170000000000004,0.918328188586468
0.8180000000000004,0.9112810709423504
0.8190000000000004,0.9112869499397994
0.8200000000000004,0.9138267233903348
0.8210000000000004,0.9161657971840427
0.8220000000000004,0.9205249992239406
0.8230000000000004,0.9262132031175646
0.8240000000000004,0.9309119599999984
0.8250000000000004,0.9262393119568196
0.8260000000000004,0.9264350834074657
0.8270000000000004,0.9311054565925384
0.8280000000000004,0.9284589564664636
0.8290000000000004,0.9210372000000001
0.8300000000000004,0.9215768575269792
0.8310000000000004,0.9304527842663848
0.8320000000000004,0.9252616638224066
0.8330000000000004,0.9239854799999992
0.8340000000000004,0.9222280864483685
0.8350000000000004,0.9328728297672143
0.8360000000000004,0.938861190349185
0.8370000000000004,0.936927399340286
0.8380000000000004,0.935980379999997
0.8390000000000004,0.9293401496076978
0.8400000000000004,0.9443007526299719
0.8410000000000004,0.9537217515800253
0.8420000000000004,0.9462565946549436
0.8430000000000004,0.9460556228210294
0.8440000000000004,0.9493376316904149
0.8450000000000004,0.9479221524643763
0.8460000000000004,0.9452199240453392
0.8470000000000004,0.9417786599999947
0.8480000000000004,0.9298842603064035
0.8490000000000004,0.9309147982912666
0.8500000000000004,0.9268293617087298
0.8510000000000004,0.929901989272294
0.8520000000000004,0.93301231
0.8530000000000004,0.9330185884763725
0.8540000000000004,0.9408664975059311
0.8550000000000004,0.9577833616627245
0.8560000000000004,0.9532190456474547
0.8570000000000004,0.9369042936257379
0.8580000000000004,0.9412667812777361
0.8590000000000004,0.9413306680833959
0.8600000000000004,0.9329498038111729
0.8610000000000004,0.9433097800000011
0.8620000000000004,0.9457112317127141
0.8630000000000004,0.9378828357419741
0.8640000000000004,0.9466699342580337
0.8650000000000004,0.956529401405118
0.8660000000000004,0.9490169300000003
0.8670000000000004,0.9498414027764283
0.8680000000000004,0.9509797839105979
0.8690000000000004,0.9374434707262574
0.8700000000000004,0.9379000699999993
0.8710000000000004,0.9362812575710756
0.8720000000000004,0.9360386020366032
0.8730000000000004,0.9476404319451074
0.8740000000000004,0.947651269895098
0.8750000000000004,0.9386977000000043
0.8760000000000004,0.9486729205444124
0.8770000000000004,0.9517270962765834
0.8780000000000004,0.9459363158156064
0.8790000000000004,0.9341685176791723
0.8800000000000004,0.928269800000002
0.8810000000000004,0.9327032416113217
0.8820000000000005,0.9377838075830228
0.8830000000000005,0.9458911578511822
0.8840000000000005,0.9553099900000036
0.8850000000000005,0.9632701577499759
0.8860000000000005,0.9600451913825441
0.8870000000000005,0.9586143186174546
0.8880000000000005,0.9548823573200713
0.8890000000000005,0.9524778099999974
0.8900000000000005,0.9466693980909587
0.8910000000000005,0.9404787283881814
0.8920000000000005,0.9420916677412137
0.8930000000000005,0.9485501554141574
0.8940000000000005,0.944894598171184
0.8950000000000005,0.9497118118674107
0.8960000000000005,0.959305182198895
0.8970000000000005,0.9511248718084321
0.8980000000000005,0.9353429100000019
0.8990000000000005,0.9395024730845305
0.9000000000000005,0.9388107432648651
0.9010000000000005,0.9289739867351261
0.9020000000000005,0.9267949117892168
0.9030000000000005,0.9368641400000031
0.9040000000000005,0.943826280548802
0.9050000000000005,0.9358540039235045
0.9060000000000005,0.9373181207176647
0.9070000000000005,0.9480500326790322
0.9080000000000005,0.9512547163294627
0.9090000000000005,0.9498876770664464
0.9100000000000005,0.9492409994003297
0.9110000000000005,0.9592077303295116
0.9120000000000005,0.9625527300000009
0.9130000000000005,0.9644309271401427
0.9140000000000005,0.9641447948756537
0.9150000000000005,0.9589739834162267
0.9160000000000005,0.9369054806883957
0.9170000000000005,0.9332878600000091
0.9180000000000005,0.9537250405767725
0.9190000000000005,0.9567538791348448
0.9200000000000005,0.9508505480719781
0.9210000000000005,0.9519454200000033
0.9220000000000005,0.9576987355628573
0.9230000000000005,0.9612550898138106
0.9240000000000005,0.9682457801861957
0.9250000000000005,0.9753699787579911
0.9260000000000005,0.9622201899999921
0.9270000000000005,0.9480037754724098
0.9280000000000005,0.9485513279874059
0.9290000000000005,0.9594842413417378
0.9300000000000005,0.9523350114959113
0.9310000000000005,0.9406070780093865
0.9320000000000005,0.9534079761931963
0.9330000000000005,0.9642176357102201
0.9340000000000005,0.9537619091272865
0.9350000000000005,0.952341440000001
0.9360000000000005,0.9546851704309053
0.9370000000000005,0.956728317417506
0.9380000000000005,0.9615991925824989
0.9390000000000005,0.960222493768237
0.9400000000000005,0.9535476000000052
0.9410000000000005,0.9626953204480067
0.9420000000000005,0.9667172475395173
0.9430000000000005,0.954968564973646
0.9440000000000005,0.9567599120838218
0.9450000000000005,0.9506758840003362
0.9460000000000005,0.9430759328686529
0.9470000000000005,0.9362193656970117
0.9480000000000005,0.9349179430125596
0.9490000000000005,0.9451515700000039
0.9500000000000005,0.953948341388312
0.9510000000000005,0.9500872438060476
0.9520000000000005,0.949777546193952
0.9530000000000005,0.9534402733719355
0.9540000000000005,0.9516741600000023
0.9550000000000005,0.9567930950596479
0.9560000000000005,0.9520459112197341
0.9570000000000005,0.9417532358535015
0.9580000000000005,0.9399114300000007
0.9590000000000005,0.9410758702086026
0.9600000000000005,0.942096652927852
0.9610000000000005,0.939243045608218
0.9620000000000005,0.9377861745682907
0.9630000000000005,0.9357509599999969
0.9640000000000005,0.9301638455414101
0.9650000000000005,0.9287183243629866
0.9660000000000005,0.9385304237580177
0.9670000000000005,0.9481729535747406
0.9680000000000005,0.9468499315923126
0.9690000000000005,0.9400090909422473
0.9700000000000005,0.9295562035866153
0.9710000000000005,0.9233697137272338
0.9720000000000005,0.9287971300000059
0.9730000000000005,0.9394881299575035
0.9740000000000005,0.9474836504595797
0.9750000000000005,0.9440066295404165
0.9760000000000005,0.9398310617558154
0.9770000000000005,0.9464612600000035
0.9780000000000005,0.9528884961759208
0.9790000000000005,0.9475060598890025
0.9800000000000005,0.9411690267406595
0.9810000000000005,0.9338138835516318
0.9820000000000005,0.925160545617757
0.9830000000000005,0.926722329982002
0.9840000000000005,0.9287214300269997
0.9850000000000005,0.9315441517725369
0.9860000000000005,0.9347615199999982
0.9870000000000005,0.9314749623241223
0.9880000000000005,0.9297073704287818
0.9890000000000005,0.9277288095712161
0.9900000000000005,0.9204004532846292
0.9910000000000005,0.9152635900000038
0.9920000000000005,0.9220911664213636
0.9930000000000005,0.92091237284146
0.9940000000000005,0.92434042143903
0.9950000000000006,0.9339992399999995
0.9960000000000006,0.9330150697848955
0.9970000000000006,0.9289937691223473
0.9980000000000006,0.9354498863164875
0.9990000000000006,0.9370053244470897
1.0000000000000004,0.9362188600000036
1.0010000000000006,0.9444912100000021
1.0020000000000007,0.9476781499999982
1.0030000000000006,0.9450917200000023
1.0040000000000004,0.9485497098630078
1.0050000000000006,0.936848339999996
1.0060000000000007,0.9308084800000063
1.0070000000000006,0.9402226200000007
1.0080000000000005,0.9416509900000009
1.0090000000000006,0.943631939979006
1.0100000000000007,0.9513317300000055
1.0110000000000006,0.9595374500000017
1.0120000000000005,0.9620372699999956
1.0130000000000006,0.9521200099999916
1.0140000000000007,0.9394176202389684
1.0150000000000006,0.9426198000000008
1.0160000000000005,0.9437828699999984
1.0170000000000006,0.940073010000002
1.0180000000000007,0.94458926
1.0190000000000006,0.9445751914068593
1.0200000000000005,0.9430973499999963
1.0210000000000006,0.9348164199999942
1.0220000000000007,0.9262140399999967
1.0230000000000006,0.9213852899999979
1.0240000000000005,0.9182058600000046
1.0250000000000006,0.9285522700000006
1.0260000000000007,0.9294987900000005
1.0270000000000006,0.9301528900000001
1.0280000000000005,0.9303288499999967
1.0290000000000006,0.9229522900000015
1.0300000000000007,0.9261805400000004
1.0310000000000006,0.9266262699999924
1.0320000000000005,0.9152283183811583
1.0330000000000006,0.9082121300000042
1.0340000000000007,0.9145534000000073
1.0350000000000006,0.9255542799999992
1.0360000000000005,0.9243918099999954
1.0370000000000006,0.9138843230426942
1.0380000000000007,0.9107147500000052
1.0390000000000006,0.9185814300000001
1.0400000000000005,0.9188753399999964
1.0410000000000006,0.9106202699999965
1.0420000000000007,0.9052091911078859
1.0430000000000006,0.9038978200000051
1.0440000000000005,0.9116342700000027
1.0450000000000006,0.9179976599999978
1.0460000000000007,0.9147072399999937
1.0470000000000006,0.9052556051634779
1.0480000000000005,0.9051368800000026
1.0490000000000006,0.9108471900000011
1.0500000000000007,0.9134102500000002
1.0510000000000006,0.9136803700000006
1.0520000000000005,0.9145023800000002
1.0530000000000006,0.91507041
1.0540000000000007,0.9150533099999983
1.0550000000000006,0.9126160868113157
1.0560000000000005,0.9061842000000002
1.0570000000000006,0.906867270000008
1.0580000000000007,0.9189431700000056
1.0590000000000006,0.9272373299999971
1.0600000000000005,0.920673481913805
1.0610000000000006,0.9134926200000021
1.0620000000000007,0.9167174100000051
1.0630000000000006,0.9244039100000002
1.0640000000000005,0.924709319999998
1.0650000000000006,0.9201635445775395
1.0660000000000007,0.9145872600000008
1.0670000000000006,0.9155119100000011
1.0680000000000005,0.9172212499999988
1.0690000000000006,0.9145317099999991
1.0700000000000007,0.9132346597050284
1.0710000000000006,0.9070022099999974
1.0720000000000005,0.9029965400000012
1.0730000000000006,0.9057033700000018
1.0740000000000007,0.9084510800000021
1.0750000000000006,0.9115842600000013
1.0760000000000005,0.9134955399999974
1.0770000000000006,0.9096786999999997
1.0780000000000007,0.9091806834036591
1.0790000000000006,0.9084147199999983
1.0800000000000005,0.9059651499999982
1.0810000000000006,0.9019718800000003
1.0820000000000007,0.9024199800000028
1.0830000000000006,0.9065888510728953
1.0840000000000005,0.9101995800000005
1.0850000000000006,0.9112245999999942
1.0860000000000007,0.9025974299999898
1.0870000000000006,0.8911187600000003
1.0880000000000005,0.8916902528507152
1.0890000000000006,0.8999006199999992
1.0900000000000007,0.8985636799999953
1.0910000000000006,0.8915754599999977
1.0920000000000005,0.8880560399999992
1.0930000000000006,0.886054360167982
1.0940000000000007,0.8809399599999954
1.0950000000000006,0.8741626099999958
1.0960000000000005,0.8679763699999985
1.0970000000000006,0.8656969700000027
1.0980000000000008,0.8696344500000015
1.0990000000000006,0.8713278200000009
1.1000000000000005,0.8726180799999999
1.1010000000000006,0.8724555399999988
1.1020000000000008,0.8705455099999958
1.1030000000000006,0.8641661399999947
1.1040000000000005,0.856228889999997
1.1050000000000006,0.8495185999999979
1.1060000000000008,0.8464022260683927
1.1070000000000007,0.8457629100000009
1.1080000000000005,0.8471649900000009
1.1090000000000007,0.8484444000000045
1.1100000000000008,0.8552914300000001
1.1110000000000007,0.8554958069203061
1.1120000000000005,0.8530650100000001
1.1130000000000007,0.8533825299999953
1.1140000000000008,0.846373559999997
1.1150000000000007,0.8418324000000009
1.1160000000000005,0.843215501689832
1.1170000000000007,0.8445403600000032
1.1180000000000008,0.8492903700000097
1.1190000000000007,0.86029714
1.1200000000000006,0.8603545999999977
1.1210000000000007,0.8550639090690899
1.1220000000000008,0.8536369200000018
1.1230000000000007,0.8563057800000022
1.1240000000000006,0.8595833200000013
1.1250000000000007,0.8622398400000032
1.1260000000000008,0.8670880800000011
1.1270000000000007,0.8683547999999994
1.1280000000000006,0.8674247899999986
1.1290000000000007,0.8653853303029709
1.1300000000000008,0.8669883600000003
1.1310000000000007,0.8673135000000008
1.1320000000000006,0.8684273999999995
1.1330000000000007,0.8673098099999966
1.1340000000000008,0.862256717007292
1.1350000000000007,0.8522267899999963
1.1360000000000006,0.846734050000001
1.1370000000000007,0.8481963899999997
1.1380000000000008,0.8477386200000024
1.1390000000000007,0.8505491189501067
1.1400000000000006,0.8515006299999948
1.1410000000000007,0.8437028499999959
1.1420000000000008,0.8374539000000004
1.1430000000000007,0.8380275999999951
1.1440000000000006,0.8307191908409115
1.1450000000000007,0.8279032699999986
1.1460000000000008,0.8258292099999937
1.1470000000000007,0.8187537199999951
1.1480000000000006,0.8113438499999963
1.1490000000000007,0.8058639799999965
1.1500000000000008,0.8005234599999976
1.1510000000000007,0.7978856600000049
1.1520000000000006,0.8052067800000013
1.1530000000000007,0.8082411899999882
1.1540000000000008,0.7904507499999847
1.1550000000000007,0.7674241699999929
1.1560000000000006,0.7567105899999896
1.1570000000000007,0.7411839626597125
1.1580000000000008,0.7116105599999779
1.1590000000000007,0.6867396199999952
1.1600000000000006,0.6795957700000015
1.1610000000000007,0.6817540500000034
1.1620000000000008,0.6869960586651427
1.1630000000000007,0.6996827100000185
1.1640000000000006,0.7274165200000077
1.1650000000000007,0.7446206800000029
1.1660000000000008,0.7489895200000025
1.1670000000000007,0.7518270162503766
1.1680000000000006,0.7512248799999927
1.1690000000000007,0.7402412899999942
1.1700000000000008,0.7314106800000043
1.1710000000000007,0.7362660200000066
1.1720000000000006,0.7462894976522408
1.1730000000000007,0.7589401000000022
1.1740000000000008,0.7622345699999982
1.1750000000000007,0.7595017599999947
1.1760000000000006,0.7515707599999892
1.1770000000000007,0.735364559999992
1.1780000000000008,0.7233191699999919
1.1790000000000007,0.7141867299999924
1.1800000000000006,0.7028788474642543
1.1810000000000007,0.7042534900000058
1.1820000000000008,0.7129058800000011
1.1830000000000007,0.714118299999999
1.1840000000000006,0.7124898400000013
1.1850000000000007,0.7153061080921933
1.1860000000000008,0.7188870300000035
1.1870000000000007,0.7228413800000021
1.1880000000000006,0.7260720099999969
1.1890000000000007,0.721487699999998
1.1900000000000008,0.7185254062293746
1.1910000000000007,0.7217466199999983
1.1920000000000006,0.719921589999999
1.1930000000000007,0.7184996599999998
1.1940000000000008,0.7181598499999992
1.1950000000000007,0.7171774882361756
1.1960000000000006,0.7182346599999958
1.1970000000000007,0.7119238399999983
1.1980000000000008,0.7094063200000001
1.1990000000000007,0.7095863199999999
1.2000000000000006,0.7093414699999986
1.2010000000000007,0.7072343199999944
1.2020000000000008,0.7009229099999935
1.2030000000000007,0.6937186419748002
1.2040000000000006,0.6904383900000006
1.2050000000000007,0.691476819999995
1.2060000000000008,0.684046689999987
1.2070000000000007,0.6694310899999922
1.2080000000000006,0.6577268633226654
1.2090000000000007,0.6545600900000015
1.2100000000000009,0.6566677699999978
1.2110000000000007,0.6541558499999938
1.2120000000000006,0.6471083199999911
1.2130000000000007,0.6337342474072482
1.2140000000000009,0.6231573199999952
1.2150000000000007,0.6177594699999959
1.2160000000000006,0.6115531899999953
1.2170000000000007,0.6044788999999965
1.2180000000000009,0.5990995779322024
1.2190000000000007,0.6135767100000216
1.2200000000000006,0.6458439200000107
1.2210000000000008,0.6618917000000055
1.2220000000000009,0.6680870700000117
1.2230000000000008,0.681152520000005
1.2240000000000006,0.6868119199999995
1.2250000000000008,0.6859455699999981
1.2260000000000009,0.6831926099999968
1.2270000000000008,0.6795831899999969
1.2280000000000006,0.6749026200000006
1.2290000000000008,0.6758124200000077
1.2300000000000009,0.6874266300000063
1.2310000000000008,0.6943811148765106
1.2320000000000007,0.691929879999995
1.2330000000000008,0.6844952100000027
1.2340000000000009,0.6874798500000026
1.2350000000000008,0.690372289999995
1.2360000000000007,0.6828139173642569
1.2370000000000008,0.6735875599999955
1.2380000000000009,0.6668561099999963
1.2390000000000008,0.6627275299999953
1.2400000000000007,0.6557360299999959
1.2410000000000008,0.6495083227707177
1.2420000000000009,0.6473796999999963
1.2430000000000008,0.6432463499999969
1.2440000000000007,0.6397260400000016
1.2450000000000008,0.6420207000000058
1.2460000000000009,0.6509119308769197
1.2470000000000008,0.6550065299999986
1.2480000000000007,0.6529945699999965
1.2490000000000008,0.6475852099999938
1.2500000000000009,0.6383023899999881
1.2510000000000008,0.6248792399999951
1.2520000000000007,0.6193255800000059
1.2530000000000008,0.628171150000008
1.254000000000001,0.6372002834926517
1.2550000000000008,0.6382352100000027
1.2560000000000007,0.6412260500000079
1.2570000000000008,0.6530222300000071
1.258000000000001,0.6636112300000051
1.2590000000000008,0.6694033609719074
1.2600000000000007,0.675813080000007
1.2610000000000008,0.6863281700000051
1.262000000000001,0.6920564800000024
1.2630000000000008,0.6948564100000022
1.2640000000000007,0.6974010355374477
1.2650000000000008,0.6962058499999921
1.266000000000001,0.6872877499999923
1.2670000000000008,0.6786934099999973
1.2680000000000007,0.6744705999999966
1.2690000000000008,0.6693850485551402
1.270000000000001,0.6582139699999896
1.2710000000000008,0.6464965299999961
1.2720000000000007,0.6421325200000019
1.2730000000000008,0.6450315100000101
1.274000000000001,0.6563678400000166
1.2750000000000008,0.6749339700000122
1.2760000000000007,0.6887013300000043
1.2770000000000008,0.6952401400000011
1.278000000000001,0.6969327900000044
1.2790000000000008,0.7019438700000061
1.2800000000000007,0.7111503500000018
1.2810000000000008,0.7137734300000002
1.282000000000001,0.7139480714338521
1.2830000000000008,0.709162409999997
1.2840000000000007,0.7047103599999993
1.2850000000000008,0.7037487599999994
1.286000000000001,0.7031794799999961
1.2870000000000008,0.6987494784921455
1.2880000000000007,0.6915343999999951
1.2890000000000008,0.6841613699999972
1.290000000000001,0.6800249200000029
1.2910000000000008,0.6832444100000029
1.2920000000000007,0.6864692875122507
1.2930000000000008,0.679600949999991
1.294000000000001,0.6660463199999979
1.2950000000000008,0.6636101000000028
1.2960000000000007,0.6667597900000009
1.2970000000000008,0.6680498009989012
1.298000000000001,0.6664999099999993
1.2990000000000008,0.6657375100000004
1.3000000000000007,0.6662917099999981
1.3010000000000008,0.6634742599999971
1.302000000000001,0.6602134700000037
1.3030000000000008,0.6636245300000059
1.3040000000000007,0.6724858900000059
1.3050000000000008,0.6813447226007466
1.306000000000001,0.6906707300000029
1.3070000000000008,0.693958520000007
1.3080000000000007,0.7018556600000113
1.3090000000000008,0.7189094400000108
1.310000000000001,0.7349956895360518
1.3110000000000008,0.7405910500000071
1.3120000000000007,0.7485364100000054
1.3130000000000008,0.7545337700000004
1.314000000000001,0.755146090000003
1.3150000000000008,0.7585138332256802
1.3160000000000007,0.7652539000000015
1.3170000000000008,0.7669099000000003
1.318000000000001,0.7671063500000006
1.3190000000000008,0.7676825500000014
1.3200000000000007,0.7693065575992414
1.3210000000000008,0.7699460399999971
1.322000000000001,0.7667018799999968
1.3230000000000008,0.7639299600000002
1.3240000000000007,0.7642849100000013
1.3250000000000008,0.7662102000000008
1.326000000000001,0.7671856300000028
1.3270000000000008,0.7698259399999984
1.3280000000000007,0.7679263850654895
1.3290000000000008,0.7624770399999993
1.330000000000001,0.7615914300000003
1.3310000000000008,0.7619468599999982
1.3320000000000007,0.7599968300000043
1.3330000000000009,0.7648750134266591
1.334000000000001,0.7668092799999903
1.3350000000000009,0.7557944699999932
1.3360000000000007,0.7482035199999973
1.3370000000000009,0.7452018899999948
1.338000000000001,0.7392905311358803
1.3390000000000009,0.7280960699999889
1.3400000000000007,0.7155656799999971
1.3410000000000009,0.7112352300000002
1.342000000000001,0.7114867599999957
1.3430000000000009,0.7076127873972571
1.3440000000000007,0.7046737700000015
1.3450000000000009,0.7069401700000035
1.346000000000001,0.7108867800000014
1.3470000000000009,0.7121354300000001
1.3480000000000008,0.7122236499999992
1.3490000000000009,0.7109817899999965
1.350000000000001,0.7070636699999979
1.3510000000000009,0.7046946299999968
1.3520000000000008,0.7011234199999941
1.3530000000000009,0.6943574499999995
1.354000000000001,0.693531570000006
1.3550000000000009,0.7003054600000055
1.3560000000000008,0.7064901471232911
1.3570000000000009,0.7111613800000058
1.358000000000001,0.7177285600000061
1.3590000000000009,0.7246582500000044
1.3600000000000008,0.7296544300000007
1.3610000000000009,0.7308890805839451
1.362000000000001,0.7344949200000097
1.3630000000000009,0.7432298700000047
1.3640000000000008,0.7504599100000015
1.3650000000000009,0.7526518700000006
1.366000000000001,0.7532725279342073
1.3670000000000009,0.7516558200000016
1.3680000000000008,0.7535284800000006
1.3690000000000009,0.7545952799999988
1.370000000000001,0.7532564399999966
1.3710000000000009,0.7494204935946374
1.3720000000000008,0.7472810100000011
1.3730000000000009,0.7485737799999995
1.374000000000001,0.7478920800000003
1.3750000000000009,0.7482318300000057
1.3760000000000008,0.7545574900000059
1.377000000000001,0.7612084700000055
1.378000000000001,0.7660823500000048
1.379000000000001,0.7715147154664562
1.3800000000000008,0.7744693800000009
1.381000000000001,0.7754313900000005
1.382000000000001,0.7758751500000031
1.383000000000001,0.77867997
1.3840000000000008,0.7787196152994701
1.385000000000001,0.7788726100000036
1.386000000000001,0.7829428300000001
1.387000000000001,0.7830070899999947
1.3880000000000008,0.7781870399999989
1.389000000000001,0.7765387148325155
1.390000000000001,0.7749533099999947
1.391000000000001,0.7701976899999966
1.3920000000000008,0.7663006799999978
1.393000000000001,0.7638805500000013
1.394000000000001,0.7654023478202195
1.395000000000001,0.7669116300000043
1.3960000000000008,0.7718071900000073
1.397000000000001,0.7800030700000085
1.398000000000001,0.7876000400000026
1.399000000000001,0.7906249799999973
1.4000000000000008,0.7875215999999976
1.4010000000000007,0.7849043600000017
1.402000000000001,0.7875356100000054
1.403000000000001,0.7923794400000035
1.4040000000000008,0.7962667900000027
1.4050000000000007,0.8002362800000022
1.406000000000001,0.8036139000000061
1.407000000000001,0.8091221011348877
1.4080000000000008,0.81043345
1.4090000000000007,0.8103667500000027
1.410000000000001,0.8143722399999991
1.411000000000001,0.8135270499999995
1.4120000000000008,0.8128996761203886
1.4130000000000007,0.8137608800000001
1.414000000000001,0.8139608500000015
1.415000000000001,0.8157676500000016
1.4160000000000008,0.8175921999999975
1.4170000000000007,0.8148946497550229
1.418000000000001,0.814149559999999
1.419000000000001,0.8130236299999988
1.4200000000000008,0.8115986000000021
1.4210000000000007,0.8140270700000013
1.422000000000001,0.8159675459524068
1.423000000000001,0.8108169999999935
1.4240000000000008,0.8034115399999988
1.4250000000000007,0.8015043700000015
1.426000000000001,0.8038569100000025
1.427000000000001,0.8060963199999968
1.4280000000000008,0.8032057899999929
1.4290000000000007,0.7925790499999941
1.430000000000001,0.7836857765203403
1.431000000000001,0.7756509799999918
1.4320000000000008,0.7664501099999916
1.4330000000000007,0.7570351999999962
1.434000000000001,0.751366320000001
1.435000000000001,0.7525383574282575
1.4360000000000008,0.7529126399999997
1.4370000000000007,0.7525915500000051
1.438000000000001,0.7583128200000094
1.439000000000001,0.7689420000000039
1.4400000000000008,0.7733552186781358
1.4410000000000007,0.7739256000000017
1.442000000000001,0.7758374799999973
1.443000000000001,0.7734603899999996
1.4440000000000008,0.7730071499999991
1.4450000000000007,0.7720529754174575
1.446000000000001,0.7639615499999944
1.447000000000001,0.7589522600000044
1.4480000000000008,0.7628880100000053
1.4490000000000007,0.7708693700000067
1.450000000000001,0.7808333000000103
1.451000000000001,0.7899862500000072
1.4520000000000008,0.7965108800000054
1.4530000000000007,0.8025611303309692
1.454000000000001,0.8057644400000011
1.455000000000001,0.8067509500000021
1.4560000000000008,0.809085250000002
1.4570000000000007,0.811394749999999
1.458000000000001,0.8103016719798022
1.459000000000001,0.8104214700000008
1.4600000000000009,0.8112673200000013
1.4610000000000007,0.8127167800000044
1.462000000000001,0.8176412599999994
1.463000000000001,0.8170888952364758
1.4640000000000009,0.8162101500000015
1.4650000000000007,0.8179291499999989
1.466000000000001,0.8163310900000027
1.467000000000001,0.818755870000006
1.4680000000000009,0.8241204635406503
1.4690000000000007,0.8216899599999976
1.470000000000001,0.8180063400000027
1.471000000000001,0.8204128100000017
1.4720000000000009,0.8219448899999976
1.4730000000000008,0.8191755999999969
1.474000000000001,0.814730349999999
1.475000000000001,0.8138369300000032
1.4760000000000009,0.8174672699999997
1.4770000000000008,0.8171812299999982
1.478000000000001,0.8152270299999994
1.479000000000001,0.814565599999997
1.4800000000000009,0.8112246399999955
1.4810000000000008,0.8060662460093968
1.482000000000001,0.802826340000002
1.483000000000001,0.8045786600000036
1.4840000000000009,0.8085411800000012
1.4850000000000008,0.8098564100000006
1.486000000000001,0.8109021905849437
1.487000000000001,0.8128080400000016
1.4880000000000009,0.8143191900000005
1.4890000000000008,0.8152134999999988
1.490000000000001,0.8134471199999976
1.491000000000001,0.8113557991320846
1.4920000000000009,0.8092555999999979
1.4930000000000008,0.8069070599999981
1.494000000000001,0.8040905599999936
1.495000000000001,0.7983047999999987
1.4960000000000009,0.7968499954804508
1.4970000000000008,0.8007578300000029
1.498000000000001,0.8039735600000024
1.499000000000001,0.8066779400000034
1.5000000000000009,0.8104864400000003
1.5010000000000008,0.8107694399999996
1.5020000000000011,0.8103483900000051
1.503000000000001,0.814221560000006
1.504000000000001,0.8209669859194116
1.5050000000000008,0.8248261800000005
1.5060000000000011,0.8254369500000006
1.507000000000001,0.8260324000000012
1.508000000000001,0.827158870000001
1.5090000000000008,0.8282642741635834
1.5100000000000011,0.8280059099999982
1.511000000000001,0.8263742900000005
1.512000000000001,0.8268739600000025
1.5130000000000008,0.8290572800000032
1.5140000000000011,0.8338392917988251
1.515000000000001,0.83871853
1.516000000000001,0.838726940000001
1.5170000000000008,0.8397907600000033
1.5180000000000011,0.8435900800000012
1.519000000000001,0.844647774230578
1.520000000000001,0.8428059799999995
1.5210000000000008,0.84236807
1.5220000000000011,0.8424145599999977
1.523000000000001,0.840645670000001
1.524000000000001,0.8417524700000015
1.5250000000000008,0.8435206999999993
1.5260000000000011,0.8428308400000004
1.527000000000001,0.8431938300000018
1.528000000000001,0.8447468900000027
1.5290000000000008,0.8477791000000015
1.5300000000000011,0.8500612400000003
1.531000000000001,0.8502157299999994
1.532000000000001,0.8496780720277975
1.5330000000000008,0.8499983500000001
1.5340000000000011,0.8502106099999965
1.535000000000001,0.8470899499999989
1.536000000000001,0.8461091500000006
1.5370000000000008,0.8468308303259665
1.5380000000000011,0.8455340899999995
1.539000000000001,0.8450458600000009
1.540000000000001,0.8460339299999997
1.5410000000000008,0.8457074199999982
1.5420000000000011,0.8436546552764701
1.543000000000001,0.8431037100000008
1.544000000000001,0.8441543000000019
1.5450000000000008,0.846353050000002
1.5460000000000012,0.8485806000000018
1.547000000000001,0.8501907789821034
1.548000000000001,0.8525982500000033
1.5490000000000008,0.8563652000000029
1.5500000000000012,0.8607031099999992
1.551000000000001,0.8599810599999989
1.552000000000001,0.8590053900000019
1.5530000000000008,0.8607067499999976
1.5540000000000012,0.8571349399999983
1.555000000000001,0.8556458811648873
1.556000000000001,0.8596575300000042
1.5570000000000008,0.8643779800000019
1.5580000000000012,0.86646098
1.559000000000001,0.8664734400000004
1.560000000000001,0.866797341204883
1.5610000000000008,0.8705093900000025
1.5620000000000012,0.873248759999996
1.563000000000001,0.87027532
1.564000000000001,0.8702917700000012
1.5650000000000008,0.8716931698600152
1.5660000000000012,0.8698918799999974
1.567000000000001,0.8679763700000015
1.568000000000001,0.8692959000000031
1.5690000000000008,0.8726282100000011
1.5700000000000012,0.873916141206881
1.571000000000001,0.8736337999999986
1.572000000000001,0.8723046799999973
1.5730000000000008,0.8697907299999991
1.5740000000000012,0.8684732899999962
1.575000000000001,0.8650456699999963
1.576000000000001,0.8617889899999985
1.5770000000000008,0.8604701199999978
1.5780000000000012,0.8580168532536725
1.579000000000001,0.8562493899999982
1.580000000000001,0.85467541
1.5810000000000008,0.8546666500000042
1.5820000000000012,0.8594211300000097
1.583000000000001,0.8667435250245019
1.584000000000001,0.8704937699999995
1.5850000000000009,0.8699521999999992
1.5860000000000012,0.8691184500000004
1.587000000000001,0.8694846600000018
1.588000000000001,0.8710981186541363
1.5890000000000009,0.8729150900000016
1.5900000000000012,0.8746902900000042
1.591000000000001,0.8785176900000038
1.592000000000001,0.8819263599999988
1.5930000000000009,0.8808461280231968
1.5940000000000012,0.8784357900000007
1.595000000000001,0.8790397000000035
1.596000000000001,0.8823096800000028
1.5970000000000009,0.8847656300000009
1.5980000000000012,0.8857684099999984
1.599000000000001,0.8843901199999995
1.600000000000001,0.8840111500000002
1.6010000000000009,0.8843221099999978
1.6020000000000012,0.8818152499999977
1.603000000000001,0.8800733699999983
1.604000000000001,0.8781623799999978
1.6050000000000009,0.875689029999997
1.6060000000000012,0.8723149376942264
1.607000000000001,0.8687918800000017
1.608000000000001,0.8703724700000034
1.6090000000000009,0.8742328900000006
1.6100000000000012,0.8748600500000003
1.611000000000001,0.875138814886509
1.612000000000001,0.8732876799999975
1.6130000000000009,0.8710054200000008
1.6140000000000012,0.8721643100000024
1.615000000000001,0.8742167400000034
1.616000000000001,0.8771895727167315
1.6170000000000009,0.8794698100000008
1.6180000000000012,0.8803796800000011
1.619000000000001,0.8813943300000029
1.620000000000001,0.883992200000003
1.6210000000000009,0.8874812210978932
1.6220000000000012,0.8887544900000008
1.623000000000001,0.8893891000000023
1.624000000000001,0.892039780000002
1.6250000000000009,0.8943473099999996
1.6260000000000012,0.8938341699999999
1.6270000000000011,0.8937813600000032
1.628000000000001,0.8962224100000001
1.629000000000001,0.8963701629397036
1.6300000000000012,0.8938995599999994
1.6310000000000011,0.8933741500000006
1.632000000000001,0.8940232999999985
1.633000000000001,0.8927081799999982
1.6340000000000012,0.8907189269083083
1.6350000000000011,0.8899880100000025
1.636000000000001,0.8921577300000006
1.637000000000001,0.8927748199999989
1.6380000000000012,0.891774000000002
1.6390000000000011,0.8935754298570162
1.640000000000001,0.8975155900000013
1.641000000000001,0.8986009999999983
1.6420000000000012,0.8966704000000003
1.6430000000000011,0.8968899800000018
1.644000000000001,0.8984742415738443
1.645000000000001,0.9002185500000023
1.6460000000000012,0.9028117100000034
1.6470000000000011,0.9053246999999967
1.648000000000001,0.9027925099999984
1.649000000000001,0.9008594800000002
1.6500000000000012,0.9010186200000017
1.6510000000000011,0.9023072100000009
1.652000000000001,0.9030687200000004
1.653000000000001,0.9034014299999997
1.6540000000000012,0.9031324999999973
1.6550000000000011,0.9006216499999986
1.656000000000001,0.8993067700000009
1.657000000000001,0.9000623417278297
1.6580000000000013,0.9026796200000035
1.6590000000000011,0.9057417499999996
1.660000000000001,0.9053490800000006
1.661000000000001,0.90582019
1.6620000000000013,0.9057775425727425
1.6630000000000011,0.9055032700000005
1.664000000000001,0.9060506199999994
1.665000000000001,0.9052820799999988
1.6660000000000013,0.9038537100000003
1.6670000000000011,0.9040241629547047
1.668000000000001,0.9053993799999976
1.669000000000001,0.9027891799999977
1.6700000000000013,0.9002641400000004
1.6710000000000012,0.9006023999999997
1.672000000000001,0.9003986903709627
1.673000000000001,0.8992707099999975
1.6740000000000013,0.8963726199999985
1.6750000000000012,0.895059050000002
1.676000000000001,0.8968915900000016
1.677000000000001,0.8983498799999984
1.6780000000000013,0.8968661400000003
1.6790000000000012,0.897130250000002
1.680000000000001,0.8989733307209261
1.681000000000001,0.8970805399999994
1.6820000000000013,0.8963111600000037
1.6830000000000012,0.8990548800000028
1.684000000000001,0.9015636999999986
1.685000000000001,0.9001274213398633
1.6860000000000013,0.8972408199999984
1.6870000000000012,0.8959783299999989
1.688000000000001,0.8951544800000009
1.689000000000001,0.8962071500000011
1.6900000000000013,0.8974353671782838
1.6910000000000012,0.8950029599999927
1.692000000000001,0.8895254099999949
1.693000000000001,0.8848757699999971
1.6940000000000013,0.8816739300000034
1.6950000000000012,0.8841677806149417
1.696000000000001,0.890055890000002
1.697000000000001,0.8918292499999996
1.6980000000000013,0.8914600599999988
1.6990000000000012,0.8903933799999958
1.700000000000001,0.8866314899999922
1.701000000000001,0.8796766399999943
1.7020000000000013,0.8745786499999998
1.7030000000000012,0.8743843054114633
1.704000000000001,0.8781384200000045
1.705000000000001,0.8821988100000014
1.7060000000000013,0.8838130800000024
1.7070000000000012,0.8855916300000033
1.708000000000001,0.8880740315448489
1.709000000000001,0.8909894800000004
1.7100000000000013,0.8915417799999994
1.7110000000000012,0.8911402199999985
1.712000000000001,0.8899388899999962
1.713000000000001,0.8864391999689994
1.7140000000000013,0.8815198499999952
1.7150000000000012,0.8779774300000003
1.716000000000001,0.8782860000000003
1.717000000000001,0.8785531499999973
1.7180000000000013,0.876183147000297
1.7190000000000012,0.8721163299999992
1.720000000000001,0.8714082199999995
1.721000000000001,0.8709748399999971
1.7220000000000013,0.8683417999999999
1.7230000000000012,0.8683486599999983
1.724000000000001,0.8668737999999939
1.725000000000001,0.8612837199999966
1.7260000000000013,0.8575023399999938
1.7270000000000012,0.852852519999996
1.728000000000001,0.8498271100000008
1.729000000000001,0.85064381
1.7300000000000013,0.8506644999999996
1.7310000000000012,0.8503454572472763
1.732000000000001,0.8512179299999989
1.733000000000001,0.8501859299999989
1.7340000000000013,0.8488795799999944
1.7350000000000012,0.8447394399999936
1.736000000000001,0.8389305584051556
1.737000000000001,0.8355146100000024
1.7380000000000013,0.8375849100000079
1.7390000000000012,0.8447145800000054
1.740000000000001,0.8495945299999977
1.741000000000001,0.8475749119618017
1.7420000000000013,0.8418711399999967
1.7430000000000012,0.8394614499999976
1.744000000000001,0.8372782499999963
1.745000000000001,0.8339622599999951
1.7460000000000013,0.8284799582301701
1.7470000000000012,0.8230756499999983
1.748000000000001,0.8217304300000005
1.749000000000001,0.8222917300000006
1.7500000000000013,0.8228850399999975
1.7510000000000012,0.8210272199999954
1.7520000000000011,0.8176236200000001
1.753000000000001,0.8177200599999979
1.7540000000000013,0.8153012363003601
1.7550000000000012,0.80816423999999
1.7560000000000011,0.8006913699999898
1.757000000000001,0.7914810799999921
1.7580000000000013,0.7844261499999967
1.7590000000000012,0.7818960002739727
1.7600000000000011,0.7818987400000036
1.761000000000001,0.7851330000000043
1.7620000000000013,0.7890424100000062
1.7630000000000012,0.7930562500000037
1.7640000000000011,0.796355810043999
1.765000000000001,0.7921111599999859
1.7660000000000013,0.7793912299999763
1.7670000000000012,0.7616448999999721
1.7680000000000011,0.7406271699999882
1.769000000000001,0.7300610366133276
1.7700000000000014,0.7331703900000005
1.7710000000000012,0.7335651499999899
1.7720000000000011,0.7260029899999894
1.773000000000001,0.7180173999999941
1.7740000000000014,0.7114403199999894
1.7750000000000012,0.7034640299999835
1.7760000000000011,0.6910168499999779
1.777000000000001,0.6710919699999747
1.7780000000000014,0.6482553499999762
1.7790000000000012,0.6304021499999807
1.7800000000000011,0.6130386599999789
1.781000000000001,0.5940408699999935
1.7820000000000014,0.5881836803729823
1.7830000000000013,0.602287410000021
1.7840000000000011,0.6211537700000117
1.785000000000001,0.6316248200000034
1.7860000000000014,0.6346766900000018
1.7870000000000013,0.6359876031596885
1.7880000000000011,0.6398192000000024
1.789000000000001,0.642021539999991
1.7900000000000014,0.6319163399999622
1.7910000000000013,0.6035643799999431
1.7920000000000011,0.5607856978681681
1.793000000000001,0.516617119999976
1.7940000000000014,0.4894302499999931
1.7950000000000013,0.4842748000000174
1.7960000000000012,0.49737582000002833
1.797000000000001,0.5228710904729795
1.7980000000000014,0.5448229900000107
1.7990000000000013,0.5528066799999954
1.8000000000000012,0.548681199999988
1.801000000000001,0.5378751199999882
1.8020000000000014,0.5272139899999958
1.8030000000000013,0.5245317200000051
1.8040000000000012,0.529105370000002
1.805000000000001,0.5308723881241784
1.8060000000000014,0.521153629999982
1.8070000000000013,0.5076781500000066
1.8080000000000012,0.5125694900000181
1.809000000000001,0.5288320200000052
1.8100000000000014,0.5347347272442738
1.8110000000000013,0.533507170000002
1.8120000000000012,0.5350253600000018
1.813000000000001,0.5363972199999919
1.8140000000000014,0.5272840299999649
1.8150000000000013,0.5009825901439521
1.8160000000000012,0.4645497199999629
1.817000000000001,0.43671115999999877
1.8180000000000014,0.43561143000003677
1.8190000000000013,0.46319225000004943
1.8200000000000012,0.5002689823268145
1.821000000000001,0.5305061900000251
1.8220000000000014,0.5530606500000286
1.8230000000000013,0.5713963500000154
1.8240000000000012,0.5852628900000099
1.825000000000001,0.5942040700000081
1.8260000000000014,0.6014612300000114
1.8270000000000013,0.6088088800000078
1.8280000000000012,0.6146009792260797
1.829000000000001,0.616593239999996
1.8300000000000014,0.6130339499999922
1.8310000000000013,0.6070762899999911
1.8320000000000012,0.600377619999988
1.833000000000001,0.5913722304339458
1.8340000000000014,0.5821765699999851
1.8350000000000013,0.5710257899999792
1.8360000000000012,0.5554743999999818
1.837000000000001,0.5417824399999894
1.8380000000000014,0.5322987383701487
1.8390000000000013,0.5221521899999795
1.8400000000000012,0.5066978899999789
1.841000000000001,0.4876663999999837
1.8420000000000014,0.4729054599999914
1.8430000000000013,0.46735529501649126
1.8440000000000012,0.4600177699999793
1.845000000000001,0.44134366999997054
1.8460000000000014,0.41478204999996693
1.8470000000000013,0.3934793499999883
1.8480000000000012,0.38468107999998885
1.849000000000001,0.37462877999998107
1.8500000000000014,0.3575995599999879
1.8510000000000013,0.34853134000000247
1.8520000000000012,0.35036048000000064
1.853000000000001,0.35085084999999616
1.8540000000000014,0.34652527999998944
1.8550000000000013,0.3386049899999868
1.8560000000000012,0.32869005025296416
1.857000000000001,0.3196925799999901
1.8580000000000014,0.3108058299999843
1.8590000000000013,0.2990086699999818
1.8600000000000012,0.28537830999999
1.861000000000001,0.27634728084191407
1.8620000000000014,0.27485570000000087
1.8630000000000013,0.2753849899999979
1.8640000000000012,0.27348640999999596
1.865000000000001,0.269840179999996
1.8660000000000014,0.2662383301849761
1.8670000000000013,0.26434733999999915
1.8680000000000012,0.26372394000000016
1.869000000000001,0.2638505700000001
1.8700000000000014,0.2639649499999963
1.8710000000000013,0.26123047344765177
1.8720000000000012,0.25515654999999077
1.873000000000001,0.24825089999999436
1.8740000000000014,0.24189434999999665
1.8750000000000013,0.2393689600000048
1.8760000000000012,0.24298058000000985
1.8770000000000011,0.2503747000000128
1.8780000000000014,0.25996244000001517
1.8790000000000013,0.27134683726428604
1.8800000000000012,0.2803194800000067
1.8810000000000011,0.2853411700000034
1.8820000000000014,0.28844815000000273
1.8830000000000013,0.29019594000000115
1.8840000000000012,0.29106760149685107
1.8850000000000011,0.29168257000000064
1.8860000000000015,0.2923046900000004
1.8870000000000013,0.2926022399999978
1.8880000000000012,0.29116489999999495
1.8890000000000011,0.2865647800119939
1.8900000000000015,0.2804793099999932
1.8910000000000013,0.2761327600000004
1.8920000000000012,0.27646106000000714
1.8930000000000011,0.2818408000000087
1.8940000000000015,0.2896990941705947
1.8950000000000014,0.29525959000000135
1.8960000000000012,0.2962547799999944
1.8970000000000011,0.2920623699999853
1.8980000000000015,0.28100612999997393
1.8990000000000014,0.26141935999997057
1.9000000000000012,0.23935217999998415
1.9010000000000011,0.22744825000000848
1.9020000000000015,0.23510601000003248
1.9030000000000014,0.25600666000002564
1.9040000000000012,0.2752517800000122
1.9050000000000011,0.28627470000001043
1.9060000000000015,0.29564068000001664
1.9070000000000014,0.3063551168503262
1.9080000000000013,0.3144236200000046
1.9090000000000011,0.3185593500000019
1.9100000000000015,0.32025551999999896
1.9110000000000014,0.31955983999999676
1.9120000000000013,0.3171367280091994
1.9130000000000011,0.31741682000000365
1.9140000000000015,0.32074133000000726
1.9150000000000014,0.32617891000001015
1.9160000000000013,0.3338211800000073
1.9170000000000011,0.3393347386441414
1.9180000000000015,0.3408711599999955
1.9190000000000014,0.33749272999998486
1.9200000000000013,0.3261047899999751
1.9210000000000012,0.30744322999997786
1.9220000000000015,0.287506313691601
1.9230000000000014,0.27648634000000666
1.9240000000000013,0.28148904000001607
1.9250000000000012,0.29593679000001405
1.9260000000000015,0.3085976200000123
1.9270000000000014,0.3165051900000094
1.9280000000000013,0.322524430000007
1.9290000000000012,0.328893270000011
1.9300000000000015,0.33877331962505836
1.9310000000000014,0.353769570000021
1.9320000000000013,0.36954084000001697
1.9330000000000012,0.38227805000000964
1.9340000000000015,0.3909938300000067
1.9350000000000014,0.3960232436266431
1.9360000000000013,0.4001595100000049
1.9370000000000012,0.4038315400000042
1.9380000000000015,0.40700749000000247
1.9390000000000014,0.40886026999999747
1.9400000000000013,0.40693633239375815
1.9410000000000012,0.3999066399999839
1.9420000000000015,0.3878174099999799
1.9430000000000014,0.3749047199999913
1.9440000000000013,0.3683701500000006
1.9450000000000012,0.36882315469953064
1.9460000000000015,0.3734840200000087
1.9470000000000014,0.37905970000000483
1.9480000000000013,0.3821575600000031
1.9490000000000012,0.38497618000000555
1.9500000000000015,0.3899919100000108
1.9510000000000014,0.396967050000013
1.9520000000000013,0.4053136700000123
1.9530000000000012,0.41453800508250266
1.9540000000000015,0.4238888300000093
1.9550000000000014,0.42987453999999903
1.9560000000000013,0.42912712999998975
1.9570000000000012,0.42142977999998055
1.9580000000000015,0.4068634694890245
1.9590000000000014,0.3903583599999874
1.9600000000000013,0.38089594000000015
1.9610000000000012,0.38101351000000505
1.9620000000000015,0.3847859500000032
1.9630000000000014,0.38686332226277687
1.9640000000000013,0.391207670000017
1.9650000000000012,0.403972330000021
1.9660000000000015,0.4228531400000279
1.9670000000000014,0.44077531000001935
1.9680000000000013,0.4532257349575201
1.9690000000000012,0.45901889000000273
1.9700000000000015,0.4614918200000065
1.9710000000000014,0.4656805100000104
1.9720000000000013,0.47237599000000974
1.9730000000000012,0.4796516600000064
1.9740000000000015,0.4854500600000048
1.9750000000000014,0.48851219000000284
1.9760000000000013,0.49062129999999576
1.9770000000000012,0.48744627999998574
1.9780000000000015,0.47674187999998213
1.9790000000000014,0.46331408999998097
1.9800000000000013,0.4490189899999807
1.9810000000000012,0.43452912317666553
1.9820000000000015,0.4201608899999785
1.9830000000000014,0.4063493599999839
1.9840000000000013,0.3942843399999908
1.9850000000000012,0.38735272999999937
1.9860000000000015,0.38678019443856604
1.9870000000000014,0.39292458000001657
1.9880000000000013,0.4035731600000149
1.9890000000000012,0.4170211000000136
1.9900000000000015,0.42930943000000793
1.9910000000000014,0.4344090800350041
1.9920000000000013,0.4319534599999956
1.9930000000000012,0.42866823000000354
1.9940000000000015,0.43184415000001675
1.9950000000000014,0.4426463800000202
1.9960000000000013,0.45780319431858746
1.9970000000000012,0.4727047100000172
1.9980000000000016,0.48560679000001333
1.9990000000000014,0.4956149500000037
2.0000000000000013,0.49842461999999377
2.0010000000000012,0.4937609010317851
2.0020000000000016,0.48647121896819545
2.0030000000000014,0.479617949999994
2.0040000000000013,0.4751331563507243
2.0050000000000012,0.47039666364926513
2.0060000000000016,0.4611201599999722
2.0070000000000014,0.44547929999997266
2.0080000000000013,0.43010121662966294
2.0090000000000012,0.4205675133703159
2.0100000000000016,0.41331910999998883
2.0110000000000015,0.40703312233553146
2.0120000000000013,0.4061564776644658
2.0130000000000012,0.41002330000000187
2.0140000000000016,0.4113777606718632
2.0150000000000015,0.40988447932813216
2.0160000000000013,0.41123366000000766
2.0170000000000012,0.41697383000001026
2.0180000000000016,0.42469677870427175
2.0190000000000015,0.43248382129575247
2.0200000000000014,0.4398975400000069
2.0210000000000012,0.445087583364333
2.0220000000000016,0.4501212266356804
2.0230000000000015,0.4554838500000039
2.0240000000000014,0.45840520348030184
2.0250000000000012,0.4566400065196942
2.0260000000000016,0.44803782999998065
2.0270000000000015,0.43714534999999005
2.0280000000000014,0.4315576487701146
2.0290000000000012,0.4327385400000053
2.0300000000000016,0.43668440000000475
2.0310000000000015,0.4393491443781225
2.0320000000000014,0.4381929256218739
2.0330000000000013,0.43668142000000354
2.0340000000000016,0.4393610971045858
2.0350000000000015,0.4435321428954272
2.0360000000000014,0.44831830000001116
2.0370000000000013,0.45667560768547494
2.0380000000000016,0.4669524623145525
2.0390000000000015,0.4730698199999972
2.0400000000000014,0.4709848799999881
2.0410000000000013,0.462052521414709
2.0420000000000016,0.45516666858527266
2.0430000000000015,0.4590697000000185
2.0440000000000014,0.4729238165207109
2.0450000000000013,0.4857890234793177
2.0460000000000016,0.4914396399999984
2.0470000000000015,0.49053829126474496
2.0480000000000014,0.489250938735251
2.0490000000000013,0.5022039400000383
2.0500000000000016,0.5309716500000471
2.0510000000000015,0.5574795292121185
2.0520000000000014,0.5727002000000109
2.0530000000000013,0.5808903600000062
2.0540000000000016,0.5854458472165571
2.0550000000000015,0.5857180127834438
2.0560000000000014,0.5811949999999906
2.0570000000000013,0.5740844742451421
2.0580000000000016,0.5664269257548376
2.0590000000000015,0.5613513600000032
2.0600000000000014,0.5637565312107677
2.0610000000000013,0.5721686387892547
2.0620000000000016,0.5797410000000044
2.0630000000000015,0.5822200799999961
2.0640000000000014,0.5793289066546636
2.0650000000000013,0.574695453345324
2.0660000000000016,0.5714308599999951
2.0670000000000015,0.5687078281273699
2.0680000000000014,0.5657891018726211
2.0690000000000013,0.5620057599999905
2.0700000000000016,0.5548508783913073
2.0710000000000015,0.5459347916086649
2.0720000000000014,0.5426119000000078
2.0730000000000013,0.54842401000001
2.0740000000000016,0.5559360309489128
2.0750000000000015,0.5606455200000035
2.0760000000000014,0.5632291400000018
2.0770000000000013,0.5645388896260761
2.0780000000000016,0.5656351503739269
2.0790000000000015,0.5663888500000008
2.0800000000000014,0.5669979313057385
2.0810000000000013,0.5668109886942609
2.0820000000000016,0.5654562099999885
2.0830000000000015,0.5589708806998391
2.0840000000000014,0.5459778793001205
2.0850000000000013,0.5350078300000011
2.0860000000000016,0.5358027200000162
2.0870000000000015,0.5449016384493222
2.0880000000000014,0.552386131550701
2.0890000000000013,0.5561799400000031
2.0900000000000016,0.5585430596090825
2.0910000000000015,0.5612391503909259
2.0920000000000014,0.5644833400000032
2.0930000000000013,0.5668681176564692
2.0940000000000016,0.567344682343532
2.0950000000000015,0.5667816999999963
2.0960000000000014,0.5640447099999913
2.0970000000000013,0.5575454432076732
2.0980000000000016,0.5523775199999994
2.0990000000000015,0.5519694100000005
2.1000000000000014,0.5523659894641096
2.1010000000000013,0.5538606305358951
2.1020000000000016,0.5574929100000079
2.1030000000000015,0.5619530578764313
2.1040000000000014,0.5660318221235814
2.1050000000000013,0.5671978600000013
2.1060000000000016,0.5681337966856662
2.1070000000000015,0.5702006533143402
2.1080000000000014,0.5674493899999935
2.1090000000000013,0.5625668799999943
2.1100000000000017,0.5582801484892921
2.1110000000000015,0.5520650415106886
2.1120000000000014,0.5477963700000033
2.1130000000000013,0.5502036573755357
2.1140000000000017,0.5594774126244889
2.1150000000000015,0.5680420400000046
2.1160000000000014,0.571450563568284
2.1170000000000013,0.5699862464317114
2.1180000000000017,0.566698129999993
2.1190000000000015,0.5614675899999869
2.1200000000000014,0.5516091201399647
2.1210000000000013,0.547010519860021
2.1220000000000017,0.5493843599999978
2.1230000000000016,0.548155552915419
2.1240000000000014,0.549384707084585
2.1250000000000013,0.5516215599999955
2.1260000000000017,0.5483022475164816
2.1270000000000016,0.5388774124834893
2.1280000000000014,0.5262834999999808
2.1290000000000013,0.5118670675244898
2.1300000000000017,0.5073423124754982
2.1310000000000016,0.518826310000019
2.1320000000000014,0.5295158000000163
2.1330000000000013,0.5387057024215296
2.1340000000000017,0.5506299175785021
2.1350000000000016,0.5621359300000115
2.1360000000000015,0.5686407176914656
2.1370000000000013,0.571117632308542
2.1380000000000017,0.5777925800000122
2.1390000000000016,0.5846721661617679
2.1400000000000015,0.5848337838382327
2.1410000000000013,0.5817293499999898
2.1420000000000017,0.5740958499999839
2.1430000000000016,0.5650231319306054
2.1440000000000015,0.5597424380693782
2.1450000000000014,0.5570185199999989
2.1460000000000017,0.5561788687222506
2.1470000000000016,0.55316609127774
2.1480000000000015,0.5572360200000164
2.1490000000000014,0.5694514439672071
2.1500000000000017,0.5699911160327943
2.1510000000000016,0.5706656000000104
2.1520000000000015,0.5765604399999879
2.1530000000000014,0.5697673193120586
2.1540000000000017,0.5613547000000084
2.1550000000000016,0.5661075100000142
2.1560000000000015,0.5740907607908512
2.1570000000000014,0.5798986692091669
2.1580000000000017,0.5824470499999997
2.1590000000000016,0.5823274461977492
2.1600000000000015,0.5753894238022292
2.1610000000000014,0.5617982699999948
2.1620000000000017,0.5578950612487685
2.1630000000000016,0.5692075487512667
2.1640000000000015,0.5820487100000115
2.1650000000000014,0.5905936399999977
2.1660000000000017,0.5888266083833159
2.1670000000000016,0.5842104416166698
2.1680000000000015,0.5828001499999991
2.1690000000000014,0.5821652718866195
2.1700000000000017,0.5794841381133733
2.1710000000000016,0.5765020300000008
2.1720000000000015,0.576922890017008
2.1730000000000014,0.5840230599830141
2.1740000000000017,0.5888613499999912
2.1750000000000016,0.5839193499999846
2.1760000000000015,0.5753204498899981
2.1770000000000014,0.5746397999999984
2.1780000000000017,0.573414919999975
2.1790000000000016,0.5592965994680649
2.1800000000000015,0.5335912805318551
2.1810000000000014,0.510543819999995
2.1820000000000017,0.5067809775555032
2.1830000000000016,0.5156565324445244
2.1840000000000015,0.52547354
2.1850000000000014,0.5254523992601482
2.1860000000000017,0.5256450007398524
2.1870000000000016,0.5385642600000317
2.1880000000000015,0.5563616200000117
2.1890000000000014,0.5651265231273729
2.1900000000000017,0.5637577968726228
2.1910000000000016,0.5596517899999865
2.1920000000000015,0.5520965214337061
2.1930000000000014,0.5477108585662802
2.1940000000000017,0.5558182600000144
2.1950000000000016,0.5639378473875265
2.1960000000000015,0.5664117226124812
2.1970000000000014,0.5609192299999995
2.1980000000000017,0.5605902700000149
2.1990000000000016,0.5690271616258227
2.2000000000000015,0.5598434199999848
2.2010000000000014,0.5483951600000067
2.2020000000000017,0.5533543079994075
2.2030000000000016,0.5579343020006067
2.2040000000000015,0.5593870300000051
2.2050000000000014,0.5632596486372772
2.2060000000000017,0.5661460213627331
2.2070000000000016,0.5771080300000208
2.2080000000000015,0.5887992315196958
2.2090000000000014,0.5887144284803038
2.2100000000000017,0.5880344500000014
2.2110000000000016,0.588833450000001
2.2120000000000015,0.589382505486909
2.2130000000000014,0.5933373745131033
2.2140000000000017,0.5995234300000031
2.2150000000000016,0.6012976500139824
2.2160000000000015,0.592097789985989
2.2170000000000014,0.580188039999998
2.2180000000000017,0.5786661579774056
2.2190000000000016,0.5793459320225965
2.2200000000000015,0.5772436299999973
2.2210000000000014,0.5752101500000013
2.2220000000000018,0.5761914705799456
2.2230000000000016,0.5783972700000034
2.2240000000000015,0.5809803600000033
2.2250000000000014,0.5834926654159259
2.2260000000000018,0.5891468245840942
2.2270000000000016,0.5944078599999909
2.2280000000000015,0.5892681292241473
2.2290000000000014,0.5843603707758376
2.2300000000000018,0.5862228300000129
2.2310000000000016,0.5934543968316526
2.2320000000000015,0.6051227131683837
2.2330000000000014,0.6138539300000067
2.2340000000000018,0.6188626300000044
2.2350000000000017,0.6213688566306725
2.2360000000000015,0.6205351633693249
2.2370000000000014,0.618150709999991
2.2380000000000018,0.6113982532443247
2.2390000000000017,0.5950306967556244
2.2400000000000015,0.5791494799999927
2.2410000000000014,0.5736287424185224
2.2420000000000018,0.577352927581491
2.2430000000000017,0.5782192299999906
2.2440000000000015,0.5712153899999974
2.2450000000000014,0.569298123477306
2.2460000000000018,0.5702328965226974
2.2470000000000017,0.5694622400000061
2.2480000000000016,0.5728725429904051
2.2490000000000014,0.574902447009601
2.2500000000000018,0.5725387899999941
2.2510000000000017,0.569247225529886
2.2520000000000016,0.5643025244700985
2.2530000000000014,0.5669784500000093
2.254000000000002,0.5739552710078067
2.2550000000000017,0.5790653489922093
2.2560000000000016,0.5824664200000043
2.2570000000000014,0.5848146699999847
2.258000000000002,0.5761706213167146
2.2590000000000017,0.5624837886832429
2.2600000000000016,0.5691834100000284
2.2610000000000015,0.5851742555778958
2.262000000000002,0.5922300344221293
2.2630000000000017,0.5969656100000166
2.2640000000000016,0.6063052878244521
2.2650000000000015,0.6168835321755807
2.266000000000002,0.621303619999992
2.2670000000000017,0.6168023899999805
2.2680000000000016,0.6057825687372382
2.2690000000000015,0.5968699412627342
2.270000000000002,0.5984747400000067
2.2710000000000017,0.6021965467576432
2.2720000000000016,0.5989641232423467
2.2730000000000015,0.5934395199999954
2.274000000000002,0.5899855174765062
2.2750000000000017,0.5908602825234966
2.2760000000000016,0.5882762699999875
2.2770000000000015,0.5811985099999966
2.278000000000002,0.5792388459663995
2.2790000000000017,0.5861460600000162
2.2800000000000016,0.5952683700000154
2.2810000000000015,0.6039345265157017
2.282000000000002,0.6068996834843089
2.2830000000000017,0.6012285899999921
2.2840000000000016,0.5967630975234994
2.2850000000000015,0.5993383324765086
2.286000000000002,0.6071032300000095
2.2870000000000017,0.6124733701029784
2.2880000000000016,0.6118743998970196
2.2890000000000015,0.6075374499999924
2.290000000000002,0.6017695099999962
2.2910000000000017,0.5996471416486795
2.2920000000000016,0.6053636283513383
2.2930000000000015,0.6133314400000064
2.294000000000002,0.6181524294141238
2.2950000000000017,0.622246570585889
2.2960000000000016,0.6288794300000095
2.2970000000000015,0.6342187029714069
2.298000000000002,0.6349484170285957
2.2990000000000017,0.633632299999997
2.3000000000000016,0.6319352999999959
2.3010000000000015,0.6296129122387727
2.302000000000002,0.6287227300000032
2.3030000000000017,0.6305041300000029
2.3040000000000016,0.6321337141961578
2.3050000000000015,0.6302756758038365
2.306000000000002,0.6239747999999842
2.3070000000000017,0.6150647859957891
2.3080000000000016,0.6077247440041882
2.3090000000000015,0.6050978300000016
2.310000000000002,0.6063166358438352
2.3110000000000017,0.6087750741561735
2.3120000000000016,0.6123178000000101
2.3130000000000015,0.6179193300000048
2.314000000000002,0.6215225203089358
2.3150000000000017,0.6200256096910589
2.3160000000000016,0.6158912799999914
2.3170000000000015,0.6110229546280668
2.318000000000002,0.6062692353719163
2.3190000000000017,0.6015379999999916
2.3200000000000016,0.5967779351619699
2.3210000000000015,0.5981295548380344
2.322000000000002,0.6074991200000153
2.3230000000000017,0.6161027600000036
2.3240000000000016,0.6181787906049359
2.3250000000000015,0.615884839999997
2.326000000000002,0.6136654600000004
2.3270000000000017,0.6139356690671878
2.3280000000000016,0.6147263409328146
2.3290000000000015,0.6130016399999916
2.330000000000002,0.6066849298170207
2.3310000000000017,0.5989831001829484
2.3320000000000016,0.5956264099999973
2.3330000000000015,0.5940343997770373
2.334000000000002,0.5895321702229467
2.3350000000000017,0.5868026599999999
2.3360000000000016,0.5867136700000004
2.3370000000000015,0.5869610086972706
2.338000000000002,0.5932479813027516
2.3390000000000017,0.6040133800000146
2.3400000000000016,0.6122073153149459
2.3410000000000015,0.6177604646850713
2.342000000000002,0.620665309999998
2.3430000000000017,0.6195443360867762
2.3440000000000016,0.6155052039132114
2.3450000000000015,0.6101430099999915
2.346000000000002,0.6037630999999878
2.3470000000000018,0.5969793920207923
2.3480000000000016,0.5934995999999997
2.3490000000000015,0.5932089699999985
2.350000000000002,0.5921343568086335
2.3510000000000018,0.5898024431913572
2.3520000000000016,0.5868996999999938
2.3530000000000015,0.5834663300899788
2.354000000000002,0.5814672299100141
2.3550000000000018,0.5849847800000116
2.3560000000000016,0.5915262249580115
2.3570000000000015,0.5934758050419945
2.358000000000002,0.5882916499999864
2.3590000000000018,0.5806130799999956
2.3600000000000017,0.5780828921895664
2.3610000000000015,0.580804787810442
2.362000000000002,0.5842984300000043
2.3630000000000018,0.5866696384773085
2.3640000000000017,0.5891544115226992
2.3650000000000015,0.593448760000006
2.366000000000002,0.5979454287812496
2.3670000000000018,0.6007332412187617
2.3680000000000017,0.6022551700000032
2.3690000000000015,0.6046831600000031
2.370000000000002,0.6070019914567105
2.3710000000000018,0.6079165585432931
2.3720000000000017,0.6078279599999953
2.3730000000000016,0.6051927427504425
2.374000000000002,0.6006202472495412
2.3750000000000018,0.5971913299999935
2.3760000000000017,0.5935168893631159
2.3770000000000016,0.586410520636862
2.378000000000002,0.5757369999999815
2.379000000000002,0.565336551429703
2.3800000000000017,0.5584508485702757
2.3810000000000016,0.5520495799999852
2.382000000000002,0.5436921099999883
2.383000000000002,0.538442906408723
2.3840000000000017,0.5414069935912862
2.3850000000000016,0.5472900299999978
2.386000000000002,0.5460447625794705
2.387000000000002,0.5394705574205032
2.3880000000000017,0.5411828800000212
2.3890000000000016,0.5531282568406494
2.390000000000002,0.5639966631593891
2.391000000000002,0.57338321000002
2.3920000000000017,0.5846238700000158
2.3930000000000016,0.5935285754959058
2.394000000000002,0.5965835345041051
2.395000000000002,0.5940892099999893
2.3960000000000017,0.5880199844580942
2.3970000000000016,0.5792645655418786
2.398000000000002,0.5681696499999832
2.399000000000002,0.5587250167186442
2.4000000000000017,0.5511922032813324
2.4010000000000016,0.5407193299999827
2.4020000000000015,0.530992930000004
2.403000000000002,0.533244084884516
2.4040000000000017,0.545967160000018
2.4050000000000016,0.5561181900000001
2.406000000000002,0.5561915126994419
2.407000000000002,0.5473185073005227
2.4080000000000017,0.5400325700000097
2.4090000000000016,0.5454499071325937
2.4100000000000015,0.5579212328674452
2.411000000000002,0.5670939700000068
2.4120000000000017,0.5709598957398515
2.4130000000000016,0.5706172942601475
2.414000000000002,0.5682893999999944
2.415000000000002,0.5651024599999896
2.4160000000000017,0.5592779871665537
2.4170000000000016,0.5512496528334213
2.4180000000000015,0.5461466300000006
2.419000000000002,0.5466581334693116
2.4200000000000017,0.5499928265306988
2.4210000000000016,0.5540261300000122
2.422000000000002,0.5608908100880011
2.423000000000002,0.5699916899120352
2.4240000000000017,0.5760334700000022
2.4250000000000016,0.5771914700000002
2.4260000000000015,0.5772508940575943
2.427000000000002,0.5787980600000048
2.4280000000000017,0.5814920100000063
2.4290000000000016,0.5850529943551322
2.430000000000002,0.5870965456448749
2.431000000000002,0.5862729499999959
2.4320000000000017,0.5839668980363858
2.4330000000000016,0.5796472619636007
2.4340000000000015,0.5722762899999913
2.435000000000002,0.5656580268976108
2.4360000000000017,0.5596270031023678
2.4370000000000016,0.5470547699999714
2.438000000000002,0.5309278999999831
2.439000000000002,0.5214285527774468
2.4400000000000017,0.5228563272225583
2.4410000000000016,0.5344321100000275
2.4420000000000015,0.5499364886692866
2.443000000000002,0.5626231813307585
2.4440000000000017,0.5719209300000125
2.4450000000000016,0.5789698442521564
2.446000000000002,0.5832123657478587
2.447000000000002,0.5828334099999934
2.4480000000000017,0.5791149699999923
2.4490000000000016,0.5748195081831731
2.4500000000000015,0.5695013399999904
2.451000000000002,0.5623462799999864
2.4520000000000017,0.5546999385172847
2.4530000000000016,0.5473851114826925
2.454000000000002,0.541704299999996
2.455000000000002,0.5394751732193556
2.4560000000000017,0.5392073667806434
2.4570000000000016,0.5392714700000023
2.4580000000000015,0.5405769030303952
2.459000000000002,0.5414072069696076
2.4600000000000017,0.5406966800000073
2.4610000000000016,0.5447863300000226
2.462000000000002,0.5575438295741125
2.463000000000002,0.5708395704259407
2.4640000000000017,0.5788428800000083
2.4650000000000016,0.5835245641941647
2.4660000000000015,0.585666505805842
2.467000000000002,0.5874334600000085
2.4680000000000017,0.592259309745059
2.4690000000000016,0.5972567602549566
2.470000000000002,0.5986463999999966
2.471000000000002,0.5967291599999924
2.4720000000000018,0.5924747530386874
2.4730000000000016,0.5870051399999888
2.4740000000000015,0.5785819299999799
2.475000000000002,0.563534621745608
2.4760000000000018,0.5427520782543087
2.4770000000000016,0.5282092100000025
2.478000000000002,0.5296386873345524
2.479000000000002,0.5390120326654851
2.4800000000000018,0.5463578100000066
2.4810000000000016,0.5500694675524889
2.4820000000000015,0.5496449924475099
2.483000000000002,0.5449116799999901
2.4840000000000018,0.5393312599999976
2.4850000000000017,0.5379969678104392
2.486000000000002,0.5387750721895636
2.487000000000002,0.5366799799999928
2.4880000000000018,0.5326520777034516
2.4890000000000017,0.5278291122965335
2.4900000000000015,0.5220246899999907
2.491000000000002,0.5151413200279775
2.4920000000000018,0.5069415999719896
2.4930000000000017,0.4990996999999934
2.494000000000002,0.4940816499999978
2.495000000000002,0.4928496463857283
2.4960000000000018,0.4955135036142823
2.4970000000000017,0.49920034000000213
2.4980000000000016,0.5003729827514531
2.499000000000002,0.5025004972485544
2.5000000000000018,0.50738084
2.5010000000000017,0.50738084
2.502000000000002,0.50738084
2.503000000000002,0.50738084
2.504000000000002,0.50738084
2.5050000000000017,0.50738084
2.5060000000000016,0.50738084
2.507000000000002,0.50738084
2.508000000000002,0.50738084
2.5090000000000017,0.50738084
2.510000000000002,0.50738084
2.511000000000002,0.50738084
2.512000000000002,0.50738084
2.5130000000000017,0.50738084
2.5140000000000016,0.50738084
2.515000000000002,0.50738084
2.516000000000002,0.50738084
2.5170000000000017,0.50738084
2.518000000000002,0.50738084
2.519000000000002,0.50738084
2.520000000000002,0.50738084
2.5210000000000017,0.50738084
2.5220000000000016,0.50738084
2.523000000000002,0.50738084
2.524000000000002,0.50738084
2.5250000000000017,0.50738084
2.526000000000002,0.50738084
2.527000000000002,0.50738084
2.528000000000002,0.50738084
2.5290000000000017,0.50738084
2.5300000000000016,0.50738084
2.531000000000002,0.50738084
2.532000000000002,0.50738084
2.5330000000000017,0.50738084
2.534000000000002,0.50738084
2.535000000000002,0.50738084
2.536000000000002,0.50738084
2.5370000000000017,0.50738084
2.5380000000000016,0.50738084
2.539000000000002,0.50738084
2.540000000000002,0.50738084
2.5410000000000017,0.50738084
2.542000000000002,0.50738084
2.543000000000002,0.50738084
2.544000000000002,0.50738084
2.5450000000000017,0.50738084
2.5460000000000016,0.50738084
2.547000000000002,0.50738084
2.548000000000002,0.50738084
2.5490000000000017,0.50738084
2.550000000000002,0.50738084
2.551000000000002,0.50738084
2.552000000000002,0.50738084
2.5530000000000017,0.50738084
2.5540000000000016,0.50738084
2.555000000000002,0.50738084
2.556000000000002,0.50738084
2.5570000000000017,0.50738084
2.558000000000002,0.50738084
2.559000000000002,0.50738084
2.560000000000002,0.50738084
2.5610000000000017,0.50738084
2.5620000000000016,0.50738084
2.563000000000002,0.50738084
2.564000000000002,0.50738084
2.5650000000000017,0.50738084
2.566000000000002,0.50738084
2.567000000000002,0.50738084
2.568000000000002,0.50738084
2.5690000000000017,0.50738084
2.5700000000000016,0.50738084
2.571000000000002,0.50738084
2.572000000000002,0.50738084
2.5730000000000017,0.50738084
2.574000000000002,0.50738084
2.575000000000002,0.50738084
2.576000000000002,0.50738084
2.5770000000000017,0.50738084
2.5780000000000016,0.50738084
2.579000000000002,0.50738084
2.580000000000002,0.50738084
2.5810000000000017,0.50738084
2.582000000000002,0.50738084
2.583000000000002,0.50738084
2.584000000000002,0.50738084
2.5850000000000017,0.50738084
2.5860000000000016,0.50738084
2.587000000000002,0.50738084
2.588000000000002,0.50738084
2.5890000000000017,0.50738084
2.590000000000002,0.50738084
2.591000000000002,0.50738084
2.592000000000002,0.50738084
2.5930000000000017,0.50738084
2.5940000000000016,0.50738084
2.595000000000002,0.50738084
2.596000000000002,0.50738084
2.5970000000000018,0.50738084
2.598000000000002,0.50738084
2.599000000000002,0.50738084
