wave,r
0.4,0.11421561715365693
0.401,0.11931060803333968
0.402,0.1261139419666607
0.403,0.138757620000001
0.404,0.15666018097439036
0.405,0.17804529
0.406,0.20516625613487874
0.40700000000000003,0.23377974386512285
0.40800000000000003,0.2634955416526686
0.40900000000000003,0.2966608083473332
0.41000000000000003,0.3272142100000016
0.41100000000000003,0.35660997604233974
0.41200000000000003,0.38501555
0.41300000000000003,0.4094160489398118
0.41400000000000003,0.4333100300000012
0.41500000000000004,0.4544751819455619
0.41600000000000004,0.4706697380544399
0.41700000000000004,0.48624846
0.41800000000000004,0.49933303915420924
0.41900000000000004,0.5101446500000005
0.42000000000000004,0.5198999674176261
0.42100000000000004,0.52664173
0.42200000000000004,0.5321011956347875
0.42300000000000004,0.5366646743652129
0.42400000000000004,0.5387980547182059
0.42500000000000004,0.5412698752817946
0.42600000000000005,0.5436601600000001
0.42700000000000005,0.545740409111509
0.42800000000000005,0.5496515600000003
0.42900000000000005,0.5533181767807646
0.43000000000000005,0.5569962532192357
0.43100000000000005,0.5618667968408634
0.43200000000000005,0.565550883159137
0.43300000000000005,0.5685996400000001
0.43400000000000005,0.5711406050780492
0.43500000000000005,0.5726484100000001
0.43600000000000005,0.5740313583165337
0.43700000000000006,0.5748630116834664
0.43800000000000006,0.5750486372346553
0.43900000000000006,0.5757721027653447
0.44000000000000006,0.5758599
0.44100000000000006,0.5755981826171738
0.44200000000000006,0.57598984
0.44300000000000006,0.5765513359206816
0.44400000000000006,0.5781434040793185
0.44500000000000006,0.580803357856343
0.44600000000000006,0.5835889921436573
0.44700000000000006,0.5869224700000001
0.44800000000000006,0.5895585736389637
0.44900000000000007,0.59052634
0.45000000000000007,0.5907663034394312
0.45100000000000007,0.5901102465605688
0.45200000000000007,0.5900463771987562
0.45300000000000007,0.5927662528012441
0.45400000000000007,0.598323700000001
0.45500000000000007,0.6079215640213604
0.45600000000000007,0.6213990400000009
0.4570000000000001,0.6366889258264425
0.4580000000000001,0.6522715700000016
0.4590000000000001,0.665844238280135
0.4600000000000001,0.6756722517198662
0.4610000000000001,0.6819781700000002
0.4620000000000001,0.6846583231984682
0.4630000000000001,0.68507844
0.4640000000000001,0.6851968179442206
0.4650000000000001,0.68499124
0.4660000000000001,0.6859870853540931
0.4670000000000001,0.6885224946459073
0.4680000000000001,0.6912830222013564
0.4690000000000001,0.6945031577986442
0.4700000000000001,0.6969825000000001
0.4710000000000001,0.6978843834677654
0.4720000000000001,0.6982311599999999
0.4730000000000001,0.6971031814537707
0.4740000000000001,0.695248558546229
0.4750000000000001,0.6944068091971161
0.4760000000000001,0.6943265208028839
0.4770000000000001,0.6961200800000003
0.4780000000000001,0.6999915066831337
0.4790000000000001,0.7046598200000006
0.4800000000000001,0.7098436854642912
0.4810000000000001,0.7143901145357098
0.4820000000000001,0.7175022054172919
0.4830000000000001,0.7200439345827087
0.4840000000000001,0.7214155800000001
0.4850000000000001,0.7222099220565795
0.4860000000000001,0.7236726900000001
0.4870000000000001,0.7247967210147799
0.4880000000000001,0.7258981989852205
0.4890000000000001,0.726844429652507
0.4900000000000001,0.726809680347493
0.4910000000000001,0.7264238
0.4920000000000001,0.7252842913950859
0.4930000000000001,0.7230727099999997
0.4940000000000001,0.7210022561595382
0.4950000000000001,0.7186182099999998
0.4960000000000001,0.7162644155794882
0.4970000000000001,0.7148223644205115
0.4980000000000001,0.7133083299999999
0.4990000000000001,0.7123417996653032
0.5000000000000001,0.7121055699999999
0.5010000000000001,0.7115515488292766
0.5020000000000001,0.7114344809566522
0.5030000000000001,0.711466369362232
0.5040000000000001,0.7111235934278343
0.5050000000000001,0.7111546999999999
0.5060000000000001,0.711063677738713
0.5070000000000001,0.7109506133919304
0.5080000000000001,0.7114869892720928
0.5090000000000001,0.71182114
0.5100000000000001,0.712246127596676
0.5110000000000001,0.7130057914985402
0.5120000000000001,0.71358071850146
0.5130000000000001,0.7144495113120132
0.5140000000000001,0.71524346
0.5150000000000001,0.7153746552775057
0.5160000000000001,0.7159023970145493
0.5170000000000001,0.7161362153236338
0.5180000000000001,0.7159118722435224
0.5190000000000001,0.7160007365428654
0.5200000000000001,0.7156550218298084
0.5210000000000001,0.7152465122552871
0.5220000000000001,0.7152684897800956
0.5230000000000001,0.71524495
0.5240000000000001,0.7155150243344434
0.5250000000000001,0.7159484639742411
0.5260000000000001,0.716147176025759
0.5270000000000001,0.7166449350223503
0.5280000000000001,0.71708286
0.5290000000000001,0.7173183699420995
0.5300000000000001,0.7178154688846557
0.5310000000000001,0.7181116240768962
0.5320000000000001,0.7183043380728807
0.5330000000000001,0.7186424116880169
0.5340000000000001,0.7188112159685016
0.5350000000000001,0.7191096410472477
0.5360000000000001,0.7194842062543251
0.5370000000000001,0.71958572
0.5380000000000001,0.7200331751303027
0.5390000000000001,0.7205462002240888
0.5400000000000001,0.7208870031839408
0.5410000000000001,0.7215216136538366
0.5420000000000001,0.7221021100000001
0.5430000000000001,0.7226493538847059
0.5440000000000002,0.7233435891729415
0.5450000000000002,0.7238211504489045
0.5460000000000002,0.72427869
0.5470000000000002,0.7247440824039241
0.5480000000000002,0.7249844794874205
0.5490000000000002,0.7254588505125796
0.5500000000000002,0.7259585250032501
0.5510000000000002,0.72618419
0.5520000000000002,0.7265477826321527
0.5530000000000002,0.7268109985039749
0.5540000000000002,0.7270944643306836
0.5550000000000002,0.7277194837497376
0.5560000000000002,0.7280418329498295
0.5570000000000002,0.72833682039928
0.5580000000000002,0.72885678440108
0.5590000000000002,0.7293266606025061
0.5600000000000002,0.7299941800000002
0.5610000000000002,0.7308185779668798
0.5620000000000002,0.7316152664633417
0.5630000000000002,0.7324384335366586
0.5640000000000002,0.733160252781828
0.5650000000000002,0.7337515400000001
0.5660000000000002,0.7342504319216192
0.5670000000000002,0.7343465080365981
0.5680000000000002,0.7342810613089346
0.5690000000000002,0.7343346494640947
0.5700000000000002,0.7342075691565916
0.5710000000000002,0.7341232285146743
0.5720000000000002,0.7340489622279885
0.5730000000000002,0.733858701902638
0.5740000000000002,0.7341071400000001
0.5750000000000002,0.7347002679382795
0.5760000000000002,0.735494099532819
0.5770000000000002,0.7364707404671815
0.5780000000000002,0.7373382913245136
0.5790000000000002,0.7381024400000001
0.5800000000000002,0.7388248467152673
0.5810000000000002,0.7391606046827658
0.5820000000000002,0.739316696878156
0.5830000000000002,0.7394069999999999
0.5840000000000002,0.7394527844846449
0.5850000000000002,0.7399012545940704
0.5860000000000002,0.7406309581088948
0.5870000000000002,0.7414336719728396
0.5880000000000002,0.7423571300000001
0.5890000000000002,0.7429922238618772
0.5900000000000002,0.7433784134711267
0.5910000000000002,0.7438274510192492
0.5920000000000002,0.7440712975615758
0.5930000000000002,0.7443835747869479
0.5940000000000002,0.7448622669756513
0.5950000000000002,0.7452110495365233
0.5960000000000002,0.7455854325123252
0.5970000000000002,0.7459620800000001
0.5980000000000002,0.7463217449412495
0.5990000000000002,0.7468158696926124
0.6000000000000002,0.7473005003073878
0.6010000000000002,0.7478368846361464
0.6020000000000002,0.7486229500000001
0.6030000000000002,0.7492688969548392
0.6040000000000002,0.7499643831444429
0.6050000000000002,0.7507358645703717
0.6060000000000002,0.7511007163515636
0.6070000000000002,0.7516043258395585
0.6080000000000002,0.752188276961452
0.6090000000000002,0.7525363495578222
0.6100000000000002,0.7531456839065782
0.6110000000000002,0.7537963400000001
0.6120000000000002,0.7543183046676468
0.6130000000000002,0.7547850688222472
0.6140000000000002,0.755226181177753
0.6150000000000002,0.7557100051617518
0.6160000000000002,0.7562470400000001
0.6170000000000002,0.7567210309423095
0.6180000000000002,0.7572681482453879
0.6190000000000002,0.7578763278364083
0.6200000000000002,0.7584057500000001
0.6210000000000002,0.7589490447135472
0.6220000000000002,0.7594203983789811
0.6230000000000002,0.7598393474315285
0.6240000000000002,0.7603719146742935
0.6250000000000002,0.7607279400000001
0.6260000000000002,0.7611811884228687
0.6270000000000002,0.7620234644133795
0.6280000000000002,0.7625039103910806
0.6290000000000002,0.7629880851582517
0.6300000000000002,0.7635414600000001
0.6310000000000002,0.7638348994005301
0.6320000000000002,0.7643049258992052
0.6330000000000002,0.7649889463194635
0.6340000000000002,0.7657167900000001
0.6350000000000002,0.766200303886339
0.6360000000000002,0.766588939802208
0.6370000000000002,0.7670790501977922
0.6380000000000002,0.767760273187732
0.6390000000000002,0.7682838400000002
0.6400000000000002,0.7688494362318248
0.6410000000000002,0.7694726122696866
0.6420000000000002,0.769881601820209
0.6430000000000002,0.7705349234667348
0.6440000000000002,0.7712338053101533
0.6450000000000002,0.7717648271511426
0.6460000000000002,0.7726223842732866
0.6470000000000002,0.7732979032448651
0.6480000000000002,0.7737317100000001
0.6490000000000002,0.7743789076365767
0.6500000000000002,0.7751425659793609
0.6510000000000002,0.7759415340206394
0.6520000000000002,0.7766404130112303
0.6530000000000002,0.7772150000000001
0.6540000000000002,0.7778833650359505
0.6550000000000002,0.7786351608486578
0.6560000000000002,0.7793301161008951
0.6570000000000003,0.779991383387334
0.6580000000000003,0.7805371952947531
0.6590000000000003,0.7810666746536675
0.6600000000000003,0.7817993580194993
0.6610000000000003,0.7824486435071702
0.6620000000000003,0.7830961300000001
0.6630000000000003,0.7837532841002821
0.6640000000000003,0.7841633165966704
0.6650000000000003,0.7847165389355533
0.6660000000000003,0.7854385327800281
0.6670000000000003,0.7861003300000001
0.6680000000000003,0.7867654105648719
0.6690000000000003,0.7872936541526925
0.6700000000000003,0.7876962319485197
0.6710000000000003,0.7881730200000001
0.6720000000000003,0.788581195377054
0.6730000000000003,0.7891189046870127
0.6740000000000003,0.7898532553129877
0.6750000000000003,0.7902856456761569
0.6760000000000003,0.7907548000000003
0.6770000000000003,0.7912854036096724
0.6780000000000003,0.7916463717189142
0.6790000000000003,0.7920370021873908
0.6800000000000003,0.7924553158168582
0.6810000000000003,0.7930320585908861
0.6820000000000003,0.793891138962952
0.6830000000000003,0.7943392865555723
0.6840000000000003,0.7945678154295543
0.6850000000000003,0.7950578300000001
0.6860000000000003,0.7955575059485597
0.6870000000000003,0.7961523607559698
0.6880000000000003,0.7966901592440303
0.6890000000000003,0.7969687572140722
0.6900000000000003,0.7974757600000002
0.6910000000000003,0.7980012974566747
0.6920000000000003,0.7983741330346483
0.6930000000000003,0.7988086213102346
0.6940000000000003,0.7992483956022562
0.6950000000000003,0.7997322748953491
0.6960000000000003,0.8002218054381283
0.6970000000000003,0.8004937118428079
0.6980000000000003,0.8008848960881219
0.6990000000000003,0.8014106200000001
0.7000000000000003,0.8017313535459355
0.7010000000000003,0.8020859433816648
0.7020000000000003,0.8022550266183353
0.7030000000000003,0.8022580099701997
0.7040000000000003,0.80260015
0.7050000000000003,0.8028326630876309
0.7060000000000003,0.802987046939253
0.7070000000000003,0.8032183553738315
0.7080000000000003,0.8032003000000001
0.7090000000000003,0.803182301891319
0.7100000000000003,0.8033714376718165
0.7110000000000003,0.8037550284922754
0.7120000000000003,0.8040377471728435
0.7130000000000003,0.80416179
0.7140000000000003,0.8042342127889558
0.7150000000000003,0.8045131158545074
0.7160000000000003,0.8050415994303286
0.7170000000000003,0.8058125322906231
0.7180000000000003,0.8067318894682949
0.7190000000000003,0.8076787214613272
0.7200000000000003,0.8087517878080099
0.7210000000000003,0.809783679362194
0.7220000000000003,0.8103746200000002
0.7230000000000003,0.8108413239125392
0.7240000000000003,0.8112325782584698
0.7250000000000003,0.8116455017415305
0.7260000000000003,0.8122118643363435
0.7270000000000003,0.8126996200000001
0.7280000000000003,0.8131492753187065
0.7290000000000003,0.8136811421871907
0.7300000000000003,0.8140873818752064
0.7310000000000003,0.8143927469463695
0.7320000000000003,0.8146066718596187
0.7330000000000003,0.8147926384575773
0.7340000000000003,0.8152155173136345
0.7350000000000003,0.8157587545675915
0.7360000000000003,0.8162673700000002
0.7370000000000003,0.8167128621517216
0.7380000000000003,0.8169280343808248
0.7390000000000003,0.8171470756191753
0.7400000000000003,0.8175713957567576
0.7410000000000003,0.8177289400000001
0.7420000000000003,0.8179869786044862
0.7430000000000003,0.8184172004565773
0.7440000000000003,0.8187657530289487
0.7450000000000003,0.8190826200000001
0.7460000000000003,0.819327002387124
0.7470000000000003,0.8195657174526275
0.7480000000000003,0.819938348821059
0.7490000000000003,0.8202267871156423
0.7500000000000003,0.8204300400000001
0.7510000000000003,0.8206225622483451
0.7520000000000003,0.820847402963552
0.7530000000000003,0.8212795213576323
0.7540000000000003,0.8216991358038581
0.7550000000000003,0.82174015
0.7560000000000003,0.8218902945333735
0.7570000000000003,0.82211696319994
0.7580000000000003,0.8224511033171333
0.7590000000000003,0.8229331400000001
0.7600000000000003,0.8231709613000131
0.7610000000000003,0.8233009639814408
0.7620000000000003,0.8235000360185594
0.7630000000000003,0.8236661583387835
0.7640000000000003,0.8240985300000001
0.7650000000000003,0.8245122397210944
0.7660000000000003,0.8244843517843108
0.7670000000000003,0.8245438288104595
0.7680000000000003,0.8246993384448845
0.7690000000000003,0.8249956439261394
0.7700000000000004,0.8253882524472778
0.7710000000000004,0.8255106163290835
0.7720000000000004,0.8255468596375928
0.7730000000000004,0.8257157800000001
0.7740000000000004,0.8260076640561408
0.7750000000000004,0.8264132766611336
0.7760000000000004,0.8267463333388666
0.7770000000000004,0.8268470189931899
0.7780000000000004,0.82689399
0.7790000000000004,0.8269640839506396
0.7800000000000004,0.8271616193838309
0.7810000000000004,0.8274744137441129
0.7820000000000004,0.8276221185229853
0.7830000000000004,0.8277944326500266
0.7840000000000004,0.8280594345453729
0.7850000000000004,0.828286703181941
0.7860000000000004,0.828582637040641
0.7870000000000004,0.82875818
0.7880000000000004,0.8288005024933499
0.7890000000000004,0.8290498356466177
0.7900000000000004,0.8292380562355883
0.7910000000000004,0.8294458379221793
0.7920000000000004,0.82976151
0.7930000000000004,0.8299222030586471
0.7940000000000004,0.8300751354120295
0.7950000000000004,0.8302243370159702
0.7960000000000004,0.8303146400000001
0.7970000000000004,0.8304747909293093
0.7980000000000004,0.8305677224091037
0.7990000000000004,0.8306881775908964
0.8000000000000004,0.8311083857978582
0.8010000000000004,0.8314355600000002
0.8020000000000004,0.8318187641610834
0.8030000000000004,0.8322348622261887
0.8040000000000004,0.8323090685158742
0.8050000000000004,0.8324506885837859
0.8060000000000004,0.8326849327013272
0.8070000000000004,0.8329550677638119
0.8080000000000004,0.8333432583542824
0.8090000000000004,0.833699162881929
0.8100000000000004,0.8339708400000001
0.8110000000000004,0.8342019327037271
0.8120000000000004,0.8344723073143075
0.8130000000000004,0.8348380226856927
0.8140000000000004,0.8352559758204584
0.8150000000000004,0.8356021000000001
0.8160000000000004,0.8358977437814379
0.8170000000000004,0.8360868156949153
0.8180000000000004,0.8362766462033898
0.8190000000000004,0.836697995786458
0.8200000000000004,0.8370891844757449
0.8210000000000004,0.8375367598141096
0.8220000000000004,0.8380274652788363
0.8230000000000004,0.8382760275144503
0.8240000000000004,0.8385643400000001
0.8250000000000004,0.838814801491915
0.8260000000000004,0.838963997578897
0.8270000000000004,0.8393429424211034
0.8280000000000004,0.8396899065303655
0.8290000000000004,0.8400119500000001
0.8300000000000004,0.8404465378070782
0.8310000000000004,0.8408368941130945
0.8320000000000004,0.8413073305912706
0.8330000000000004,0.8417604600000002
0.8340000000000004,0.8419888633504335
0.8350000000000004,0.8423239056503176
0.8360000000000004,0.8426064215245239
0.8370000000000004,0.8428710073541472
0.8380000000000004,0.8433700800000001
0.8390000000000004,0.8437184134189686
0.8400000000000004,0.844060310084596
0.8410000000000004,0.8443964632769363
0.8420000000000004,0.844426209702597
0.8430000000000004,0.8446496131108313
0.8440000000000004,0.8449606951067448
0.8450000000000004,0.8452160323398831
0.8460000000000004,0.8456056622073223
0.8470000000000004,0.84570086
0.8480000000000004,0.8457486634142343
0.8490000000000004,0.8460900825032999
0.8500000000000004,0.8462152474967002
0.8510000000000004,0.846305669095791
0.8520000000000004,0.8462651999999999
0.8530000000000004,0.8459460670626411
0.8540000000000004,0.8456523279487024
0.8550000000000004,0.8452506180341981
0.8560000000000004,0.8447727047791476
0.8570000000000004,0.8443204122960226
0.8580000000000004,0.8435500083262831
0.8590000000000004,0.842466322510574
0.8600000000000004,0.8410145745175898
0.8610000000000004,0.8391318899999991
0.8620000000000004,0.8371031670447696
0.8630000000000004,0.8348076390114384
0.8640000000000004,0.8322582109885592
0.8650000000000004,0.8296802857792567
0.8660000000000004,0.8269096599999989
0.8670000000000004,0.8243761890379895
0.8680000000000004,0.8223280930685457
0.8690000000000004,0.8204303779543014
0.8700000000000004,0.8187931799999992
0.8710000000000004,0.8170227199386983
0.8720000000000004,0.8150165985195733
0.8730000000000004,0.8134425772206383
0.8740000000000004,0.8121090633350662
0.8750000000000004,0.8115932300000005
0.8760000000000004,0.8124927515290317
0.8770000000000004,0.8146456990067514
0.8780000000000004,0.8182792573288352
0.8790000000000004,0.8228970338220399
0.8800000000000004,0.8278440200000023
0.8810000000000004,0.8330366916424199
0.8820000000000005,0.837618812536375
0.8830000000000005,0.8413990543956457
0.8840000000000005,0.844525460000001
0.8850000000000005,0.8468241895206962
0.8860000000000005,0.8487762523093083
0.8870000000000005,0.8503917176906931
0.8880000000000005,0.8515591483257838
0.8890000000000005,0.8528335700000005
0.8900000000000005,0.8538283791536835
0.8910000000000005,0.8547437567856613
0.8920000000000005,0.8559699454762267
0.8930000000000005,0.8568092516070165
0.8940000000000005,0.8576070173105734
0.8950000000000005,0.8583380682309887
0.8960000000000005,0.8587496176535175
0.8970000000000005,0.85920088548731
0.8980000000000005,0.8595174000000002
0.8990000000000005,0.8598312151505517
0.9000000000000005,0.860346263827647
0.9010000000000005,0.8605376461723533
0.9020000000000005,0.8609044563318635
0.9030000000000005,0.86133707
0.9040000000000005,0.8613604400685009
0.9050000000000005,0.8618638642615871
0.9060000000000005,0.8623392504922757
0.9070000000000005,0.8626714866776669
0.9080000000000005,0.8631451718609188
0.9090000000000005,0.8633312682177894
0.9100000000000005,0.8637421576733165
0.9110000000000005,0.8642577448440972
0.9120000000000005,0.8642750400000001
0.9130000000000005,0.8646094231817637
0.9140000000000005,0.8649275983662817
0.9150000000000005,0.865206474422479
0.9160000000000005,0.8656549455152555
0.9170000000000005,0.8657396400000001
0.9180000000000005,0.8659731165574722
0.9190000000000005,0.8663009901637919
0.9200000000000005,0.8662020019800197
0.9210000000000005,0.8664391000000001
0.9220000000000005,0.8667019029767299
0.9230000000000005,0.8669995802919886
0.9240000000000005,0.8675141797080119
0.9250000000000005,0.8676169489723898
0.9260000000000005,0.8678026200000001
0.9270000000000005,0.8680963504119082
0.9280000000000005,0.8681375491942405
0.9290000000000005,0.8684440238705067
0.9300000000000005,0.8686286181540815
0.9310000000000005,0.8687800239684399
0.9320000000000005,0.8691768594756263
0.9330000000000005,0.8691506407865607
0.9340000000000005,0.8693127567575677
0.9350000000000005,0.86963546
0.9360000000000005,0.8697541448530487
0.9370000000000005,0.8702394436976522
0.9380000000000005,0.870424326302348
0.9390000000000005,0.8704293999492995
0.9400000000000005,0.8707688500000001
0.9410000000000005,0.8709577964146643
0.9420000000000005,0.8712785277066147
0.9430000000000005,0.8715354148622569
0.9440000000000005,0.8714925604286042
0.9450000000000005,0.8716303708416084
0.9460000000000005,0.8717145327964603
0.9470000000000005,0.8718543558053099
0.9480000000000005,0.8721625169183386
0.9490000000000005,0.87231028
0.9500000000000005,0.8724096993764937
0.9510000000000005,0.8723473480570776
0.9520000000000005,0.8722502019429224
0.9530000000000005,0.8725959065428657
0.9540000000000005,0.8726806
0.9550000000000005,0.8727968345480456
0.9560000000000005,0.8730242220017997
0.9570000000000005,0.8727576153321333
0.9580000000000005,0.87304318
0.9590000000000005,0.8729954958359581
0.9600000000000005,0.8725791117402133
0.9610000000000005,0.8731661223896808
0.9620000000000005,0.8728048836126721
0.9630000000000005,0.8727892600000003
0.9640000000000005,0.8733299366668331
0.9650000000000005,0.8729966385717716
0.9660000000000005,0.8732823642854859
0.9670000000000005,0.8735967868557687
0.9680000000000005,0.8737177299587996
0.9690000000000005,0.8737135985957699
0.9700000000000005,0.8731433871063443
0.9710000000000005,0.8731513598401984
0.9720000000000005,0.8733234399999997
0.9730000000000005,0.872995627765878
0.9740000000000005,0.8737721918787247
0.9750000000000005,0.8733661281212749
0.9760000000000005,0.8727031966293659
0.9770000000000005,0.8732375499999999
0.9780000000000005,0.8730611809704194
0.9790000000000005,0.8731582220434978
0.9800000000000005,0.8732263386376682
0.9810000000000005,0.8732099501639017
0.9820000000000005,0.8736717673785737
0.9830000000000005,0.873409630620969
0.9840000000000005,0.8734406790685466
0.9850000000000005,0.8737339370673415
0.9860000000000005,0.8732262300000005
0.9870000000000005,0.8742248399272993
0.9880000000000005,0.8742175534914599
0.9890000000000005,0.8733921265085393
0.9900000000000005,0.873954114379844
0.9910000000000005,0.87362373
0.9920000000000005,0.8737019379668799
0.9930000000000005,0.8741002780656969
0.9940000000000005,0.874369134622869
0.9950000000000006,0.8749828899999997
0.9960000000000006,0.8745089746128458
0.9970000000000006,0.8739702784109797
0.9980000000000006,0.874390827383531
0.9990000000000006,0.8745703682046643
1.0000000000000004,0.8746370699999999
1.0010000000000006,0.8744748199999999
1.0020000000000007,0.8743315899999999
1.0030000000000006,0.8741947399999999
1.0040000000000004,0.874009908039196
1.0050000000000006,0.8739903000000001
1.0060000000000007,0.87409663
1.0070000000000006,0.87408042
1.0080000000000005,0.87408686
1.0090000000000006,0.8741179565183481
1.0100000000000007,0.8739831400000001
1.0110000000000006,0.8740829200000003
1.0120000000000005,0.87458605
1.0130000000000006,0.8746806999999998
1.0140000000000007,0.874509407129287
1.0150000000000006,0.87456256
1.0160000000000005,0.87459534
1.0170000000000006,0.87448233
1.0180000000000007,0.8745612500000002
1.0190000000000006,0.8749516809569046
1.0200000000000005,0.8750514999999999
1.0210000000000006,0.8749104100000001
1.0220000000000007,0.8750619300000002
1.0230000000000006,0.8753621600000001
1.0240000000000005,0.8755313200000001
1.0250000000000006,0.8757743800000001
1.0260000000000007,0.87597489
1.0270000000000006,0.8759707200000001
1.0280000000000005,0.8761500100000003
1.0290000000000006,0.8765419100000001
1.0300000000000007,0.8767920700000001
1.0310000000000006,0.8769433500000002
1.0320000000000005,0.8772722106869314
1.0330000000000006,0.8774790800000001
1.0340000000000007,0.8776115200000001
1.0350000000000006,0.87774652
1.0360000000000005,0.8778106600000001
1.0370000000000006,0.8780438034826519
1.0380000000000007,0.8783786300000002
1.0390000000000006,0.8785827200000002
1.0400000000000005,0.8788806800000001
1.0410000000000006,0.87907279
1.0420000000000007,0.8791549117878212
1.0430000000000006,0.8791728599999998
1.0440000000000005,0.8790549000000001
1.0450000000000006,0.8790823800000002
1.0460000000000007,0.87918317
1.0470000000000006,0.8791402042965704
1.0480000000000005,0.87907022
1.0490000000000006,0.8790558
1.0500000000000007,0.8790166999999998
1.0510000000000006,0.87875491
1.0520000000000005,0.8787999700000001
1.0530000000000006,0.8790698600000001
1.0540000000000007,0.8792573800000002
1.0550000000000006,0.879541118320168
1.0560000000000005,0.87972432
1.0570000000000006,0.8797922100000001
1.0580000000000007,0.8799866400000003
1.0590000000000006,0.8802662500000001
1.0600000000000005,0.8804795204059594
1.0610000000000006,0.8805835800000003
1.0620000000000007,0.8808500200000001
1.0630000000000006,0.8810408700000001
1.0640000000000005,0.8811795700000001
1.0650000000000006,0.8814232056364365
1.0660000000000007,0.8818864200000001
1.0670000000000006,0.88205272
1.0680000000000005,0.88208252
1.0690000000000006,0.88216656
1.0700000000000007,0.882121264529547
1.0710000000000006,0.8821718100000001
1.0720000000000005,0.8822656300000001
1.0730000000000006,0.8823912100000001
1.0740000000000007,0.88260043
1.0750000000000006,0.8826765400000001
1.0760000000000005,0.8827869300000001
1.0770000000000006,0.88300949
1.0780000000000007,0.8829890567943207
1.0790000000000006,0.8830570000000001
1.0800000000000005,0.8832214500000001
1.0810000000000006,0.8834482400000001
1.0820000000000007,0.8836007100000002
1.0830000000000006,0.8839135856134387
1.0840000000000005,0.8839697199999998
1.0850000000000006,0.8837780999999999
1.0860000000000007,0.88375127
1.0870000000000006,0.88374871
1.0880000000000005,0.8836717077002297
1.0890000000000006,0.88360655
1.0900000000000007,0.8835516599999998
1.0910000000000006,0.8834172499999999
1.0920000000000005,0.8832151299999998
1.0930000000000006,0.8829891925937404
1.0940000000000007,0.8827301899999996
1.0950000000000006,0.8822657499999996
1.0960000000000005,0.8816845999999996
1.0970000000000006,0.8811812999999997
1.0980000000000008,0.8807399899999995
1.0990000000000006,0.8800750999999996
1.1000000000000005,0.8794257599999996
1.1010000000000006,0.8785697799999992
1.1020000000000008,0.8774176799999993
1.1030000000000006,0.8763512399999992
1.1040000000000005,0.8752434799999995
1.1050000000000006,0.8741481299999992
1.1060000000000008,0.8729246575002488
1.1070000000000007,0.871499659999999
1.1080000000000005,0.8700193199999989
1.1090000000000007,0.8683183799999987
1.1100000000000008,0.8664360599999986
1.1110000000000007,0.864472258922106
1.1120000000000005,0.8619614799999986
1.1130000000000007,0.8590277999999978
1.1140000000000008,0.8557033499999975
1.1150000000000007,0.8520941099999971
1.1160000000000005,0.8477956798430131
1.1170000000000007,0.8431934099999965
1.1180000000000008,0.8377844099999947
1.1190000000000007,0.8318437899999955
1.1200000000000006,0.8251380899999966
1.1210000000000007,0.8175052332856668
1.1220000000000008,0.8091270299999938
1.1230000000000007,0.7997879399999929
1.1240000000000006,0.7891902899999949
1.1250000000000007,0.7775705499999915
1.1260000000000008,0.7649848499999882
1.1270000000000007,0.7515959699999908
1.1280000000000006,0.7378261699999906
1.1290000000000007,0.7238126214998399
1.1300000000000008,0.7099276199999882
1.1310000000000007,0.6967158299999912
1.1320000000000006,0.6833832899999946
1.1330000000000007,0.6712583899999923
1.1340000000000008,0.6598202093280595
1.1350000000000007,0.6492134899999934
1.1360000000000006,0.6393850999999939
1.1370000000000007,0.6303030799999944
1.1380000000000008,0.6218166899999932
1.1390000000000007,0.614198551813814
1.1400000000000006,0.6072999799999962
1.1410000000000007,0.6015916499999974
1.1420000000000008,0.5975900899999987
1.1430000000000007,0.5957120700000004
1.1440000000000006,0.5962821829887014
1.1450000000000007,0.5996099100000042
1.1460000000000008,0.605951610000008
1.1470000000000007,0.6149697300000072
1.1480000000000006,0.6257461300000093
1.1490000000000007,0.6397949500000093
1.1500000000000008,0.6537623400000138
1.1510000000000007,0.6692970400000104
1.1520000000000006,0.6850419600000067
1.1530000000000007,0.7004013700000097
1.1540000000000008,0.714972620000009
1.1550000000000007,0.7286163600000082
1.1560000000000006,0.7408824000000075
1.1570000000000007,0.7519722573382736
1.1580000000000008,0.762145640000008
1.1590000000000007,0.7711699600000055
1.1600000000000006,0.779279950000005
1.1610000000000007,0.7867399500000044
1.1620000000000008,0.7933337570772966
1.1630000000000007,0.7992045300000035
1.1640000000000006,0.8044161800000021
1.1650000000000007,0.8091950400000028
1.1660000000000008,0.8133595600000034
1.1670000000000007,0.8172704789081116
1.1680000000000006,0.8207457700000022
1.1690000000000007,0.8239570900000018
1.1700000000000008,0.8268606700000023
1.1710000000000007,0.8295233200000016
1.1720000000000006,0.8320633060014014
1.1730000000000007,0.8344295000000015
1.1740000000000008,0.8365680000000013
1.1750000000000007,0.8385815000000013
1.1760000000000006,0.8403984900000011
1.1770000000000007,0.8420546100000011
1.1780000000000008,0.8437498200000014
1.1790000000000007,0.845412140000001
1.1800000000000006,0.8469873398490159
1.1810000000000007,0.8484858300000009
1.1820000000000008,0.8498928000000012
1.1830000000000007,0.8512344400000009
1.1840000000000006,0.8525111100000006
1.1850000000000007,0.8537133878452163
1.1860000000000008,0.854891840000001
1.1870000000000007,0.8559911300000007
1.1880000000000006,0.8569920100000007
1.1890000000000007,0.8579146900000005
1.1900000000000008,0.8586770737616245
1.1910000000000007,0.8594489100000007
1.1920000000000006,0.8602086300000006
1.1930000000000007,0.8609672800000006
1.1940000000000008,0.8618602800000008
1.1950000000000007,0.862690906937307
1.1960000000000006,0.8635436900000005
1.1970000000000007,0.8644565900000005
1.1980000000000008,0.8653197300000007
1.1990000000000007,0.8662058700000006
1.2000000000000006,0.8670824200000006
1.2010000000000007,0.8679118200000007
1.2020000000000008,0.8687125400000006
1.2030000000000007,0.8694985606479357
1.2040000000000006,0.8702050400000004
1.2050000000000007,0.8708757200000005
1.2060000000000008,0.8715359600000006
1.2070000000000007,0.8721165700000003
1.2080000000000006,0.8726851184481554
1.2090000000000007,0.8731696000000002
1.2100000000000009,0.8735408200000002
1.2110000000000007,0.8738315700000002
1.2120000000000006,0.8740656400000001
1.2130000000000007,0.8742270938546146
1.2140000000000009,0.87428892
1.2150000000000007,0.87428504
1.2160000000000006,0.87420398
1.2170000000000007,0.87412256
1.2180000000000009,0.8741487873772623
1.2190000000000007,0.8742694900000001
1.2200000000000006,0.8744453800000003
1.2210000000000008,0.8747562800000005
1.2220000000000009,0.8752011100000004
1.2230000000000008,0.8757175800000004
1.2240000000000006,0.8762496700000004
1.2250000000000008,0.8768452400000003
1.2260000000000009,0.8774030800000004
1.2270000000000008,0.8779079900000003
1.2280000000000006,0.8783401300000002
1.2290000000000008,0.8786454200000002
1.2300000000000009,0.8789399900000002
1.2310000000000008,0.8791998853294672
1.2320000000000007,0.8794531800000002
1.2330000000000008,0.8798331600000003
1.2340000000000009,0.8801561600000002
1.2350000000000008,0.8804157400000002
1.2360000000000007,0.8807821073442658
1.2370000000000008,0.8811555500000002
1.2380000000000009,0.8815010200000004
1.2390000000000008,0.8819542500000004
1.2400000000000007,0.8823734500000003
1.2410000000000008,0.8827939779472056
1.2420000000000009,0.8831282300000003
1.2430000000000008,0.8834794200000002
1.2440000000000007,0.8836801100000001
1.2450000000000008,0.8838445500000001
1.2460000000000009,0.8840268117738228
1.2470000000000008,0.8841903200000001
1.2480000000000007,0.8844298100000001
1.2490000000000008,0.8845813300000002
1.2500000000000009,0.8846912400000001
1.2510000000000008,0.88477808
1.2520000000000007,0.8848305300000001
1.2530000000000008,0.8849571900000001
1.254000000000001,0.8850583527897212
1.2550000000000008,0.8851862500000001
1.2560000000000007,0.88534594
1.2570000000000008,0.88540745
1.258000000000001,0.88546199
1.2590000000000008,0.8855205210068994
1.2600000000000007,0.88553059
1.2610000000000008,0.8856002100000001
1.262000000000001,0.88575417
1.2630000000000008,0.88579476
1.2640000000000007,0.8857982796480353
1.2650000000000008,0.8858191999999999
1.266000000000001,0.88576823
1.2670000000000008,0.8858004800000001
1.2680000000000007,0.8859299999999999
1.2690000000000008,0.885962606739326
1.270000000000001,0.88602984
1.2710000000000008,0.88608551
1.2720000000000007,0.88614142
1.2730000000000008,0.88621515
1.274000000000001,0.8862023399999999
1.2750000000000008,0.8861193699999997
1.2760000000000007,0.8859138499999998
1.2770000000000008,0.8856625599999998
1.278000000000001,0.8853337799999996
1.2790000000000008,0.8849366899999997
1.2800000000000007,0.8845253599999997
1.2810000000000008,0.8840458999999996
1.282000000000001,0.8835522584411554
1.2830000000000008,0.8830366699999996
1.2840000000000007,0.8825254999999996
1.2850000000000008,0.8819760699999996
1.286000000000001,0.8814457699999996
1.2870000000000008,0.8809381738586137
1.2880000000000007,0.8803767599999995
1.2890000000000008,0.8797714099999996
1.290000000000001,0.8791202899999995
1.2910000000000008,0.8784711999999995
1.2920000000000007,0.8778901681031893
1.2930000000000008,0.8773084899999997
1.294000000000001,0.8768688399999996
1.2950000000000008,0.8764552499999996
1.2960000000000007,0.8759229799999997
1.2970000000000008,0.875443627935206
1.298000000000001,0.8748133799999994
1.2990000000000008,0.8741450299999997
1.3000000000000007,0.8735869499999995
1.3010000000000008,0.8729439399999993
1.302000000000001,0.8722370299999993
1.3030000000000008,0.8716061699999995
1.3040000000000007,0.8709282299999995
1.3050000000000008,0.870310190704929
1.306000000000001,0.8697172399999995
1.3070000000000008,0.8692353999999997
1.3080000000000007,0.8688036799999997
1.3090000000000008,0.8685138199999999
1.310000000000001,0.8682725778712127
1.3110000000000008,0.8680512899999997
1.3120000000000007,0.8677372299999997
1.3130000000000008,0.8673161299999996
1.314000000000001,0.8667581699999993
1.3150000000000008,0.8660680790090985
1.3160000000000007,0.8652852199999991
1.3170000000000008,0.8643309499999992
1.318000000000001,0.8632981799999991
1.3190000000000008,0.8622720199999991
1.3200000000000007,0.8612829289091083
1.3210000000000008,0.8604261899999994
1.322000000000001,0.8597521799999994
1.3230000000000008,0.8592348699999998
1.3240000000000007,0.8588386199999999
1.3250000000000008,0.8586876399999998
1.326000000000001,0.8584545299999999
1.3270000000000008,0.8584009399999998
1.3280000000000007,0.858147175737426
1.3290000000000008,0.8579045499999995
1.330000000000001,0.8573894499999994
1.3310000000000008,0.8567674799999992
1.3320000000000007,0.855905179999999
1.3330000000000009,0.8547404948305157
1.334000000000001,0.8534887999999987
1.3350000000000009,0.8520212799999987
1.3360000000000007,0.8504677999999986
1.3370000000000009,0.8488677699999986
1.338000000000001,0.8472025865183465
1.3390000000000009,0.8456024499999986
1.3400000000000007,0.8440174499999991
1.3410000000000009,0.842640579999999
1.342000000000001,0.8414996899999988
1.3430000000000009,0.8404152284461545
1.3440000000000007,0.8395259999999996
1.3450000000000009,0.8387898199999994
1.346000000000001,0.8380644299999993
1.3470000000000009,0.8374814399999997
1.3480000000000008,0.8370468599999997
1.3490000000000009,0.8366723699999997
1.350000000000001,0.8363382199999999
1.3510000000000009,0.83617932
1.3520000000000008,0.8361402800000001
1.3530000000000009,0.8362456000000003
1.354000000000001,0.8365293700000003
1.3550000000000009,0.8368212600000003
1.3560000000000008,0.8372384725057497
1.3570000000000009,0.8376635300000004
1.358000000000001,0.8380779000000004
1.3590000000000009,0.8385146900000003
1.3600000000000008,0.8388814300000002
1.3610000000000009,0.8390863597690231
1.362000000000001,0.83918405
1.3630000000000009,0.8391599099999999
1.3640000000000008,0.8389940899999999
1.3650000000000009,0.8388036499999997
1.366000000000001,0.8384595244125583
1.3670000000000009,0.8379591699999994
1.3680000000000008,0.8373123399999994
1.3690000000000009,0.8364635699999992
1.370000000000001,0.835420609999999
1.3710000000000009,0.8342815539056085
1.3720000000000008,0.8332143399999989
1.3730000000000009,0.8319917899999993
1.374000000000001,0.8310462799999992
1.3750000000000009,0.8301471499999994
1.3760000000000008,0.8294981099999995
1.377000000000001,0.8290101899999996
1.378000000000001,0.82866699
1.379000000000001,0.8286160040215977
1.3800000000000008,0.82845622
1.381000000000001,0.8283973299999999
1.382000000000001,0.8282753199999999
1.383000000000001,0.8281416299999999
1.3840000000000008,0.827959928938106
1.385000000000001,0.8277493099999997
1.386000000000001,0.8275421899999996
1.387000000000001,0.8272794499999997
1.3880000000000008,0.8269836899999999
1.389000000000001,0.8267498233866611
1.390000000000001,0.8265178799999998
1.391000000000001,0.8262928099999998
1.3920000000000008,0.8260401499999996
1.393000000000001,0.8256575499999994
1.394000000000001,0.8250947562793715
1.395000000000001,0.8243142399999991
1.3960000000000008,0.8232797399999988
1.397000000000001,0.8219335699999983
1.398000000000001,0.8204377299999986
1.399000000000001,0.8188769799999985
1.4000000000000008,0.8173087799999987
1.4010000000000007,0.8159432999999991
1.402000000000001,0.8146424299999988
1.403000000000001,0.8135858799999992
1.4040000000000008,0.8127023599999995
1.4050000000000007,0.8119611699999997
1.406000000000001,0.8114431499999994
1.407000000000001,0.8109421333946603
1.4080000000000008,0.8105760799999998
1.4090000000000007,0.8102273899999998
1.410000000000001,0.8098803199999998
1.411000000000001,0.8096988199999999
1.4120000000000008,0.8095403360014
1.4130000000000007,0.8096003500000001
1.414000000000001,0.8098041400000003
1.415000000000001,0.8102223900000005
1.4160000000000008,0.8108168800000006
1.4170000000000007,0.8115444672412763
1.418000000000001,0.8124613200000009
1.419000000000001,0.8134300700000009
1.4200000000000008,0.8144334000000009
1.4210000000000007,0.8154363600000005
1.422000000000001,0.81632027160884
1.423000000000001,0.8171531000000005
1.4240000000000008,0.8178297300000004
1.4250000000000007,0.8183147900000002
1.426000000000001,0.8186636000000002
1.427000000000001,0.8188586200000001
1.4280000000000008,0.81892717
1.4290000000000007,0.81895357
1.430000000000001,0.8189171541585841
1.431000000000001,0.81885874
1.4320000000000008,0.81881565
1.4330000000000007,0.81876868
1.434000000000001,0.81870478
1.435000000000001,0.8187140011428856
1.4360000000000008,0.8185254299999998
1.4370000000000007,0.8183376799999995
1.438000000000001,0.8178873699999994
1.439000000000001,0.8172578799999993
1.4400000000000008,0.816467539034096
1.4410000000000007,0.815450369999999
1.442000000000001,0.8143570999999984
1.443000000000001,0.8130018099999989
1.4440000000000008,0.8117707999999988
1.4450000000000007,0.810365220557943
1.446000000000001,0.8092257999999989
1.447000000000001,0.8081647199999991
1.4480000000000008,0.8073265599999996
1.4490000000000007,0.8066688799999997
1.450000000000001,0.8061937699999997
1.451000000000001,0.8059388999999998
1.4520000000000008,0.8057714699999999
1.4530000000000007,0.8057034586831318
1.454000000000001,0.8056902899999999
1.455000000000001,0.8055949199999999
1.4560000000000008,0.8054718999999999
1.4570000000000007,0.8053225899999997
1.458000000000001,0.8051278535456454
1.459000000000001,0.8050633100000001
1.4600000000000009,0.8051930100000002
1.4610000000000007,0.8054807800000005
1.462000000000001,0.8059617900000008
1.463000000000001,0.8066186843105697
1.4640000000000009,0.8072606900000006
1.4650000000000007,0.8078855900000004
1.466000000000001,0.8084572000000003
1.467000000000001,0.8088269800000002
1.4680000000000009,0.8090032123767624
1.4690000000000007,0.8088718099999997
1.470000000000001,0.8085564399999993
1.471000000000001,0.8078352799999989
1.4720000000000009,0.8068031699999988
1.4730000000000008,0.8053987599999988
1.474000000000001,0.8036116999999976
1.475000000000001,0.8015605199999978
1.4760000000000009,0.7990815599999976
1.4770000000000008,0.7965048599999974
1.478000000000001,0.7935941199999974
1.479000000000001,0.7907007299999972
1.4800000000000009,0.7875656499999973
1.4810000000000008,0.7845697787751202
1.482000000000001,0.7813575299999969
1.483000000000001,0.7786045699999976
1.4840000000000009,0.7758294299999982
1.4850000000000008,0.7736840199999989
1.486000000000001,0.7719886811298855
1.487000000000001,0.7706999799999991
1.4880000000000009,0.7698624699999997
1.4890000000000008,0.76948786
1.490000000000001,0.7694969200000003
1.491000000000001,0.7697083788541148
1.4920000000000009,0.7702152100000007
1.4930000000000008,0.7709062700000004
1.494000000000001,0.7716279600000009
1.495000000000001,0.7724142100000007
1.4960000000000009,0.7732259388271179
1.4970000000000008,0.7740749100000007
1.498000000000001,0.7749622500000009
1.499000000000001,0.775945540000001
1.5000000000000009,0.777008710000001
1.5010000000000008,0.778092090000001
1.5020000000000011,0.7792464500000017
1.503000000000001,0.7804710900000011
1.504000000000001,0.7817241093230689
1.5050000000000008,0.7830173400000011
1.5060000000000011,0.7843141600000013
1.507000000000001,0.7855519100000012
1.508000000000001,0.7866627600000009
1.5090000000000008,0.787666472276773
1.5100000000000011,0.7885892400000009
1.511000000000001,0.7894095800000008
1.512000000000001,0.7900787600000005
1.5130000000000008,0.7906238400000002
1.5140000000000011,0.7910229200919913
1.515000000000001,0.7912828300000002
1.516000000000001,0.7915021800000002
1.5170000000000008,0.7916241900000001
1.5180000000000011,0.79173851
1.519000000000001,0.7917271911318868
1.520000000000001,0.7918348900000001
1.5210000000000008,0.7919417600000003
1.5220000000000011,0.7921389300000005
1.523000000000001,0.7924410700000002
1.524000000000001,0.7927441600000004
1.5250000000000008,0.7930747300000003
1.5260000000000011,0.7934340800000005
1.527000000000001,0.7938013100000004
1.528000000000001,0.7942201500000005
1.5290000000000008,0.7946810100000004
1.5300000000000011,0.7952057700000007
1.531000000000001,0.7958218500000007
1.532000000000001,0.796407462846716
1.5330000000000008,0.7970359300000004
1.5340000000000011,0.7976295900000006
1.535000000000001,0.7981662200000007
1.536000000000001,0.7987747800000006
1.5370000000000008,0.7994597024767528
1.5380000000000011,0.8000844700000008
1.539000000000001,0.8007492400000006
1.540000000000001,0.8013246100000004
1.5410000000000008,0.8017799300000004
1.5420000000000011,0.8021325147415262
1.543000000000001,0.8023686400000001
1.544000000000001,0.8025202200000001
1.5450000000000008,0.80260932
1.5460000000000012,0.8026337
1.547000000000001,0.8026459787721227
1.548000000000001,0.80263704
1.5490000000000008,0.80261374
1.5500000000000012,0.80260676
1.551000000000001,0.8026276800000001
1.552000000000001,0.80269474
1.5530000000000008,0.8027404
1.5540000000000012,0.8028044100000001
1.555000000000001,0.8028799336416359
1.556000000000001,0.8029163500000001
1.5570000000000008,0.8030228000000001
1.5580000000000012,0.8031643600000001
1.559000000000001,0.8033008600000001
1.560000000000001,0.8034696801439858
1.5610000000000008,0.8036711200000002
1.5620000000000012,0.8039024500000004
1.563000000000001,0.8041625000000003
1.564000000000001,0.8044811500000003
1.5650000000000008,0.8048831398010202
1.5660000000000012,0.8053345700000005
1.567000000000001,0.8057424400000004
1.568000000000001,0.8061493600000004
1.5690000000000008,0.8065736300000004
1.5700000000000012,0.8069225751054899
1.571000000000001,0.8073046800000004
1.572000000000001,0.8077319300000004
1.5730000000000008,0.8081213800000002
1.5740000000000012,0.8084805600000003
1.575000000000001,0.8088097000000002
1.576000000000001,0.8090439400000001
1.5770000000000008,0.8091653
1.5780000000000012,0.8091903177532245
1.579000000000001,0.8090678499999998
1.580000000000001,0.8088828299999998
1.5810000000000008,0.8086492399999997
1.5820000000000012,0.8083071699999993
1.583000000000001,0.8078414787741218
1.584000000000001,0.8072292199999994
1.5850000000000009,0.8065522299999994
1.5860000000000012,0.8058981899999991
1.587000000000001,0.8052487999999993
1.588000000000001,0.8046426206179376
1.5890000000000009,0.8039895899999994
1.5900000000000012,0.8032357099999992
1.591000000000001,0.8024497599999992
1.592000000000001,0.8017004699999993
1.5930000000000009,0.8010735526917303
1.5940000000000012,0.8003883999999992
1.595000000000001,0.7997214199999994
1.596000000000001,0.7991584499999993
1.5970000000000009,0.7985819599999996
1.5980000000000012,0.7980810399999996
1.599000000000001,0.7976909299999997
1.600000000000001,0.7973452799999997
1.6010000000000009,0.7969688199999996
1.6020000000000012,0.796429869999999
1.603000000000001,0.7957047199999991
1.604000000000001,0.7947254799999988
1.6050000000000009,0.7933613699999985
1.6060000000000012,0.7917320059294048
1.607000000000001,0.7898912999999977
1.608000000000001,0.787810679999998
1.6090000000000009,0.7855631699999979
1.6100000000000012,0.7832046199999974
1.611000000000001,0.7808188064913479
1.612000000000001,0.7782837199999969
1.6130000000000009,0.7755234799999979
1.6140000000000012,0.7723785599999958
1.615000000000001,0.7685337099999949
1.616000000000001,0.7639642169493003
1.6170000000000009,0.758473989999994
1.6180000000000012,0.7517620299999911
1.619000000000001,0.7438089299999899
1.620000000000001,0.7347449699999907
1.6210000000000009,0.7242858159153998
1.6220000000000012,0.7127474499999833
1.623000000000001,0.7002631399999881
1.624000000000001,0.6869212399999876
1.6250000000000009,0.672926779999987
1.6260000000000012,0.6582857399999802
1.6270000000000011,0.6434188499999802
1.628000000000001,0.6285666799999868
1.629000000000001,0.6137367317878075
1.6300000000000012,0.5992546099999814
1.6310000000000011,0.5852433999999851
1.632000000000001,0.5718417199999863
1.633000000000001,0.5595640499999901
1.6340000000000012,0.54846578928806
1.6350000000000011,0.5389586699999912
1.636000000000001,0.531052169999993
1.637000000000001,0.524794879999995
1.6380000000000012,0.5203039099999969
1.6390000000000011,0.5175230880821888
1.640000000000001,0.5161287199999999
1.641000000000001,0.5160102200000007
1.6420000000000012,0.5169328500000023
1.6430000000000011,0.5186444500000026
1.644000000000001,0.520895614883514
1.645000000000001,0.5234239700000022
1.6460000000000012,0.525974870000003
1.6470000000000011,0.5282087900000023
1.648000000000001,0.5299224300000007
1.649000000000001,0.5306740999999996
1.6500000000000012,0.5302091199999974
1.6510000000000011,0.5282903899999961
1.652000000000001,0.5247782499999941
1.653000000000001,0.5194628799999937
1.6540000000000012,0.5124707199999905
1.6550000000000011,0.503823219999989
1.656000000000001,0.493946729999988
1.657000000000001,0.48315600848714035
1.6580000000000013,0.471640879999987
1.6590000000000011,0.459920879999987
1.660000000000001,0.44821992999998717
1.661000000000001,0.43667980999999023
1.6620000000000013,0.425650172827705
1.6630000000000011,0.415178449999989
1.664000000000001,0.40526347999999174
1.665000000000001,0.3959419399999919
1.6660000000000013,0.38681020999998816
1.6670000000000011,0.3779465163693537
1.668000000000001,0.3691412799999921
1.669000000000001,0.3601871999999922
1.6700000000000013,0.3513697399999882
1.6710000000000012,0.34255057999999033
1.672000000000001,0.33384273078491233
1.673000000000001,0.32546889999999284
1.6740000000000013,0.3173825999999916
1.6750000000000012,0.30985572999999256
1.676000000000001,0.30313455999999356
1.677000000000001,0.29732599999999504
1.6780000000000013,0.29284551999999664
1.6790000000000012,0.2898028199999982
1.680000000000001,0.2881499412068792
1.681000000000001,0.2880620100000013
1.6820000000000013,0.289534540000004
1.6830000000000012,0.292529050000005
1.684000000000001,0.29701746000000545
1.685000000000001,0.30311582503150397
1.6860000000000013,0.310666140000012
1.6870000000000012,0.3196931200000137
1.688000000000001,0.32997277000000996
1.689000000000001,0.34117115000001075
1.6900000000000013,0.3533078763273827
1.6910000000000012,0.36588043000001674
1.692000000000001,0.37844497000001365
1.693000000000001,0.39073798000001014
1.6940000000000013,0.4021790300000137
1.6950000000000012,0.4124875791450986
1.696000000000001,0.4215621900000088
1.697000000000001,0.42947656000000767
1.6980000000000013,0.43639016000000663
1.6990000000000012,0.442353670000006
1.700000000000001,0.4478075500000058
1.701000000000001,0.4530646500000058
1.7020000000000013,0.4582687000000074
1.7030000000000012,0.4638313850045067
1.704000000000001,0.46998143000000736
1.705000000000001,0.47663829000000646
1.7060000000000013,0.48387495000001013
1.7070000000000012,0.49145094000001033
1.708000000000001,0.4991874395600531
1.709000000000001,0.5069830400000067
1.7100000000000013,0.5144372000000095
1.7110000000000012,0.5215024900000087
1.712000000000001,0.5279968400000065
1.713000000000001,0.5338265470293032
1.7140000000000013,0.5392003100000065
1.7150000000000012,0.5440108200000049
1.716000000000001,0.5484196500000048
1.717000000000001,0.5526878800000046
1.7180000000000013,0.556765862201785
1.7190000000000012,0.5608339900000047
1.720000000000001,0.5649970800000046
1.721000000000001,0.5691049700000046
1.7220000000000013,0.5731697700000054
1.7230000000000012,0.5771427800000042
1.724000000000001,0.5808947700000039
1.725000000000001,0.584436120000003
1.7260000000000013,0.5877581800000043
1.7270000000000012,0.5910193900000041
1.728000000000001,0.5940859900000028
1.729000000000001,0.5973077400000026
1.7300000000000013,0.6003089500000045
1.7310000000000012,0.603727046602344
1.732000000000001,0.6072930700000044
1.733000000000001,0.6112634500000039
1.7340000000000013,0.615687670000006
1.7350000000000012,0.6201654700000057
1.736000000000001,0.6252229439276125
1.737000000000001,0.6296622200000052
1.7380000000000013,0.6342517700000041
1.7390000000000012,0.6379181100000035
1.740000000000001,0.6410960600000026
1.741000000000001,0.6434664729587066
1.7420000000000013,0.6450217400000016
1.7430000000000012,0.6461713900000003
1.744000000000001,0.6464813900000005
1.745000000000001,0.6468396799999999
1.7460000000000013,0.6467602879392059
1.7470000000000012,0.6466622899999999
1.748000000000001,0.6465527999999998
1.749000000000001,0.6463051399999996
1.7500000000000013,0.6459569899999993
1.7510000000000012,0.645459469999999
1.7520000000000011,0.6446799599999987
1.753000000000001,0.643647019999999
1.7540000000000013,0.6424606845865395
1.7550000000000012,0.6411065499999983
1.7560000000000011,0.6397803999999987
1.757000000000001,0.6385701899999988
1.7580000000000013,0.637495639999999
1.7590000000000012,0.6367327631956797
1.7600000000000011,0.6361647199999997
1.761000000000001,0.6358247999999997
1.7620000000000013,0.635487199999999
1.7630000000000012,0.6349433099999992
1.7640000000000011,0.6341341909119079
1.765000000000001,0.632844809999998
1.7660000000000013,0.631044569999997
1.7670000000000012,0.6287801899999966
1.7680000000000011,0.6262584899999967
1.769000000000001,0.6232917866703298
1.7700000000000014,0.6208465699999965
1.7710000000000012,0.6182580599999976
1.7720000000000011,0.616422179999998
1.773000000000001,0.6149284799999994
1.7740000000000014,0.61425257
1.7750000000000012,0.614291490000001
1.7760000000000011,0.6150093700000018
1.777000000000001,0.6165725600000023
1.7780000000000014,0.6185872000000038
1.7790000000000012,0.6215214100000032
1.7800000000000011,0.6243450600000039
1.781000000000001,0.6278320000000032
1.7820000000000014,0.6307486861583883
1.7830000000000013,0.6337102700000027
1.7840000000000011,0.6361097100000024
1.785000000000001,0.6381789400000017
1.7860000000000014,0.6398070500000016
1.7870000000000013,0.6409614963103699
1.7880000000000011,0.6418246000000004
1.789000000000001,0.6421964200000003
1.7900000000000014,0.64254814
1.7910000000000013,0.6425545200000001
1.7920000000000011,0.6426484506069394
1.793000000000001,0.6426691999999998
1.7940000000000014,0.6425914799999998
1.7950000000000013,0.6424584999999999
1.7960000000000012,0.6423696900000001
1.797000000000001,0.6424929376752325
1.7980000000000014,0.6428882500000013
1.7990000000000013,0.6437850600000015
1.8000000000000012,0.6451273600000025
1.801000000000001,0.6472856400000034
1.8020000000000014,0.6503653500000054
1.8030000000000013,0.653843640000005
1.8040000000000012,0.6584567400000048
1.805000000000001,0.6627231293580687
1.8060000000000014,0.6675167100000056
1.8070000000000013,0.6716619700000056
1.8080000000000012,0.6758127800000036
1.809000000000001,0.6790040100000023
1.8100000000000014,0.6816437348805146
1.8110000000000013,0.683492540000001
1.8120000000000012,0.6842302100000008
1.813000000000001,0.6848671999999999
1.8140000000000014,0.6847912699999998
1.8150000000000013,0.6847425148755124
1.8160000000000012,0.6842942799999997
1.817000000000001,0.6840522899999996
1.8180000000000014,0.683626
1.8190000000000013,0.68351769
1.8200000000000012,0.6835507166973303
1.821000000000001,0.6837810300000006
1.8220000000000014,0.6842437400000007
1.8230000000000013,0.6847049000000007
1.8240000000000012,0.6853753300000005
1.825000000000001,0.6858627200000006
1.8260000000000014,0.6863434300000008
1.8270000000000013,0.6868488200000004
1.8280000000000012,0.6870734169253075
1.829000000000001,0.6871426699999998
1.8300000000000014,0.6870104699999996
1.8310000000000013,0.6867061899999997
1.8320000000000012,0.6864376099999995
1.833000000000001,0.6859845663683627
1.8340000000000014,0.6855482499999991
1.8350000000000013,0.684917389999999
1.8360000000000012,0.6841926599999993
1.837000000000001,0.6836790399999991
1.8380000000000014,0.6828815497490239
1.8390000000000013,0.6819268499999988
1.8400000000000012,0.6810322399999991
1.841000000000001,0.6802712699999992
1.8420000000000014,0.6795499899999992
1.8430000000000013,0.6789765973392653
1.8440000000000012,0.6785696699999997
1.845000000000001,0.6782420299999999
1.8460000000000014,0.6781511900000001
1.8470000000000013,0.6782401800000005
1.8480000000000012,0.6786749400000006
1.849000000000001,0.6792703300000007
1.8500000000000014,0.6798651200000009
1.8510000000000013,0.6805212500000009
1.8520000000000012,0.6811965700000013
1.853000000000001,0.6821644900000007
1.8540000000000014,0.6829370900000008
1.8550000000000013,0.6835449300000008
1.8560000000000012,0.6841031644485556
1.857000000000001,0.68444765
1.8580000000000014,0.6844630200000001
1.8590000000000013,0.6845408699999995
1.8600000000000012,0.6842018999999996
1.861000000000001,0.6838024251744819
1.8620000000000014,0.6831541699999993
1.8630000000000013,0.6827310899999994
1.8640000000000012,0.6822498399999999
1.865000000000001,0.6821247900000007
1.8660000000000014,0.6827211403649643
1.8670000000000013,0.6832279000000007
1.8680000000000012,0.683761950000001
1.869000000000001,0.684642730000001
1.8700000000000014,0.6854935300000008
1.8710000000000013,0.6860597733756632
1.8720000000000012,0.6865394700000005
1.873000000000001,0.6869081300000004
1.8740000000000014,0.6873662500000006
1.8750000000000013,0.6878725900000006
1.8760000000000012,0.6882879700000007
1.8770000000000011,0.6888880700000006
1.8780000000000014,0.6894174800000001
1.8790000000000013,0.6895343033956604
1.8800000000000012,0.6894682600000003
1.8810000000000011,0.6896715200000004
1.8820000000000014,0.6900349300000006
1.8830000000000013,0.690398160000001
1.8840000000000012,0.6911174772272781
1.8850000000000011,0.6917897500000002
1.8860000000000015,0.6919944300000007
1.8870000000000013,0.6924198900000011
1.8880000000000012,0.6931539200000009
1.8890000000000011,0.6939231530766932
1.8900000000000015,0.6946176900000014
1.8910000000000013,0.6955553900000012
1.8920000000000012,0.6965013700000009
1.8930000000000011,0.6971844400000009
1.8940000000000015,0.6979518332606751
1.8950000000000014,0.6989209100000012
1.8960000000000012,0.6998766100000011
1.8970000000000011,0.7007012400000013
1.8980000000000015,0.7016692800000013
1.8990000000000014,0.7026591300000017
1.9000000000000012,0.7039282300000018
1.9010000000000011,0.7052605700000014
1.9020000000000015,0.7065234800000018
1.9030000000000014,0.7076775400000007
1.9040000000000012,0.7082033800000003
1.9050000000000011,0.70844603
1.9060000000000015,0.7084554399999997
1.9070000000000014,0.7082303284291565
1.9080000000000013,0.7077146199999992
1.9090000000000011,0.7070392399999992
1.9100000000000015,0.7063136699999983
1.9110000000000014,0.7052691599999981
1.9120000000000013,0.7038629836786303
1.9130000000000011,0.7022997699999981
1.9140000000000015,0.7005977599999973
1.9150000000000014,0.698628839999998
1.9160000000000013,0.6970940799999984
1.9170000000000011,0.6959582535826405
1.9180000000000015,0.6949884299999997
1.9190000000000014,0.6947623499999994
1.9200000000000013,0.6943608499999991
1.9210000000000012,0.6936808199999993
1.9220000000000015,0.6930931187701221
1.9230000000000014,0.6925168599999992
1.9240000000000013,0.6919005499999992
1.9250000000000012,0.691161389999999
1.9260000000000015,0.6902639299999981
1.9270000000000014,0.6890549099999973
1.9280000000000013,0.6873493199999982
1.9290000000000012,0.6856216799999977
1.9300000000000015,0.6835619816028372
1.9310000000000014,0.6817780099999975
1.9320000000000013,0.6798512899999979
1.9330000000000012,0.6782576999999987
1.9340000000000015,0.6771914999999991
1.9350000000000014,0.6765277311808809
1.9360000000000013,0.6758395399999991
1.9370000000000012,0.6751352499999992
1.9380000000000015,0.6745358099999991
1.9390000000000014,0.6738547699999993
1.9400000000000013,0.6732329721797812
1.9410000000000012,0.6728584199999994
1.9420000000000015,0.6724698499999993
1.9430000000000014,0.6720030899999995
1.9440000000000013,0.6715534299999997
1.9450000000000012,0.6712848168613135
1.9460000000000015,0.6709064799999991
1.9470000000000014,0.6703365999999992
1.9480000000000013,0.6698449899999992
1.9490000000000012,0.6691262099999994
1.9500000000000015,0.6685329699999991
1.9510000000000014,0.667948309999999
1.9520000000000013,0.667324009999999
1.9530000000000012,0.6666061621807808
1.9540000000000015,0.6657279699999986
1.9550000000000014,0.6648555399999988
1.9560000000000013,0.6639554499999988
1.9570000000000012,0.6630665699999987
1.9580000000000015,0.662043123576641
1.9590000000000014,0.6611788899999991
1.9600000000000013,0.6605099399999991
1.9610000000000012,0.6598680599999992
1.9620000000000015,0.6592466199999991
1.9630000000000014,0.6586854461173874
1.9640000000000013,0.6582573699999996
1.9650000000000012,0.6579968899999995
1.9660000000000015,0.6576136899999997
1.9670000000000014,0.6573973299999996
1.9680000000000013,0.6570864010928903
1.9690000000000012,0.6565648899999992
1.9700000000000015,0.6558812899999987
1.9710000000000014,0.6550774599999987
1.9720000000000013,0.6542178399999986
1.9730000000000012,0.6531607499999985
1.9740000000000015,0.6518745999999984
1.9750000000000014,0.6508610799999988
1.9760000000000013,0.6499308899999988
1.9770000000000012,0.6489728099999987
1.9780000000000015,0.6480156199999989
1.9790000000000014,0.647200169999999
1.9800000000000013,0.6464478999999992
1.9810000000000012,0.6457467387881208
1.9820000000000015,0.6454346199999993
1.9830000000000014,0.6449980699999991
1.9840000000000013,0.6443179199999991
1.9850000000000012,0.6436632299999995
1.9860000000000015,0.6431671238806107
1.9870000000000014,0.6424059299999986
1.9880000000000013,0.6414452799999992
1.9890000000000012,0.6407436699999992
1.9900000000000015,0.6400434999999987
1.9910000000000014,0.6391635179981988
1.9920000000000013,0.6382021899999991
1.9930000000000012,0.6375459399999989
1.9940000000000015,0.636562469999998
1.9950000000000014,0.6352634399999981
1.9960000000000013,0.6338486914748507
1.9970000000000012,0.6318920899999974
1.9980000000000016,0.6299229299999975
1.9990000000000014,0.6281112399999973
2.0000000000000013,0.626099049999997
2.0010000000000012,0.6238874437972379
2.0020000000000016,0.6217254162027562
2.0030000000000014,0.6195555299999965
2.0040000000000013,0.616933347451507
2.0050000000000012,0.6146078625484879
2.0060000000000016,0.6125646199999966
2.0070000000000014,0.6106246699999966
2.0080000000000013,0.6087361807318518
2.0090000000000012,0.6071434992681447
2.0100000000000016,0.6059760999999979
2.0110000000000015,0.6048718023565276
2.0120000000000013,0.6041953676434703
2.0130000000000012,0.6034870099999992
2.0140000000000016,0.6027818055398907
2.0150000000000015,0.6019372044601067
2.0160000000000013,0.6010515699999985
2.0170000000000012,0.5999354699999984
2.0180000000000016,0.5987074792121553
2.0190000000000015,0.5972996007878403
2.0200000000000014,0.595877709999998
2.0210000000000012,0.5943966883893205
2.0220000000000016,0.5929805816106758
2.0230000000000015,0.5915622099999982
2.0240000000000014,0.5902001594211141
2.0250000000000012,0.5887943705788827
2.0260000000000016,0.5875334699999979
2.0270000000000015,0.5863202799999981
2.0280000000000014,0.5852783141965788
2.0290000000000012,0.5844098299999991
2.0300000000000016,0.5837469699999992
2.0310000000000015,0.5833129248690261
2.0320000000000014,0.5832616151309737
2.0330000000000013,0.5835134400000013
2.0340000000000016,0.5844157519046205
2.0350000000000015,0.5852347980953821
2.0360000000000014,0.5861318100000013
2.0370000000000013,0.5870206978024409
2.0380000000000016,0.5881987221975622
2.0390000000000015,0.5888652200000005
2.0400000000000014,0.5893222700000001
2.0410000000000013,0.5894172492401509
2.0420000000000016,0.5885096507598466
2.0430000000000015,0.5875481399999982
2.0440000000000014,0.5861832415836817
2.0450000000000013,0.5848990784163154
2.0460000000000016,0.5837716499999978
2.0470000000000015,0.5825419007728438
2.0480000000000014,0.581549629227153
2.0490000000000013,0.5809477599999991
2.0500000000000016,0.5803016399999992
2.0510000000000015,0.5798830218618133
2.0520000000000014,0.5793040399999992
2.0530000000000013,0.578755019999999
2.0540000000000016,0.5779695282293519
2.0550000000000015,0.5765518217706438
2.0560000000000014,0.5752663599999978
2.0570000000000013,0.57360564179164
2.0580000000000016,0.5722235582083564
2.0590000000000015,0.571123239999999
2.0600000000000014,0.5703688025514895
2.0610000000000013,0.5700943174485099
2.0620000000000016,0.5701292200000004
2.0630000000000015,0.5704073900000008
2.0640000000000014,0.5710519283043402
2.0650000000000013,0.5719349716956622
2.0660000000000016,0.5731079600000022
2.0670000000000015,0.574379317878427
2.0680000000000014,0.5760581021215782
2.0690000000000013,0.577679810000002
2.0700000000000016,0.5791824231883648
2.0710000000000015,0.58071430681164
2.0720000000000014,0.5824911000000021
2.0730000000000013,0.5840423100000017
2.0740000000000016,0.5853797814148605
2.0750000000000015,0.5865939300000018
2.0760000000000014,0.5879574400000012
2.0770000000000013,0.5887998066436716
2.0780000000000016,0.5891662433563293
2.0790000000000015,0.5893104099999995
2.0800000000000014,0.5889957958628252
2.0810000000000013,0.5876544241371706
2.0820000000000016,0.5863910299999975
2.0830000000000015,0.5849408366556668
2.0840000000000014,0.5836073933443291
2.0850000000000013,0.5825577399999986
2.0860000000000016,0.5814381799999977
2.0870000000000015,0.5800978069826018
2.0880000000000014,0.579067633017395
2.0890000000000013,0.5781693499999989
2.0900000000000016,0.5773343906028793
2.0910000000000015,0.5772404193971205
2.0920000000000014,0.5769970399999997
2.0930000000000013,0.576872004817036
2.0940000000000016,0.5764201751829627
2.0950000000000015,0.5754634099999985
2.0960000000000014,0.5743136399999981
2.0970000000000013,0.5728775153144663
2.0980000000000016,0.5709306599999971
2.0990000000000015,0.5688015199999966
2.1000000000000014,0.5663343723735215
2.1010000000000013,0.5639581076264711
2.1020000000000016,0.5613784799999955
2.1030000000000015,0.5588336359598047
2.1040000000000014,0.5567932340401889
2.1050000000000013,0.5544543299999971
2.1060000000000016,0.5523081674345087
2.1070000000000015,0.5495825125654829
2.1080000000000014,0.5465550999999951
2.1090000000000013,0.5428706399999937
2.1100000000000017,0.5382201301969524
2.1110000000000015,0.5331220998030318
2.1120000000000014,0.5269216299999916
2.1130000000000013,0.5205524148610203
2.1140000000000017,0.5142010251389627
2.1150000000000015,0.5073151599999908
2.1160000000000014,0.5003663802489394
2.1170000000000013,0.4936688697510398
2.1180000000000017,0.48655577999999033
2.1190000000000015,0.47932156999998954
2.1200000000000014,0.47150336341630356
2.1210000000000013,0.46333752658367106
2.1220000000000017,0.45450025999998245
2.1230000000000016,0.4446309467546327
2.1240000000000014,0.43449849324533574
2.1250000000000013,0.4234147099999853
2.1260000000000017,0.41238826525493116
2.1270000000000016,0.40134081474503447
2.1280000000000014,0.3903272999999854
2.1290000000000013,0.37935023717355265
2.1300000000000017,0.3685219728264185
2.1310000000000016,0.35785227999998126
2.1320000000000014,0.347285089999982
2.1330000000000013,0.33712836807137386
2.1340000000000017,0.3270090819285991
2.1350000000000016,0.3169151499999818
2.1360000000000015,0.30668298431812063
2.1370000000000013,0.29692616568184904
2.1380000000000017,0.2869670699999841
2.1390000000000016,0.2780248592501366
2.1400000000000015,0.2697173607498376
2.1410000000000013,0.2625279999999925
2.1420000000000017,0.25687598999999117
2.1430000000000016,0.2519095839721993
2.1440000000000015,0.24804930602778869
2.1450000000000014,0.24488202999999656
2.1460000000000017,0.24230150539291842
2.1470000000000016,0.24045543460707583
2.1480000000000015,0.2390434699999995
2.1490000000000014,0.23866495477004615
2.1500000000000017,0.23881265522995423
2.1510000000000016,0.24005187000000594
2.1520000000000015,0.24340276000000666
2.1530000000000014,0.24714673560244535
2.1540000000000017,0.25239730000000965
2.1550000000000016,0.25782141000000874
2.1560000000000015,0.26276069585683776
2.1570000000000014,0.26841926414317985
2.1580000000000017,0.2729412300000065
2.1590000000000016,0.27658311860328433
2.1600000000000015,0.27966915139672527
2.1610000000000014,0.28106990000000215
2.1620000000000017,0.2826853663217375
2.1630000000000016,0.2838485836782661
2.1640000000000015,0.2854738200000025
2.1650000000000014,0.2873633200000032
2.1660000000000017,0.28977439224155704
2.1670000000000016,0.29309680775845326
2.1680000000000015,0.29669034000000577
2.1690000000000014,0.30100598317936933
2.1700000000000017,0.3054377768206425
2.1710000000000016,0.3101540800000084
2.1720000000000015,0.3148585153329409
2.1730000000000014,0.31951184466707355
2.1740000000000017,0.32410634000000904
2.1750000000000016,0.32920295000000804
2.1760000000000015,0.33372526776822997
2.1770000000000014,0.3382517700000051
2.1780000000000017,0.3420831900000049
2.1790000000000016,0.34484938091682005
2.1800000000000015,0.3469585490831865
2.1810000000000014,0.3479445899999992
2.1820000000000017,0.3473559143381312
2.1830000000000016,0.3465992956618665
2.1840000000000015,0.3444434699999977
2.1850000000000014,0.34274360947110444
2.1860000000000017,0.3416383205288921
2.1870000000000016,0.3405636299999988
2.1880000000000015,0.33988812999999923
2.1890000000000014,0.33929299137072505
2.1900000000000017,0.33860669862927284
2.1910000000000016,0.33811819999999976
2.1920000000000015,0.3379683332243548
2.1930000000000014,0.3378005767756446
2.1940000000000017,0.33815243999999994
2.1950000000000016,0.3381299071335732
2.1960000000000015,0.3381012428664267
2.1970000000000014,0.3375771299999981
2.1980000000000017,0.3361794399999972
2.1990000000000016,0.33461423616737823
2.2000000000000015,0.3314759099999967
2.2010000000000014,0.3289975199999964
2.2020000000000017,0.32627758516996314
2.2030000000000016,0.3245292848300314
2.2040000000000015,0.3243079800000013
2.2050000000000014,0.3252478108038423
2.2060000000000017,0.32715584919616447
2.2070000000000016,0.3307593500000066
2.2080000000000015,0.3344933806268825
2.2090000000000014,0.3393996493731327
2.2100000000000017,0.3436030700000071
2.2110000000000016,0.3476020700000057
2.2120000000000015,0.3508320032043627
2.2130000000000014,0.35306404679564424
2.2140000000000017,0.3545611800000011
2.2150000000000016,0.3551850281943611
2.2160000000000015,0.3551669718056389
2.2170000000000014,0.3541229399999981
2.2180000000000017,0.35269056342231186
2.2190000000000016,0.35042478657768106
2.2200000000000015,0.3481172599999961
2.2210000000000014,0.34520318999999655
2.2220000000000018,0.34263901243475237
2.2230000000000016,0.3400633599999973
2.2240000000000015,0.33808058999999835
2.2250000000000014,0.336827232073584
2.2260000000000018,0.3360479679264132
2.2270000000000016,0.336595330000001
2.2280000000000015,0.33714594467406683
2.2290000000000014,0.3381926853259364
2.2300000000000018,0.33906847000000157
2.2310000000000016,0.339955785707859
2.2320000000000015,0.34031286429214214
2.2330000000000014,0.3402214099999991
2.2340000000000018,0.33954023999999766
2.2350000000000017,0.3382165095220922
2.2360000000000015,0.33611173047790127
2.2370000000000014,0.33360507999999545
2.2380000000000018,0.3302051284792991
2.2390000000000017,0.32708992152069116
2.2400000000000015,0.32367485999999596
2.2410000000000014,0.32065385749049813
2.2420000000000018,0.3183287625094936
2.2430000000000017,0.3161764099999974
2.2440000000000015,0.3142150599999978
2.2450000000000014,0.31260202392621256
2.2460000000000018,0.31124128607378265
2.2470000000000017,0.3102984099999988
2.2480000000000016,0.30962328566186736
2.2490000000000014,0.30947990433813216
2.2500000000000018,0.3099714200000015
2.2510000000000017,0.31080554504199426
2.2520000000000016,0.31245596495801087
2.2530000000000014,0.3141874400000028
2.254000000000002,0.316292250090985
2.2550000000000017,0.31829315990902124
2.2560000000000016,0.32023340000000317
2.2570000000000014,0.32200393000000327
2.258000000000002,0.3238529493601302
2.2590000000000017,0.3252465506398741
2.2600000000000016,0.32622376000000125
2.2610000000000015,0.3269406334373116
2.262000000000002,0.32637500656268637
2.2630000000000017,0.32609995999999936
2.2640000000000016,0.3257232318296341
2.2650000000000015,0.32574152817036595
2.266000000000002,0.32604447000000186
2.2670000000000017,0.32711038000000375
2.2680000000000016,0.32924621085583305
2.2690000000000015,0.33185476914417505
2.270000000000002,0.33530676000000753
2.2710000000000017,0.33956751484503767
2.2720000000000016,0.3437159651549752
2.2730000000000015,0.3481936200000056
2.274000000000002,0.3523817946820703
2.2750000000000017,0.35652861531794267
2.2760000000000016,0.3602653100000061
2.2770000000000015,0.36371666000000497
2.278000000000002,0.36650561110489493
2.2790000000000017,0.368637590000003
2.2800000000000016,0.3703261000000015
2.2810000000000015,0.3711823429874034
2.282000000000002,0.37171221701259854
2.2830000000000017,0.3720816999999997
2.2840000000000016,0.37189224228554146
2.2850000000000015,0.3710150977144558
2.286000000000002,0.3698705699999965
2.2870000000000017,0.36790383820535616
2.2880000000000016,0.3661858917946385
2.2890000000000015,0.3637564499999982
2.290000000000002,0.36238479999999906
2.2910000000000017,0.36183893282943447
2.2920000000000016,0.3620672271705662
2.2930000000000015,0.364445600000003
2.294000000000002,0.3667086165836882
2.2950000000000017,0.3697744534163213
2.2960000000000016,0.37238160000000375
2.2970000000000015,0.37449561670166237
2.298000000000002,0.37616263329834354
2.2990000000000017,0.37682283000000094
2.3000000000000016,0.3773611499999988
2.3010000000000015,0.376720044110588
2.302000000000002,0.3766192800000013
2.3030000000000017,0.3773273200000012
2.3040000000000016,0.3779687920615906
2.3050000000000015,0.37978940793841504
2.306000000000002,0.38117322000000214
2.3070000000000017,0.3823985368396328
2.3080000000000016,0.3828669331603686
2.3090000000000015,0.38267978999999874
2.310000000000002,0.3817117400599835
2.3110000000000017,0.37891233994000656
2.3120000000000016,0.3759217299999931
2.3130000000000015,0.37203204999999484
2.314000000000002,0.36817027872224956
2.3150000000000017,0.36445750127773724
2.3160000000000016,0.36090599999999445
2.3170000000000015,0.35778649463506806
2.318000000000002,0.35473284536492106
2.3190000000000017,0.35187890999999527
2.3200000000000016,0.3492306424385073
2.3210000000000015,0.34615502756148314
2.322000000000002,0.3435923799999966
2.3230000000000017,0.34168692999999717
2.3240000000000016,0.340106742854713
2.3250000000000015,0.3391352899999995
2.326000000000002,0.3387624899999998
2.3270000000000017,0.338622139124175
2.3280000000000016,0.33851338087582467
2.3290000000000015,0.33806514999999837
2.330000000000002,0.3368756681833588
2.3310000000000017,0.3346575018166324
2.3320000000000016,0.3315568299999922
2.3330000000000015,0.3271595205818749
2.334000000000002,0.32176533941810587
2.3350000000000017,0.3172204199999909
2.3360000000000016,0.31208788999999304
2.3370000000000015,0.30818012245550463
2.338000000000002,0.3055046775444859
2.3390000000000017,0.30434525000000034
2.3400000000000016,0.3045429898990226
2.3410000000000015,0.30604198010098205
2.342000000000002,0.3104355000000073
2.3430000000000017,0.3145759640511974
2.3440000000000016,0.3193164759488173
2.3450000000000015,0.3237942500000056
2.346000000000002,0.3279942900000064
2.3470000000000018,0.331574661980807
2.3480000000000016,0.33469447000000335
2.3490000000000015,0.3371938500000016
2.350000000000002,0.3383837783223378
2.3510000000000018,0.3394670016776666
2.3520000000000016,0.3408459400000006
2.3530000000000015,0.34119041175064907
2.354000000000002,0.3407079182493492
2.3550000000000018,0.3397381899999969
2.3560000000000016,0.33800309296840186
2.3570000000000015,0.33523277703158955
2.358000000000002,0.3317981399999927
2.3590000000000018,0.3276838999999892
2.3600000000000017,0.32160425927813485
2.3610000000000015,0.3156970407218468
2.362000000000002,0.3091956699999901
2.3630000000000018,0.30364859669465294
2.3640000000000017,0.2986155433053314
2.3650000000000015,0.29443925999999715
2.366000000000002,0.2922959014876982
2.3670000000000018,0.2902107785122935
2.3680000000000017,0.28882678999999783
2.3690000000000015,0.2871992599999976
2.370000000000002,0.2854111983133334
2.3710000000000018,0.28349433168665894
2.3720000000000017,0.2805851099999961
2.3730000000000016,0.2783725804749016
2.374000000000002,0.2762773295250909
2.3750000000000018,0.274847869999999
2.3760000000000017,0.2742859484523102
2.3770000000000016,0.27467047154769103
2.378000000000002,0.2759650600000037
2.379000000000002,0.27806964774745724
2.3800000000000017,0.28224712225255577
2.3810000000000016,0.285862240000007
2.382000000000002,0.28979996000000735
2.383000000000002,0.2931032817656503
2.3840000000000017,0.2952209382343563
2.3850000000000016,0.29697025000000166
2.386000000000002,0.2979073393091398
2.387000000000002,0.29870043069086333
2.3880000000000017,0.2987547500000008
2.3890000000000016,0.29919434493801345
2.390000000000002,0.29984372506198886
2.391000000000002,0.3008367400000034
2.3920000000000017,0.30275115000000313
2.3930000000000016,0.3045102011247783
2.394000000000002,0.3065214488752288
2.395000000000002,0.30823240000000307
2.3960000000000017,0.30996346680264086
2.3970000000000016,0.3108314931973618
2.398000000000002,0.31091707999999924
2.399000000000002,0.31048501285942587
2.4000000000000017,0.30911360714056985
2.4010000000000016,0.3071301899999961
2.4020000000000015,0.3049025799999943
2.403000000000002,0.3017068695710367
2.4040000000000017,0.2970834399999911
2.4050000000000016,0.2920842499999893
2.406000000000002,0.28605717452608254
2.407000000000002,0.2801024354738937
2.4080000000000017,0.2741158899999894
2.4090000000000016,0.2681761870275857
2.4100000000000015,0.2627464629723974
2.411000000000002,0.2567940699999877
2.4120000000000017,0.24989864542290519
2.4130000000000016,0.24355287457707508
2.414000000000002,0.23701685999998962
2.415000000000002,0.23117593999999078
2.4160000000000017,0.22599437639871392
2.4170000000000016,0.22205836360127384
2.4180000000000015,0.21839478999999754
2.419000000000002,0.2165407203939227
2.4200000000000017,0.21744465960608012
2.4210000000000016,0.22180393000001178
2.422000000000002,0.2284269834153318
2.423000000000002,0.2356611365846971
2.4240000000000017,0.24364853000001452
2.4250000000000016,0.2518166600000138
2.4260000000000015,0.25955250641537003
2.427000000000002,0.2669494700000121
2.4280000000000017,0.2737556400000097
2.4290000000000016,0.279199547869432
2.430000000000002,0.282878242130581
2.431000000000002,0.2865005400000062
2.4320000000000017,0.2899823337352551
2.4330000000000016,0.2913196862647491
2.4340000000000015,0.29279581000000204
2.435000000000002,0.2943488373165386
2.4360000000000017,0.29552200268346557
2.4370000000000016,0.2981395700000029
2.438000000000002,0.2997725299999994
2.439000000000002,0.29947310580683856
2.4400000000000017,0.2994311741931613
2.4410000000000016,0.2990831399999972
2.4420000000000015,0.29747988434612715
2.443000000000002,0.2952233456538649
2.4440000000000017,0.29205068999999223
2.4450000000000016,0.28768471570085213
2.446000000000002,0.28294172429913095
2.447000000000002,0.2775257199999887
2.4480000000000017,0.27119412999998854
2.4490000000000016,0.2647477385101403
2.4500000000000015,0.25933283999999507
2.451000000000002,0.2556224799999939
2.4520000000000017,0.2521701243801194
2.4530000000000016,0.24931392561987176
2.454000000000002,0.24648266999999469
2.455000000000002,0.24350168279643564
2.4560000000000017,0.24102964720355446
2.4570000000000016,0.23845424999999637
2.4580000000000015,0.23640085538392153
2.459000000000002,0.23535469461607475
2.4600000000000017,0.23424049000000027
2.4610000000000016,0.23439514999999894
2.462000000000002,0.23379690097780095
2.463000000000002,0.23210667902219226
2.4640000000000017,0.23014559999999404
2.4650000000000016,0.2267913709618025
2.4660000000000015,0.2236009890381876
2.467000000000002,0.22089686999999475
2.4680000000000017,0.2179438380493843
2.4690000000000016,0.21432433195060446
2.470000000000002,0.2107682999999925
2.471000000000002,0.20654516999999437
2.4720000000000018,0.20336951589940774
2.4730000000000016,0.20192850999999892
2.4740000000000015,0.2011256700000003
2.475000000000002,0.20136248244751095
2.4760000000000018,0.20158695755248993
2.4770000000000016,0.20300740999999983
2.478000000000002,0.20290894458508452
2.479000000000002,0.20365479541491846
2.4800000000000018,0.20662319999999806
2.4810000000000016,0.2055220696460635
2.4820000000000015,0.20101853035392248
2.483000000000002,0.1942904699999821
2.4840000000000018,0.18420771999998725
2.4850000000000017,0.17702850230753125
2.486000000000002,0.17255157769245283
2.487000000000002,0.17073667000000112
2.4880000000000018,0.17135514504598895
2.4890000000000017,0.17020560495400747
2.4900000000000015,0.172136690000007
2.491000000000002,0.17738548542992338
2.4920000000000018,0.18193978457009483
2.4930000000000017,0.18732724000000942
2.494000000000002,0.19438455000000826
2.495000000000002,0.19904284598180808
2.4960000000000018,0.20120266401820056
2.4970000000000017,0.20806138000001037
2.4980000000000016,0.213901519536101
2.499000000000002,0.21899688046391708
2.5000000000000018,0.21899725
2.5010000000000017,0.21899725
2.502000000000002,0.21899725
2.503000000000002,0.21899725
2.504000000000002,0.21899725
2.5050000000000017,0.21899725
2.5060000000000016,0.21899725
2.507000000000002,0.21899725
2.508000000000002,0.21899725
2.5090000000000017,0.21899725
2.510000000000002,0.21899725
2.511000000000002,0.21899725
2.512000000000002,0.21899725
2.5130000000000017,0.21899725
2.5140000000000016,0.21899725
2.515000000000002,0.21899725
2.516000000000002,0.21899725
2.5170000000000017,0.21899725
2.518000000000002,0.21899725
2.519000000000002,0.21899725
2.520000000000002,0.21899725
2.5210000000000017,0.21899725
2.5220000000000016,0.21899725
2.523000000000002,0.21899725
2.524000000000002,0.21899725
2.5250000000000017,0.21899725
2.526000000000002,0.21899725
2.527000000000002,0.21899725
2.528000000000002,0.21899725
2.5290000000000017,0.21899725
2.5300000000000016,0.21899725
2.531000000000002,0.21899725
2.532000000000002,0.21899725
2.5330000000000017,0.21899725
2.534000000000002,0.21899725
2.535000000000002,0.21899725
2.536000000000002,0.21899725
2.5370000000000017,0.21899725
2.5380000000000016,0.21899725
2.539000000000002,0.21899725
2.540000000000002,0.21899725
2.5410000000000017,0.21899725
2.542000000000002,0.21899725
2.543000000000002,0.21899725
2.544000000000002,0.21899725
2.5450000000000017,0.21899725
2.5460000000000016,0.21899725
2.547000000000002,0.21899725
2.548000000000002,0.21899725
2.5490000000000017,0.21899725
2.550000000000002,0.21899725
2.551000000000002,0.21899725
2.552000000000002,0.21899725
2.5530000000000017,0.21899725
2.5540000000000016,0.21899725
2.555000000000002,0.21899725
2.556000000000002,0.21899725
2.5570000000000017,0.21899725
2.558000000000002,0.21899725
2.559000000000002,0.21899725
2.560000000000002,0.21899725
2.5610000000000017,0.21899725
2.5620000000000016,0.21899725
2.563000000000002,0.21899725
2.564000000000002,0.21899725
2.5650000000000017,0.21899725
2.566000000000002,0.21899725
2.567000000000002,0.21899725
2.568000000000002,0.21899725
2.5690000000000017,0.21899725
2.5700000000000016,0.21899725
2.571000000000002,0.21899725
2.572000000000002,0.21899725
2.5730000000000017,0.21899725
2.574000000000002,0.21899725
2.575000000000002,0.21899725
2.576000000000002,0.21899725
2.5770000000000017,0.21899725
2.5780000000000016,0.21899725
2.579000000000002,0.21899725
2.580000000000002,0.21899725
2.5810000000000017,0.21899725
2.582000000000002,0.21899725
2.583000000000002,0.21899725
2.584000000000002,0.21899725
2.5850000000000017,0.21899725
2.5860000000000016,0.21899725
2.587000000000002,0.21899725
2.588000000000002,0.21899725
2.5890000000000017,0.21899725
2.590000000000002,0.21899725
2.591000000000002,0.21899725
2.592000000000002,0.21899725
2.5930000000000017,0.21899725
2.5940000000000016,0.21899725
2.595000000000002,0.21899725
2.596000000000002,0.21899725
2.5970000000000018,0.21899725
2.598000000000002,0.21899725
2.599000000000002,0.21899725
