wave,r
0.4,0.6135289023858522
0.401,0.6056127122621546
0.402,0.6018389277378452
0.403,0.6034135200000005
0.404,0.6108909652255479
0.405,0.61907387
0.406,0.6177197256651865
0.40700000000000003,0.6132862443348132
0.40800000000000003,0.6130844290935183
0.40900000000000003,0.6179937809064818
0.41000000000000003,0.6160464900000002
0.41100000000000003,0.6191028094368057
0.41200000000000003,0.62793833
0.41300000000000003,0.6227473739288607
0.41400000000000003,0.6241402600000002
0.41500000000000004,0.6288177279833402
0.41600000000000004,0.6276160620166595
0.41700000000000004,0.62665081
0.41800000000000004,0.6302494040140602
0.41900000000000004,0.6341289299999998
0.42000000000000004,0.6304802420745793
0.42100000000000004,0.6316877
0.42200000000000004,0.6355278203762926
0.42300000000000004,0.6385654496237078
0.42400000000000004,0.6389403232529348
0.42500000000000004,0.6382656167470651
0.42600000000000005,0.6385948700000001
0.42700000000000005,0.6406571424476756
0.42800000000000005,0.6419019100000001
0.42900000000000005,0.6443243912834745
0.43000000000000005,0.6474527387165259
0.43100000000000005,0.6485631358160836
0.43200000000000005,0.6471447441839162
0.43300000000000005,0.6470514500000001
0.43400000000000005,0.6493928531933681
0.43500000000000005,0.6507121900000001
0.43600000000000005,0.6525830712787745
0.43700000000000006,0.6537109487212256
0.43800000000000006,0.6530728861830764
0.43900000000000006,0.6526911938169236
0.44000000000000006,0.6544335500000001
0.44100000000000006,0.6569961043744564
0.44200000000000006,0.6578145000000002
0.44300000000000006,0.6594026746061079
0.44400000000000006,0.6598632853938922
0.44500000000000006,0.6594958451553969
0.44600000000000006,0.6610113848446032
0.44700000000000006,0.66167063
0.44800000000000006,0.66226922401406
0.44900000000000007,0.6637367000000001
0.45000000000000007,0.6647796033360333
0.45100000000000007,0.6651132066639668
0.45200000000000007,0.6652952565357694
0.45300000000000007,0.6669488334642308
0.45400000000000007,0.6705949300000003
0.45500000000000007,0.6727356085932142
0.45600000000000007,0.67201108
0.4570000000000001,0.6714872731101689
0.4580000000000001,0.6717982900000002
0.4590000000000001,0.6735450245626088
0.4600000000000001,0.6760012854373914
0.4610000000000001,0.67696214
0.4620000000000001,0.6773421162002381
0.4630000000000001,0.6780006300000002
0.4640000000000001,0.6795314764572356
0.4650000000000001,0.6811772
0.4660000000000001,0.6812670773190536
0.4670000000000001,0.6809989826809464
0.4680000000000001,0.6839240246318073
0.4690000000000001,0.6843872053681926
0.4700000000000001,0.6842215700000002
0.4710000000000001,0.6864486525261749
0.4720000000000001,0.68870127
0.4730000000000001,0.6886106042197155
0.4740000000000001,0.6880325757802843
0.4750000000000001,0.6910444084282316
0.4760000000000001,0.6928872315717687
0.4770000000000001,0.6922645599999999
0.4780000000000001,0.6906139466837333
0.4790000000000001,0.6922823200000002
0.4800000000000001,0.6945917198933023
0.4810000000000001,0.6965810501066981
0.4820000000000001,0.697619859648307
0.4830000000000001,0.697584690351693
0.4840000000000001,0.6971723400000001
0.4850000000000001,0.6977296444269557
0.4860000000000001,0.7000793800000001
0.4870000000000001,0.7014880320404593
0.4880000000000001,0.7026920779595409
0.4890000000000001,0.7040931077865442
0.4900000000000001,0.7048717622134558
0.4910000000000001,0.7064709100000002
0.4920000000000001,0.7083321613874863
0.4930000000000001,0.70924538
0.4940000000000001,0.7095565161871381
0.4950000000000001,0.70917523
0.4960000000000001,0.70950796601518
0.4970000000000001,0.7121094839848207
0.4980000000000001,0.71307582
0.4990000000000001,0.7131593191650084
0.5000000000000001,0.71344584
0.5010000000000001,0.7137205740788818
0.5020000000000001,0.7151284705588723
0.5030000000000001,0.7168137662940856
0.5040000000000001,0.7171809063288632
0.5050000000000001,0.71714473
0.5060000000000001,0.7170218731673416
0.5070000000000001,0.7166802402489876
0.5080000000000001,0.7158872658597585
0.5090000000000001,0.7165746100000001
0.5100000000000001,0.7179045159736598
0.5110000000000001,0.7185018742686292
0.5120000000000001,0.7187153057313708
0.5130000000000001,0.7195249719032192
0.5140000000000001,0.72056288
0.5150000000000001,0.7207979677773556
0.5160000000000001,0.7215757014207291
0.5170000000000001,0.7222897257195141
0.5180000000000001,0.7227282456148562
0.5190000000000001,0.7234532843083431
0.5200000000000001,0.7238841244426779
0.5210000000000001,0.7246062583359834
0.5220000000000001,0.7258789972724456
0.5230000000000001,0.7262365200000002
0.5240000000000001,0.7271707834028343
0.5250000000000001,0.7285110441602336
0.5260000000000001,0.7287190558397664
0.5270000000000001,0.7292149050414506
0.5280000000000001,0.7303062700000001
0.5290000000000001,0.731565775403854
0.5300000000000001,0.7318359765555723
0.5310000000000001,0.732387828962952
0.5320000000000001,0.7330433034452346
0.5330000000000001,0.7332111068998691
0.5340000000000001,0.73390110080216
0.5350000000000001,0.7349412087967604
0.5360000000000001,0.7357184222279447
0.5370000000000001,0.73550749
0.5380000000000001,0.7353823283608674
0.5390000000000001,0.7362184483797813
0.5400000000000001,0.7381644410801462
0.5410000000000001,0.739577695867559
0.5420000000000001,0.74010462
0.5430000000000001,0.7405920905196741
0.5440000000000002,0.7421180742204893
0.5450000000000002,0.742608000202102
0.5460000000000002,0.7431858200000001
0.5470000000000002,0.7442612126154262
0.5480000000000002,0.7445227547824087
0.5490000000000002,0.7447618752175913
0.5500000000000002,0.7453153044656448
0.5510000000000002,0.7461718900000001
0.5520000000000002,0.7468242100806017
0.5530000000000002,0.7478322693187343
0.5540000000000002,0.7488095604541773
0.5550000000000002,0.7487896701991019
0.5560000000000002,0.7495160811956121
0.5570000000000002,0.7506356372213391
0.5580000000000002,0.7514967041679917
0.5590000000000002,0.7522443950462505
0.5600000000000002,0.7533676600000001
0.5610000000000002,0.7547825111169114
0.5620000000000002,0.7558941950221992
0.5630000000000002,0.7566453049778009
0.5640000000000002,0.7578821076318766
0.5650000000000002,0.7596314000000003
0.5660000000000002,0.7605468099028992
0.5670000000000002,0.761041939240138
0.5680000000000002,0.7610166105065747
0.5690000000000002,0.7605172449937498
0.5700000000000002,0.7600465332646326
0.5710000000000002,0.7593729978008098
0.5720000000000002,0.7587630382987849
0.5730000000000002,0.7587599200310007
0.5740000000000002,0.7587417400000002
0.5750000000000002,0.7591589782022822
0.5760000000000002,0.7599791955227791
0.5770000000000002,0.7602553344772209
0.5780000000000002,0.7610691118621188
0.5790000000000002,0.7623138400000002
0.5800000000000002,0.7633075288305885
0.5810000000000002,0.7642490519859008
0.5820000000000002,0.7649819153427331
0.5830000000000002,0.7658236600000004
0.5840000000000002,0.7671948763252633
0.5850000000000002,0.7678274019084047
0.5860000000000002,0.7684228221373933
0.5870000000000002,0.7697769264587294
0.5880000000000002,0.7709557400000001
0.5890000000000002,0.771651862946959
0.5900000000000002,0.7719465572164392
0.5910000000000002,0.7721871051890405
0.5920000000000002,0.7721712001591016
0.5930000000000002,0.7727742330374305
0.5940000000000002,0.774077963102945
0.5950000000000002,0.7747331103455828
0.5960000000000002,0.7755303840544407
0.5970000000000002,0.77609283
0.5980000000000002,0.776107497880979
0.5990000000000002,0.7768956035692575
0.6000000000000002,0.7780740664307431
0.6010000000000002,0.7789632611081112
0.6020000000000002,0.7791688400000002
0.6030000000000002,0.7800824728039564
0.6040000000000002,0.7813628594438279
0.6050000000000002,0.7823443203707816
0.6060000000000002,0.7830468929743298
0.6070000000000002,0.7838137161369615
0.6080000000000002,0.7844274052235388
0.6090000000000002,0.7846885821646918
0.6100000000000002,0.7857110997745957
0.6110000000000002,0.7860728499999999
0.6120000000000002,0.7856958599522996
0.6130000000000002,0.7866910877102918
0.6140000000000002,0.7875766022897086
0.6150000000000002,0.7881432743333434
0.6160000000000002,0.7885795800000001
0.6170000000000002,0.7890569724217243
0.6180000000000002,0.7896780637489127
0.6190000000000002,0.7904696941673918
0.6200000000000002,0.7914162900000002
0.6210000000000002,0.7924728458591587
0.6220000000000002,0.793058752621269
0.6230000000000002,0.7931898160680967
0.6240000000000002,0.7940910409875199
0.6250000000000002,0.7951832400000002
0.6260000000000002,0.7961456241616833
0.6270000000000002,0.796561770818359
0.6280000000000002,0.7962557161210938
0.6290000000000002,0.7970408121488216
0.6300000000000002,0.7989395300000001
0.6310000000000002,0.7995904212944354
0.6320000000000002,0.8001551430583471
0.6330000000000002,0.8007487581276814
0.6340000000000002,0.8016586900000003
0.6350000000000002,0.8031941167639678
0.6360000000000002,0.8038705056669734
0.6370000000000002,0.8041538543330268
0.6380000000000002,0.8054591869464698
0.6390000000000002,0.8058433500000001
0.6400000000000002,0.8064298728117566
0.6410000000000002,0.8077110356190192
0.6420000000000002,0.8085650029206541
0.6430000000000002,0.8094635510145104
0.6440000000000002,0.81019056398874
0.6450000000000002,0.8105894442280888
0.6460000000000002,0.8113008486578672
0.6470000000000002,0.8122625303831079
0.6480000000000002,0.8131202500000001
0.6490000000000002,0.8134300735083352
0.6500000000000002,0.813780914456022
0.6510000000000002,0.8145037155439784
0.6520000000000002,0.8155709393276936
0.6530000000000002,0.8163568400000002
0.6540000000000002,0.8171520338701388
0.6550000000000002,0.8178455342384882
0.6560000000000002,0.8183201505076747
0.6570000000000003,0.8190485727157274
0.6580000000000003,0.8196035028706288
0.6590000000000003,0.8198905691547425
0.6600000000000003,0.8203483062678868
0.6610000000000003,0.8208938145448911
0.6620000000000003,0.8214731200000001
0.6630000000000003,0.8220076651606034
0.6640000000000003,0.8225237272905357
0.6650000000000003,0.8231000784729764
0.6660000000000003,0.8237976330244304
0.6670000000000003,0.82444781
0.6680000000000003,0.8245772194481277
0.6690000000000003,0.8250496258278088
0.6700000000000003,0.8259387422174224
0.6710000000000003,0.8260803800000001
0.6720000000000003,0.8265532966530668
0.6730000000000003,0.827218597427703
0.6740000000000003,0.8275899825722972
0.6750000000000003,0.827810407795778
0.6760000000000003,0.8285235200000003
0.6770000000000003,0.8296144073035463
0.6780000000000003,0.8303447619625021
0.6790000000000003,0.8310768453583323
0.6800000000000003,0.8314936158323585
0.6810000000000003,0.8317462885932861
0.6820000000000003,0.8326056154738266
0.6830000000000003,0.8333793067892608
0.6840000000000003,0.8340318669488695
0.6850000000000003,0.8346926
0.6860000000000003,0.8351126941664417
0.6870000000000003,0.8355293350445983
0.6880000000000003,0.8357815649554018
0.6890000000000003,0.8356891309244092
0.6900000000000003,0.8365141700000003
0.6910000000000003,0.8375065403559037
0.6920000000000003,0.8380243437042151
0.6930000000000003,0.8388144841971903
0.6940000000000003,0.840107727067471
0.6950000000000003,0.8410841794414944
0.6960000000000003,0.8410283424997752
0.6970000000000003,0.8416533312503376
0.6980000000000003,0.8422728138051763
0.6990000000000003,0.8425548100000001
0.7000000000000003,0.8429009981676818
0.7010000000000003,0.843717766682733
0.7020000000000003,0.8445519033172676
0.7030000000000003,0.8450599849192493
0.7040000000000003,0.8457694100000003
0.7050000000000003,0.8465427331595318
0.7060000000000003,0.8472007008516574
0.7070000000000003,0.8475624227655618
0.7080000000000003,0.8477971000000001
0.7090000000000003,0.8480814147427476
0.7100000000000003,0.8485556920753965
0.7110000000000003,0.8491594618869058
0.7120000000000003,0.8495539360553211
0.7130000000000003,0.8498778300000001
0.7140000000000003,0.8502227116009321
0.7150000000000003,0.8503828108213591
0.7160000000000003,0.8507435227857608
0.7170000000000003,0.8515037223979242
0.7180000000000003,0.852449364584246
0.7190000000000003,0.8529077954510277
0.7200000000000003,0.8536803468234591
0.7210000000000003,0.8546309309882102
0.7220000000000003,0.8547056300000001
0.7230000000000003,0.8551601270375705
0.7240000000000003,0.8558638777494901
0.7250000000000003,0.8562513522505101
0.7260000000000003,0.8560016824968248
0.7270000000000003,0.8562524900000003
0.7280000000000003,0.8569043934404689
0.7290000000000003,0.8572484398269087
0.7300000000000003,0.8575760034487278
0.7310000000000003,0.857927316486865
0.7320000000000003,0.8582550334594348
0.7330000000000003,0.8586009902407883
0.7340000000000003,0.8596130296388184
0.7350000000000003,0.8604766613637276
0.7360000000000003,0.8607394700000002
0.7370000000000003,0.8612496303224032
0.7380000000000003,0.861281873626255
0.7390000000000003,0.8614631863737452
0.7400000000000003,0.8624109505222054
0.7410000000000003,0.8627108900000001
0.7420000000000003,0.862891444299843
0.7430000000000003,0.8631064362063897
0.7440000000000003,0.863313315862407
0.7450000000000003,0.8642091800000002
0.7460000000000003,0.8650105017935179
0.7470000000000003,0.8651898532136394
0.7480000000000003,0.8653505351795411
0.7490000000000003,0.8655546879584591
0.7500000000000003,0.8660758700000002
0.7510000000000003,0.8668155716844337
0.7520000000000003,0.8669840171969403
0.7530000000000003,0.86722391520204
0.7540000000000003,0.8676164660744609
0.7550000000000003,0.8678000000000001
0.7560000000000003,0.8680267374956253
0.7570000000000003,0.8684015187565622
0.7580000000000003,0.8689533989622898
0.7590000000000003,0.8695486800000002
0.7600000000000003,0.8700580616797168
0.7610000000000003,0.8702260282452702
0.7620000000000003,0.8701382917547298
0.7630000000000003,0.8705285160976611
0.7640000000000003,0.8711403600000001
0.7650000000000003,0.8714976293705874
0.7660000000000003,0.8714347063731815
0.7670000000000003,0.871980479084546
0.7680000000000003,0.8724100557042572
0.7690000000000003,0.872663385584956
0.7700000000000004,0.8732218657302134
0.7710000000000004,0.8730083764046797
0.7720000000000004,0.8727654824289485
0.7730000000000004,0.8731226900000002
0.7740000000000004,0.8736628955575557
0.7750000000000004,0.87421864425203
0.7760000000000004,0.8744312457479702
0.7770000000000004,0.8744628396840968
0.7780000000000004,0.8752812700000001
0.7790000000000004,0.8756841362365624
0.7800000000000004,0.875495968380081
0.7810000000000004,0.875441971079946
0.7820000000000004,0.8756298381212813
0.7830000000000004,0.8759404435638358
0.7840000000000004,0.8762968286159694
0.7850000000000004,0.8767276270760465
0.7860000000000004,0.8769819674566492
0.7870000000000004,0.8774237000000001
0.7880000000000004,0.878115651647533
0.7890000000000004,0.8782803936865156
0.7900000000000004,0.8780699442089895
0.7910000000000004,0.8778539321601215
0.7920000000000004,0.8780221300000001
0.7930000000000004,0.8784054017952104
0.7940000000000004,0.8789951623071849
0.7950000000000004,0.87939542199492
0.7960000000000004,0.8792828300000001
0.7970000000000004,0.8795392572175724
0.7980000000000004,0.8802610096282151
0.7990000000000004,0.8807424203717853
0.8000000000000004,0.8802368050563504
0.8010000000000004,0.8809444300000003
0.8020000000000004,0.8817280482476648
0.8030000000000004,0.8815528164862757
0.8040000000000004,0.8814356923424829
0.8050000000000004,0.88183670598976
0.8060000000000004,0.8825654446176464
0.8070000000000004,0.8830272007937602
0.8080000000000004,0.8830668888093596
0.8090000000000004,0.8829774317892178
0.8100000000000004,0.88296777
0.8110000000000004,0.8831212530440306
0.8120000000000004,0.883425656277349
0.8130000000000004,0.8837395237226513
0.8140000000000004,0.8842429449657498
0.8150000000000004,0.8852051500000002
0.8160000000000004,0.8857502883131831
0.8170000000000004,0.8856659447019649
0.8180000000000004,0.8854893435320234
0.8190000000000004,0.886312471768518
0.8200000000000004,0.8871731247093473
0.8210000000000004,0.8876440478579071
0.8220000000000004,0.8875369432131394
0.8230000000000004,0.8873183721857436
0.8240000000000004,0.8877333400000001
0.8250000000000004,0.8880643167187671
0.8260000000000004,0.8877362141376347
0.8270000000000004,0.8884430958623658
0.8280000000000004,0.8891516229147294
0.8290000000000004,0.8895701200000001
0.8300000000000004,0.8898726686099862
0.8310000000000004,0.8898031646341682
0.8320000000000004,0.8896243035772211
0.8330000000000004,0.8895500300000001
0.8340000000000004,0.8897154950313506
0.8350000000000004,0.8902186309392532
0.8360000000000004,0.8907655935911206
0.8370000000000004,0.8908947687083741
0.8380000000000004,0.8903275699999996
0.8390000000000004,0.8896000913500267
0.8400000000000004,0.8887350943950799
0.8410000000000004,0.8878815970699461
0.8420000000000004,0.8874687041288412
0.8430000000000004,0.8871730545335451
0.8440000000000004,0.8866264078758059
0.8450000000000004,0.8860201981862905
0.8460000000000004,0.8865881486402866
0.8470000000000004,0.8878734700000006
0.8480000000000004,0.8890652182004823
0.8490000000000004,0.889885282690493
0.8500000000000004,0.8915198073095083
0.8510000000000004,0.8924059211390117
0.8520000000000004,0.8926960800000003
0.8530000000000004,0.8935651270316409
0.8540000000000004,0.8942682878788063
0.8550000000000004,0.8948642480807962
0.8560000000000004,0.8953796548459487
0.8570000000000004,0.895693418414484
0.8580000000000004,0.8955348746977652
0.8590000000000004,0.8957697629533524
0.8600000000000004,0.8965288924085485
0.8610000000000004,0.8967719099999999
0.8620000000000004,0.8964639240025398
0.8630000000000004,0.8958641812039516
0.8640000000000004,0.895424378796048
0.8650000000000004,0.8953959302844028
0.8660000000000004,0.8953565399999996
0.8670000000000004,0.8945123314693141
0.8680000000000004,0.8930858308450577
0.8690000000000004,0.8927806661032947
0.8700000000000004,0.8924350099999996
0.8710000000000004,0.8914341209186087
0.8720000000000004,0.8905260225568726
0.8730000000000004,0.8916538661646923
0.8740000000000004,0.8920667158717176
0.8750000000000004,0.8922249700000006
0.8760000000000004,0.8934201737599758
0.8770000000000004,0.8947961600215995
0.8780000000000004,0.8957968799856013
0.8790000000000004,0.8962933350355506
0.8800000000000004,0.8970352400000009
0.8810000000000004,0.8989111439812014
0.8820000000000005,0.9001102040281991
0.8830000000000005,0.9002613369779698
0.8840000000000005,0.90014529
0.8850000000000005,0.9001711034762349
0.8860000000000005,0.9005187358219675
0.8870000000000005,0.9013098341780332
0.8880000000000005,0.9022829402689032
0.8890000000000005,0.9025192299999999
0.8900000000000005,0.9023863096870938
0.8910000000000005,0.9023550285843709
0.8920000000000005,0.9026411742770863
0.8930000000000005,0.9028052683590837
0.8940000000000005,0.9029876652231524
0.8950000000000005,0.9035099867421632
0.8960000000000005,0.904347094886756
0.8970000000000005,0.9044551289198784
0.8980000000000005,0.9046297700000002
0.8990000000000005,0.9050256002635026
0.9000000000000005,0.9050519520133196
0.9010000000000005,0.9051526179866806
0.9020000000000005,0.9057297042290426
0.9030000000000005,0.9063853599999999
0.9040000000000005,0.9060205637778374
0.9050000000000005,0.9052094692770359
0.9060000000000005,0.9048520371486425
0.9070000000000005,0.9051779467407676
0.9080000000000005,0.9053827492215922
0.9090000000000005,0.905304911420929
0.9100000000000005,0.9053759578686066
0.9110000000000005,0.9051417723419467
0.9120000000000005,0.9042754200000007
0.9130000000000005,0.9056654697657959
0.9140000000000005,0.9066420168048598
0.9150000000000005,0.9065355121300934
0.9160000000000005,0.9071460338946392
0.9170000000000005,0.9066883900000002
0.9180000000000005,0.9071315543985802
0.9190000000000005,0.90735148340213
0.9200000000000005,0.9051684536620357
0.9210000000000005,0.9066211600000004
0.9220000000000005,0.9071855391917913
0.9230000000000005,0.9061047624881009
0.9240000000000005,0.9072291675119001
0.9250000000000005,0.9079054532372328
0.9260000000000005,0.9077155599999996
0.9270000000000005,0.9070483401157023
0.9280000000000005,0.9070599188705566
0.9290000000000005,0.9073556040862958
0.9300000000000005,0.9074827387286873
0.9310000000000005,0.9071891866495663
0.9320000000000005,0.9068541551245439
0.9330000000000005,0.9071103823131845
0.9340000000000005,0.9075594410187104
0.9350000000000005,0.9075602299999997
0.9360000000000005,0.9071527138630388
0.9370000000000005,0.9075390000583974
0.9380000000000005,0.9070419199416021
0.9390000000000005,0.9057697227221265
0.9400000000000005,0.9055101900000005
0.9410000000000005,0.9064545767241677
0.9420000000000005,0.907290737171741
0.9430000000000005,0.9065297952188387
0.9440000000000005,0.9050134551635508
0.9450000000000005,0.9064282795850958
0.9460000000000005,0.906386767107144
0.9470000000000005,0.9052421243392824
0.9480000000000005,0.9051651407695154
0.9490000000000005,0.9047998200000005
0.9500000000000005,0.9057457479531799
0.9510000000000005,0.9065410412957479
0.9520000000000005,0.9061058287042515
0.9530000000000005,0.9066705643524438
0.9540000000000005,0.9061720999999997
0.9550000000000005,0.9055961646074467
0.9560000000000005,0.9068265499115052
0.9570000000000005,0.9084902667256647
0.9580000000000005,0.9054870599999983
0.9590000000000005,0.9024421132800334
0.9600000000000005,0.9037701408044612
0.9610000000000005,0.9063103637933116
0.9620000000000005,0.9072636904672097
0.9630000000000005,0.9060943099999987
0.9640000000000005,0.9038624671620427
0.9650000000000005,0.9025787276229191
0.9660000000000005,0.9031661582513878
0.9670000000000005,0.9043746479149798
0.9680000000000005,0.904090448549885
0.9690000000000005,0.9029455097625132
0.9700000000000005,0.9054336353562334
0.9710000000000005,0.9039927388202874
0.9720000000000005,0.9010155200000012
0.9730000000000005,0.9032353758585584
0.9740000000000005,0.9028212368233269
0.9750000000000005,0.9026624031766728
0.9760000000000005,0.9027182494414945
0.9770000000000005,0.9026235300000002
0.9780000000000005,0.903044435456708
0.9790000000000005,0.9005901231186432
0.9800000000000005,0.8986940779209028
0.9810000000000005,0.9003947829922309
0.9820000000000005,0.9020543152172524
0.9830000000000005,0.902575970785759
0.9840000000000005,0.8996152588213574
0.9850000000000005,0.8960204459483171
0.9860000000000005,0.8981596200000007
0.9870000000000005,0.8993436065494653
0.9880000000000005,0.8989985686184555
0.9890000000000005,0.8994294913815449
0.9900000000000005,0.9013720005746068
0.9910000000000005,0.8980544799999999
0.9920000000000005,0.8978469769789708
0.9930000000000005,0.8996958415449221
0.9940000000000005,0.898747338970051
0.9950000000000006,0.8991182999999997
0.9960000000000006,0.898537343883839
0.9970000000000006,0.8989257577661127
0.9980000000000006,0.9008140633508335
0.9990000000000006,0.9013979341616835
1.0000000000000004,0.9034209300000003
1.0010000000000006,0.9041141300000001
1.0020000000000007,0.9042708900000002
1.0030000000000006,0.90442061
1.0040000000000004,0.9044076509159084
1.0050000000000006,0.9041168099999998
1.0060000000000007,0.90381783
1.0070000000000006,0.90381879
1.0080000000000005,0.9037879099999998
1.0090000000000006,0.9032732131786817
1.0100000000000007,0.9026049999999999
1.0110000000000006,0.9025300699999996
1.0120000000000005,0.9020059699999999
1.0130000000000006,0.9018712600000004
1.0140000000000007,0.9026058765383466
1.0150000000000006,0.9032849700000005
1.0160000000000005,0.9041791600000003
1.0170000000000006,0.9049581299999997
1.0180000000000007,0.9042428699999991
1.0190000000000006,0.9028402802589732
1.0200000000000005,0.9022057099999992
1.0210000000000006,0.9002200399999996
1.0220000000000007,0.8995997900000007
1.0230000000000006,0.9005455400000001
1.0240000000000005,0.9007867000000002
1.0250000000000006,0.9010560499999999
1.0260000000000007,0.9008309199999996
1.0270000000000006,0.9003117099999999
1.0280000000000005,0.9001159099999999
1.0290000000000006,0.8997520199999998
1.0300000000000007,0.8992186799999996
1.0310000000000006,0.89850664
1.0320000000000005,0.8984515144635536
1.0330000000000006,0.8984961500000002
1.0340000000000007,0.8986152999999998
1.0350000000000006,0.8982112399999997
1.0360000000000005,0.8979301999999999
1.0370000000000006,0.8978014333906605
1.0380000000000007,0.8969353399999999
1.0390000000000006,0.8967145100000006
1.0400000000000005,0.89785671
1.0410000000000006,0.897734399999999
1.0420000000000007,0.8962782256174373
1.0430000000000006,0.8960466400000001
1.0440000000000005,0.89621675
1.0450000000000006,0.8961041000000002
1.0460000000000007,0.8963931200000005
1.0470000000000006,0.8970820811038901
1.0480000000000005,0.8969343899999995
1.0490000000000006,0.8958551299999999
1.0500000000000007,0.8955831499999999
1.0510000000000006,0.8954946399999998
1.0520000000000005,0.8952286200000001
1.0530000000000006,0.8953924799999998
1.0540000000000007,0.8950234699999992
1.0550000000000006,0.8936964038236175
1.0560000000000005,0.89343464
1.0570000000000006,0.89350939
1.0580000000000007,0.8935219600000003
1.0590000000000006,0.8940035700000004
1.0600000000000005,0.8949547023157682
1.0610000000000006,0.8945778599999995
1.0620000000000007,0.8939112399999997
1.0630000000000006,0.8933758099999998
1.0640000000000005,0.8929985199999998
1.0650000000000006,0.8925645233996597
1.0660000000000007,0.8922852899999998
1.0670000000000006,0.8920886499999997
1.0680000000000005,0.8916436399999998
1.0690000000000006,0.8914690000000005
1.0700000000000007,0.8920942474752529
1.0710000000000006,0.8919182399999995
1.0720000000000005,0.8912628299999997
1.0730000000000006,0.8908654499999996
1.0740000000000007,0.8903014099999994
1.0750000000000006,0.8894802899999998
1.0760000000000005,0.8893776499999998
1.0770000000000006,0.8891000699999995
1.0780000000000007,0.888290149243075
1.0790000000000006,0.8874825799999997
1.0800000000000005,0.8870308999999998
1.0810000000000006,0.8864349099999997
1.0820000000000007,0.8861416000000004
1.0830000000000006,0.886806261086891
1.0840000000000005,0.8863171299999996
1.0850000000000006,0.8853723999999994
1.0860000000000007,0.8843021999999988
1.0870000000000006,0.8830752999999988
1.0880000000000005,0.8811749900309956
1.0890000000000006,0.8784955699999986
1.0900000000000007,0.8762499699999988
1.0910000000000006,0.8744652299999981
1.0920000000000005,0.8716809699999991
1.0930000000000006,0.869595798517147
1.0940000000000007,0.8675759999999978
1.0950000000000006,0.8642038699999974
1.0960000000000005,0.8603929899999974
1.0970000000000006,0.8564615199999971
1.0980000000000008,0.8521448399999961
1.0990000000000006,0.8477895299999968
1.1000000000000005,0.8429022999999982
1.1010000000000006,0.8386012299999966
1.1020000000000008,0.8335217199999978
1.1030000000000006,0.830190599999998
1.1040000000000005,0.8273716599999993
1.1050000000000006,0.8258607399999999
1.1060000000000008,0.8257360755534453
1.1070000000000007,0.8265916100000015
1.1080000000000005,0.8287967400000021
1.1090000000000007,0.8320295200000027
1.1100000000000008,0.836140690000003
1.1110000000000007,0.8406179793590678
1.1120000000000005,0.8456115700000021
1.1130000000000007,0.8504681000000028
1.1140000000000008,0.8547131400000031
1.1150000000000007,0.8593673700000023
1.1160000000000005,0.8628382829087113
1.1170000000000007,0.8655282300000012
1.1180000000000008,0.867410360000001
1.1190000000000007,0.8685412400000003
1.1200000000000006,0.8690177200000001
1.1210000000000007,0.8692440773642636
1.1220000000000008,0.8694106900000002
1.1230000000000007,0.8696173399999996
1.1240000000000006,0.8689944699999991
1.1250000000000007,0.8670400399999985
1.1260000000000008,0.8647022799999979
1.1270000000000007,0.862276199999998
1.1280000000000006,0.8596802399999983
1.1290000000000007,0.8572347667363246
1.1300000000000008,0.8548021299999973
1.1310000000000007,0.8516375399999974
1.1320000000000006,0.8477088799999982
1.1330000000000007,0.8437938099999971
1.1340000000000008,0.839412454120585
1.1350000000000007,0.835253659999997
1.1360000000000006,0.8307123199999974
1.1370000000000007,0.8269074599999978
1.1380000000000008,0.8236032699999972
1.1390000000000007,0.8204637939476034
1.1400000000000006,0.8186706899999998
1.1410000000000007,0.8182851700000005
1.1420000000000008,0.8189693700000013
1.1430000000000007,0.820794110000002
1.1440000000000006,0.8238193974712548
1.1450000000000007,0.8268781300000021
1.1460000000000008,0.830044150000003
1.1470000000000007,0.8333609700000021
1.1480000000000006,0.836513100000002
1.1490000000000007,0.839673100000002
1.1500000000000008,0.8426991100000027
1.1510000000000007,0.8457636200000017
1.1520000000000006,0.8483445600000011
1.1530000000000007,0.8508272200000015
1.1540000000000008,0.8532381100000014
1.1550000000000007,0.8553112700000012
1.1560000000000006,0.8571417300000013
1.1570000000000007,0.8590549337816229
1.1580000000000008,0.860392750000001
1.1590000000000007,0.861508910000001
1.1600000000000006,0.8630510000000007
1.1610000000000007,0.8640684500000004
1.1620000000000008,0.8647538849255078
1.1630000000000007,0.8652031400000002
1.1640000000000006,0.8654641500000002
1.1650000000000007,0.8658759600000002
1.1660000000000008,0.8662772800000004
1.1670000000000007,0.8666653811898812
1.1680000000000006,0.8671307000000001
1.1690000000000007,0.8675204500000002
1.1700000000000008,0.8678954800000004
1.1710000000000007,0.8682239100000003
1.1720000000000006,0.8687529071002903
1.1730000000000007,0.8695202500000003
1.1740000000000008,0.8700563300000003
1.1750000000000007,0.8703112599999999
1.1760000000000006,0.8701832299999998
1.1770000000000007,0.8697951399999998
1.1780000000000008,0.86945492
1.1790000000000007,0.8694317300000002
1.1800000000000006,0.8698311798300171
1.1810000000000007,0.8702294800000002
1.1820000000000008,0.8705367400000005
1.1830000000000007,0.8710083400000002
1.1840000000000006,0.8711495999999999
1.1850000000000007,0.8710153501659832
1.1860000000000008,0.87081701
1.1870000000000007,0.8708779199999998
1.1880000000000006,0.8705003299999998
1.1890000000000007,0.8701100899999997
1.1900000000000008,0.8697938616228374
1.1910000000000007,0.86943865
1.1920000000000006,0.86946225
1.1930000000000007,0.8695129800000001
1.1940000000000008,0.86966395
1.1950000000000007,0.869692147180282
1.1960000000000006,0.8690141999999996
1.1970000000000007,0.86853093
1.1980000000000008,0.8685713399999999
1.1990000000000007,0.86839879
1.2000000000000006,0.86835337
1.2010000000000007,0.8683668399999999
1.2020000000000008,0.8682916199999997
1.2030000000000007,0.8679258716628337
1.2040000000000006,0.8678425000000002
1.2050000000000007,0.8680995700000002
1.2060000000000008,0.86823708
1.2070000000000007,0.86820322
1.2080000000000006,0.868196234468553
1.2090000000000007,0.8680409199999997
1.2100000000000009,0.8675831599999997
1.2110000000000007,0.8672298799999998
1.2120000000000006,0.8669447299999997
1.2130000000000007,0.8663691875542442
1.2140000000000009,0.8660613899999999
1.2150000000000007,0.8658961099999999
1.2160000000000006,0.8657421500000001
1.2170000000000007,0.8659584500000002
1.2180000000000009,0.866090346810319
1.2190000000000007,0.8659827099999999
1.2200000000000006,0.8657510299999999
1.2210000000000008,0.8656185899999997
1.2220000000000009,0.8653231899999998
1.2230000000000008,0.8651227399999998
1.2240000000000006,0.8649270499999999
1.2250000000000008,0.8647770899999998
1.2260000000000009,0.8645028499999997
1.2270000000000008,0.8640736899999999
1.2280000000000006,0.8638964899999999
1.2290000000000008,0.8637607699999997
1.2300000000000009,0.8635041099999998
1.2310000000000008,0.8632657912508748
1.2320000000000007,0.8630783000000001
1.2330000000000008,0.8630130899999999
1.2340000000000009,0.8629377499999997
1.2350000000000008,0.8627026699999997
1.2360000000000007,0.8622367672442753
1.2370000000000008,0.8619092099999998
1.2380000000000009,0.8616186999999996
1.2390000000000008,0.8612757299999999
1.2400000000000007,0.86103064
1.2410000000000008,0.8609840946545345
1.2420000000000009,0.8607535999999997
1.2430000000000008,0.86037487
1.2440000000000007,0.8603135299999998
1.2450000000000008,0.8600631999999998
1.2460000000000009,0.8598807682431755
1.2470000000000008,0.8598164899999998
1.2480000000000007,0.8594436599999999
1.2490000000000008,0.85929412
1.2500000000000009,0.8593094299999997
1.2510000000000008,0.8589101999999995
1.2520000000000007,0.8585394
1.2530000000000008,0.8583271499999997
1.254000000000001,0.8579165564103586
1.2550000000000008,0.8575806599999997
1.2560000000000007,0.8572627299999996
1.2570000000000008,0.8567191399999997
1.258000000000001,0.8561941999999995
1.2590000000000008,0.8556788659854011
1.2600000000000007,0.8551387199999997
1.2610000000000008,0.8546309499999996
1.262000000000001,0.8541146499999998
1.2630000000000008,0.8538075699999997
1.2640000000000007,0.8535757331836815
1.2650000000000008,0.8534964900000002
1.266000000000001,0.8536159399999996
1.2670000000000008,0.8531817199999996
1.2680000000000007,0.8525209399999998
1.2690000000000008,0.852141777916208
1.270000000000001,0.8517807699999996
1.2710000000000008,0.8514074699999999
1.2720000000000007,0.8512713299999999
1.2730000000000008,0.8511093899999995
1.274000000000001,0.8505790199999995
1.2750000000000008,0.8500686299999995
1.2760000000000007,0.8496011499999997
1.2770000000000008,0.8491457699999998
1.278000000000001,0.8488282599999998
1.2790000000000008,0.8486096899999998
1.2800000000000007,0.8483310899999998
1.2810000000000008,0.8481019099999996
1.282000000000001,0.8476214289761017
1.2830000000000008,0.8469111899999997
1.2840000000000007,0.8464098599999996
1.2850000000000008,0.8459211599999994
1.286000000000001,0.8452889899999995
1.2870000000000008,0.844720256988301
1.2880000000000007,0.8442901399999995
1.2890000000000008,0.8434382699999996
1.290000000000001,0.8427900099999999
1.2910000000000008,0.8426978600000001
1.2920000000000007,0.8427627635096491
1.2930000000000008,0.84279031
1.294000000000001,0.8427314199999997
1.2950000000000008,0.8423843999999994
1.2960000000000007,0.8415530899999994
1.2970000000000008,0.840642961012898
1.298000000000001,0.8399659399999996
1.2990000000000008,0.8394793899999997
1.3000000000000007,0.8390296099999999
1.3010000000000008,0.8388674900000004
1.302000000000001,0.83929187
1.3030000000000008,0.8393185699999999
1.3040000000000007,0.8391771900000001
1.3050000000000008,0.8393319765913408
1.306000000000001,0.8392978900000002
1.3070000000000008,0.8395359500000006
1.3080000000000007,0.8401418900000005
1.3090000000000008,0.8409161600000001
1.310000000000001,0.8411429141975805
1.3110000000000008,0.8413848900000003
1.3120000000000007,0.84167206
1.3130000000000008,0.84168345
1.314000000000001,0.8417357200000001
1.3150000000000008,0.841829110660934
1.3160000000000007,0.8416763500000001
1.3170000000000008,0.8417838200000004
1.318000000000001,0.8423076300000005
1.3190000000000008,0.8429158900000001
1.3200000000000007,0.8430927223167685
1.3210000000000008,0.8428703499999999
1.322000000000001,0.8427683699999996
1.3230000000000008,0.8423556099999998
1.3240000000000007,0.8420380899999997
1.3250000000000008,0.8417726199999999
1.326000000000001,0.8416110299999997
1.3270000000000008,0.8413326699999999
1.3280000000000007,0.8412111084941508
1.3290000000000008,0.84149605
1.330000000000001,0.84154058
1.3310000000000008,0.8415523199999998
1.3320000000000007,0.8412751599999999
1.3330000000000009,0.8410975441275867
1.334000000000001,0.8406388199999996
1.3350000000000009,0.8401815299999994
1.3360000000000007,0.839507819999999
1.3370000000000009,0.8384202699999992
1.338000000000001,0.8375345185751416
1.3390000000000009,0.8363924599999989
1.3400000000000007,0.8351473799999992
1.3410000000000009,0.8340586999999986
1.342000000000001,0.8325060599999985
1.3430000000000009,0.8311106195440444
1.3440000000000007,0.8301170499999994
1.3450000000000009,0.8290694999999992
1.346000000000001,0.828232109999999
1.3470000000000009,0.827327129999999
1.3480000000000008,0.8262195599999995
1.3490000000000009,0.8254754499999996
1.350000000000001,0.8249241699999995
1.3510000000000009,0.8243930299999999
1.3520000000000008,0.8242891399999995
1.3530000000000009,0.8238183299999996
1.354000000000001,0.8231671999999993
1.3550000000000009,0.8225108399999994
1.3560000000000008,0.8218702245695423
1.3570000000000009,0.8208159199999991
1.358000000000001,0.8198367399999992
1.3590000000000009,0.819021049999999
1.3600000000000008,0.8179275399999993
1.3610000000000009,0.8168954546725319
1.362000000000001,0.8160421799999987
1.3630000000000009,0.8149259699999993
1.3640000000000008,0.8139019599999994
1.3650000000000009,0.8129609799999988
1.366000000000001,0.8115693491630823
1.3670000000000009,0.8100745699999984
1.3680000000000008,0.8081837299999984
1.3690000000000009,0.8057800499999982
1.370000000000001,0.8037180899999983
1.3710000000000009,0.801712360572941
1.3720000000000008,0.7998608899999985
1.3730000000000009,0.7980872399999992
1.374000000000001,0.7968430499999989
1.3750000000000009,0.7955344899999995
1.3760000000000008,0.7950634400000002
1.377000000000001,0.7953471500000004
1.378000000000001,0.7957601500000008
1.379000000000001,0.7966352005499461
1.3800000000000008,0.7977407000000013
1.381000000000001,0.7992873200000011
1.382000000000001,0.8005973100000018
1.383000000000001,0.8022325600000012
1.3840000000000008,0.8035865222897718
1.385000000000001,0.8046094200000011
1.386000000000001,0.8058527700000016
1.387000000000001,0.8072594400000009
1.3880000000000008,0.8080347200000007
1.389000000000001,0.8089825752144794
1.390000000000001,0.8098977800000006
1.391000000000001,0.8104118700000005
1.3920000000000008,0.8108769100000001
1.393000000000001,0.8110573300000001
1.394000000000001,0.8111936363693631
1.395000000000001,0.8113994000000002
1.3960000000000008,0.8115233800000001
1.397000000000001,0.8116998700000001
1.398000000000001,0.8117644199999999
1.399000000000001,0.8115838799999999
1.4000000000000008,0.8114667499999999
1.4010000000000007,0.8113179799999999
1.402000000000001,0.8110692499999997
1.403000000000001,0.81087607
1.4040000000000008,0.8108211799999998
1.4050000000000007,0.8104453699999996
1.406000000000001,0.8098126099999996
1.407000000000001,0.8094488594910505
1.4080000000000008,0.8090437699999998
1.4090000000000007,0.80866396
1.410000000000001,0.8085883899999996
1.411000000000001,0.8082155599999995
1.4120000000000008,0.8076105109439052
1.4130000000000007,0.8070199499999996
1.414000000000001,0.8063927299999993
1.415000000000001,0.8056495799999993
1.4160000000000008,0.8049582199999993
1.4170000000000007,0.8042446513568638
1.418000000000001,0.8032749899999991
1.419000000000001,0.8022770299999992
1.4200000000000008,0.8014153199999992
1.4210000000000007,0.8004604599999997
1.422000000000001,0.7998876572802714
1.423000000000001,0.7996277199999997
1.4240000000000008,0.7991965399999998
1.4250000000000007,0.7991128000000001
1.426000000000001,0.7990608799999998
1.427000000000001,0.7988303900000002
1.4280000000000008,0.7990034200000001
1.4290000000000007,0.79912281
1.430000000000001,0.7990895793050699
1.431000000000001,0.7993826300000002
1.4320000000000008,0.7996194400000002
1.4330000000000007,0.7998371700000001
1.434000000000001,0.7999478000000002
1.435000000000001,0.800254286370363
1.4360000000000008,0.8002179899999997
1.4370000000000007,0.7998989799999997
1.438000000000001,0.7995185299999994
1.439000000000001,0.7988920199999996
1.4400000000000008,0.798447654436556
1.4410000000000007,0.7980428899999995
1.442000000000001,0.7975113399999996
1.443000000000001,0.7970824199999994
1.4440000000000008,0.796411159999999
1.4450000000000007,0.7952831328027188
1.446000000000001,0.7945727699999994
1.447000000000001,0.7940120099999994
1.4480000000000008,0.7934654999999997
1.4490000000000007,0.7931100099999998
1.450000000000001,0.7926979099999996
1.451000000000001,0.7923299699999997
1.4520000000000008,0.7919952299999998
1.4530000000000007,0.7917454273902611
1.454000000000001,0.79181933
1.455000000000001,0.79177058
1.4560000000000008,0.7917293900000003
1.4570000000000007,0.7921454300000004
1.458000000000001,0.7924644146855319
1.459000000000001,0.7928112700000005
1.4600000000000009,0.7934816500000003
1.4610000000000007,0.7937698400000002
1.462000000000001,0.7940313200000008
1.463000000000001,0.7947289802339774
1.4640000000000009,0.7951023600000002
1.4650000000000007,0.7953081100000003
1.466000000000001,0.7957312500000001
1.467000000000001,0.79586339
1.4680000000000009,0.7958741189271074
1.4690000000000007,0.7960079300000001
1.470000000000001,0.7961958600000002
1.471000000000001,0.7964314800000003
1.4720000000000009,0.7967420200000003
1.4730000000000008,0.7969884300000003
1.474000000000001,0.7974679500000001
1.475000000000001,0.7975315999999997
1.4760000000000009,0.7971867899999999
1.4770000000000008,0.7970637099999999
1.478000000000001,0.7968770299999998
1.479000000000001,0.7966764000000001
1.4800000000000009,0.7966196499999999
1.4810000000000008,0.7964622701349864
1.482000000000001,0.7961636199999996
1.483000000000001,0.7958314999999997
1.4840000000000009,0.7955545799999997
1.4850000000000008,0.7951490299999996
1.486000000000001,0.7944476778872107
1.487000000000001,0.7940265499999997
1.4880000000000009,0.7937500499999997
1.4890000000000008,0.7933306099999998
1.490000000000001,0.7930309199999998
1.491000000000001,0.792792343857614
1.4920000000000009,0.7920877299999997
1.4930000000000008,0.7916750899999999
1.494000000000001,0.7915781699999995
1.495000000000001,0.7911764999999998
1.4960000000000009,0.7909571719328066
1.4970000000000008,0.7907246899999995
1.498000000000001,0.7900444899999997
1.499000000000001,0.7896730899999999
1.5000000000000009,0.7895827899999996
1.5010000000000008,0.7892663499999998
1.5020000000000011,0.7890168399999996
1.503000000000001,0.7887049899999995
1.504000000000001,0.7881333997000296
1.5050000000000008,0.7877303999999998
1.5060000000000011,0.7874326699999995
1.507000000000001,0.7870632399999996
1.508000000000001,0.7867023899999995
1.5090000000000008,0.7862198888941101
1.5100000000000011,0.7856088299999994
1.511000000000001,0.7849667699999993
1.512000000000001,0.784286079999999
1.5130000000000008,0.7833908199999995
1.5140000000000011,0.7826391651654826
1.515000000000001,0.7820123999999992
1.516000000000001,0.7813049599999995
1.5170000000000008,0.7807183299999993
1.5180000000000011,0.7799926399999989
1.519000000000001,0.7790397152924698
1.520000000000001,0.7784115699999995
1.5210000000000008,0.7777661099999995
1.5220000000000011,0.7772930899999998
1.523000000000001,0.7771522399999997
1.524000000000001,0.7767742899999998
1.5250000000000008,0.7765207299999997
1.5260000000000011,0.7760953299999993
1.527000000000001,0.7754692999999995
1.528000000000001,0.7749230899999995
1.5290000000000008,0.7742925899999995
1.5300000000000011,0.7736532099999992
1.531000000000001,0.7729425399999993
1.532000000000001,0.7723871676012395
1.5330000000000008,0.7719631799999995
1.5340000000000011,0.7713716599999993
1.535000000000001,0.7707403899999996
1.536000000000001,0.7703148099999997
1.5370000000000008,0.7699493317128284
1.5380000000000011,0.7694664599999995
1.539000000000001,0.7690510199999997
1.540000000000001,0.7686802099999996
1.5410000000000008,0.7682548799999995
1.5420000000000011,0.767726232864713
1.543000000000001,0.7673682599999996
1.544000000000001,0.7668787799999994
1.5450000000000008,0.7662154999999993
1.5460000000000012,0.7654576899999992
1.547000000000001,0.7647588398850108
1.548000000000001,0.7642332899999993
1.5490000000000008,0.7634866199999994
1.5500000000000012,0.7625972599999992
1.551000000000001,0.7618012399999992
1.552000000000001,0.7610377699999991
1.5530000000000008,0.7602639799999994
1.5540000000000012,0.7594478099999991
1.555000000000001,0.7586741032656725
1.556000000000001,0.7577067599999991
1.5570000000000008,0.7566446699999994
1.5580000000000012,0.7558759499999987
1.559000000000001,0.7548133099999987
1.560000000000001,0.7534923841725819
1.5610000000000008,0.7526341099999991
1.5620000000000012,0.7516909199999984
1.563000000000001,0.7504381499999992
1.564000000000001,0.7495825899999994
1.5650000000000008,0.7488926789911002
1.5660000000000012,0.7478997699999986
1.567000000000001,0.7469088999999989
1.568000000000001,0.7459332899999987
1.5690000000000008,0.7444981899999985
1.5700000000000012,0.7428522545935385
1.571000000000001,0.7412809099999982
1.572000000000001,0.7397158699999985
1.5730000000000008,0.738329889999999
1.5740000000000012,0.7367652699999981
1.575000000000001,0.7351115299999984
1.576000000000001,0.7337187499999982
1.5770000000000008,0.7320787299999986
1.5780000000000012,0.7304185655174469
1.579000000000001,0.7292737399999987
1.580000000000001,0.7281078699999987
1.5810000000000008,0.7265709599999985
1.5820000000000012,0.7249395299999976
1.583000000000001,0.7231042682221753
1.584000000000001,0.7209864899999981
1.5850000000000009,0.7188703399999983
1.5860000000000012,0.7169039799999973
1.587000000000001,0.7148919699999977
1.588000000000001,0.7127851606809297
1.5890000000000009,0.7108725299999983
1.5900000000000012,0.7089350799999975
1.591000000000001,0.7066771399999974
1.592000000000001,0.7042554599999972
1.5930000000000009,0.7016212034256553
1.5940000000000012,0.6986991799999965
1.595000000000001,0.6956140399999962
1.596000000000001,0.6921428399999956
1.5970000000000009,0.6881651899999962
1.5980000000000012,0.6838984499999948
1.599000000000001,0.6791918899999945
1.600000000000001,0.6741928499999955
1.6010000000000009,0.6691727599999953
1.6020000000000012,0.6637791399999927
1.603000000000001,0.6582847199999953
1.604000000000001,0.6528712499999948
1.6050000000000009,0.6469585299999946
1.6060000000000012,0.6407800088701051
1.607000000000001,0.6339687099999913
1.608000000000001,0.6261529299999927
1.6090000000000009,0.617853339999992
1.6100000000000012,0.6088964299999894
1.611000000000001,0.5992876348565026
1.612000000000001,0.5892361999999883
1.6130000000000009,0.5787953099999926
1.6140000000000012,0.5678381899999876
1.615000000000001,0.5566752599999879
1.616000000000001,0.545727814744514
1.6170000000000009,0.535174729999991
1.6180000000000012,0.5250445599999899
1.619000000000001,0.5159039499999911
1.620000000000001,0.5078769899999943
1.6210000000000009,0.5015481528837064
1.6220000000000012,0.4976135199999977
1.623000000000001,0.49588746000000083
1.624000000000001,0.4968406000000027
1.6250000000000009,0.49983075000000415
1.6260000000000012,0.5045043800000077
1.6270000000000011,0.5103179200000084
1.628000000000001,0.5166308900000057
1.629000000000001,0.5231610194570603
1.6300000000000012,0.5293555900000082
1.6310000000000011,0.5355258600000063
1.632000000000001,0.5412111300000059
1.633000000000001,0.5464912100000049
1.6340000000000012,0.5519574683121748
1.6350000000000011,0.5571405900000057
1.636000000000001,0.5621945300000056
1.637000000000001,0.5672898300000057
1.6380000000000012,0.5724111200000057
1.6390000000000011,0.5775198591260927
1.640000000000001,0.5821710200000039
1.641000000000001,0.5857148200000021
1.6420000000000012,0.5880953700000018
1.6430000000000011,0.5894268200000001
1.644000000000001,0.5894985728247176
1.645000000000001,0.58948094
1.6460000000000012,0.5894433299999994
1.6470000000000011,0.5889159999999994
1.648000000000001,0.5884766599999995
1.649000000000001,0.5879553599999995
1.6500000000000012,0.5873240199999992
1.6510000000000011,0.5867406099999997
1.652000000000001,0.5864437199999993
1.653000000000001,0.5858580499999989
1.6540000000000012,0.5845686799999983
1.6550000000000011,0.5830274199999977
1.656000000000001,0.5810592799999973
1.657000000000001,0.5787062083221657
1.6580000000000013,0.5763894299999976
1.6590000000000011,0.5743196599999975
1.660000000000001,0.5720490199999974
1.661000000000001,0.569603029999998
1.6620000000000013,0.5673959122787693
1.6630000000000011,0.5649186999999971
1.664000000000001,0.5622974599999976
1.665000000000001,0.5595811599999971
1.6660000000000013,0.556340989999995
1.6670000000000011,0.5526315109479013
1.668000000000001,0.5482450699999958
1.669000000000001,0.5434994699999954
1.6700000000000013,0.5383748399999929
1.6710000000000012,0.5330120899999946
1.672000000000001,0.5280859626127334
1.673000000000001,0.5235536099999963
1.6740000000000013,0.5194354699999966
1.6750000000000012,0.5163848999999976
1.676000000000001,0.5142146299999981
1.677000000000001,0.5124924799999995
1.6780000000000013,0.5119992500000002
1.6790000000000012,0.5122038100000003
1.680000000000001,0.5124397681051904
1.681000000000001,0.5134208200000018
1.6820000000000013,0.515366440000003
1.6830000000000012,0.5176289100000033
1.684000000000001,0.520597990000003
1.685000000000001,0.5240208027087321
1.6860000000000013,0.5271478900000044
1.6870000000000012,0.5304861700000045
1.688000000000001,0.5339082500000025
1.689000000000001,0.5368208900000021
1.6900000000000013,0.5391449375952434
1.6910000000000012,0.5410389300000015
1.692000000000001,0.542099540000001
1.693000000000001,0.5430031400000012
1.6940000000000013,0.5442490600000014
1.6950000000000012,0.5453190330027011
1.696000000000001,0.5464099000000013
1.697000000000001,0.547560810000001
1.6980000000000013,0.5484839100000006
1.6990000000000012,0.5490646400000003
1.700000000000001,0.5493363100000003
1.701000000000001,0.5495189400000001
1.7020000000000013,0.5496244999999996
1.7030000000000012,0.5493549585451454
1.704000000000001,0.54924041
1.705000000000001,0.5492562699999995
1.7060000000000013,0.5488156699999996
1.7070000000000012,0.5485990599999996
1.708000000000001,0.5482787753394649
1.709000000000001,0.5473321699999991
1.7100000000000013,0.5463070899999987
1.7110000000000012,0.545304299999999
1.712000000000001,0.5444422999999996
1.713000000000001,0.5440850657234273
1.7140000000000013,0.5439473399999998
1.7150000000000012,0.5437765099999999
1.716000000000001,0.5436832899999999
1.717000000000001,0.5435746900000001
1.7180000000000013,0.5436675407149286
1.7190000000000012,0.5437508800000002
1.720000000000001,0.5438609100000001
1.721000000000001,0.54398632
1.7220000000000013,0.54400647
1.7230000000000012,0.5439853699999997
1.724000000000001,0.5437290099999994
1.725000000000001,0.5432683799999991
1.7260000000000013,0.5422561199999988
1.7270000000000012,0.5413502499999985
1.728000000000001,0.5402250899999992
1.729000000000001,0.5392889999999994
1.7300000000000013,0.5384973299999989
1.7310000000000012,0.5376407321457845
1.732000000000001,0.5368621899999989
1.733000000000001,0.5358200099999988
1.7340000000000013,0.5344231699999987
1.7350000000000012,0.5334759399999992
1.736000000000001,0.5327778892310759
1.737000000000001,0.5319701999999994
1.7380000000000013,0.531455759999999
1.7390000000000012,0.5304799099999985
1.740000000000001,0.5290980299999988
1.741000000000001,0.5279791918838105
1.7420000000000013,0.5269090499999983
1.7430000000000012,0.5256715999999986
1.744000000000001,0.5244340899999983
1.745000000000001,0.5229176299999984
1.7460000000000013,0.5210589858644111
1.7470000000000012,0.5196625599999981
1.748000000000001,0.5182707899999988
1.749000000000001,0.5168472499999985
1.7500000000000013,0.5151792199999977
1.7510000000000012,0.5134020999999979
1.7520000000000011,0.5118117299999985
1.753000000000001,0.510650689999999
1.7540000000000013,0.5095829457724211
1.7550000000000012,0.5084406699999979
1.7560000000000011,0.506871639999998
1.757000000000001,0.5050353399999986
1.7580000000000013,0.5037257699999984
1.7590000000000012,0.5025444470452947
1.7600000000000011,0.5018148999999994
1.761000000000001,0.5011981699999991
1.7620000000000013,0.5003803999999998
1.7630000000000012,0.5002074799999999
1.7640000000000011,0.5000985408939105
1.765000000000001,0.5002214300000003
1.7660000000000013,0.50053018
1.7670000000000012,0.5005562300000003
1.7680000000000011,0.5006945700000006
1.769000000000001,0.5012912203349671
1.7700000000000014,0.5017299700000005
1.7710000000000012,0.5021378400000005
1.7720000000000011,0.5025889300000007
1.773000000000001,0.5031042100000003
1.7740000000000014,0.5033182500000004
1.7750000000000012,0.5036128199999999
1.7760000000000011,0.5035249599999992
1.777000000000001,0.5028534499999998
1.7780000000000014,0.5026113399999999
1.7790000000000012,0.5025551299999993
1.7800000000000011,0.501973809999999
1.781000000000001,0.5010991099999993
1.7820000000000014,0.5005368968623126
1.7830000000000013,0.49970551999999946
1.7840000000000011,0.4992011200000002
1.785000000000001,0.49938058999999946
1.7860000000000014,0.4988662899999987
1.7870000000000013,0.4979270205789411
1.7880000000000011,0.4971328099999991
1.789000000000001,0.49632113999999905
1.7900000000000014,0.49524867999999855
1.7910000000000013,0.4941490899999981
1.7920000000000011,0.4927520097080277
1.793000000000001,0.49085488999999866
1.7940000000000014,0.48938029999999805
1.7950000000000013,0.48792150999999784
1.7960000000000012,0.4863029399999984
1.797000000000001,0.4848516551284856
1.7980000000000014,0.48299520999999696
1.7990000000000013,0.4807223099999979
1.8000000000000012,0.47881701999999793
1.801000000000001,0.47694229999999793
1.8020000000000014,0.4751126799999976
1.8030000000000013,0.4735668899999985
1.8040000000000012,0.47220956999999847
1.805000000000001,0.4708112205609428
1.8060000000000014,0.46961682999999843
1.8070000000000013,0.4684641699999983
1.8080000000000012,0.4671662999999988
1.809000000000001,0.4661037299999994
1.8100000000000014,0.46542200375262355
1.8110000000000013,0.4645595299999986
1.8120000000000012,0.4635324499999991
1.813000000000001,0.4628593599999996
1.8140000000000014,0.46244355999999903
1.8150000000000013,0.46175224913108603
1.8160000000000012,0.4611437299999992
1.817000000000001,0.4605665499999991
1.8180000000000014,0.4597231099999992
1.8190000000000013,0.45914744999999973
1.8200000000000012,0.45893185155984373
1.821000000000001,0.45843201999999944
1.8220000000000014,0.4579186399999986
1.8230000000000013,0.4570400699999986
1.8240000000000012,0.4557599399999995
1.825000000000001,0.4553068599999996
1.8260000000000014,0.4549366200000003
1.8270000000000013,0.4551173699999996
1.8280000000000012,0.4547862008919093
1.829000000000001,0.45349511999999903
1.8300000000000014,0.4526492999999967
1.8310000000000013,0.4502374499999983
1.8320000000000012,0.4489751799999999
1.833000000000001,0.4489482231646824
1.8340000000000014,0.44797986999999995
1.8350000000000013,0.44792286000000175
1.8360000000000012,0.449251229999999
1.837000000000001,0.44848763999999897
1.8380000000000014,0.44753140562343624
1.8390000000000013,0.4473139599999981
1.8400000000000012,0.4459038699999983
1.841000000000001,0.4444200099999982
1.8420000000000014,0.4428403999999985
1.8430000000000013,0.44186023801619717
1.8440000000000012,0.4409881199999996
1.845000000000001,0.44062984000000033
1.8460000000000014,0.4409427000000016
1.8470000000000013,0.4419718699999999
1.8480000000000012,0.4418800799999989
1.849000000000001,0.44085776999999926
1.8500000000000014,0.44022431999999967
1.8510000000000013,0.43997480999999994
1.8520000000000012,0.43991789000000014
1.853000000000001,0.4400585900000002
1.8540000000000014,0.4402561800000007
1.8550000000000013,0.4407941100000017
1.8560000000000012,0.4420247776532334
1.857000000000001,0.44090130999999855
1.8580000000000014,0.4396228800000004
1.8590000000000013,0.43992670999999783
1.8600000000000012,0.4383059699999984
1.861000000000001,0.4368714982041813
1.8620000000000014,0.4383535400000013
1.8630000000000013,0.4391962899999994
1.8640000000000012,0.4386573999999994
1.865000000000001,0.4381121099999992
1.8660000000000014,0.43743241796920207
1.8670000000000013,0.43623774999999854
1.8680000000000012,0.43514117999999974
1.869000000000001,0.4349048400000016
1.8700000000000014,0.4363606000000006
1.8710000000000013,0.436838642195781
1.8720000000000012,0.4365464199999989
1.873000000000001,0.4357071199999995
1.8740000000000014,0.4351243399999996
1.8750000000000013,0.4348255999999992
1.8760000000000012,0.43428700999999903
1.8770000000000011,0.4335993199999993
1.8780000000000014,0.4330685099999999
1.8790000000000013,0.4329779678682127
1.8800000000000012,0.43265665000000086
1.8810000000000011,0.4333110700000008
1.8820000000000014,0.4339994799999999
1.8830000000000013,0.43393855999999753
1.8840000000000012,0.43212109835016355
1.8850000000000011,0.4309046000000002
1.8860000000000015,0.43116402999999937
1.8870000000000013,0.430756029999999
1.8880000000000012,0.43012597999999874
1.8890000000000011,0.42898839375862297
1.8900000000000015,0.42874225999999943
1.8910000000000013,0.42839478999999814
1.8920000000000012,0.42698689999999984
1.8930000000000011,0.42682466000000024
1.8940000000000015,0.42700402206379384
1.8950000000000014,0.42626517999999874
1.8960000000000012,0.4253270599999998
1.8970000000000011,0.4252026099999997
1.8980000000000015,0.4250035899999984
1.8990000000000014,0.4237915599999983
1.9000000000000012,0.4224860999999997
1.9010000000000011,0.42229818999999974
1.9020000000000015,0.42205583999999946
1.9030000000000014,0.4217071199999992
1.9040000000000012,0.4211266299999991
1.9050000000000011,0.42031108999999894
1.9060000000000015,0.4193423699999987
1.9070000000000014,0.418497506974301
1.9080000000000013,0.41736724999999897
1.9090000000000011,0.41640683999999917
1.9100000000000015,0.4156721199999983
1.9110000000000014,0.4146164100000009
1.9120000000000013,0.4152748970122995
1.9130000000000011,0.4159450199999994
1.9140000000000015,0.4153920700000003
1.9150000000000014,0.4156000000000003
1.9160000000000013,0.4158064399999988
1.9170000000000011,0.4148709535486442
1.9180000000000015,0.41408004999999926
1.9190000000000014,0.41353889999999943
1.9200000000000013,0.41312241999999993
1.9210000000000012,0.4130642699999997
1.9220000000000015,0.4127827881481848
1.9230000000000014,0.4128456999999998
1.9240000000000013,0.4126732599999994
1.9250000000000012,0.4121438599999994
1.9260000000000015,0.4116505699999982
1.9270000000000014,0.41049161999999895
1.9280000000000013,0.40982993999999984
1.9290000000000012,0.40969551000000004
1.9300000000000015,0.40973707436856266
1.9310000000000014,0.4093807600000008
1.9320000000000013,0.4099465900000003
1.9330000000000012,0.4101365199999987
1.9340000000000015,0.4089738399999979
1.9350000000000014,0.4074447496950309
1.9360000000000013,0.4077416999999991
1.9370000000000012,0.4070841399999981
1.9380000000000015,0.40567129999999973
1.9390000000000014,0.4055109299999998
1.9400000000000013,0.4053967114218577
1.9410000000000012,0.4053005899999993
1.9420000000000015,0.40475314999999834
1.9430000000000014,0.4036643199999991
1.9440000000000013,0.40295442999999737
1.9450000000000012,0.40100972447055044
1.9460000000000015,0.3995993700000002
1.9470000000000014,0.3996923900000014
1.9480000000000013,0.4005752499999997
1.9490000000000012,0.4003426399999988
1.9500000000000015,0.39923926999999926
1.9510000000000014,0.39877134999999825
1.9520000000000013,0.39763628999999906
1.9530000000000012,0.3969364569113107
1.9540000000000015,0.3985055700000011
1.9550000000000014,0.399203929999999
1.9560000000000013,0.39847433999999976
1.9570000000000012,0.3983219899999986
1.9580000000000015,0.397269660718927
1.9590000000000014,0.39657685000000176
1.9600000000000013,0.3979293100000016
1.9610000000000012,0.39912795999999895
1.9620000000000015,0.3983526199999999
1.9630000000000014,0.39826423883811607
1.9640000000000013,0.39860519999999916
1.9650000000000012,0.39799147999999956
1.9660000000000015,0.397581960000002
1.9670000000000014,0.39887378000000084
1.9680000000000013,0.39941049632836784
1.9690000000000012,0.3977017099999988
1.9700000000000015,0.3966656899999999
1.9710000000000014,0.39660801999999956
1.9720000000000013,0.3963182599999994
1.9730000000000012,0.39590883000000043
1.9740000000000015,0.3962925100000002
1.9750000000000014,0.396422859999998
1.9760000000000013,0.394926519999999
1.9770000000000012,0.39416331000000093
1.9780000000000015,0.39488727
1.9790000000000014,0.39488526999999934
1.9800000000000013,0.3943900499999999
1.9810000000000012,0.3943089676702325
1.9820000000000015,0.393885669999999
1.9830000000000014,0.39324003000000124
1.9840000000000013,0.39415768000000023
1.9850000000000012,0.39431946999999756
1.9860000000000015,0.3921090372682698
1.9870000000000014,0.3899817200000004
1.9880000000000013,0.39025869999999935
1.9890000000000012,0.3896467099999988
1.9900000000000015,0.38855165000000136
1.9910000000000014,0.3893988752774735
1.9920000000000013,0.3896171699999972
1.9930000000000012,0.38747900999999835
1.9940000000000015,0.3859573899999988
1.9950000000000014,0.385155379999999
1.9960000000000013,0.3844028852494741
1.9970000000000012,0.3841307199999995
1.9980000000000016,0.383769930000001
1.9990000000000014,0.38450949999999984
2.0000000000000013,0.3844037699999988
2.0010000000000012,0.3835217872335508
2.0020000000000016,0.3813941227664435
2.0030000000000014,0.37990349999999773
2.0040000000000013,0.37817943748850097
2.0050000000000012,0.3770543225114965
2.0060000000000016,0.37777364000000047
2.0070000000000014,0.3780226399999992
2.0080000000000013,0.3775437835102976
2.0090000000000012,0.37727888648970176
2.0100000000000016,0.3777197900000001
2.0110000000000015,0.3777806904079171
2.0120000000000013,0.3769847695920804
2.0130000000000012,0.3766280399999999
2.0140000000000016,0.37655155169965926
2.0150000000000015,0.3760685483003392
2.0160000000000013,0.37518429999999975
2.0170000000000012,0.3750123100000001
2.0180000000000016,0.37508529506798693
2.0190000000000015,0.3754359749320141
2.0200000000000014,0.3749901099999983
2.0210000000000012,0.37373927527294476
2.0220000000000016,0.37319200472705377
2.0230000000000015,0.3723064399999983
2.0240000000000014,0.37100218902319526
2.0250000000000012,0.3708924209768045
2.0260000000000016,0.37075492999999665
2.0270000000000015,0.3688902299999972
2.0280000000000014,0.3673152374992477
2.0290000000000012,0.36677306999999926
2.0300000000000016,0.36625173999999877
2.0310000000000015,0.365555543224355
2.0320000000000014,0.36548778677564475
2.0330000000000013,0.36563435000000144
2.0340000000000016,0.36670902656368787
2.0350000000000015,0.36707466343631334
2.0360000000000014,0.36671956999999966
2.0370000000000013,0.3664577082683454
2.0380000000000016,0.36564039173165247
2.0390000000000015,0.3647100299999981
2.0400000000000014,0.3632551999999989
2.0410000000000013,0.36241998982503465
2.0420000000000016,0.3621182401749646
2.0430000000000015,0.3616115200000021
2.0440000000000014,0.36316448406118873
2.0450000000000013,0.3640050959388131
2.0460000000000016,0.36321901999999673
2.0470000000000015,0.361382674854028
2.0480000000000014,0.3606312151459697
2.0490000000000013,0.3607019499999994
2.0500000000000016,0.36022899000000036
2.0510000000000015,0.3604016427347268
2.0520000000000014,0.3605816999999997
2.0530000000000013,0.36038964999999884
2.0540000000000016,0.3595294208848205
2.0550000000000015,0.35793826911517457
2.0560000000000014,0.3569975199999972
2.0570000000000013,0.3548769515716834
2.0580000000000016,0.3529926684283115
2.0590000000000015,0.3538877100000007
2.0600000000000014,0.354374843922215
2.0610000000000013,0.35391406607778375
2.0620000000000016,0.35323848999999957
2.0630000000000015,0.3529866899999995
2.0640000000000014,0.3525985111867622
2.0650000000000013,0.3522103788132368
2.0660000000000016,0.3527962000000005
2.0670000000000015,0.35307643434812996
2.0680000000000014,0.35281991565186926
2.0690000000000013,0.3523950899999995
2.0700000000000016,0.3520097706308729
2.0710000000000015,0.3514160793691253
2.0720000000000014,0.3495798399999983
2.0730000000000013,0.3483339299999993
2.0740000000000016,0.34778270079191986
2.0750000000000015,0.34719061999999984
2.0760000000000014,0.34707317000000026
2.0770000000000013,0.3472898621125775
2.0780000000000016,0.34731098788742254
2.0790000000000015,0.3475814800000008
2.0800000000000014,0.34816246810438106
2.0810000000000013,0.3493435118956227
2.0820000000000016,0.3504907200000014
2.0830000000000015,0.3512894477284562
2.0840000000000014,0.35246673227154746
2.0850000000000013,0.35514960000000206
2.0860000000000016,0.35675227999999964
2.0870000000000015,0.3565619938382334
2.0880000000000014,0.3572003761617686
2.0890000000000013,0.3579031500000003
2.0900000000000016,0.3581171146500721
2.0910000000000015,0.35946361534993204
2.0920000000000014,0.36073571000000076
2.0930000000000013,0.3613317806318735
2.0940000000000016,0.36123809936812623
2.0950000000000015,0.36089241999999894
2.0960000000000014,0.3600855199999993
2.0970000000000013,0.3595893355374445
2.0980000000000016,0.3580447099999989
2.0990000000000015,0.35720080000000154
2.1000000000000014,0.3583810290301949
2.1010000000000013,0.35897133096980693
2.1020000000000016,0.3592487600000003
2.1030000000000015,0.3593994020955803
2.1040000000000014,0.35902035790441855
2.1050000000000013,0.3587647699999976
2.1060000000000016,0.3569695426574677
2.1070000000000015,0.3564961173425308
2.1080000000000014,0.3588194500000019
2.1090000000000013,0.36025816000000294
2.1100000000000017,0.36246261784743405
2.1110000000000015,0.36464109215257273
2.1120000000000014,0.3653219900000002
2.1130000000000013,0.3655015481173765
2.1140000000000017,0.36548272188262343
2.1150000000000015,0.3651395400000002
2.1160000000000014,0.3653046209598081
2.1170000000000013,0.365314219040192
2.1180000000000017,0.36521444000000136
2.1190000000000015,0.36625111000000093
2.1200000000000014,0.366953700682862
2.1210000000000013,0.36606052931713523
2.1220000000000017,0.36586872000000087
2.1230000000000016,0.3663810772265556
2.1240000000000014,0.36695334277344616
2.1250000000000013,0.36976239000000183
2.1260000000000017,0.37113677606678563
2.1270000000000016,0.3704974439332124
2.1280000000000014,0.3699988699999978
2.1290000000000013,0.36837006396520433
2.1300000000000017,0.36610971603478965
2.1310000000000016,0.3643946299999962
2.1320000000000014,0.3622723199999955
2.1330000000000013,0.359753471689658
2.1340000000000017,0.35627036831033276
2.1350000000000016,0.351894649999991
2.1360000000000015,0.346845707338524
2.1370000000000013,0.34171909266146006
2.1380000000000017,0.3354041899999892
2.1390000000000016,0.3293301014516999
2.1400000000000015,0.32324461854828124
2.1410000000000013,0.3180006399999929
2.1420000000000017,0.3126869199999923
2.1430000000000016,0.3083853109578051
2.1440000000000015,0.30629488904218843
2.1450000000000014,0.30447065999999734
2.1460000000000017,0.3024912117166551
2.1470000000000016,0.30150837828334187
2.1480000000000015,0.3019102500000006
2.1490000000000014,0.30236117812137736
2.1500000000000017,0.30374239187862634
2.1510000000000016,0.305334540000002
2.1520000000000015,0.306454570000002
2.1530000000000014,0.30757975748125355
2.1540000000000017,0.31005442000000333
2.1550000000000016,0.3119154300000014
2.1560000000000015,0.31269932542891576
2.1570000000000014,0.3136536145710872
2.1580000000000017,0.3133624499999946
2.1590000000000016,0.3102960889312103
2.1600000000000015,0.30818540106878306
2.1610000000000014,0.3069129599999973
2.1620000000000017,0.30486642406218456
2.1630000000000016,0.30300704593780964
2.1640000000000015,0.30128922999999547
2.1650000000000014,0.2978620199999963
2.1660000000000017,0.2950743193891209
2.1670000000000016,0.29426821061087666
2.1680000000000015,0.29321217999999677
2.1690000000000014,0.2907917637412502
2.1700000000000017,0.28942917625874626
2.1710000000000016,0.2903024299999999
2.1720000000000015,0.2902444847680463
2.1730000000000014,0.2901921652319535
2.1740000000000017,0.29031511999999776
2.1750000000000016,0.2890497999999971
2.1760000000000015,0.2873810368763099
2.1770000000000014,0.2862425399999984
2.1780000000000017,0.28501706999999726
2.1790000000000016,0.2834970532763413
2.1800000000000015,0.281329816723652
2.1810000000000014,0.2790466199999961
2.1820000000000017,0.27607669156768344
2.1830000000000016,0.2741923684323107
2.1840000000000015,0.27276211999999866
2.1850000000000014,0.27176489288942274
2.1860000000000017,0.27229378711057894
2.1870000000000016,0.2731306900000027
2.1880000000000015,0.2746451500000014
2.1890000000000014,0.27569621858728355
2.1900000000000017,0.27658209141271917
2.1910000000000016,0.27768362000000074
2.1920000000000015,0.2780745672785449
2.1930000000000014,0.27844735272145626
2.1940000000000017,0.2792445700000019
2.1950000000000016,0.28030103879124285
2.1960000000000015,0.2809889512087593
2.1970000000000014,0.28188312000000243
2.1980000000000017,0.28369763000000314
2.1990000000000016,0.28547966756924686
2.2000000000000015,0.2878553600000025
2.2010000000000014,0.28971389000000203
2.2020000000000017,0.29125817593481473
2.2030000000000016,0.2923175240651885
2.2040000000000015,0.29270630999999914
2.2050000000000014,0.29205670319036087
2.2060000000000017,0.29138860680963674
2.2070000000000016,0.29018145999999845
2.2080000000000015,0.2893063198050397
2.2090000000000014,0.28970437019496165
2.2100000000000017,0.2887699899999966
2.2110000000000016,0.28685792999999665
2.2120000000000015,0.28499558817435894
2.2130000000000014,0.28117733182562915
2.2140000000000017,0.27792244999999766
2.2150000000000016,0.2766079260397891
2.2160000000000015,0.2747683239602052
2.2170000000000014,0.2707985899999971
2.2180000000000017,0.268617429436112
2.2190000000000016,0.26811179056388645
2.2200000000000015,0.26751676000000274
2.2210000000000014,0.2695418000000024
2.2220000000000018,0.27138336145385306
2.2230000000000016,0.27039790000000025
2.2240000000000015,0.2705746000000038
2.2250000000000014,0.2734584441861661
2.2260000000000018,0.27550030581384116
2.2270000000000016,0.27790254000000436
2.2280000000000015,0.28036181097280466
2.2290000000000014,0.2798715390271938
2.2300000000000018,0.2799721400000054
2.2310000000000016,0.2830366273705294
2.2320000000000015,0.28521033262947737
2.2330000000000014,0.286587360000002
2.2340000000000018,0.28808707000000255
2.2350000000000017,0.28952202312137626
2.2360000000000015,0.28985323687862474
2.2370000000000014,0.2898590600000018
2.2380000000000018,0.2911766695520899
2.2390000000000017,0.29137219044791074
2.2400000000000015,0.28903319999999777
2.2410000000000014,0.2873064662397502
2.2420000000000018,0.28616886376024575
2.2430000000000017,0.28448733999999787
2.2440000000000015,0.28288676999999773
2.2450000000000014,0.2811666595950764
2.2460000000000018,0.27836261040491356
2.2470000000000017,0.27594881999999643
2.2480000000000016,0.2739630788712227
2.2490000000000014,0.2720517911287713
2.2500000000000018,0.27154236999999704
2.2510000000000017,0.269892779268143
2.2520000000000016,0.26778546073185044
2.2530000000000014,0.264896629999994
2.254000000000002,0.2604062032333448
2.2550000000000017,0.25513853676663883
2.2560000000000016,0.24805792999998774
2.2570000000000014,0.24115521999998862
2.258000000000002,0.23474890264345974
2.2590000000000017,0.22757533735651797
2.2600000000000016,0.21901872999998695
2.2610000000000015,0.21168056107077182
2.262000000000002,0.20299126892919728
2.2630000000000017,0.19557418999999532
2.2640000000000016,0.19293109045890403
2.2650000000000015,0.1903356795410879
2.266000000000002,0.1850782199999957
2.2670000000000017,0.18267787999999854
2.2680000000000016,0.18187203610777933
2.2690000000000015,0.1824331138922224
2.270000000000002,0.18733934000001345
2.2710000000000017,0.19492409004200273
2.2720000000000016,0.20182450995801873
2.2730000000000015,0.20960838000000925
2.274000000000002,0.21655269228355414
2.2750000000000017,0.22327552771646678
2.2760000000000016,0.22880182000000657
2.2770000000000015,0.23251268000000594
2.278000000000002,0.23585002626537996
2.2790000000000017,0.23819037000000334
2.2800000000000016,0.24006267000000234
2.2810000000000015,0.24137823380324136
2.282000000000002,0.24261626619676305
2.2830000000000017,0.24323244000000108
2.2840000000000016,0.2438411847040633
2.2850000000000015,0.24638822529594462
2.286000000000002,0.24682196999999512
2.2870000000000017,0.2440644602019567
2.2880000000000016,0.2422664797980377
2.2890000000000015,0.23967591999999574
2.290000000000002,0.23649230999999993
2.2910000000000017,0.23644249420515565
2.2920000000000016,0.23438454579483795
2.2930000000000015,0.22826760999999232
2.294000000000002,0.2224981881223629
2.2950000000000017,0.2146794118776128
2.2960000000000016,0.20779011999999053
2.2970000000000015,0.20246498281842812
2.298000000000002,0.19739316718155384
2.2990000000000017,0.19322826999999468
2.3000000000000016,0.1902348999999912
2.3010000000000015,0.18529714377561507
2.302000000000002,0.18328056000000695
2.3030000000000017,0.18718985000000607
2.3040000000000016,0.19061969360028805
2.3050000000000015,0.1956556963997276
2.306000000000002,0.20171361000000634
2.3070000000000017,0.20529302912318279
2.3080000000000016,0.2098842608768315
2.3090000000000015,0.219318000000011
2.310000000000002,0.22759124031194922
2.3110000000000017,0.23479435968807635
2.3120000000000016,0.24166693000000916
2.3130000000000015,0.24682702000000603
2.314000000000002,0.2513498785273005
2.3150000000000017,0.2550351514727126
2.3160000000000016,0.2584443400000075
2.3170000000000015,0.2626653826694708
2.318000000000002,0.2655920773305396
2.3190000000000017,0.2652820600000011
2.3200000000000016,0.26592127886123085
2.3210000000000015,0.26780989113877507
2.322000000000002,0.2682540100000037
2.3230000000000017,0.27035323000000255
2.3240000000000016,0.2718015765293459
2.3250000000000015,0.2710668699999958
2.326000000000002,0.2678883699999946
2.3270000000000017,0.2648634262967377
2.3280000000000016,0.2630263937032566
2.3290000000000015,0.25937619999999506
2.330000000000002,0.2556609581313721
2.3310000000000017,0.25484227186862474
2.3320000000000016,0.25338744999999685
2.3330000000000015,0.25160416527694457
2.334000000000002,0.2515569347230553
2.3350000000000017,0.2500532299999901
2.3360000000000016,0.24445697999999397
2.3370000000000015,0.24106552818236204
2.338000000000002,0.2401473518176347
2.3390000000000017,0.2377739500000001
2.3400000000000016,0.23781496701859173
2.3410000000000015,0.2349851529813995
2.342000000000002,0.2259352799999882
2.3430000000000017,0.21928748228053135
2.3440000000000016,0.2115102877194445
2.3450000000000015,0.20648597000000135
2.346000000000002,0.20750367999999986
2.3470000000000018,0.2074299017998181
2.3480000000000016,0.2062479000000019
2.3490000000000015,0.2076772200000037
2.350000000000002,0.2104480304989064
2.3510000000000018,0.21345301950110562
2.3520000000000016,0.2215471600000097
2.3530000000000015,0.22702028965607088
2.354000000000002,0.22831685034393373
2.3550000000000018,0.229886319999998
2.3560000000000016,0.22876571555788916
2.3570000000000015,0.22922129444211226
2.358000000000002,0.23354176000000276
2.3590000000000018,0.23510501999999903
2.3600000000000017,0.23455970043391466
2.3610000000000015,0.23546403956608813
2.362000000000002,0.2340539699999987
2.3630000000000018,0.23331745412817945
2.3640000000000017,0.23645873587183033
2.3650000000000015,0.23912719000000016
2.366000000000002,0.23925065584783403
2.3670000000000018,0.24100913415217298
2.3680000000000017,0.24535966000000511
2.3690000000000015,0.2491985100000085
2.370000000000002,0.25557572572586296
2.3710000000000018,0.25953298427415283
2.3720000000000017,0.25792074000000204
2.3730000000000016,0.25907532249050497
2.374000000000002,0.26100022750950186
2.3750000000000018,0.2623935300000115
2.3760000000000017,0.2688684818166439
2.3770000000000016,0.27338664818337005
2.378000000000002,0.27274966000000067
2.379000000000002,0.27311186374025165
2.3800000000000017,0.2729492662597478
2.3810000000000016,0.2735156400000068
2.382000000000002,0.2773163600000047
2.383000000000002,0.27944702208658373
2.3840000000000017,0.28006788791341825
2.3850000000000016,0.28144749999999974
2.386000000000002,0.2812843670755838
2.387000000000002,0.28075512292441407
2.3880000000000017,0.2828368800000015
2.3890000000000016,0.28367260497800056
2.390000000000002,0.28132238502199103
2.391000000000002,0.27948784999999615
2.3920000000000017,0.2773319499999972
2.3930000000000016,0.2757691217246543
2.394000000000002,0.275286368275344
2.395000000000002,0.2748062299999975
2.3960000000000017,0.27341115515297026
2.3970000000000016,0.2739626848470314
2.398000000000002,0.27909386000000375
2.399000000000002,0.2811836009997991
2.4000000000000017,0.28059359900019903
2.4010000000000016,0.28175749999999805
2.4020000000000015,0.28067716999999776
2.403000000000002,0.27943939377761984
2.4040000000000017,0.2821825400000038
2.4050000000000016,0.2843320999999997
2.406000000000002,0.28418654317836134
2.407000000000002,0.28271832682163284
2.4080000000000017,0.2792606099999997
2.4090000000000016,0.27906077068686636
2.4100000000000015,0.28136763931314085
2.411000000000002,0.28125915000000523
2.4120000000000017,0.28419920080984123
2.4130000000000016,0.28620729919016497
2.414000000000002,0.2785592399999953
2.415000000000002,0.2759274500000117
2.4160000000000017,0.28248014380424386
2.4170000000000016,0.2854181861957652
2.4180000000000015,0.29042622000000234
2.419000000000002,0.2921559204788975
2.4200000000000017,0.2879607095210895
2.4210000000000016,0.2953577600000041
2.422000000000002,0.2976314633893121
2.423000000000002,0.29276535661066844
2.4240000000000017,0.294522369999996
2.4250000000000016,0.29226613000000456
2.4260000000000015,0.29482449416358747
2.427000000000002,0.2973869399999924
2.4280000000000017,0.2931011000000067
2.4290000000000016,0.2968791410967792
2.430000000000002,0.29599010890321764
2.431000000000002,0.29550093000001637
2.4320000000000017,0.3047154297030547
2.4330000000000016,0.30181246029693626
2.4340000000000015,0.2944307000000031
2.435000000000002,0.296710894834031
2.4360000000000017,0.2953592351659642
2.4370000000000016,0.29619983000000366
2.438000000000002,0.2982640899999789
2.439000000000002,0.2863869155508804
2.4400000000000017,0.2805424244490988
2.4410000000000016,0.28355556999999815
2.4420000000000015,0.2825162323975308
2.443000000000002,0.288940207602492
2.4440000000000017,0.2911636799999859
2.4450000000000016,0.28322426860527783
2.446000000000002,0.2825103213947197
2.447000000000002,0.28803238000001635
2.4480000000000017,0.29725685999999407
2.4490000000000016,0.2939230297540199
2.4500000000000015,0.29102056999998877
2.451000000000002,0.2826206699999855
2.4520000000000017,0.2744302497170648
2.4530000000000016,0.279527420282951
2.454000000000002,0.28461850000001343
2.455000000000002,0.29218096411318545
2.4560000000000017,0.2961220958868303
2.4570000000000016,0.28940692999999706
2.4580000000000015,0.28775238995100305
2.459000000000002,0.28355190004898206
2.4600000000000017,0.28010723000002574
2.4610000000000016,0.2945984300000198
2.462000000000002,0.3057260880553959
2.463000000000002,0.3091066419446176
2.4640000000000017,0.31162976999999237
2.4650000000000016,0.30734469503098505
2.4660000000000015,0.301895004968998
2.467000000000002,0.29550122999999306
2.4680000000000017,0.29158328206558515
2.4690000000000016,0.29050393793441154
2.470000000000002,0.2890982600000049
2.471000000000002,0.29185164
2.4720000000000018,0.2918423232236739
2.4730000000000016,0.2895745599999985
2.4740000000000015,0.28844764999997996
2.475000000000002,0.27342706243950143
2.4760000000000018,0.26825145756047786
2.4770000000000016,0.2858160099999989
2.478000000000002,0.28517709330836866
2.479000000000002,0.29991017669169023
2.4800000000000018,0.3083212399999595
2.4810000000000016,0.28551235515695655
2.4820000000000015,0.2780639248430203
2.483000000000002,0.2823560199999861
2.4840000000000018,0.27455139000000045
2.4850000000000017,0.2748122943801337
2.486000000000002,0.2808560956198878
2.487000000000002,0.2751006499999878
2.4880000000000018,0.268236580119977
2.4890000000000017,0.2688377798800249
2.4900000000000015,0.26570838999998037
2.491000000000002,0.25095949474906876
2.4920000000000018,0.2600069852509674
2.4930000000000017,0.2974665800000334
2.494000000000002,0.3225379000000481
2.495000000000002,0.34960637369427416
2.4960000000000018,0.35594331630575116
2.4970000000000017,0.31254696999994547
2.4980000000000016,0.28185978504198583
2.499000000000002,0.2783102049580015
2.5000000000000018,0.2783097
2.5010000000000017,0.2783097
2.502000000000002,0.2783097
2.503000000000002,0.2783097
2.504000000000002,0.2783097
2.5050000000000017,0.2783097
2.5060000000000016,0.2783097
2.507000000000002,0.2783097
2.508000000000002,0.2783097
2.5090000000000017,0.2783097
2.510000000000002,0.2783097
2.511000000000002,0.2783097
2.512000000000002,0.2783097
2.5130000000000017,0.2783097
2.5140000000000016,0.2783097
2.515000000000002,0.2783097
2.516000000000002,0.2783097
2.5170000000000017,0.2783097
2.518000000000002,0.2783097
2.519000000000002,0.2783097
2.520000000000002,0.2783097
2.5210000000000017,0.2783097
2.5220000000000016,0.2783097
2.523000000000002,0.2783097
2.524000000000002,0.2783097
2.5250000000000017,0.2783097
2.526000000000002,0.2783097
2.527000000000002,0.2783097
2.528000000000002,0.2783097
2.5290000000000017,0.2783097
2.5300000000000016,0.2783097
2.531000000000002,0.2783097
2.532000000000002,0.2783097
2.5330000000000017,0.2783097
2.534000000000002,0.2783097
2.535000000000002,0.2783097
2.536000000000002,0.2783097
2.5370000000000017,0.2783097
2.5380000000000016,0.2783097
2.539000000000002,0.2783097
2.540000000000002,0.2783097
2.5410000000000017,0.2783097
2.542000000000002,0.2783097
2.543000000000002,0.2783097
2.544000000000002,0.2783097
2.5450000000000017,0.2783097
2.5460000000000016,0.2783097
2.547000000000002,0.2783097
2.548000000000002,0.2783097
2.5490000000000017,0.2783097
2.550000000000002,0.2783097
2.551000000000002,0.2783097
2.552000000000002,0.2783097
2.5530000000000017,0.2783097
2.5540000000000016,0.2783097
2.555000000000002,0.2783097
2.556000000000002,0.2783097
2.5570000000000017,0.2783097
2.558000000000002,0.2783097
2.559000000000002,0.2783097
2.560000000000002,0.2783097
2.5610000000000017,0.2783097
2.5620000000000016,0.2783097
2.563000000000002,0.2783097
2.564000000000002,0.2783097
2.5650000000000017,0.2783097
2.566000000000002,0.2783097
2.567000000000002,0.2783097
2.568000000000002,0.2783097
2.5690000000000017,0.2783097
2.5700000000000016,0.2783097
2.571000000000002,0.2783097
2.572000000000002,0.2783097
2.5730000000000017,0.2783097
2.574000000000002,0.2783097
2.575000000000002,0.2783097
2.576000000000002,0.2783097
2.5770000000000017,0.2783097
2.5780000000000016,0.2783097
2.579000000000002,0.2783097
2.580000000000002,0.2783097
2.5810000000000017,0.2783097
2.582000000000002,0.2783097
2.583000000000002,0.2783097
2.584000000000002,0.2783097
2.5850000000000017,0.2783097
2.5860000000000016,0.2783097
2.587000000000002,0.2783097
2.588000000000002,0.2783097
2.5890000000000017,0.2783097
2.590000000000002,0.2783097
2.591000000000002,0.2783097
2.592000000000002,0.2783097
2.5930000000000017,0.2783097
2.5940000000000016,0.2783097
2.595000000000002,0.2783097
2.596000000000002,0.2783097
2.5970000000000018,0.2783097
2.598000000000002,0.2783097
2.599000000000002,0.2783097
