wave,r
0.4,0.590994209101518
0.401,0.5949735265384692
0.402,0.5976273734615308
0.403,0.6002562000000001
0.404,0.6028651939100609
0.405,0.60505414
0.406,0.6073065580503391
0.40700000000000003,0.609111591949661
0.40800000000000003,0.6109190873418533
0.40900000000000003,0.613653272658147
0.41000000000000003,0.6156799200000002
0.41100000000000003,0.6175152516466835
0.41200000000000003,0.61937112
0.41300000000000003,0.6206604390405097
0.41400000000000003,0.6225644900000001
0.41500000000000004,0.6246641451225976
0.41600000000000004,0.6261764048774024
0.41700000000000004,0.62770206
0.41800000000000004,0.6296826401941982
0.41900000000000004,0.6317797300000001
0.42000000000000004,0.633283868403416
0.42100000000000004,0.63512421
0.42200000000000004,0.6370349050808984
0.42300000000000004,0.6385429949191017
0.42400000000000004,0.6395469472498551
0.42500000000000004,0.6412719327501452
0.42600000000000005,0.6432344900000001
0.42700000000000005,0.6447051946995531
0.42800000000000005,0.6461751500000001
0.42900000000000005,0.6475054121567569
0.43000000000000005,0.6487210878432431
0.43100000000000005,0.649962023653927
0.43200000000000005,0.6513274163460732
0.43300000000000005,0.65252137
0.43400000000000005,0.6535209520471796
0.43500000000000005,0.6547256700000001
0.43600000000000005,0.6559564018056638
0.43700000000000006,0.6571369681943362
0.43800000000000006,0.6581712487771245
0.43900000000000006,0.6590489612228756
0.44000000000000006,0.6600288700000001
0.44100000000000006,0.6610753995347047
0.44200000000000006,0.6620461900000001
0.44300000000000006,0.6631785695932082
0.44400000000000006,0.6641378904067918
0.44500000000000006,0.6648585284094318
0.44600000000000006,0.6656994715905683
0.44700000000000006,0.66656625
0.44800000000000006,0.6675081205812943
0.44900000000000007,0.66849202
0.45000000000000007,0.6693371579982401
0.45100000000000007,0.6701369820017601
0.45200000000000007,0.6709771285882282
0.45300000000000007,0.6718359514117719
0.45400000000000007,0.6724714600000001
0.45500000000000007,0.6731069036455636
0.45600000000000007,0.67387992
0.4570000000000001,0.6747610113652863
0.4580000000000001,0.6758975400000001
0.4590000000000001,0.6768626048821024
0.4600000000000001,0.6773508151178977
0.4610000000000001,0.67793298
0.4620000000000001,0.6786966823629764
0.4630000000000001,0.6795165500000001
0.4640000000000001,0.6801273257357426
0.4650000000000001,0.6807009
0.4660000000000001,0.6813944681984362
0.4670000000000001,0.6822143118015641
0.4680000000000001,0.6829276166821664
0.4690000000000001,0.6835958333178337
0.4700000000000001,0.6842804600000001
0.4710000000000001,0.6850412578832213
0.4720000000000001,0.68582958
0.4730000000000001,0.6865823371565569
0.4740000000000001,0.6872979928434432
0.4750000000000001,0.6880378775529491
0.4760000000000001,0.6887931724470512
0.4770000000000001,0.68945628
0.4780000000000001,0.6900123462572375
0.4790000000000001,0.6906380700000001
0.4800000000000001,0.6913484379195417
0.4810000000000001,0.6921403920804586
0.4820000000000001,0.6929189660461791
0.4830000000000001,0.693523583953821
0.4840000000000001,0.6940736800000001
0.4850000000000001,0.6946271644651554
0.4860000000000001,0.6952095600000001
0.4870000000000001,0.6959449662464751
0.4880000000000001,0.696569613753525
0.4890000000000001,0.6970222663554729
0.4900000000000001,0.6976578136445272
0.4910000000000001,0.69821447
0.4920000000000001,0.6987013751309488
0.4930000000000001,0.6992392500000001
0.4940000000000001,0.6998362549585505
0.4950000000000001,0.70033211
0.4960000000000001,0.7007557753869923
0.4970000000000001,0.7012944746130079
0.4980000000000001,0.70174736
0.4990000000000001,0.7022282451911481
0.5000000000000001,0.70278972
0.5010000000000001,0.7032669845830917
0.5020000000000001,0.7037252940074997
0.5030000000000001,0.704192210661667
0.5040000000000001,0.7046472954491546
0.5050000000000001,0.70501804
0.5060000000000001,0.7053852792071397
0.5070000000000001,0.7058456361892905
0.5080000000000001,0.706416178589086
0.5090000000000001,0.70689571
0.5100000000000001,0.7072498831102312
0.5110000000000001,0.707560908525459
0.5120000000000001,0.7079871814745411
0.5130000000000001,0.7084724851469516
0.5140000000000001,0.7089445
0.5150000000000001,0.7093224530518611
0.5160000000000001,0.7096276396715164
0.5170000000000001,0.7099500235523224
0.5180000000000001,0.7103539059611597
0.5190000000000001,0.7107865836651367
0.5200000000000001,0.7111530963988801
0.5210000000000001,0.71147304040168
0.5220000000000001,0.7118280464499291
0.5230000000000001,0.71222609
0.5240000000000001,0.7125537431090312
0.5250000000000001,0.7128646489080438
0.5260000000000001,0.7133100510919563
0.5270000000000001,0.7136273368271684
0.5280000000000001,0.71388215
0.5290000000000001,0.7142037787060871
0.5300000000000001,0.7146390811465427
0.5310000000000001,0.7150106325689717
0.5320000000000001,0.7153066970393704
0.5330000000000001,0.7155998325952261
0.5340000000000001,0.7158593556301185
0.5350000000000001,0.7161408615548224
0.5360000000000001,0.7164528368802376
0.5370000000000001,0.71673912
0.5380000000000001,0.7170059128807577
0.5390000000000001,0.7172939898449078
0.5400000000000001,0.7176221534367282
0.5410000000000001,0.7179220870006701
0.5420000000000001,0.71823961
0.5430000000000001,0.7185574253163343
0.5440000000000002,0.7188232420254987
0.5450000000000002,0.7190769249263492
0.5460000000000002,0.71931744
0.5470000000000002,0.7195265916642166
0.5480000000000002,0.7196930140076396
0.5490000000000002,0.7198933959923604
0.5500000000000002,0.720143907494875
0.5510000000000002,0.72035855
0.5520000000000002,0.7203766703904079
0.5530000000000002,0.7204157139445029
0.5540000000000002,0.7205471973703315
0.5550000000000002,0.7206258192137921
0.5560000000000002,0.7206662908827088
0.5570000000000002,0.7207545633962302
0.5580000000000002,0.7209243749056548
0.5590000000000002,0.7210339278089781
0.5600000000000002,0.72115618
0.5610000000000002,0.7212929116648167
0.5620000000000002,0.7214593965967362
0.5630000000000002,0.721789233403264
0.5640000000000002,0.7221018068742687
0.5650000000000002,0.72230327
0.5660000000000002,0.722486081192012
0.5670000000000002,0.7225456815896205
0.5680000000000002,0.722598668940253
0.5690000000000002,0.722749648490185
0.5700000000000002,0.7228331010448105
0.5710000000000002,0.7229375821028948
0.5720000000000002,0.7230427268456577
0.5730000000000002,0.7230662697645953
0.5740000000000002,0.7231969800000001
0.5750000000000002,0.7235432952231523
0.5760000000000002,0.7240656085886565
0.5770000000000002,0.7244950414113437
0.5780000000000002,0.7249007759426596
0.5790000000000002,0.72525132
0.5800000000000002,0.725486702411624
0.5810000000000002,0.7256072776361181
0.5820000000000002,0.7255284815759212
0.5830000000000002,0.72532636
0.5840000000000002,0.7252581102188022
0.5850000000000002,0.7252799919989
0.5860000000000002,0.7253799370016499
0.5870000000000002,0.7255148286510731
0.5880000000000002,0.72563094
0.5890000000000002,0.7257205804924098
0.5900000000000002,0.7257698208063597
0.5910000000000002,0.7257966994624269
0.5920000000000002,0.7259288386785868
0.5930000000000002,0.7261419922519226
0.5940000000000002,0.7263671834354283
0.5950000000000002,0.7265389548468576
0.5960000000000002,0.7266670474381743
0.5970000000000002,0.72676349
0.5980000000000002,0.7268751917845179
0.5990000000000002,0.727053641822727
0.6000000000000002,0.727144778177273
0.6010000000000002,0.7271586098616987
0.6020000000000002,0.72728437
0.6030000000000002,0.7274007213405268
0.6040000000000002,0.7275347753427329
0.6050000000000002,0.7277128664381781
0.6060000000000002,0.7278749283793838
0.6070000000000002,0.7279329300232003
0.6080000000000002,0.7279352516915155
0.6090000000000002,0.7280198274627269
0.6100000000000002,0.7281501886963739
0.6110000000000002,0.72830588
0.6120000000000002,0.7284209701878018
0.6130000000000002,0.7284397511681533
0.6140000000000002,0.7284981588318468
0.6150000000000002,0.7286082488990889
0.6160000000000002,0.72872293
0.6170000000000002,0.7288003607604077
0.6180000000000002,0.7288383805222739
0.6190000000000002,0.7288557896518174
0.6200000000000002,0.72890526
0.6210000000000002,0.7290332310312103
0.6220000000000002,0.7291363504361782
0.6230000000000002,0.7291581593457327
0.6240000000000002,0.7292077495040902
0.6250000000000002,0.72920626
0.6260000000000002,0.7292311813250265
0.6270000000000002,0.7293636814786261
0.6280000000000002,0.7294129690142493
0.6290000000000002,0.7294589895397955
0.6300000000000002,0.72951794
0.6310000000000002,0.7295182903325834
0.6320000000000002,0.7295349195011249
0.6330000000000002,0.7296072785527855
0.6340000000000002,0.72968948
0.6350000000000002,0.7296316602885029
0.6360000000000002,0.7296605117069317
0.6370000000000002,0.7297458582930683
0.6380000000000002,0.7297160002986031
0.6390000000000002,0.72977549
0.6400000000000002,0.7298672805275106
0.6410000000000002,0.7299200301073947
0.6420000000000002,0.7299236099284035
0.6430000000000002,0.7299301599344994
0.6440000000000002,0.7299560305251053
0.6450000000000002,0.730008541701115
0.6460000000000002,0.7300935974483276
0.6470000000000002,0.7301537993979881
0.6480000000000002,0.73017025
0.6490000000000002,0.7301946306592065
0.6500000000000002,0.730260550423183
0.6510000000000002,0.7302817095768169
0.6520000000000002,0.7302141206759067
0.6530000000000002,0.73017776
0.6540000000000002,0.730189441797818
0.6550000000000002,0.730279334180291
0.6560000000000002,0.7304186772131394
0.6570000000000003,0.7304611195755958
0.6580000000000003,0.7304584999319993
0.6590000000000003,0.7304516997736114
0.6600000000000003,0.730440380339583
0.6610000000000003,0.7304785296184924
0.6620000000000003,0.73051971
0.6630000000000003,0.7305289502915058
0.6640000000000003,0.7305580984478776
0.6650000000000003,0.7305063610347483
0.6660000000000003,0.7304644604190041
0.6670000000000003,0.73057854
0.6680000000000003,0.730597259159642
0.6690000000000003,0.7305552412605371
0.6700000000000003,0.730540160301603
0.6710000000000003,0.73061711
0.6720000000000003,0.7306511400095
0.6730000000000003,0.7306520897676093
0.6740000000000003,0.7306404702323906
0.6750000000000003,0.7305532108726086
0.6760000000000003,0.73054081
0.6770000000000003,0.7305810494330885
0.6780000000000003,0.7305243592722364
0.6790000000000003,0.7305001004851758
0.6800000000000003,0.730530199698997
0.6810000000000003,0.7305839098872988
0.6820000000000003,0.7305726396770161
0.6830000000000003,0.7305564904844758
0.6840000000000003,0.7305404503208032
0.6850000000000003,0.73052508
0.6860000000000003,0.7305411101800018
0.6870000000000003,0.7305591095172193
0.6880000000000003,0.7305349704827807
0.6890000000000003,0.7304509908398084
0.6900000000000003,0.73039836
0.6910000000000003,0.730308286205562
0.6920000000000003,0.7301185631483426
0.6930000000000003,0.7298901745677716
0.6940000000000003,0.7296769021327213
0.6950000000000003,0.7294266167419674
0.6960000000000003,0.7291008162773861
0.6970000000000003,0.7289146855839208
0.6980000000000003,0.7288467306795136
0.6990000000000003,0.72878003
0.7000000000000003,0.7285464969720696
0.7010000000000003,0.7282437032374703
0.7020000000000003,0.7279055767625294
0.7030000000000003,0.72770494200632
0.7040000000000003,0.7279591000000001
0.7050000000000003,0.7284830315097153
0.7060000000000003,0.7290585119853009
0.7070000000000003,0.7294580220097996
0.7080000000000003,0.72965121
0.7090000000000003,0.7297251201049011
0.7100000000000003,0.7297356084264787
0.7110000000000003,0.729656932360282
0.7120000000000003,0.7295500010693214
0.7130000000000003,0.72945839
0.7140000000000003,0.7294390209638194
0.7150000000000003,0.7295354043734814
0.7160000000000003,0.7296811870843458
0.7170000000000003,0.7298464783470835
0.7180000000000003,0.7300090209364094
0.7190000000000003,0.7301026605947702
0.7200000000000003,0.7301323991078447
0.7210000000000003,0.7301216102158021
0.7220000000000003,0.73013151
0.7230000000000003,0.7302420706295063
0.7240000000000003,0.730305017798288
0.7250000000000003,0.7301949322017119
0.7260000000000003,0.7300597413519134
0.7270000000000003,0.73002636
0.7280000000000003,0.730092470597812
0.7290000000000003,0.7301522499250037
0.7300000000000003,0.7301497500499975
0.7310000000000003,0.730059560901909
0.7320000000000003,0.7299346894188942
0.7330000000000003,0.7298765787136643
0.7340000000000003,0.7298122619295035
0.7350000000000003,0.7297290608320166
0.7360000000000003,0.72965008
0.7370000000000003,0.729627729502295
0.7380000000000003,0.7295779583656653
0.7390000000000003,0.7294962416343346
0.7400000000000003,0.7294198307641077
0.7410000000000003,0.72935021
0.7420000000000003,0.729257577901979
0.7430000000000003,0.7291526770406479
0.7440000000000003,0.7290540319729013
0.7450000000000003,0.72886914
0.7460000000000003,0.7287280595469955
0.7470000000000003,0.7286827580700964
0.7480000000000003,0.7285862628948553
0.7490000000000003,0.7285005508571172
0.7500000000000003,0.7283814499999999
0.7510000000000003,0.7282126488973779
0.7520000000000003,0.7281023853634317
0.7530000000000003,0.7279478330910454
0.7540000000000003,0.7277555519228192
0.7550000000000003,0.72761399
0.7560000000000003,0.7274795781068947
0.7570000000000003,0.7273849228396579
0.7580000000000003,0.7272985617272173
0.7590000000000003,0.7271216499999998
0.7600000000000003,0.7269191680688806
0.7610000000000003,0.7267260569911203
0.7620000000000003,0.7265756130088796
0.7630000000000003,0.7264608111480114
0.7640000000000003,0.7263031599999998
0.7650000000000003,0.7261146886159722
0.7660000000000003,0.7259762875719213
0.7670000000000003,0.7258953516187191
0.7680000000000003,0.7257707712458125
0.7690000000000003,0.725582898601686
0.7700000000000004,0.7254430687088645
0.7710000000000004,0.7253785119367031
0.7720000000000004,0.7252888708964179
0.7730000000000004,0.7250695799999999
0.7740000000000004,0.7247706679489794
0.7750000000000004,0.7245655675884964
0.7760000000000004,0.7244449924115035
0.7770000000000004,0.724325181198112
0.7780000000000004,0.72421056
0.7790000000000004,0.7240762064309643
0.7800000000000004,0.7238977530925452
0.7810000000000004,0.7236675046049696
0.7820000000000004,0.7234520321547215
0.7830000000000004,0.7232935991190912
0.7840000000000004,0.7232055085218739
0.7850000000000004,0.7231316022171891
0.7860000000000004,0.7229793715223304
0.7870000000000004,0.72279686
0.7880000000000004,0.7226800296840937
0.7890000000000004,0.7226484374324283
0.7900000000000004,0.7225628517117144
0.7910000000000004,0.7224661709668097
0.7920000000000004,0.72241807
0.7930000000000004,0.7222904584060796
0.7940000000000004,0.7222107623908803
0.7950000000000004,0.7221934803456035
0.7960000000000004,0.72216988
0.7970000000000004,0.7221544397871978
0.7980000000000004,0.7221331594850207
0.7990000000000004,0.7221074105149794
0.8000000000000004,0.7220846402277024
0.8010000000000004,0.72204435
0.8020000000000004,0.7220379702116043
0.8030000000000004,0.7220591283479826
0.8040000000000004,0.7220040611013449
0.8050000000000004,0.7219820602200022
0.8060000000000004,0.7220103705150052
0.8070000000000004,0.7220618711181441
0.8080000000000004,0.7221177783227839
0.8090000000000004,0.7222217879197792
0.8100000000000004,0.72234285
0.8110000000000004,0.7224096704559045
0.8120000000000004,0.7224552615211393
0.8130000000000004,0.7225313184788609
0.8140000000000004,0.722621259100591
0.8150000000000004,0.7226725800000001
0.8160000000000004,0.7228015721374215
0.8170000000000004,0.7229084420419979
0.8180000000000004,0.722976508638668
0.8190000000000004,0.7231301684633847
0.8200000000000004,0.723256591593216
0.8210000000000004,0.7234159143413831
0.8220000000000004,0.7236329834879257
0.8230000000000004,0.7237847384824697
0.8240000000000004,0.72392827
0.8250000000000004,0.7240912320039201
0.8260000000000004,0.724291624275829
0.8270000000000004,0.724505415724171
0.8280000000000004,0.7246481185729858
0.8290000000000004,0.7247805000000002
0.8300000000000004,0.7249912622174223
0.8310000000000004,0.7251021332308385
0.8320000000000004,0.7252098278461078
0.8330000000000004,0.7253924600000001
0.8340000000000004,0.7256380319241194
0.8350000000000004,0.7258304434342283
0.8360000000000004,0.7260021548486576
0.8370000000000004,0.7261699383221665
0.8380000000000004,0.72629881
0.8390000000000004,0.7264190909638194
0.8400000000000004,0.7265154723227839
0.8410000000000004,0.7265928984514775
0.8420000000000004,0.7266759891690918
0.8430000000000004,0.726661858510485
0.8440000000000004,0.72651290539883
0.8450000000000004,0.7262828469017548
0.8460000000000004,0.7260531845932457
0.8470000000000004,0.7255776499999996
0.8480000000000004,0.724811659935099
0.8490000000000004,0.723805164260229
0.8500000000000004,0.7225181757397698
0.8510000000000004,0.7210555246265457
0.8520000000000004,0.7195487599999995
0.8530000000000004,0.7181830895641909
0.8540000000000004,0.7171395153304332
0.8550000000000004,0.7163171964463773
0.8560000000000004,0.7156273768981687
0.8570000000000004,0.7149997326023257
0.8580000000000004,0.71425996419239
0.8590000000000004,0.713469583711414
0.8600000000000004,0.7128588061077219
0.8610000000000004,0.7128348400000003
0.8620000000000004,0.7136926266751673
0.8630000000000004,0.7153601535060607
0.8640000000000004,0.7175354564939412
0.8650000000000004,0.7197761275932768
0.8660000000000004,0.7217428100000006
0.8670000000000004,0.7233282542558431
0.8680000000000004,0.7245410347733617
0.8690000000000004,0.7253668134844262
0.8700000000000004,0.7257876400000001
0.8710000000000004,0.7259918521171213
0.8720000000000004,0.7262035657111146
0.8730000000000004,0.7264891214333284
0.8740000000000004,0.7269316255749118
0.8750000000000004,0.7275714300000005
0.8760000000000004,0.7284495913853283
0.8770000000000004,0.7295881262366888
0.8780000000000004,0.7307960158422084
0.8790000000000004,0.7319127188329888
0.8800000000000004,0.7328592500000003
0.8810000000000004,0.7337008243986803
0.8820000000000005,0.7344207584019802
0.8830000000000005,0.7350383876474768
0.8840000000000005,0.7356007700000002
0.8850000000000005,0.7361363246068463
0.8860000000000005,0.7365970078282871
0.8870000000000005,0.7369884221717133
0.8880000000000005,0.7373371665125653
0.8890000000000005,0.7376123100000002
0.8900000000000005,0.7378943633968681
0.8910000000000005,0.7382340499793012
0.8920000000000005,0.7385666933471327
0.8930000000000005,0.7387263184037842
0.8940000000000005,0.7388899930995312
0.8950000000000005,0.7391999475694216
0.8960000000000005,0.7395784186458679
0.8970000000000005,0.7396972188120764
0.8980000000000005,0.7397369700000002
0.8990000000000005,0.7398626218418185
0.9000000000000005,0.7400468006627736
0.9010000000000005,0.7400799393372265
0.9020000000000005,0.740150689292493
0.9030000000000005,0.74024165
0.9040000000000005,0.740176140808208
0.9050000000000005,0.7402165508243588
0.9060000000000005,0.7402440294504276
0.9070000000000005,0.7402300201401014
0.9080000000000005,0.7402632803642036
0.9090000000000005,0.7402997015353232
0.9100000000000005,0.7403764676970152
0.9110000000000005,0.7404618291463829
0.9120000000000005,0.74046683
0.9130000000000005,0.7404425697544951
0.9140000000000005,0.7404180203020849
0.9150000000000005,0.7404280897986101
0.9160000000000005,0.7404512197686977
0.9170000000000005,0.74040729
0.9180000000000005,0.7405062925282736
0.9190000000000005,0.7406327062075897
0.9200000000000005,0.7404938927764277
0.9210000000000005,0.74060601
0.9220000000000005,0.740661319497595
0.9230000000000005,0.7406110812455502
0.9240000000000005,0.7406733587544498
0.9250000000000005,0.7405853908797088
0.9260000000000005,0.74051183
0.9270000000000005,0.7405504603618073
0.9280000000000005,0.7405866359340032
0.9290000000000005,0.7404511027106643
0.9300000000000005,0.7404656998539985
0.9310000000000005,0.7406154293627936
0.9320000000000005,0.7405517074287284
0.9330000000000005,0.7404231438569071
0.9340000000000005,0.7403282518978189
0.9350000000000005,0.7402383699999999
0.9360000000000005,0.7400651591863918
0.9370000000000005,0.7399837983202672
0.9380000000000005,0.7398998116797328
0.9390000000000005,0.7397758412397123
0.9400000000000005,0.73969078
0.9410000000000005,0.7396998961853617
0.9420000000000005,0.739509163419829
0.9430000000000005,0.7392898243867806
0.9440000000000005,0.7393240896572966
0.9450000000000005,0.7392119190903909
0.9460000000000005,0.7391209575707215
0.9470000000000005,0.7389994936439177
0.9480000000000005,0.7388708012869257
0.9490000000000005,0.73899096
0.9500000000000005,0.7388751478279783
0.9510000000000005,0.7386579499308028
0.9520000000000005,0.7386544900691973
0.9530000000000005,0.7387136194086941
0.9540000000000005,0.73873836
0.9550000000000005,0.7386419176979768
0.9560000000000005,0.7385268224085796
0.9570000000000005,0.7386071083942803
0.9580000000000005,0.7385636
0.9590000000000005,0.7385916116713167
0.9600000000000005,0.7387587391680416
0.9610000000000005,0.7387171412479375
0.9620000000000005,0.7385758814126282
0.9630000000000005,0.73843193
0.9640000000000005,0.7384581025761516
0.9650000000000005,0.7387157142573872
0.9660000000000005,0.7388576271617421
0.9670000000000005,0.7388460601157011
0.9680000000000005,0.7388261607689077
0.9690000000000005,0.7389030480628969
0.9700000000000005,0.7388061929056547
0.9710000000000005,0.7389843464367645
0.9720000000000005,0.73926121
0.9730000000000005,0.7392554924718249
0.9740000000000005,0.739502672127715
0.9750000000000005,0.7396090578722853
0.9760000000000005,0.7396773093174932
0.9770000000000005,0.7399758100000002
0.9780000000000005,0.7402810507277146
0.9790000000000005,0.740353818059997
0.9800000000000005,0.7402891512933353
0.9810000000000005,0.7403812990784908
0.9820000000000005,0.740780534277343
0.9830000000000005,0.741208265042148
0.9840000000000005,0.7414603724367783
0.9850000000000005,0.7415596790069803
0.9860000000000005,0.74174953
0.9870000000000005,0.7418327286755867
0.9880000000000005,0.7417002873287069
0.9890000000000005,0.7415667226712931
0.9900000000000005,0.7418385672814729
0.9910000000000005,0.7422542600000002
0.9920000000000005,0.7425209303778038
0.9930000000000005,0.742539816277486
0.9940000000000005,0.7424157324816759
0.9950000000000006,0.74225771
0.9960000000000006,0.7422165910174102
0.9970000000000006,0.7423183346357684
0.9980000000000006,0.7425501230463478
0.9990000000000006,0.742830567195544
1.0000000000000004,0.7430329899999999
1.0010000000000006,0.7429025199999999
1.0020000000000007,0.74275988
1.0030000000000006,0.7427683500000002
1.0040000000000004,0.7430937306019398
1.0050000000000006,0.74309975
1.0060000000000007,0.74311912
1.0070000000000006,0.7430843699999999
1.0080000000000005,0.74288833
1.0090000000000006,0.7427738834676533
1.0100000000000007,0.7427085599999999
1.0110000000000006,0.7426238099999999
1.0120000000000005,0.74242502
1.0130000000000006,0.7423824100000002
1.0140000000000007,0.742505597681232
1.0150000000000006,0.7425221800000001
1.0160000000000005,0.74262464
1.0170000000000006,0.7426126000000001
1.0180000000000007,0.7425610399999999
1.0190000000000006,0.7423418419198079
1.0200000000000005,0.7423413400000001
1.0210000000000006,0.7424826
1.0220000000000007,0.74240756
1.0230000000000006,0.7424059499999999
1.0240000000000005,0.7422009699999997
1.0250000000000006,0.7416057599999998
1.0260000000000007,0.7413487999999999
1.0270000000000006,0.7412105799999998
1.0280000000000005,0.7410291999999999
1.0290000000000006,0.7411084799999998
1.0300000000000007,0.7409364599999997
1.0310000000000006,0.7404938899999998
1.0320000000000005,0.7401226027097288
1.0330000000000006,0.7399496999999998
1.0340000000000007,0.7397977699999999
1.0350000000000006,0.73964828
1.0360000000000005,0.73969609
1.0370000000000006,0.7396589384621538
1.0380000000000007,0.7395435599999999
1.0390000000000006,0.73941392
1.0400000000000005,0.7393779199999999
1.0410000000000006,0.7392371899999998
1.0420000000000007,0.7388688068383159
1.0430000000000006,0.73871666
1.0440000000000005,0.7387707799999998
1.0450000000000006,0.7386264799999999
1.0460000000000007,0.7384246599999998
1.0470000000000006,0.7383331791480852
1.0480000000000005,0.7380276299999998
1.0490000000000006,0.7374982199999999
1.0500000000000007,0.7371252199999997
1.0510000000000006,0.7366847399999997
1.0520000000000005,0.7363386199999999
1.0530000000000006,0.7361103899999998
1.0540000000000007,0.7357944299999998
1.0550000000000006,0.735487489027097
1.0560000000000005,0.7351777599999999
1.0570000000000006,0.7348416999999997
1.0580000000000007,0.7344609499999998
1.0590000000000006,0.7340456799999999
1.0600000000000005,0.7336734685611437
1.0610000000000006,0.7332590799999997
1.0620000000000007,0.7328983499999998
1.0630000000000006,0.7326414
1.0640000000000005,0.7324194899999998
1.0650000000000006,0.7321568962593739
1.0660000000000007,0.7319138599999998
1.0670000000000006,0.7316212099999998
1.0680000000000005,0.7312509999999999
1.0690000000000006,0.7309896899999999
1.0700000000000007,0.7307653024387559
1.0710000000000006,0.7305470699999999
1.0720000000000005,0.7304133799999999
1.0730000000000006,0.7301955799999997
1.0740000000000007,0.7298962499999999
1.0750000000000006,0.7296984199999997
1.0760000000000005,0.7294107699999999
1.0770000000000006,0.72922695
1.0780000000000007,0.729152594658534
1.0790000000000006,0.7288991799999998
1.0800000000000005,0.7286367399999999
1.0810000000000006,0.7283865799999998
1.0820000000000007,0.7279953399999997
1.0830000000000006,0.7274422771552841
1.0840000000000005,0.7270138299999997
1.0850000000000006,0.7265663099999997
1.0860000000000007,0.7261283399999997
1.0870000000000006,0.7257605799999997
1.0880000000000005,0.7253414219158082
1.0890000000000006,0.7248615599999997
1.0900000000000007,0.7244269299999997
1.0910000000000006,0.7239950899999996
1.0920000000000005,0.7234328399999997
1.0930000000000006,0.7228854847355262
1.0940000000000007,0.7221863299999994
1.0950000000000006,0.7213817799999994
1.0960000000000005,0.7205860599999995
1.0970000000000006,0.7197040899999994
1.0980000000000008,0.7187412399999991
1.0990000000000006,0.7177493599999994
1.1000000000000005,0.7168784699999995
1.1010000000000006,0.7155976899999991
1.1020000000000008,0.7142091399999989
1.1030000000000006,0.7125293599999987
1.1040000000000005,0.710574979999999
1.1050000000000006,0.7084189099999985
1.1060000000000008,0.706155333820616
1.1070000000000007,0.7034935399999978
1.1080000000000005,0.7001208099999973
1.1090000000000007,0.6959587299999966
1.1100000000000008,0.6909894899999961
1.1110000000000007,0.6852372517528201
1.1120000000000005,0.6789547799999971
1.1130000000000007,0.6723557099999958
1.1140000000000008,0.6659901699999955
1.1150000000000007,0.659102979999996
1.1160000000000005,0.6531189084071556
1.1170000000000007,0.6471837199999967
1.1180000000000008,0.6422625199999962
1.1190000000000007,0.6379895199999975
1.1200000000000006,0.6342887899999987
1.1210000000000007,0.631196869192079
1.1220000000000008,0.6287127699999987
1.1230000000000007,0.6266683299999992
1.1240000000000006,0.6254565099999999
1.1250000000000007,0.6252847300000005
1.1260000000000008,0.6261650900000018
1.1270000000000007,0.628191290000002
1.1280000000000006,0.6311561500000026
1.1290000000000007,0.6349436089071123
1.1300000000000008,0.6391326800000035
1.1310000000000007,0.642983850000003
1.1320000000000006,0.6474282700000016
1.1330000000000007,0.650825680000002
1.1340000000000008,0.6538142042115807
1.1350000000000007,0.6562563200000012
1.1360000000000006,0.658140000000001
1.1370000000000007,0.6595642000000007
1.1380000000000008,0.6606911400000007
1.1390000000000007,0.6615332157924214
1.1400000000000006,0.6623299700000006
1.1410000000000007,0.6631896500000006
1.1420000000000008,0.664258960000001
1.1430000000000007,0.6657028200000012
1.1440000000000006,0.6674914911328877
1.1450000000000007,0.6695153100000015
1.1460000000000008,0.6718620700000023
1.1470000000000007,0.6745135800000017
1.1480000000000006,0.6771023900000019
1.1490000000000007,0.6800033500000017
1.1500000000000008,0.6825645600000022
1.1510000000000007,0.6851001400000014
1.1520000000000006,0.6873192200000009
1.1530000000000007,0.6893104900000012
1.1540000000000008,0.691087840000001
1.1550000000000007,0.692631780000001
1.1560000000000006,0.6940569300000009
1.1570000000000007,0.6953109329687039
1.1580000000000008,0.6963406200000007
1.1590000000000007,0.6972460700000005
1.1600000000000006,0.6978927900000004
1.1610000000000007,0.6983603200000003
1.1620000000000008,0.698772213821618
1.1630000000000007,0.6990104300000001
1.1640000000000006,0.6991863800000001
1.1650000000000007,0.6993831400000001
1.1660000000000008,0.6995468700000002
1.1670000000000007,0.6996775769293071
1.1680000000000006,0.6998140200000001
1.1690000000000007,0.69990933
1.1700000000000008,0.69991738
1.1710000000000007,0.69989079
1.1720000000000006,0.6998418648925108
1.1730000000000007,0.6997439899999999
1.1740000000000008,0.69963163
1.1750000000000007,0.69957626
1.1760000000000006,0.699525
1.1770000000000007,0.69948059
1.1780000000000008,0.69952774
1.1790000000000007,0.69956404
1.1800000000000006,0.6994875024547544
1.1810000000000007,0.69941205
1.1820000000000008,0.6993660899999999
1.1830000000000007,0.6992693499999999
1.1840000000000006,0.69915408
1.1850000000000007,0.6990529817038296
1.1860000000000008,0.6989700199999999
1.1870000000000007,0.6987952599999999
1.1880000000000006,0.6985940299999999
1.1890000000000007,0.6984426399999999
1.1900000000000008,0.6983102132426756
1.1910000000000007,0.6981673799999998
1.1920000000000006,0.6979568599999998
1.1930000000000007,0.6976910799999998
1.1940000000000008,0.6973637899999997
1.1950000000000007,0.6969938669923005
1.1960000000000006,0.6965466099999996
1.1970000000000007,0.6960104699999997
1.1980000000000008,0.6954539999999995
1.1990000000000007,0.6948639199999996
1.2000000000000006,0.6943336099999997
1.2010000000000007,0.6938705999999996
1.2020000000000008,0.6934081299999997
1.2030000000000007,0.692988056916308
1.2040000000000006,0.6925572199999996
1.2050000000000007,0.6920542099999997
1.2060000000000008,0.6915923999999997
1.2070000000000007,0.6911810599999997
1.2080000000000006,0.6907141341625833
1.2090000000000007,0.6902557599999997
1.2100000000000009,0.6896982199999994
1.2110000000000007,0.6889468999999994
1.2120000000000006,0.6882243199999996
1.2130000000000007,0.6874931631156879
1.2140000000000009,0.6866221399999991
1.2150000000000007,0.6856645299999993
1.2160000000000006,0.6845518399999992
1.2170000000000007,0.6833209999999992
1.2180000000000009,0.6821488072192771
1.2190000000000007,0.6810146599999993
1.2200000000000006,0.6800190199999995
1.2210000000000008,0.6791801999999993
1.2220000000000009,0.6784459899999995
1.2230000000000008,0.6778578799999998
1.2240000000000006,0.6775565099999998
1.2250000000000008,0.67734641
1.2260000000000009,0.6772806
1.2270000000000008,0.67727768
1.2280000000000006,0.67720807
1.2290000000000008,0.6771795699999998
1.2300000000000009,0.6770718699999998
1.2310000000000008,0.6767713009749022
1.2320000000000007,0.6763810499999997
1.2330000000000008,0.6759275799999994
1.2340000000000009,0.6753358199999996
1.2350000000000008,0.6747879999999996
1.2360000000000007,0.6741982582551739
1.2370000000000008,0.6734808099999996
1.2380000000000009,0.6728467299999993
1.2390000000000008,0.6721159799999995
1.2400000000000007,0.6714312399999995
1.2410000000000008,0.6708132018038191
1.2420000000000009,0.6702282999999994
1.2430000000000008,0.6696077599999996
1.2440000000000007,0.6690704799999998
1.2450000000000008,0.6686891299999996
1.2460000000000009,0.6681979791150882
1.2470000000000008,0.6677894599999997
1.2480000000000007,0.6674680699999997
1.2490000000000008,0.6671214099999998
1.2500000000000009,0.6667539499999997
1.2510000000000008,0.6663323599999995
1.2520000000000007,0.6658562999999996
1.2530000000000008,0.6653015599999995
1.254000000000001,0.6647987494720523
1.2550000000000008,0.6642934699999995
1.2560000000000007,0.6637258499999996
1.2570000000000008,0.6631720699999997
1.258000000000001,0.6625897299999995
1.2590000000000008,0.6620355853124684
1.2600000000000007,0.6614887099999996
1.2610000000000008,0.6609484599999995
1.262000000000001,0.6604692899999995
1.2630000000000008,0.6599295699999994
1.2640000000000007,0.6593581371432853
1.2650000000000008,0.6587510699999994
1.266000000000001,0.6581549599999994
1.2670000000000008,0.6575126599999995
1.2680000000000007,0.6568716799999995
1.2690000000000008,0.6561960075672427
1.270000000000001,0.6554452799999994
1.2710000000000008,0.6546572999999993
1.2720000000000007,0.6538566899999995
1.2730000000000008,0.6530688399999993
1.274000000000001,0.6523154399999993
1.2750000000000008,0.6515818199999992
1.2760000000000007,0.6507303699999994
1.2770000000000008,0.6498926299999994
1.278000000000001,0.6491352899999993
1.2790000000000008,0.6482898599999994
1.2800000000000007,0.6474360199999994
1.2810000000000008,0.6466361899999993
1.282000000000001,0.6457247851724818
1.2830000000000008,0.6446765099999994
1.2840000000000007,0.6437193799999993
1.2850000000000008,0.6427322599999993
1.286000000000001,0.6417950999999992
1.2870000000000008,0.6409612036776317
1.2880000000000007,0.6400979799999994
1.2890000000000008,0.6392596399999995
1.290000000000001,0.6383723599999991
1.2910000000000008,0.6374152299999991
1.2920000000000007,0.6364668948335162
1.2930000000000008,0.6355003099999993
1.294000000000001,0.6345744099999991
1.2950000000000008,0.6336359999999992
1.2960000000000007,0.6327401399999995
1.2970000000000008,0.6319687571382855
1.298000000000001,0.6312670099999994
1.2990000000000008,0.6306703099999996
1.3000000000000007,0.6301370299999997
1.3010000000000008,0.6295840699999996
1.302000000000001,0.6290290999999995
1.3030000000000008,0.6285016499999997
1.3040000000000007,0.6280184399999996
1.3050000000000008,0.6275315414508545
1.306000000000001,0.6270460499999996
1.3070000000000008,0.6265832199999997
1.3080000000000007,0.6261488799999997
1.3090000000000008,0.6256735899999997
1.310000000000001,0.6252095975122485
1.3110000000000008,0.6248847199999996
1.3120000000000007,0.6245374099999996
1.3130000000000008,0.6241491399999998
1.314000000000001,0.6238313299999997
1.3150000000000008,0.6234354795850411
1.3160000000000007,0.6230519999999997
1.3170000000000008,0.6227183299999997
1.318000000000001,0.6223964099999999
1.3190000000000008,0.6222103799999997
1.3200000000000007,0.6219497560623936
1.3210000000000008,0.6216046199999997
1.322000000000001,0.6212153399999994
1.3230000000000008,0.6207135899999997
1.3240000000000007,0.6202290099999996
1.3250000000000008,0.6197441199999996
1.326000000000001,0.6192197799999994
1.3270000000000008,0.6186767199999994
1.3280000000000007,0.6181101728617133
1.3290000000000008,0.6174387899999996
1.330000000000001,0.6168930499999996
1.3310000000000008,0.6163784899999996
1.3320000000000007,0.6158859099999997
1.3330000000000009,0.6155596072082788
1.334000000000001,0.6152316899999997
1.3350000000000009,0.6148596399999997
1.3360000000000007,0.6145352099999997
1.3370000000000009,0.6141731699999997
1.338000000000001,0.6138155857584238
1.3390000000000009,0.6134735299999997
1.3400000000000007,0.6131351599999998
1.3410000000000009,0.6127821799999996
1.342000000000001,0.6124273499999997
1.3430000000000009,0.6121487878562141
1.3440000000000007,0.61194593
1.3450000000000009,0.6118831
1.346000000000001,0.61193776
1.3470000000000009,0.6119831200000001
1.3480000000000008,0.61214364
1.3490000000000009,0.6122095000000002
1.350000000000001,0.61227214
1.3510000000000009,0.61228311
1.3520000000000008,0.61227357
1.3530000000000009,0.6122311399999999
1.354000000000001,0.6121371399999999
1.3550000000000009,0.6120038
1.3560000000000008,0.6118514302909708
1.3570000000000009,0.6116543399999997
1.358000000000001,0.6113735399999997
1.3590000000000009,0.6110272399999996
1.3600000000000008,0.6106218099999997
1.3610000000000009,0.6101762241565839
1.362000000000001,0.6097177899999996
1.3630000000000009,0.6093585499999998
1.3640000000000008,0.6090439
1.3650000000000009,0.6088030899999999
1.366000000000001,0.6086428960193979
1.3670000000000009,0.6084237699999999
1.3680000000000008,0.60829043
1.3690000000000009,0.60822523
1.370000000000001,0.60816312
1.3710000000000009,0.6081837379382061
1.3720000000000008,0.60817057
1.3730000000000009,0.60814905
1.374000000000001,0.60813874
1.3750000000000009,0.60813075
1.3760000000000008,0.60813379
1.377000000000001,0.60815972
1.378000000000001,0.60814065
1.379000000000001,0.6081035094640536
1.3800000000000008,0.60809815
1.381000000000001,0.60806537
1.382000000000001,0.6080830100000001
1.383000000000001,0.60815483
1.3840000000000008,0.6081902400419958
1.385000000000001,0.6081906600000001
1.386000000000001,0.6082724300000001
1.387000000000001,0.6083889000000001
1.3880000000000008,0.6085115700000001
1.389000000000001,0.6087077703799622
1.390000000000001,0.6088545900000001
1.391000000000001,0.6089926400000001
1.3920000000000008,0.6091435600000001
1.393000000000001,0.60921252
1.394000000000001,0.6092416570862914
1.395000000000001,0.6091173299999998
1.3960000000000008,0.6088222899999997
1.397000000000001,0.6084279999999994
1.398000000000001,0.6079555699999996
1.399000000000001,0.6074026199999994
1.4000000000000008,0.6068075899999995
1.4010000000000007,0.6062577999999996
1.402000000000001,0.6056305799999996
1.403000000000001,0.6051877699999997
1.4040000000000008,0.6047888399999999
1.4050000000000007,0.6045451799999999
1.406000000000001,0.60439652
1.407000000000001,0.6044306426587344
1.4080000000000008,0.6046572300000002
1.4090000000000007,0.6048958300000004
1.410000000000001,0.6053616400000004
1.411000000000001,0.6056984100000004
1.4120000000000008,0.6060749534046597
1.4130000000000007,0.6063090000000001
1.414000000000001,0.6064898400000001
1.415000000000001,0.6065681599999999
1.4160000000000008,0.6064925799999998
1.4170000000000007,0.6063866105969402
1.418000000000001,0.6062571399999999
1.419000000000001,0.6060783899999997
1.4200000000000008,0.6058812699999998
1.4210000000000007,0.6056831499999998
1.422000000000001,0.605522466068393
1.423000000000001,0.6053813099999998
1.4240000000000008,0.6052712799999999
1.4250000000000007,0.6051725099999999
1.426000000000001,0.6050463299999997
1.427000000000001,0.6048679399999998
1.4280000000000008,0.6046345799999998
1.4290000000000007,0.6043384699999996
1.430000000000001,0.6038825574582537
1.431000000000001,0.6033571399999995
1.4320000000000008,0.6028572299999995
1.4330000000000007,0.6022627399999997
1.434000000000001,0.6017617599999996
1.435000000000001,0.6013143865343461
1.4360000000000008,0.6008797299999996
1.4370000000000007,0.6004503999999996
1.438000000000001,0.6000781699999996
1.439000000000001,0.5997331099999997
1.4400000000000008,0.5994400693040693
1.4410000000000007,0.5991699099999999
1.442000000000001,0.5989899
1.443000000000001,0.59886825
1.4440000000000008,0.59881437
1.4450000000000007,0.5988626451724829
1.446000000000001,0.5989325000000001
1.447000000000001,0.5990801500000001
1.4480000000000008,0.5992241500000001
1.4490000000000007,0.5994067800000001
1.450000000000001,0.5995737300000002
1.451000000000001,0.5997563000000001
1.4520000000000008,0.5998811100000001
1.4530000000000007,0.5999986005079493
1.454000000000001,0.60010368
1.455000000000001,0.60012114
1.4560000000000008,0.6001793700000001
1.4570000000000007,0.6002621100000001
1.458000000000001,0.6003766913178684
1.459000000000001,0.6005898700000002
1.4600000000000009,0.6008210200000003
1.4610000000000007,0.6010174800000001
1.462000000000001,0.6011638000000002
1.463000000000001,0.6012739389861015
1.4640000000000009,0.6013599000000002
1.4650000000000007,0.6014314300000001
1.466000000000001,0.60151649
1.467000000000001,0.60154879
1.4680000000000009,0.6015328215968403
1.4690000000000007,0.6015123699999999
1.470000000000001,0.60142684
1.471000000000001,0.60138202
1.4720000000000009,0.60136056
1.4730000000000008,0.60133338
1.474000000000001,0.60133511
1.475000000000001,0.60128725
1.4760000000000009,0.6012498099999999
1.4770000000000008,0.6011002099999999
1.478000000000001,0.6009234199999998
1.479000000000001,0.6006280199999997
1.4800000000000009,0.6002022599999997
1.4810000000000008,0.5997800879412055
1.482000000000001,0.5992594999999995
1.483000000000001,0.5987489199999996
1.4840000000000009,0.5982578399999995
1.4850000000000008,0.5976885599999996
1.486000000000001,0.597075574882511
1.487000000000001,0.5964243999999993
1.4880000000000009,0.5957377599999994
1.4890000000000008,0.5949690299999995
1.490000000000001,0.5941827299999991
1.491000000000001,0.5933510931636827
1.4920000000000009,0.592324139999999
1.4930000000000008,0.5912268799999992
1.494000000000001,0.5900072499999985
1.495000000000001,0.5886582699999988
1.4960000000000009,0.5872621096160373
1.4970000000000008,0.5857538599999985
1.498000000000001,0.5841660499999984
1.499000000000001,0.5824566499999985
1.5000000000000009,0.5806570099999985
1.5010000000000008,0.5788491999999983
1.5020000000000011,0.5769846399999975
1.503000000000001,0.5750901699999983
1.504000000000001,0.5731911413578624
1.5050000000000008,0.5712047199999982
1.5060000000000011,0.5691681499999978
1.507000000000001,0.5671769399999977
1.508000000000001,0.5651321399999981
1.5090000000000008,0.5630636587171268
1.5100000000000011,0.5610508299999977
1.511000000000001,0.5589228299999975
1.512000000000001,0.5567635299999977
1.5130000000000008,0.5546364799999985
1.5140000000000011,0.552450998548143
1.515000000000001,0.5502203699999975
1.516000000000001,0.5478984099999978
1.5170000000000008,0.5455112499999979
1.5180000000000011,0.5430757999999972
1.519000000000001,0.5405233652434729
1.520000000000001,0.5379954599999978
1.5210000000000008,0.5355168599999977
1.5220000000000011,0.5328594399999964
1.523000000000001,0.5301521399999974
1.524000000000001,0.5273048899999974
1.5250000000000008,0.5242902599999972
1.5260000000000011,0.5212144299999965
1.527000000000001,0.5180556799999964
1.528000000000001,0.514804959999997
1.5290000000000008,0.5114037999999977
1.5300000000000011,0.5080252299999961
1.531000000000001,0.5045522499999963
1.532000000000001,0.5011164638246143
1.5330000000000008,0.4976547099999977
1.5340000000000011,0.49427940999999614
1.535000000000001,0.4908480599999964
1.536000000000001,0.4876292599999972
1.5370000000000008,0.4844297486461333
1.5380000000000011,0.481516209999997
1.539000000000001,0.47881942999999777
1.540000000000001,0.47632005999999794
1.5410000000000008,0.47403412999999817
1.5420000000000011,0.4719989535176461
1.543000000000001,0.4700511999999983
1.544000000000001,0.4681817599999984
1.5450000000000008,0.46639394999999834
1.5460000000000012,0.4645211699999979
1.547000000000001,0.4626239897180262
1.548000000000001,0.46063455999999814
1.5490000000000008,0.4584988099999985
1.5500000000000012,0.4562669999999973
1.551000000000001,0.45383056999999716
1.552000000000001,0.451284589999997
1.5530000000000008,0.44857763999999806
1.5540000000000012,0.4456697999999967
1.555000000000001,0.4426553969732997
1.556000000000001,0.43952512999999716
1.5570000000000008,0.4363683799999973
1.5580000000000012,0.4332756999999966
1.559000000000001,0.4301524499999973
1.560000000000001,0.4270867394140557
1.5610000000000008,0.42408087999999733
1.5620000000000012,0.4210690599999962
1.563000000000001,0.41823759999999766
1.564000000000001,0.4155557799999977
1.5650000000000008,0.4129790276752303
1.5660000000000012,0.41053187999999685
1.567000000000001,0.4081648599999976
1.568000000000001,0.40594073999999813
1.5690000000000008,0.40381565999999813
1.5700000000000012,0.4017047910868886
1.571000000000001,0.39968889999999774
1.572000000000001,0.39763867999999775
1.5730000000000008,0.3955655699999986
1.5740000000000012,0.39352091999999766
1.575000000000001,0.39141690999999773
1.576000000000001,0.3893706199999978
1.5770000000000008,0.3873583999999983
1.5780000000000012,0.38539610914408334
1.579000000000001,0.38348754999999785
1.580000000000001,0.38155275999999827
1.5810000000000008,0.3796101199999982
1.5820000000000012,0.3776277299999974
1.583000000000001,0.3756646086911286
1.584000000000001,0.37375151999999834
1.5850000000000009,0.3718748399999983
1.5860000000000012,0.37002580999999757
1.587000000000001,0.36820712999999805
1.588000000000001,0.3664790628067175
1.5890000000000009,0.36478164999999857
1.5900000000000012,0.3631597799999983
1.591000000000001,0.3616691499999984
1.592000000000001,0.36023151999999853
1.5930000000000009,0.35888801435056383
1.5940000000000012,0.3576154399999986
1.595000000000001,0.35637166999999864
1.596000000000001,0.3551467999999987
1.5970000000000009,0.3539888599999991
1.5980000000000012,0.3529107299999988
1.599000000000001,0.3518223499999989
1.600000000000001,0.3508050399999991
1.6010000000000009,0.34980013999999904
1.6020000000000012,0.3487335099999987
1.603000000000001,0.34774147999999905
1.604000000000001,0.3467079999999991
1.6050000000000009,0.34563856999999903
1.6060000000000012,0.34460217816918176
1.607000000000001,0.3434838699999988
1.608000000000001,0.34239121999999905
1.6090000000000009,0.3413020399999989
1.6100000000000012,0.34012788999999866
1.611000000000001,0.3389297054414544
1.612000000000001,0.3376841199999985
1.6130000000000009,0.3363510399999991
1.6140000000000012,0.3350148799999985
1.615000000000001,0.3336701999999984
1.616000000000001,0.33223798322167636
1.6170000000000009,0.3308046799999987
1.6180000000000012,0.3293277299999982
1.619000000000001,0.32774731999999823
1.620000000000001,0.32615759999999844
1.6210000000000009,0.324495336226376
1.6220000000000012,0.3227740499999977
1.623000000000001,0.3210707299999985
1.624000000000001,0.31939711999999854
1.6250000000000009,0.3177683899999986
1.6260000000000012,0.316179419999998
1.6270000000000011,0.31467782999999805
1.628000000000001,0.3132024699999987
1.629000000000001,0.3117242126667319
1.6300000000000012,0.310250879999998
1.6310000000000011,0.30875232999999835
1.632000000000001,0.3072595599999983
1.633000000000001,0.3057613099999986
1.6340000000000012,0.3042091038666115
1.6350000000000011,0.3026477699999981
1.636000000000001,0.3009597099999979
1.637000000000001,0.2990430599999977
1.6380000000000012,0.29696121999999736
1.6390000000000011,0.2945601101109864
1.640000000000001,0.2918845099999967
1.641000000000001,0.28892346999999713
1.6420000000000012,0.28568040999999555
1.6430000000000011,0.2823288699999962
1.644000000000001,0.2788863942475716
1.645000000000001,0.2755449399999973
1.6460000000000012,0.2724552499999962
1.6470000000000011,0.26961388999999664
1.648000000000001,0.267071659999998
1.649000000000001,0.26480489999999823
1.6500000000000012,0.26277219999999757
1.6510000000000011,0.26093977999999823
1.652000000000001,0.2593156999999985
1.653000000000001,0.2578981199999989
1.6540000000000012,0.2566467499999989
1.6550000000000011,0.25567385999999925
1.656000000000001,0.25504582999999986
1.657000000000001,0.2549484333976607
1.6580000000000013,0.25548241000000127
1.6590000000000011,0.256649370000002
1.660000000000001,0.2584430000000026
1.661000000000001,0.2607685000000024
1.6620000000000013,0.26347565231077236
1.6630000000000011,0.26639876000000334
1.664000000000001,0.26940569000000253
1.665000000000001,0.2722708000000023
1.6660000000000013,0.27481595000000303
1.6670000000000011,0.2771054010548969
1.668000000000001,0.27907807000000145
1.669000000000001,0.2807214300000013
1.6700000000000013,0.28219074000000155
1.6710000000000012,0.28337586000000103
1.672000000000001,0.28430962662333864
1.673000000000001,0.2851345800000007
1.6740000000000013,0.28590134000000084
1.6750000000000012,0.2866476800000008
1.676000000000001,0.2873707100000008
1.677000000000001,0.28809726000000085
1.6780000000000013,0.28884402000000076
1.6790000000000012,0.2895544200000008
1.680000000000001,0.2902920152254782
1.681000000000001,0.29104427000000066
1.6820000000000013,0.291772960000001
1.6830000000000012,0.29254365000000077
1.684000000000001,0.29326376000000065
1.685000000000001,0.2939843013398667
1.6860000000000013,0.2946977000000008
1.6870000000000012,0.2952618000000008
1.688000000000001,0.2958380600000005
1.689000000000001,0.2964060300000004
1.6900000000000013,0.29682491811118944
1.6910000000000012,0.2972658000000005
1.692000000000001,0.29769772000000044
1.693000000000001,0.2980843500000004
1.6940000000000013,0.2985069500000005
1.6950000000000012,0.2988727634186586
1.696000000000001,0.2992243200000004
1.697000000000001,0.2995493400000004
1.6980000000000013,0.29987657000000045
1.6990000000000012,0.3002960400000005
1.700000000000001,0.30073607000000063
1.701000000000001,0.3012670000000007
1.7020000000000013,0.3018577700000007
1.7030000000000012,0.3023712843425664
1.704000000000001,0.30291471000000053
1.705000000000001,0.30339134000000034
1.7060000000000013,0.3037562400000006
1.7070000000000012,0.30420122000000044
1.708000000000001,0.30454572897710264
1.709000000000001,0.3048355000000003
1.7100000000000013,0.30520985000000034
1.7110000000000012,0.3054794400000002
1.712000000000001,0.30566064000000015
1.713000000000001,0.3058001860453956
1.7140000000000013,0.30582844999999986
1.7150000000000012,0.3057328199999999
1.716000000000001,0.3056148599999999
1.717000000000001,0.3055303099999998
1.7180000000000013,0.305345638467153
1.7190000000000012,0.3050933199999998
1.720000000000001,0.30489083999999966
1.721000000000001,0.3046102499999997
1.7220000000000013,0.30431374999999966
1.7230000000000012,0.3040641799999997
1.724000000000001,0.30374094999999973
1.725000000000001,0.30350976999999985
1.7260000000000013,0.30329328999999966
1.7270000000000012,0.3030515599999998
1.728000000000001,0.30288168999999976
1.729000000000001,0.3026497399999997
1.7300000000000013,0.30234047999999974
1.7310000000000012,0.30212504929806994
1.732000000000001,0.3019180299999998
1.733000000000001,0.3017248199999999
1.7340000000000013,0.3015763499999998
1.7350000000000012,0.3014543699999999
1.736000000000001,0.3013483511078891
1.737000000000001,0.30125942999999994
1.7380000000000013,0.30118810999999995
1.7390000000000012,0.30115810000000004
1.740000000000001,0.30118787
1.741000000000001,0.3011850102859714
1.7420000000000013,0.30118763000000004
1.7430000000000012,0.30122441
1.744000000000001,0.3012119500000001
1.745000000000001,0.3013252900000002
1.7460000000000013,0.30151815071392885
1.7470000000000012,0.30180907000000046
1.748000000000001,0.3021289700000003
1.749000000000001,0.30245319000000026
1.7500000000000013,0.3027440600000003
1.7510000000000012,0.3030030100000004
1.7520000000000011,0.3032755900000004
1.753000000000001,0.30356672000000035
1.7540000000000013,0.30396670320567987
1.7550000000000012,0.30429876000000033
1.7560000000000011,0.30454707000000036
1.757000000000001,0.3048842800000004
1.7580000000000013,0.3052193800000005
1.7590000000000012,0.3056044097040301
1.7600000000000011,0.30600145000000023
1.761000000000001,0.3062101000000002
1.7620000000000013,0.3063983900000003
1.7630000000000012,0.3065837000000001
1.7640000000000011,0.3066652018498151
1.765000000000001,0.30684868000000015
1.7660000000000013,0.3070099900000002
1.7670000000000012,0.3071288500000004
1.7680000000000011,0.30742177000000015
1.769000000000001,0.3075827838986103
1.7700000000000014,0.30788428000000045
1.7710000000000012,0.30823362000000054
1.7720000000000011,0.3086573500000008
1.773000000000001,0.3092511000000005
1.7740000000000014,0.3098333200000009
1.7750000000000012,0.31048125000000076
1.7760000000000011,0.31107455000000067
1.777000000000001,0.31166446000000064
1.7780000000000014,0.3122809500000009
1.7790000000000012,0.3129280800000006
1.7800000000000011,0.3134684300000006
1.781000000000001,0.3139756000000005
1.7820000000000014,0.31446105732726776
1.7830000000000013,0.31483433000000044
1.7840000000000011,0.31524944000000055
1.785000000000001,0.31575930000000035
1.7860000000000014,0.3161174400000004
1.7870000000000013,0.3163991825817421
1.7880000000000011,0.31662500000000005
1.789000000000001,0.3166999200000002
1.7900000000000014,0.31691188000000026
1.7910000000000013,0.31711295000000034
1.7920000000000011,0.3173820730876915
1.793000000000001,0.3177574600000002
1.7940000000000014,0.3180219500000005
1.7950000000000013,0.3183913200000006
1.7960000000000012,0.3188396700000004
1.797000000000001,0.31918787517948244
1.7980000000000014,0.31976947000000067
1.7990000000000013,0.3202806400000005
1.8000000000000012,0.32070673000000044
1.801000000000001,0.32112190000000035
1.8020000000000014,0.3214390900000004
1.8030000000000013,0.3217390200000003
1.8040000000000012,0.3220171000000003
1.805000000000001,0.3222873169773025
1.8060000000000014,0.3225570900000002
1.8070000000000013,0.3227364400000003
1.8080000000000012,0.32295698000000006
1.809000000000001,0.3230040399999998
1.8100000000000014,0.32281863040995884
1.8110000000000013,0.32272272999999974
1.8120000000000012,0.3225077699999999
1.813000000000001,0.3224394300000001
1.8140000000000014,0.32252740999999996
1.8150000000000013,0.3224820845325467
1.8160000000000012,0.32247015999999984
1.817000000000001,0.32234096999999967
1.8180000000000014,0.32203322999999984
1.8190000000000013,0.3218919299999999
1.8200000000000012,0.3218156776252374
1.821000000000001,0.32162606999999976
1.8220000000000014,0.3214398599999998
1.8230000000000013,0.3212831599999998
1.8240000000000012,0.3210704599999997
1.825000000000001,0.3208001599999997
1.8260000000000014,0.3205607199999996
1.8270000000000013,0.3202662499999997
1.8280000000000012,0.3200487761143885
1.829000000000001,0.32000991999999995
1.8300000000000014,0.3199751099999999
1.8310000000000013,0.3199040300000002
1.8320000000000012,0.32001042000000035
1.833000000000001,0.3202508807989203
1.8340000000000014,0.32035887000000074
1.8350000000000013,0.32089981000000095
1.8360000000000012,0.32162312000000065
1.837000000000001,0.3221064800000008
1.8380000000000014,0.32284267638036307
1.8390000000000013,0.32370615000000136
1.8400000000000012,0.3247256600000012
1.841000000000001,0.3257934500000013
1.8420000000000014,0.3269925700000018
1.8430000000000013,0.32815489376762474
1.8440000000000012,0.32926604000000126
1.845000000000001,0.33040115000000114
1.8460000000000014,0.3314558300000016
1.8470000000000013,0.33248657000000104
1.8480000000000012,0.3332752300000005
1.849000000000001,0.33370841000000057
1.8500000000000014,0.3342115000000007
1.8510000000000013,0.33473620000000054
1.8520000000000012,0.3351646700000008
1.853000000000001,0.3357490000000004
1.8540000000000014,0.3362370700000003
1.8550000000000013,0.3364293300000003
1.8560000000000012,0.33662948533346704
1.857000000000001,0.33698282000000007
1.8580000000000014,0.33705142000000027
1.8590000000000013,0.33726308000000027
1.8600000000000012,0.3374631400000001
1.861000000000001,0.3375689453844616
1.8620000000000014,0.33762279000000023
1.8630000000000013,0.3377698700000002
1.8640000000000012,0.3379171500000002
1.865000000000001,0.33810622000000046
1.8660000000000014,0.338501560465954
1.8670000000000013,0.3388223400000004
1.8680000000000012,0.3391269400000001
1.869000000000001,0.3392065499999999
1.8700000000000014,0.3390879299999999
1.8710000000000013,0.3390309556974302
1.8720000000000012,0.33901849000000017
1.873000000000001,0.33912608000000005
1.8740000000000014,0.33917533999999994
1.8750000000000013,0.33913093999999994
1.8760000000000012,0.3391085299999999
1.8770000000000011,0.33904364999999986
1.8780000000000014,0.33894466999999995
1.8790000000000013,0.33890623276772325
1.8800000000000012,0.33893391
1.8810000000000011,0.33894574999999977
1.8820000000000014,0.3387521499999997
1.8830000000000013,0.3385835899999999
1.8840000000000012,0.3384918165963402
1.8850000000000011,0.3383577799999999
1.8860000000000015,0.3382607099999998
1.8870000000000013,0.3381313099999997
1.8880000000000012,0.33791776999999973
1.8890000000000011,0.33766084569243043
1.8900000000000015,0.33744084999999974
1.8910000000000013,0.3372793500000001
1.8920000000000012,0.33736469999999996
1.8930000000000011,0.33733272999999975
1.8940000000000015,0.3370779754754521
1.8950000000000014,0.3364781099999994
1.8960000000000012,0.33600973999999945
1.8970000000000011,0.3355926899999994
1.8980000000000015,0.3351344799999994
1.8990000000000014,0.3346826399999997
1.9000000000000012,0.33448868999999953
1.9010000000000011,0.33413600999999915
1.9020000000000015,0.33336397999999934
1.9030000000000014,0.3329335499999996
1.9040000000000012,0.33261465999999956
1.9050000000000011,0.33221777999999974
1.9060000000000015,0.3319533499999996
1.9070000000000014,0.33169731724227547
1.9080000000000013,0.3314697399999996
1.9090000000000011,0.33112838999999955
1.9100000000000015,0.3307473699999993
1.9110000000000014,0.3303130599999992
1.9120000000000013,0.3297230717588232
1.9130000000000011,0.32894065999999905
1.9140000000000015,0.3281049099999993
1.9150000000000014,0.3275695399999993
1.9160000000000013,0.3270617399999995
1.9170000000000011,0.3266888372902706
1.9180000000000015,0.3262172899999991
1.9190000000000014,0.3255630699999992
1.9200000000000013,0.32493897999999916
1.9210000000000012,0.3243058899999992
1.9220000000000015,0.32361609897910104
1.9230000000000014,0.32286846999999913
1.9240000000000013,0.3222024399999992
1.9250000000000012,0.32149141999999925
1.9260000000000015,0.3208035499999992
1.9270000000000014,0.320292709999999
1.9280000000000013,0.31964346999999926
1.9290000000000012,0.31897788999999926
1.9300000000000015,0.3183476527547236
1.9310000000000014,0.31767519999999905
1.9320000000000013,0.31697478999999906
1.9330000000000012,0.31626244999999925
1.9340000000000015,0.31559550999999897
1.9350000000000014,0.3148145369693018
1.9360000000000013,0.3138842299999988
1.9370000000000012,0.3130202899999991
1.9380000000000015,0.312369499999999
1.9390000000000014,0.311607449999999
1.9400000000000013,0.3108539153534637
1.9410000000000012,0.31055330999999936
1.9420000000000015,0.31004327999999837
1.9430000000000014,0.3090035599999989
1.9440000000000013,0.308161909999999
1.9450000000000012,0.3074010160893901
1.9460000000000015,0.3066156799999989
1.9470000000000014,0.3058934799999992
1.9480000000000013,0.30539789999999944
1.9490000000000012,0.3049195099999992
1.9500000000000015,0.3042079799999988
1.9510000000000014,0.30347382999999906
1.9520000000000013,0.30287247999999906
1.9530000000000012,0.3021748057354254
1.9540000000000015,0.30123215999999864
1.9550000000000014,0.30033546999999916
1.9560000000000013,0.2997072299999988
1.9570000000000012,0.2988321499999986
1.9580000000000015,0.29774699755124306
1.9590000000000014,0.29662250999999806
1.9600000000000013,0.2951788599999981
1.9610000000000012,0.29374199999999806
1.9620000000000015,0.2922824899999975
1.9630000000000014,0.29067371087790983
1.9640000000000013,0.2889516099999976
1.9650000000000012,0.28713008999999773
1.9660000000000015,0.28508865999999655
1.9670000000000014,0.28288876999999646
1.9680000000000013,0.2806128175952376
1.9690000000000012,0.2778976899999971
1.9700000000000015,0.2752949299999958
1.9710000000000014,0.2725641099999961
1.9720000000000013,0.2700349699999969
1.9730000000000012,0.2676833899999977
1.9740000000000015,0.2655884599999972
1.9750000000000014,0.26375728999999776
1.9760000000000013,0.26208832999999815
1.9770000000000012,0.26069753999999845
1.9780000000000015,0.25951015999999877
1.9790000000000014,0.25859027999999945
1.9800000000000013,0.2581902099999995
1.9810000000000012,0.2578184847765223
1.9820000000000015,0.25776624999999975
1.9830000000000014,0.25761654999999956
1.9840000000000013,0.2572832399999996
1.9850000000000012,0.2569624199999997
1.9860000000000015,0.2566628152774717
1.9870000000000014,0.2563155899999991
1.9880000000000013,0.255758399999999
1.9890000000000012,0.25486152999999884
1.9900000000000015,0.25380497999999796
1.9910000000000014,0.25249140135786224
1.9920000000000013,0.2509116199999981
1.9930000000000012,0.24948279999999787
1.9940000000000015,0.24756028999999558
1.9950000000000014,0.24472555999999626
1.9960000000000013,0.24190573198279813
1.9970000000000012,0.23918349999999577
1.9980000000000016,0.23601167999999537
1.9990000000000014,0.23253882999999523
2.0000000000000013,0.22896316999999458
2.0010000000000012,0.22490700357028082
2.0020000000000016,0.22054270642970755
2.0030000000000014,0.2163309799999944
2.0040000000000013,0.21212583921615208
2.0050000000000012,0.208118000783839
2.0060000000000016,0.20402806999999318
2.0070000000000014,0.20018060999999387
2.0080000000000013,0.19673377574384746
2.0090000000000012,0.19349121425614535
2.0100000000000016,0.190328089999995
2.0110000000000015,0.1875125962277502
2.0120000000000013,0.1848748737722416
2.0130000000000012,0.18263552999999763
2.0140000000000016,0.18085790540491667
2.0150000000000015,0.17941195459507883
2.0160000000000013,0.1784055799999993
2.0170000000000012,0.17785383999999943
2.0180000000000016,0.17741763001399688
2.0190000000000015,0.1772177699860025
2.0200000000000014,0.17717843000000016
2.0210000000000012,0.17730472406318765
2.0220000000000016,0.177545355936813
2.0230000000000015,0.17802742000000066
2.0240000000000014,0.17852317913417387
2.0250000000000012,0.17911452086582746
2.0260000000000016,0.17966975000000107
2.0270000000000015,0.18028156000000092
2.0280000000000014,0.18080257789821094
2.0290000000000012,0.18114372000000045
2.0300000000000016,0.18147330000000028
2.0310000000000015,0.18162330069086216
2.0320000000000014,0.18183020930913849
2.0330000000000013,0.1821901800000006
2.0340000000000016,0.18262546113677347
2.0350000000000015,0.18313682886322813
2.0360000000000014,0.18388562000000092
2.0370000000000013,0.18457763156268805
2.0380000000000016,0.1850932584373133
2.0390000000000015,0.18574780000000116
2.0400000000000014,0.186632010000001
2.0410000000000013,0.18738967056788725
2.0420000000000016,0.18809534943211464
2.0430000000000015,0.18887310000000104
2.0440000000000014,0.18965782602879502
2.0450000000000013,0.19031811397120646
2.0460000000000016,0.19088449000000118
2.0470000000000015,0.19156200751149863
2.0480000000000014,0.19213712248850315
2.0490000000000013,0.19252639000000027
2.0500000000000016,0.1927353900000004
2.0510000000000015,0.1929613174072596
2.0520000000000014,0.19300482999999954
2.0530000000000013,0.19267113999999944
2.0540000000000016,0.19224487188362235
2.0550000000000015,0.19166370811637584
2.0560000000000014,0.19102009999999905
2.0570000000000013,0.1903047789242142
2.0580000000000016,0.18949402107578364
2.0590000000000015,0.1886669399999988
2.0600000000000014,0.18776519470005887
2.0610000000000013,0.1868121952999386
2.0620000000000016,0.18568466999999794
2.0630000000000015,0.18452165999999834
2.0640000000000014,0.18327799066486564
2.0650000000000013,0.1820846393351312
2.0660000000000016,0.1808863399999979
2.0670000000000015,0.17969667208358153
2.0680000000000014,0.17861750791641512
2.0690000000000013,0.17752480999999837
2.0700000000000016,0.17629987736952427
2.0710000000000015,0.17517357263047223
2.0720000000000014,0.17417142999999866
2.0730000000000013,0.1731807399999987
2.0740000000000016,0.17220001036496205
2.0750000000000015,0.17130365999999908
2.0760000000000014,0.17061656999999897
2.0770000000000013,0.16983664925814743
2.0780000000000016,0.16902923074185042
2.0790000000000015,0.16824435999999884
2.0800000000000014,0.16737591285342743
2.0810000000000013,0.16620444714656896
2.0820000000000016,0.16516504999999845
2.0830000000000015,0.16429520104578943
2.0840000000000014,0.16340565895420783
2.0850000000000013,0.16264666999999894
2.0860000000000016,0.16184935999999822
2.0870000000000015,0.1608505144291128
2.0880000000000014,0.15999480557088455
2.0890000000000013,0.159027789999999
2.0900000000000016,0.15827177059787995
2.0910000000000015,0.15797774940211912
2.0920000000000014,0.15770598999999974
2.0930000000000013,0.15751103286242743
2.0940000000000016,0.15743965713757235
2.0950000000000015,0.1575980600000001
2.0960000000000014,0.15765483999999996
2.0970000000000013,0.15764308790120996
2.0980000000000016,0.15772210000000017
2.0990000000000015,0.15785559000000016
2.1000000000000014,0.15797219366626683
2.1010000000000013,0.15800885633373332
2.1020000000000016,0.15816028000000015
2.1030000000000015,0.15826069090181952
2.1040000000000014,0.15816970909818026
2.1050000000000013,0.1580252499999997
2.1060000000000016,0.15778891636572662
2.1070000000000015,0.15765257363427293
2.1080000000000014,0.15735883999999975
2.1090000000000013,0.15717168000000034
2.1100000000000017,0.15742179103779277
2.1110000000000015,0.15763216896220789
2.1120000000000014,0.15780289000000028
2.1130000000000013,0.1580181927244554
2.1140000000000017,0.15824543727554524
2.1150000000000015,0.1583426100000003
2.1160000000000014,0.1585708181773653
2.1170000000000013,0.1590525918226362
2.1180000000000017,0.15945143000000045
2.1190000000000015,0.15979494000000058
2.1200000000000014,0.16022636992301603
2.1210000000000013,0.16062560007698518
2.1220000000000017,0.16105005000000114
2.1230000000000016,0.1616945590711867
2.1240000000000014,0.16228527092881512
2.1250000000000013,0.16276899000000067
2.1260000000000017,0.1632712908898227
2.1270000000000016,0.1636801891101786
2.1280000000000014,0.1641513100000008
2.1290000000000013,0.16476025713657336
2.1300000000000017,0.16533162286342817
2.1310000000000016,0.16587596000000102
2.1320000000000014,0.1664606800000013
2.1330000000000013,0.16720029899020264
2.1340000000000017,0.1677902010097989
2.1350000000000016,0.1683492500000013
2.1360000000000015,0.1690879587542501
2.1370000000000013,0.16967550124575173
2.1380000000000017,0.17002057000000068
2.1390000000000016,0.1703952603049395
2.1400000000000015,0.17069830969506145
2.1410000000000013,0.17102836000000063
2.1420000000000017,0.17151761000000068
2.1430000000000016,0.1719102283743256
2.1440000000000015,0.1721939716256753
2.1450000000000014,0.17248005000000038
2.1460000000000017,0.17276710833933245
2.1470000000000016,0.17295050166066814
2.1480000000000015,0.17309196000000013
2.1490000000000014,0.173204315869826
2.1500000000000017,0.1731630141301739
2.1510000000000016,0.17306611999999985
2.1520000000000015,0.17298264999999977
2.1530000000000014,0.17286339192580724
2.1540000000000017,0.1726743899999996
2.1550000000000016,0.17244740999999952
2.1560000000000015,0.1721848732833429
2.1570000000000014,0.17191770671665627
2.1580000000000017,0.17158355999999897
2.1590000000000016,0.17101080001899555
2.1600000000000015,0.1706109899810032
2.1610000000000014,0.1705277399999996
2.1620000000000017,0.17021514683363256
2.1630000000000016,0.1697834831663661
2.1640000000000015,0.16941600999999926
2.1650000000000014,0.16884625999999917
2.1660000000000017,0.16822010891021713
2.1670000000000016,0.16770921108978126
2.1680000000000015,0.16723766999999923
2.1690000000000014,0.16665917919416046
2.1700000000000017,0.16605112080583792
2.1710000000000016,0.16553842999999913
2.1720000000000015,0.1650555110317927
2.1730000000000014,0.1644658289682055
2.1740000000000017,0.1638756799999991
2.1750000000000016,0.1633704599999992
2.1760000000000015,0.16291487555844347
2.1770000000000014,0.16244582999999943
2.1780000000000017,0.1620009399999993
2.1790000000000016,0.16159900738152316
2.1800000000000015,0.1612728226184758
2.1810000000000014,0.16096700999999958
2.1820000000000017,0.16065612238052346
2.1830000000000016,0.16037992761947567
2.1840000000000015,0.16006560999999978
2.1850000000000014,0.15990407175164958
2.1860000000000017,0.15982158824835016
2.1870000000000016,0.15984420000000074
2.1880000000000015,0.1602692600000004
2.1890000000000014,0.16057938115076986
2.1900000000000017,0.16059088884923017
2.1910000000000016,0.16080564000000058
2.1920000000000015,0.16114092244051242
2.1930000000000014,0.1614653275594886
2.1940000000000017,0.16192898000000103
2.1950000000000016,0.16251281656068894
2.1960000000000015,0.16317842343931313
2.1970000000000014,0.16377956000000102
2.1980000000000017,0.16454080000000135
2.1990000000000016,0.16531381768123266
2.2000000000000015,0.16579063000000066
2.2010000000000014,0.16628282000000114
2.2020000000000017,0.1671452194401131
2.2030000000000016,0.16783962055988907
2.2040000000000015,0.16830932000000057
2.2050000000000014,0.16872618501899675
2.2060000000000017,0.1690763749810045
2.2070000000000016,0.16925615000000008
2.2080000000000015,0.16929767870525894
2.2090000000000014,0.16928473129474103
2.2100000000000017,0.16921922999999955
2.2110000000000016,0.16897202999999933
2.2120000000000015,0.16860166749750014
2.2130000000000014,0.16837664250249917
2.2140000000000017,0.16792247999999813
2.2150000000000016,0.16686234286142632
2.2160000000000015,0.16599095713857098
2.2170000000000014,0.16523837999999894
2.2180000000000017,0.16444985113677155
2.2190000000000016,0.1637612188632263
2.2200000000000015,0.1631971699999991
2.2210000000000014,0.1625183099999993
2.2220000000000018,0.16199548475152428
2.2230000000000016,0.16164299999999987
2.2240000000000015,0.1615402400000001
2.2250000000000014,0.1616156346910622
2.2260000000000018,0.1618625453089387
2.2270000000000016,0.16281894000000152
2.2280000000000015,0.16367665594481212
2.2290000000000014,0.16433610405518995
2.2300000000000018,0.1650817400000011
2.2310000000000016,0.1656981083663277
2.2320000000000015,0.16628177163367414
2.2330000000000014,0.16695632000000105
2.2340000000000018,0.16775209000000105
2.2350000000000017,0.16834669539492159
2.2360000000000015,0.1687006446050795
2.2370000000000014,0.16903853000000033
2.2380000000000018,0.16927896923215388
2.2390000000000017,0.1694712907678467
2.2400000000000015,0.16947860000000028
2.2410000000000014,0.16967833487602552
2.2420000000000018,0.17012709512397609
2.2430000000000017,0.17041583000000063
2.2440000000000015,0.17089626000000047
2.2450000000000014,0.1712576311287738
2.2460000000000018,0.1709689188712252
2.2470000000000017,0.17096743000000067
2.2480000000000016,0.17134523010797892
2.2490000000000014,0.17164630989202206
2.2500000000000018,0.17219955000000087
2.2510000000000017,0.17269041396120816
2.2520000000000016,0.1729300260387926
2.2530000000000014,0.17318960000000047
2.254000000000002,0.17354899773745294
2.2550000000000017,0.1738263722625479
2.2560000000000016,0.17391594000000024
2.2570000000000014,0.17405958000000032
2.258000000000002,0.1742440361967609
2.2590000000000017,0.1744060038032396
2.2600000000000016,0.17445718000000038
2.2610000000000015,0.17467926892321597
2.262000000000002,0.1750685010767854
2.2630000000000017,0.17547894000000078
2.2640000000000016,0.1759125957858439
2.2650000000000015,0.17657045421415815
2.266000000000002,0.17737177000000154
2.2670000000000017,0.17823383000000217
2.2680000000000016,0.17945590144571297
2.2690000000000015,0.1807703585542911
2.270000000000002,0.1820544900000025
2.2710000000000017,0.1834562271565706
2.2720000000000016,0.1846277928434331
2.2730000000000015,0.18561764000000142
2.274000000000002,0.18667790810338092
2.2750000000000017,0.18765894189662213
2.2760000000000016,0.18844874000000164
2.2770000000000015,0.18937698000000128
2.278000000000002,0.19009403829417199
2.2790000000000017,0.19030353000000033
2.2800000000000016,0.19049570000000032
2.2810000000000015,0.19066245579284166
2.282000000000002,0.19082038420715888
2.2830000000000017,0.19075307000000016
2.2840000000000016,0.190845878632274
2.2850000000000015,0.19113220136772688
2.286000000000002,0.1914470300000011
2.2870000000000017,0.1920693718206367
2.2880000000000016,0.19258757817936492
2.2890000000000015,0.1927052100000006
2.290000000000002,0.1931564700000013
2.2910000000000017,0.1938840292951421
2.2920000000000016,0.19457698070486007
2.2930000000000015,0.19568315000000142
2.294000000000002,0.19673590115677012
2.2950000000000017,0.19764746884323273
2.2960000000000016,0.19844948000000107
2.2970000000000015,0.19904043934813148
2.298000000000002,0.19973392065187098
2.2990000000000017,0.20044957000000105
2.3000000000000016,0.201045680000001
2.3010000000000015,0.2016115834096599
2.302000000000002,0.20230067000000143
2.3030000000000017,0.2031196700000011
2.3040000000000016,0.20374844837832512
2.3050000000000015,0.20423223162167636
2.306000000000002,0.2048689300000008
2.3070000000000017,0.2053194692851436
2.3080000000000016,0.20571232071485762
2.3090000000000015,0.20681030000000108
2.310000000000002,0.20762317748150416
2.3110000000000017,0.20789799251849683
2.3120000000000016,0.20804950999999938
2.3130000000000015,0.20771091999999952
2.314000000000002,0.20735598714357076
2.3150000000000017,0.20702742285642808
2.3160000000000016,0.20662326999999947
2.3170000000000015,0.2063336347040586
2.318000000000002,0.2059806752959401
2.3190000000000017,0.2051165599999989
2.3200000000000016,0.2044850117066584
2.3210000000000015,0.20430207829334107
2.322000000000002,0.20403453999999985
2.3230000000000017,0.20394992999999997
2.3240000000000016,0.2039375112858713
2.3250000000000015,0.2038503699999997
2.326000000000002,0.2036271999999992
2.3270000000000017,0.2031699497200563
2.3280000000000016,0.20336715027994431
2.3290000000000015,0.2039779100000008
2.330000000000002,0.20456726973305564
2.3310000000000017,0.20566460026694874
2.3320000000000016,0.20669550000000136
2.3330000000000015,0.20745392680264071
2.334000000000002,0.20822195319736203
2.3350000000000017,0.20906782000000143
2.3360000000000016,0.20988481000000173
2.3370000000000015,0.21084611318936428
2.338000000000002,0.21217800681064045
2.3390000000000017,0.21321636000000133
2.3400000000000016,0.21396795375425068
2.3410000000000015,0.21490549624575225
2.342000000000002,0.21553624000000154
2.3430000000000017,0.21641469576085048
2.3440000000000016,0.21807230423915464
2.3450000000000015,0.21945685000000129
2.346000000000002,0.22042198000000224
2.3470000000000018,0.22168239383061925
2.3480000000000016,0.22312070000000178
2.3490000000000015,0.22443946000000184
2.350000000000002,0.2258116816336764
2.3510000000000018,0.22732801836632968
2.3520000000000016,0.22887503000000237
2.3530000000000015,0.2302016214857053
2.354000000000002,0.23171647851430008
2.3550000000000018,0.23318586000000158
2.3560000000000016,0.23407015533193515
2.3570000000000015,0.2350234746680678
2.358000000000002,0.2364200200000021
2.3590000000000018,0.23759562000000126
2.3600000000000017,0.2382990725404934
2.3610000000000015,0.23922447745950948
2.362000000000002,0.2403565800000018
2.3630000000000018,0.2413778432403536
2.3640000000000017,0.24241024675964962
2.3650000000000015,0.24351069000000164
2.366000000000002,0.24472945848030575
2.3670000000000018,0.24561426151969779
2.3680000000000017,0.24656773000000104
2.3690000000000015,0.24732861999999975
2.370000000000002,0.2471348549800041
2.3710000000000018,0.2471846550199961
2.3720000000000017,0.24756359000000058
2.3730000000000016,0.24789459111977702
2.374000000000002,0.24850578888022515
2.3750000000000018,0.248957430000001
2.3760000000000017,0.24952688281243773
2.3770000000000016,0.24965500718756267
2.378000000000002,0.24906376999999905
2.379000000000002,0.24853958397320397
2.3800000000000017,0.24767931602679336
2.3810000000000016,0.2466798599999992
2.382000000000002,0.2462254299999979
2.383000000000002,0.24529117167866155
2.3840000000000017,0.2436079583213332
2.3850000000000016,0.24190923999999583
2.386000000000002,0.2395722540321895
2.387000000000002,0.23761257596780264
2.3880000000000017,0.23600342999999727
2.3890000000000016,0.2344666809368109
2.390000000000002,0.23337604906318524
2.391000000000002,0.23237063999999807
2.3920000000000017,0.23129893999999876
2.3930000000000016,0.2305913551729639
2.394000000000002,0.22964308482703275
2.395000000000002,0.22960952000000256
2.3960000000000017,0.23104539741151942
2.3970000000000016,0.2321195125884839
2.398000000000002,0.23401903000000276
2.399000000000002,0.2355759899940012
2.4000000000000017,0.2355759300059988
2.4010000000000016,0.2360776100000023
2.4020000000000015,0.23737961000000188
2.403000000000002,0.2384434336176403
2.4040000000000017,0.2399208100000018
2.4050000000000016,0.24091664000000007
2.406000000000002,0.24096894438912225
2.407000000000002,0.2410128356108779
2.4080000000000017,0.24074306999999948
2.4090000000000016,0.24045023454009173
2.4100000000000015,0.24029563545990779
2.411000000000002,0.24013357999999949
2.4120000000000017,0.23983581038292293
2.4130000000000016,0.23953963961707614
2.414000000000002,0.24000165999999903
2.415000000000002,0.23945921999999664
2.4160000000000017,0.23756323198760024
2.4170000000000016,0.23618310801239545
2.4180000000000015,0.23392585999999796
2.419000000000002,0.23237831986302643
2.4200000000000017,0.23177695013697172
2.4210000000000016,0.23076091999999992
2.422000000000002,0.23070820148370333
2.423000000000002,0.23072303851629675
2.4240000000000017,0.22968162999999608
2.4250000000000016,0.22748556999999336
2.4260000000000015,0.22374893366362805
2.427000000000002,0.22078862999999693
2.4280000000000017,0.21904769999999746
2.4290000000000016,0.21759441188662176
2.430000000000002,0.2170132781133762
2.431000000000002,0.2160035199999961
2.4320000000000017,0.21380464825534537
2.4330000000000016,0.21158720174464776
2.4340000000000015,0.209422649999997
2.435000000000002,0.20716509037992029
2.4360000000000017,0.20486888962007155
2.4370000000000016,0.2032880199999981
2.438000000000002,0.20220915999999722
2.439000000000002,0.20064843300939575
2.4400000000000017,0.19917852699059901
2.4410000000000016,0.19637976999999315
2.4420000000000015,0.19252598468805618
2.443000000000002,0.18867286531193014
2.4440000000000017,0.1843103599999943
2.4450000000000016,0.18109021449209697
2.446000000000002,0.17823513550789288
2.447000000000002,0.17486582999999642
2.4480000000000017,0.17284331999999666
2.4490000000000016,0.17096240332166515
2.4500000000000015,0.1692956200000001
2.451000000000002,0.16935039999999954
2.4520000000000017,0.16910124179764052
2.4530000000000016,0.16911921820235953
2.454000000000002,0.16885299999999628
2.455000000000002,0.16675937700859533
2.4560000000000017,0.16532946299139895
2.4570000000000016,0.1639471899999983
2.4580000000000015,0.16298999849430307
2.459000000000002,0.16417494150570117
2.4600000000000017,0.1650460200000014
2.4610000000000016,0.16583857000000155
2.462000000000002,0.16672034714957065
2.463000000000002,0.16699184285043042
2.4640000000000017,0.16695159999999898
2.4650000000000016,0.1663804938352327
2.4660000000000015,0.16621884616476681
2.467000000000002,0.1665907700000008
2.4680000000000017,0.16704016922515671
2.4690000000000016,0.16813242077484666
2.470000000000002,0.16853887999999898
2.471000000000002,0.16795946999999942
2.4720000000000018,0.16762989458253957
2.4730000000000016,0.16627572
2.4740000000000015,0.16627909000000293
2.475000000000002,0.16848170222955638
2.4760000000000018,0.1696039977704481
2.4770000000000016,0.17225444000000048
2.478000000000002,0.17251892526694568
2.479000000000002,0.1720715947330525
2.4800000000000018,0.17094374999999665
2.4810000000000016,0.1690575781593662
2.4820000000000015,0.16783917184063005
2.483000000000002,0.16700622000000134
2.4840000000000018,0.16776282999999959
2.4850000000000017,0.16752737584482838
2.486000000000002,0.16588582415516578
2.487000000000002,0.16400026999999345
2.4880000000000018,0.16030831681963506
2.4890000000000017,0.15967651318036297
2.4900000000000015,0.16358681000000158
2.491000000000002,0.16477702589082957
2.4920000000000018,0.16853593410918546
2.4930000000000017,0.17147510999999296
2.494000000000002,0.166199269999999
2.495000000000002,0.16563794941611615
2.4960000000000018,0.1653321105838826
2.4970000000000017,0.16329713000001375
2.4980000000000016,0.17102739898520844
2.499000000000002,0.17441725101480363
2.5000000000000018,0.17441747
2.5010000000000017,0.17441747
2.502000000000002,0.17441747
2.503000000000002,0.17441747
2.504000000000002,0.17441747
2.5050000000000017,0.17441747
2.5060000000000016,0.17441747
2.507000000000002,0.17441747
2.508000000000002,0.17441747
2.5090000000000017,0.17441747
2.510000000000002,0.17441747
2.511000000000002,0.17441747
2.512000000000002,0.17441747
2.5130000000000017,0.17441747
2.5140000000000016,0.17441747
2.515000000000002,0.17441747
2.516000000000002,0.17441747
2.5170000000000017,0.17441747
2.518000000000002,0.17441747
2.519000000000002,0.17441747
2.520000000000002,0.17441747
2.5210000000000017,0.17441747
2.5220000000000016,0.17441747
2.523000000000002,0.17441747
2.524000000000002,0.17441747
2.5250000000000017,0.17441747
2.526000000000002,0.17441747
2.527000000000002,0.17441747
2.528000000000002,0.17441747
2.5290000000000017,0.17441747
2.5300000000000016,0.17441747
2.531000000000002,0.17441747
2.532000000000002,0.17441747
2.5330000000000017,0.17441747
2.534000000000002,0.17441747
2.535000000000002,0.17441747
2.536000000000002,0.17441747
2.5370000000000017,0.17441747
2.5380000000000016,0.17441747
2.539000000000002,0.17441747
2.540000000000002,0.17441747
2.5410000000000017,0.17441747
2.542000000000002,0.17441747
2.543000000000002,0.17441747
2.544000000000002,0.17441747
2.5450000000000017,0.17441747
2.5460000000000016,0.17441747
2.547000000000002,0.17441747
2.548000000000002,0.17441747
2.5490000000000017,0.17441747
2.550000000000002,0.17441747
2.551000000000002,0.17441747
2.552000000000002,0.17441747
2.5530000000000017,0.17441747
2.5540000000000016,0.17441747
2.555000000000002,0.17441747
2.556000000000002,0.17441747
2.5570000000000017,0.17441747
2.558000000000002,0.17441747
2.559000000000002,0.17441747
2.560000000000002,0.17441747
2.5610000000000017,0.17441747
2.5620000000000016,0.17441747
2.563000000000002,0.17441747
2.564000000000002,0.17441747
2.5650000000000017,0.17441747
2.566000000000002,0.17441747
2.567000000000002,0.17441747
2.568000000000002,0.17441747
2.5690000000000017,0.17441747
2.5700000000000016,0.17441747
2.571000000000002,0.17441747
2.572000000000002,0.17441747
2.5730000000000017,0.17441747
2.574000000000002,0.17441747
2.575000000000002,0.17441747
2.576000000000002,0.17441747
2.5770000000000017,0.17441747
2.5780000000000016,0.17441747
2.579000000000002,0.17441747
2.580000000000002,0.17441747
2.5810000000000017,0.17441747
2.582000000000002,0.17441747
2.583000000000002,0.17441747
2.584000000000002,0.17441747
2.5850000000000017,0.17441747
2.5860000000000016,0.17441747
2.587000000000002,0.17441747
2.588000000000002,0.17441747
2.5890000000000017,0.17441747
2.590000000000002,0.17441747
2.591000000000002,0.17441747
2.592000000000002,0.17441747
2.5930000000000017,0.17441747
2.5940000000000016,0.17441747
2.595000000000002,0.17441747
2.596000000000002,0.17441747
2.5970000000000018,0.17441747
2.598000000000002,0.17441747
2.599000000000002,0.17441747
