wave,r
0.4,0.8439427602354953
0.401,0.8445283746190075
0.402,0.8439902753809925
0.403,0.8447328200000002
0.404,0.8458282790454096
0.405,0.84550589
0.406,0.8457571269679606
0.40700000000000003,0.8454539230320394
0.40800000000000003,0.8452867456321874
0.40900000000000003,0.8468499643678127
0.41000000000000003,0.84717816
0.41100000000000003,0.8475855559260407
0.41200000000000003,0.84831941
0.41300000000000003,0.8476151306422937
0.41400000000000003,0.8486793600000001
0.41500000000000004,0.8499518544474111
0.41600000000000004,0.849396595552589
0.41700000000000004,0.84973776
0.41800000000000004,0.8502293750838492
0.41900000000000004,0.85080868
0.42000000000000004,0.8516598940256598
0.42100000000000004,0.85206246
0.42200000000000004,0.852538055400692
0.42300000000000004,0.853078124599308
0.42400000000000004,0.8530535165742685
0.42500000000000004,0.8537109434257315
0.42600000000000005,0.85432112
0.42700000000000005,0.8543627382658173
0.42800000000000005,0.85518932
0.42900000000000005,0.8554502703629927
0.43000000000000005,0.8554865696370072
0.43100000000000005,0.8563252122905541
0.43200000000000005,0.8565542677094458
0.43300000000000005,0.85683876
0.43400000000000005,0.8574013137145629
0.43500000000000005,0.85777277
0.43600000000000005,0.8584512545364092
0.43700000000000006,0.8589048954635908
0.43800000000000006,0.8588779647456052
0.43900000000000006,0.859352525254395
0.44000000000000006,0.85985374
0.44100000000000006,0.8602930856065439
0.44200000000000006,0.86073524
0.44300000000000006,0.8609740138027239
0.44400000000000006,0.861354286197276
0.44500000000000006,0.86187178249615
0.44600000000000006,0.86212139750385
0.44700000000000006,0.86258483
0.44800000000000006,0.8630830550177498
0.44900000000000007,0.86343074
0.45000000000000007,0.8638551829861403
0.45100000000000007,0.8641537970138599
0.45200000000000007,0.8644983854786905
0.45300000000000007,0.8650462545213096
0.45400000000000007,0.86518484
0.45500000000000007,0.8655314965334346
0.45600000000000007,0.86614269
0.4570000000000001,0.8663095240250598
0.4580000000000001,0.86671203
0.4590000000000001,0.867076811951461
0.4600000000000001,0.867271958048539
0.4610000000000001,0.86786485
0.4620000000000001,0.8680322183263167
0.4630000000000001,0.8680937900000001
0.4640000000000001,0.868747120302697
0.4650000000000001,0.86877739
0.4660000000000001,0.8689354753904923
0.4670000000000001,0.8694745246095078
0.4680000000000001,0.8697428746300074
0.4690000000000001,0.8702058753699926
0.4700000000000001,0.87046343
0.4710000000000001,0.8703917351539485
0.4720000000000001,0.87090713
0.4730000000000001,0.8711227809679807
0.4740000000000001,0.8712195790320194
0.4750000000000001,0.8718605010007799
0.4760000000000001,0.87196057899922
0.4770000000000001,0.87213856
0.4780000000000001,0.872627081904381
0.4790000000000001,0.87281752
0.4800000000000001,0.8731232922267554
0.4810000000000001,0.8733459677732446
0.4820000000000001,0.8734058146420072
0.4830000000000001,0.8738700153579929
0.4840000000000001,0.87404788
0.4850000000000001,0.8740740397384026
0.4860000000000001,0.87459642
0.4870000000000001,0.8748008023340533
0.4880000000000001,0.8750342076659468
0.4890000000000001,0.8754390515871683
0.4900000000000001,0.8755977684128318
0.4910000000000001,0.87583327
0.4920000000000001,0.8760804475282248
0.4930000000000001,0.87625402
0.4940000000000001,0.8766062314268858
0.4950000000000001,0.87674892
0.4960000000000001,0.8768321950829984
0.4970000000000001,0.8773404949170018
0.4980000000000001,0.87745762
0.4990000000000001,0.8776220083561164
0.5000000000000001,0.87806481
0.5010000000000001,0.8781873626810537
0.5020000000000001,0.8784554681052947
0.5030000000000001,0.8787256445964702
0.5040000000000001,0.8787307699487995
0.5050000000000001,0.8789596
0.5060000000000001,0.8791055122492876
0.5070000000000001,0.8792179766260687
0.5080000000000001,0.8796656010473105
0.5090000000000001,0.87982798
0.5100000000000001,0.8799738931286314
0.5110000000000001,0.8802867497724091
0.5120000000000001,0.880275370227591
0.5130000000000001,0.8805167675859759
0.5140000000000001,0.88087708
0.5150000000000001,0.8808879921904438
0.5160000000000001,0.8811070336763163
0.5170000000000001,0.8812295775491226
0.5180000000000001,0.8812583097126971
0.5190000000000001,0.8816280415759157
0.5200000000000001,0.8817856320812959
0.5210000000000001,0.881889696878056
0.5220000000000001,0.8821791971049421
0.5230000000000001,0.88231343
0.5240000000000001,0.8825658625594257
0.5250000000000001,0.8828217985480582
0.5260000000000001,0.8827492014519419
0.5270000000000001,0.8828828286636866
0.5280000000000001,0.88304538
0.5290000000000001,0.8831430154406544
0.5300000000000001,0.8834150450244489
0.5310000000000001,0.8835825266503675
0.5320000000000001,0.8836744990802908
0.5330000000000001,0.8837998498658987
0.5340000000000001,0.8837864421444928
0.5350000000000001,0.8838936667832609
0.5360000000000001,0.8841152777838557
0.5370000000000001,0.88415277
0.5380000000000001,0.8842806806437129
0.5390000000000001,0.8843450474897254
0.5400000000000001,0.8842613716735164
0.5410000000000001,0.8843327192864928
0.5420000000000001,0.88436151
0.5430000000000001,0.8843783723126843
0.5440000000000002,0.8844940065309735
0.5450000000000002,0.8844655205698057
0.5460000000000002,0.8845796
0.5470000000000002,0.8848477000876008
0.5480000000000002,0.8848564647778089
0.5490000000000002,0.8850953552221912
0.5500000000000002,0.8853666772867729
0.5510000000000002,0.88539547
0.5520000000000002,0.8856200618322367
0.5530000000000002,0.8858032832578371
0.5540000000000002,0.8859118778281085
0.5550000000000002,0.8861096480222802
0.5560000000000002,0.8862070408178081
0.5570000000000002,0.8862888214125294
0.5580000000000002,0.886359447881206
0.5590000000000002,0.8862361324664246
0.5600000000000002,0.88623422
0.5610000000000002,0.8862818486069861
0.5620000000000002,0.8861425487818487
0.5630000000000002,0.8860816412181513
0.5640000000000002,0.8860086807296073
0.5650000000000002,0.88593876
0.5660000000000002,0.8860225718168181
0.5670000000000002,0.8861134161310935
0.5680000000000002,0.8863177859126044
0.5690000000000002,0.8867021761560616
0.5700000000000002,0.8869991332729328
0.5710000000000002,0.8873264265906705
0.5720000000000002,0.8876559601139943
0.5730000000000002,0.8878665578940579
0.5740000000000002,0.88810974
0.5750000000000002,0.8882113093669937
0.5760000000000002,0.8881480116653334
0.5770000000000002,0.8882312783346666
0.5780000000000002,0.8882280000328003
0.5790000000000002,0.88820106
0.5800000000000002,0.888277769308593
0.5810000000000002,0.8882432006722663
0.5820000000000002,0.8882656095518224
0.5830000000000002,0.88834101
0.5840000000000002,0.8882606594104941
0.5850000000000002,0.8882017077113145
0.5860000000000002,0.8880872734330283
0.5870000000000002,0.8879348015247305
0.5880000000000002,0.88803959
0.5890000000000002,0.8881122507599153
0.5900000000000002,0.8881882480908955
0.5910000000000002,0.8884579446060699
0.5920000000000002,0.8885355592238923
0.5930000000000002,0.8885926011438114
0.5940000000000002,0.8887069798046098
0.5950000000000002,0.8886972102930853
0.5960000000000002,0.8887801183417834
0.5970000000000002,0.88892025
0.5980000000000002,0.8890328418293184
0.5990000000000002,0.8892157701275949
0.6000000000000002,0.8892221498724051
0.6010000000000002,0.8890727214943149
0.6020000000000002,0.88905758
0.6030000000000002,0.8889701996184923
0.6040000000000002,0.8889320511318434
0.6050000000000002,0.8889697792454377
0.6060000000000002,0.8888360313375133
0.6070000000000002,0.8887691501329014
0.6080000000000002,0.8887824396556172
0.6090000000000002,0.8887652205165741
0.6100000000000002,0.8888116495356907
0.6110000000000002,0.88883597
0.6120000000000002,0.8888132001222012
0.6130000000000002,0.8888254199392024
0.6140000000000002,0.8888223800607976
0.6150000000000002,0.8888470497532975
0.6160000000000002,0.88891155
0.6170000000000002,0.888889490105001
0.6180000000000002,0.8888947399517024
0.6190000000000002,0.8888931300321984
0.6200000000000002,0.88877267
0.6210000000000002,0.8887737397716977
0.6220000000000002,0.888750908178491
0.6230000000000002,0.8886598327322635
0.6240000000000002,0.8887268293299866
0.6250000000000002,0.88868469
0.6260000000000002,0.8886553017375348
0.6270000000000002,0.8888290505687716
0.6280000000000002,0.888848009620819
0.6290000000000002,0.8888822196578965
0.6300000000000002,0.88899076
0.6310000000000002,0.8890707535284237
0.6320000000000002,0.8892471747073647
0.6330000000000002,0.8894098367467675
0.6340000000000002,0.88950771
0.6350000000000002,0.8897267609858098
0.6360000000000002,0.8898253400012
0.6370000000000002,0.8898253999988002
0.6380000000000002,0.8899114691392914
0.6390000000000002,0.88991588
0.6400000000000002,0.8899616609793196
0.6410000000000002,0.8900595899571021
0.6420000000000002,0.8900581600285986
0.6430000000000002,0.8901516190653908
0.6440000000000002,0.8902231493973939
0.6450000000000002,0.8901628915507225
0.6460000000000002,0.8902404276739163
0.6470000000000002,0.8902712496917938
0.6480000000000002,0.89027619
0.6490000000000002,0.8904263400500004
0.6500000000000002,0.8904313399464021
0.6510000000000002,0.8904286600535979
0.6520000000000002,0.8904925593609936
0.6530000000000002,0.8904440999999998
0.6540000000000002,0.89051372200502
0.6550000000000002,0.890613969059547
0.6560000000000002,0.8905826206269687
0.6570000000000003,0.8906784690414904
0.6580000000000003,0.8907275798670986
0.6590000000000003,0.8907142919441028
0.6600000000000003,0.8908114970838458
0.6610000000000003,0.8908419596953939
0.6620000000000003,0.89085144
0.6630000000000003,0.890866459199484
0.6640000000000003,0.8907864102966851
0.6650000000000003,0.8907962998022099
0.6660000000000003,0.890846789495095
0.6670000000000003,0.89079785
0.6680000000000003,0.8908930417427129
0.6690000000000003,0.8909801773859307
0.6700000000000003,0.8909829899437994
0.6710000000000003,0.89100081
0.6720000000000003,0.8909475199737997
0.6730000000000003,0.8909449024413024
0.6740000000000003,0.8910669675586977
0.6750000000000003,0.8910806198634986
0.6760000000000003,0.89112234
0.6770000000000003,0.8911671595899917
0.6780000000000003,0.8911261636832158
0.6790000000000003,0.8912489375445228
0.6800000000000003,0.8913299991893918
0.6810000000000003,0.8912764202652026
0.6820000000000003,0.8913029387376631
0.6830000000000003,0.8912398218935054
0.6840000000000003,0.8912102005924057
0.6850000000000003,0.89132094
0.6860000000000003,0.8912773101210012
0.6870000000000003,0.8912894116391344
0.6880000000000003,0.8913713683608656
0.6890000000000003,0.8913607001067011
0.6900000000000003,0.8914243000000001
0.6910000000000003,0.8914524298115981
0.6920000000000003,0.8914430146257688
0.6930000000000003,0.8915972069161543
0.6940000000000003,0.8916183097889979
0.6950000000000003,0.8915452399337993
0.6960000000000003,0.8915386191810409
0.6970000000000003,0.8914976712284386
0.6980000000000003,0.891528069695994
0.6990000000000003,0.89159286
0.7000000000000003,0.8915467902074021
0.7010000000000003,0.8915675298676052
0.7020000000000003,0.8915609101323947
0.7030000000000003,0.8914886107230072
0.7040000000000003,0.89149672
0.7050000000000003,0.8914245383429834
0.7060000000000003,0.8913416909779511
0.7070000000000003,0.8913742893480326
0.7080000000000003,0.89134967
0.7090000000000003,0.8913316096375964
0.7100000000000003,0.8912953675075246
0.7110000000000003,0.891170743738713
0.7120000000000003,0.8911719299880997
0.7130000000000003,0.89123404
0.7140000000000003,0.8912308790307806
0.7150000000000003,0.8911339568459576
0.7160000000000003,0.8910288221026949
0.7170000000000003,0.8910027102611026
0.7180000000000003,0.8910424688215882
0.7190000000000003,0.8909246271105444
0.7200000000000003,0.8907801543341832
0.7210000000000003,0.8906145733116331
0.7220000000000003,0.8902996199999998
0.7230000000000003,0.8900363973261731
0.7240000000000003,0.8897690133126674
0.7250000000000003,0.8894346466873324
0.7260000000000003,0.8890374939715396
0.7270000000000003,0.8883939999999998
0.7280000000000003,0.8875639319765394
0.7290000000000003,0.8867615910571469
0.7300000000000003,0.8861301626285683
0.7310000000000003,0.8858654526470264
0.7320000000000003,0.885854298502785
0.7330000000000003,0.8857045762997849
0.7340000000000003,0.8855195655503224
0.7350000000000003,0.8852404427912558
0.7360000000000003,0.88495278
0.7370000000000003,0.8849428322882229
0.7380000000000003,0.8851716595054199
0.7390000000000003,0.8856469304945803
0.7400000000000003,0.8863177832914331
0.7410000000000003,0.8870179700000003
0.7420000000000003,0.8878222858323586
0.7430000000000003,0.8886138963944804
0.7440000000000003,0.8891603790703467
0.7450000000000003,0.8897048200000001
0.7460000000000003,0.890165513479135
0.7470000000000003,0.8905134267898606
0.7480000000000003,0.8908529198152093
0.7490000000000003,0.8910920576086522
0.7500000000000003,0.8912808900000001
0.7510000000000003,0.8914792514860297
0.7520000000000003,0.8916278558092096
0.7530000000000003,0.8918214961271937
0.7540000000000003,0.8919838083768838
0.7550000000000003,0.89200997
0.7560000000000003,0.892175672460477
0.7570000000000003,0.8922986963092845
0.7580000000000003,0.8923463790463905
0.7590000000000003,0.89250755
0.7600000000000003,0.8925247798372984
0.7610000000000003,0.8925085112575497
0.7620000000000003,0.8925713887424502
0.7630000000000003,0.8925641800721008
0.7640000000000003,0.89252543
0.7650000000000003,0.892490980047101
0.7660000000000003,0.892495690278986
0.7670000000000003,0.8925049898140094
0.7680000000000003,0.8924437206127062
0.7690000000000003,0.8923963312744128
0.7700000000000004,0.8925237697556123
0.7710000000000004,0.8925115503665817
0.7720000000000004,0.8924708404071081
0.7730000000000004,0.89245766
0.7740000000000004,0.8923464397657976
0.7750000000000004,0.8923230200631974
0.7760000000000004,0.8923261799368025
0.7770000000000004,0.8922470207916079
0.7780000000000004,0.89216793
0.7790000000000004,0.8920952093085931
0.7800000000000004,0.8920606397924103
0.7810000000000004,0.8920537201383931
0.7820000000000004,0.8919565709715096
0.7830000000000004,0.8918969596578965
0.7840000000000004,0.8918627467517624
0.7850000000000004,0.8917003348723563
0.7860000000000004,0.8916279707236144
0.7870000000000004,0.8915201999999999
0.7880000000000004,0.8913468095952919
0.7890000000000004,0.8913063345285734
0.7900000000000004,0.8911239536476175
0.7910000000000004,0.8909462717768177
0.7920000000000004,0.8909273099999999
0.7930000000000004,0.8907333564537773
0.7940000000000004,0.890556045319334
0.7950000000000004,0.8903715036908368
0.7960000000000004,0.89010847
0.7970000000000004,0.8900677596536966
0.7980000000000004,0.8900331276336946
0.7990000000000004,0.8899148123663052
0.8000000000000004,0.8898358307898079
0.8010000000000004,0.88968772
0.8020000000000004,0.8895739897073942
0.8030000000000004,0.8895447293256337
0.8040000000000004,0.8895222504495774
0.8050000000000004,0.8896588086343864
0.8060000000000004,0.8897911898998989
0.8070000000000004,0.8897811820430979
0.8080000000000004,0.8898833369353533
0.8090000000000004,0.8899681583035831
0.8100000000000004,0.89002401
0.8110000000000004,0.890100780587106
0.8120000000000004,0.8901594905697773
0.8130000000000004,0.8901879794302228
0.8140000000000004,0.8901653302265022
0.8150000000000004,0.89010173
0.8160000000000004,0.8900943390927909
0.8170000000000004,0.8900489778365082
0.8180000000000004,0.8899768614423278
0.8190000000000004,0.8900065997025969
0.8200000000000004,0.889867368298783
0.8210000000000004,0.8896972487508624
0.8220000000000004,0.8896347918737063
0.8230000000000004,0.8895454408935178
0.8240000000000004,0.88948661
0.8250000000000004,0.8893821183566836
0.8260000000000004,0.8892177895638175
0.8270000000000004,0.8891959804361825
0.8280000000000004,0.8891223107367073
0.8290000000000004,0.88903332
0.8300000000000004,0.8890656198689987
0.8310000000000004,0.8890590712890355
0.8320000000000004,0.889102039140643
0.8330000000000004,0.88913834
0.8340000000000004,0.8890459501461014
0.8350000000000004,0.8890605597866107
0.8360000000000004,0.889049890320084
0.8370000000000004,0.8889920705782116
0.8380000000000004,0.8890104299999999
0.8390000000000004,0.8888632683417668
0.8400000000000004,0.8886974474036298
0.8410000000000004,0.8886109017309135
0.8420000000000004,0.8884517615914159
0.8430000000000004,0.8883277782952829
0.8440000000000004,0.8881573053414328
0.8450000000000004,0.8879243769878505
0.8460000000000004,0.8878223320408204
0.8470000000000004,0.88765192
0.8480000000000004,0.8875560810359103
0.8490000000000004,0.8876596677100915
0.8500000000000004,0.8875451722899084
0.8510000000000004,0.88734406201112
0.8520000000000004,0.8870961699999999
0.8530000000000004,0.8868293783578671
0.8540000000000004,0.8866651627850607
0.8550000000000004,0.8864246648099594
0.8560000000000004,0.886113353113131
0.8570000000000004,0.8858802866907668
0.8580000000000004,0.8855493629203538
0.8590000000000004,0.8851953806194689
0.8600000000000004,0.8847927540262804
0.8610000000000004,0.8842399699999998
0.8620000000000004,0.8837177742718425
0.8630000000000004,0.8831449578400862
0.8640000000000004,0.8825369621599133
0.8650000000000004,0.8820340650289501
0.8660000000000004,0.8814416499999997
0.8670000000000004,0.8809098506825067
0.8680000000000004,0.8804439691621415
0.8690000000000004,0.8797493738919051
0.8700000000000004,0.8790899499999997
0.8710000000000004,0.8783809425249249
0.8720000000000004,0.8776334399893003
0.8730000000000004,0.877132905016049
0.8740000000000004,0.8765779755493108
0.8750000000000004,0.8761106099999999
0.8760000000000004,0.875878987305246
0.8770000000000004,0.8756095132302384
0.8780000000000004,0.8753838545131742
0.8790000000000004,0.8749467743708436
0.8800000000000004,0.8741847299999997
0.8810000000000004,0.8736032036692162
0.8820000000000005,0.8727866644961748
0.8830000000000005,0.8717400609322089
0.8840000000000005,0.8705674399999992
0.8850000000000005,0.868868628496184
0.8860000000000005,0.8667182359765597
0.8870000000000005,0.8640170640234378
0.8880000000000005,0.8607488026827252
0.8890000000000005,0.8573531499999983
0.8900000000000005,0.8536008824268466
0.8910000000000005,0.8498435839834992
0.8920000000000005,0.8466430340109979
0.8930000000000005,0.8435792606377048
0.8940000000000005,0.8411365015110143
0.8950000000000005,0.8392876071880399
0.8960000000000005,0.8376470092179383
0.8970000000000005,0.8364412920570404
0.8980000000000005,0.8353660099999997
0.8990000000000005,0.8345545485545854
0.9000000000000005,0.8344100133318668
0.9010000000000005,0.8345766066681334
0.9020000000000005,0.8353040727252277
0.9030000000000005,0.8366192000000007
0.9040000000000005,0.8384830374223755
0.9050000000000005,0.8413541688522589
0.9060000000000005,0.8446492440984965
0.9070000000000005,0.8481677448149499
0.9080000000000005,0.8520917659240611
0.9090000000000005,0.8556841660279001
0.9100000000000005,0.8589855609581538
0.9110000000000005,0.8618610212455263
0.9120000000000005,0.8641001600000009
0.9130000000000005,0.8661545664399296
0.9140000000000005,0.8677985491063452
0.9150000000000005,0.8691020939291041
0.9160000000000005,0.8704163868570693
0.9170000000000005,0.8715414400000006
0.9180000000000005,0.8728412655619224
0.9190000000000005,0.8741193616571178
0.9200000000000005,0.8748275458366587
0.9210000000000005,0.8756948700000005
0.9220000000000005,0.8764696164039644
0.9230000000000005,0.877110011659534
0.9240000000000005,0.8776929883404667
0.9250000000000005,0.8778375985539856
0.9260000000000005,0.8781600000000003
0.9270000000000005,0.8786202705901118
0.9280000000000005,0.8786792897966103
0.9290000000000005,0.8790058434689266
0.9300000000000005,0.8791496185622857
0.9310000000000005,0.879162732685827
0.9320000000000005,0.8794313107353632
0.9330000000000005,0.8794680788969551
0.9340000000000005,0.8794635500906008
0.9350000000000005,0.87947899
0.9360000000000005,0.8794873407444075
0.9370000000000005,0.8795617781534738
0.9380000000000005,0.879469451846526
0.9390000000000005,0.8792508221863218
0.9400000000000005,0.8790468599999998
0.9410000000000005,0.8786622856487564
0.9420000000000005,0.8784447235218238
0.9430000000000005,0.878228784318784
0.9440000000000005,0.8778320039678394
0.9450000000000005,0.8778154273874736
0.9460000000000005,0.8775541723279834
0.9470000000000005,0.8771705715080245
0.9480000000000005,0.8770481312243245
0.9490000000000005,0.8769008499999998
0.9500000000000005,0.8767245955921557
0.9510000000000005,0.8762838086172551
0.9520000000000005,0.8757146713827444
0.9530000000000005,0.8756897402492024
0.9540000000000005,0.8753941699999999
0.9550000000000005,0.875021155320953
0.9560000000000005,0.8747871967256635
0.9570000000000005,0.8743447188495573
0.9580000000000005,0.8741412199999998
0.9590000000000005,0.8738142255063549
0.9600000000000005,0.8733648690176491
0.9610000000000005,0.8733157514735262
0.9620000000000005,0.872694026217424
0.9630000000000005,0.8721324799999999
0.9640000000000005,0.8718361239433786
0.9650000000000005,0.8712304700674965
0.9660000000000005,0.8708993866216688
0.9670000000000005,0.8705248237456372
0.9680000000000005,0.8700620453776535
0.9690000000000005,0.8695998029408525
0.9700000000000005,0.8687468455887202
0.9710000000000005,0.8682329202783026
0.9720000000000005,0.8678209199999996
0.9730000000000005,0.8670027263079629
0.9740000000000005,0.8666335117689288
0.9750000000000005,0.8657219582310702
0.9760000000000005,0.8647028301913013
0.9770000000000005,0.8642216299999995
0.9780000000000005,0.8633709412427244
0.9790000000000005,0.862495211409329
0.9800000000000005,0.8615421890604464
0.9810000000000005,0.8606185392364919
0.9820000000000005,0.8599632896435959
0.9830000000000005,0.8589276513243334
0.9840000000000005,0.8579938680134989
0.9850000000000005,0.8572354975836513
0.9860000000000005,0.8562419399999998
0.9870000000000005,0.8559114198706982
0.9880000000000005,0.8548984805601767
0.9890000000000005,0.8534264894398216
0.9900000000000005,0.852874225522455
0.9910000000000005,0.8519652499999995
0.9920000000000005,0.8510611989129885
0.9930000000000005,0.8500068452599363
0.9940000000000005,0.8488488431600413
0.9950000000000006,0.8482955099999995
0.9960000000000006,0.8473248391374907
0.9970000000000006,0.8462385966302681
0.9980000000000006,0.8455701100545969
0.9990000000000006,0.84486872701384
1.0000000000000004,0.8443567199999992
1.0010000000000006,0.8425458099999994
1.0020000000000007,0.8417074699999996
1.0030000000000006,0.8409967399999996
1.0040000000000004,0.8403611950324965
1.0050000000000006,0.8399115199999998
1.0060000000000007,0.8396424099999998
1.0070000000000006,0.83947194
1.0080000000000005,0.8393622600000001
1.0090000000000006,0.8394902703909611
1.0100000000000007,0.8398941800000003
1.0110000000000006,0.8402326700000003
1.0120000000000005,0.8406622400000002
1.0130000000000006,0.8411865200000005
1.0140000000000007,0.841773571294871
1.0150000000000006,0.8423659800000004
1.0160000000000005,0.8431143800000004
1.0170000000000006,0.8438288600000003
1.0180000000000007,0.8444672200000004
1.0190000000000006,0.8450700597160288
1.0200000000000005,0.8455943500000003
1.0210000000000006,0.8461087300000002
1.0220000000000007,0.8464891300000003
1.0230000000000006,0.8467762500000001
1.0240000000000005,0.84698951
1.0250000000000006,0.8470479200000001
1.0260000000000007,0.84717053
1.0270000000000006,0.84722769
1.0280000000000005,0.8473167400000001
1.0290000000000006,0.84748656
1.0300000000000007,0.84756923
1.0310000000000006,0.84759992
1.0320000000000005,0.8476262709599041
1.0330000000000006,0.84763587
1.0340000000000007,0.84762383
1.0350000000000006,0.8475647
1.0360000000000005,0.84749138
1.0370000000000006,0.8473909307969202
1.0380000000000007,0.8471988999999999
1.0390000000000006,0.84707248
1.0400000000000005,0.8469867099999999
1.0410000000000006,0.8468615399999999
1.0420000000000007,0.8467506910848914
1.0430000000000006,0.8466118599999999
1.0440000000000005,0.8464486599999999
1.0450000000000006,0.8462655499999999
1.0460000000000007,0.8461398499999998
1.0470000000000006,0.8458556184231575
1.0480000000000005,0.8455443399999998
1.0490000000000006,0.8451142899999999
1.0500000000000007,0.8448412399999998
1.0510000000000006,0.8445593699999999
1.0520000000000005,0.84431833
1.0530000000000006,0.8442021599999999
1.0540000000000007,0.8440127399999998
1.0550000000000006,0.843714573288671
1.0560000000000005,0.84354746
1.0570000000000006,0.8434822599999999
1.0580000000000007,0.8433795000000001
1.0590000000000006,0.84331286
1.0600000000000005,0.8432434740935907
1.0610000000000006,0.84318441
1.0620000000000007,0.84310228
1.0630000000000006,0.84309971
1.0640000000000005,0.84313083
1.0650000000000006,0.8430225908239175
1.0660000000000007,0.8428942599999998
1.0670000000000006,0.8426564299999998
1.0680000000000005,0.8422672199999999
1.0690000000000006,0.8419170399999998
1.0700000000000007,0.841581673536646
1.0710000000000006,0.8411452199999997
1.0720000000000005,0.8406230799999997
1.0730000000000006,0.8401263999999997
1.0740000000000007,0.8396239299999996
1.0750000000000006,0.8389930699999997
1.0760000000000005,0.8384434599999997
1.0770000000000006,0.8378992099999996
1.0780000000000007,0.8372346812348761
1.0790000000000006,0.8366470299999995
1.0800000000000005,0.8360248799999996
1.0810000000000006,0.8353743599999995
1.0820000000000007,0.8347282399999996
1.0830000000000006,0.8340651354124582
1.0840000000000005,0.8334192599999998
1.0850000000000006,0.8329091699999994
1.0860000000000007,0.8321453899999992
1.0870000000000006,0.8312337999999995
1.0880000000000005,0.8303644369363058
1.0890000000000006,0.8293829599999993
1.0900000000000007,0.8283611499999993
1.0910000000000006,0.8273773199999994
1.0920000000000005,0.8264654299999995
1.0930000000000006,0.8254687596670327
1.0940000000000007,0.8244345799999994
1.0950000000000006,0.8234907999999995
1.0960000000000005,0.8225938099999994
1.0970000000000006,0.8217813399999996
1.0980000000000008,0.8210650099999993
1.0990000000000006,0.8202978999999994
1.1000000000000005,0.8195257199999997
1.1010000000000006,0.8188679799999996
1.1020000000000008,0.8182595399999996
1.1030000000000006,0.8176574699999997
1.1040000000000005,0.8171397999999997
1.1050000000000006,0.8166603399999997
1.1060000000000008,0.8161356367723224
1.1070000000000007,0.8155033599999996
1.1080000000000005,0.8148171899999995
1.1090000000000007,0.8141139099999994
1.1100000000000008,0.8132968499999993
1.1110000000000007,0.8123142294210571
1.1120000000000005,0.8113084399999996
1.1130000000000007,0.8102713199999992
1.1140000000000008,0.8091163599999991
1.1150000000000007,0.8078000499999992
1.1160000000000005,0.8065946105439449
1.1170000000000007,0.8053510199999993
1.1180000000000008,0.804105639999999
1.1190000000000007,0.8029317299999992
1.1200000000000006,0.8017156099999995
1.1210000000000007,0.8003895426067384
1.1220000000000008,0.7988334899999988
1.1230000000000007,0.7969386599999986
1.1240000000000006,0.7947007399999988
1.1250000000000007,0.7919698999999978
1.1260000000000008,0.7886913399999966
1.1270000000000007,0.7849891199999973
1.1280000000000006,0.7809285499999971
1.1290000000000007,0.7764761607089258
1.1300000000000008,0.7718832499999961
1.1310000000000007,0.767487819999997
1.1320000000000006,0.7629317599999981
1.1330000000000007,0.7587246299999972
1.1340000000000008,0.7545226137066267
1.1350000000000007,0.7508596799999977
1.1360000000000006,0.747403259999998
1.1370000000000007,0.7444057499999983
1.1380000000000008,0.7419663099999985
1.1390000000000007,0.7402052261083881
1.1400000000000006,0.7390487799999995
1.1410000000000007,0.73842704
1.1420000000000008,0.7385038100000003
1.1430000000000007,0.7390652900000007
1.1440000000000006,0.7400045060783926
1.1450000000000007,0.7410254500000005
1.1460000000000008,0.7417946500000003
1.1470000000000007,0.7422293399999996
1.1480000000000006,0.7417936899999995
1.1490000000000007,0.7410499499999986
1.1500000000000008,0.7390669599999976
1.1510000000000007,0.7363091099999974
1.1520000000000006,0.7324382099999979
1.1530000000000007,0.7276238199999963
1.1540000000000008,0.7219586999999956
1.1550000000000007,0.7154777099999954
1.1560000000000006,0.7085530799999952
1.1570000000000007,0.7013045384801466
1.1580000000000008,0.6939893399999938
1.1590000000000007,0.6869910399999957
1.1600000000000006,0.6805126099999962
1.1610000000000007,0.6748346099999968
1.1620000000000008,0.6699648056884282
1.1630000000000007,0.6659216899999977
1.1640000000000006,0.6624899499999984
1.1650000000000007,0.6590278699999982
1.1660000000000008,0.6562899399999969
1.1670000000000007,0.6527801109828996
1.1680000000000006,0.6491494199999973
1.1690000000000007,0.645082829999997
1.1700000000000008,0.6406196399999959
1.1710000000000007,0.6359384099999968
1.1720000000000006,0.6311906547755196
1.1730000000000007,0.6268343299999974
1.1740000000000008,0.623065469999998
1.1750000000000007,0.6201186799999988
1.1760000000000006,0.6183540799999997
1.1770000000000007,0.6179164600000007
1.1780000000000008,0.6188671600000021
1.1790000000000007,0.6212226700000025
1.1800000000000006,0.625123365456457
1.1810000000000007,0.630277930000004
1.1820000000000008,0.6363513500000062
1.1830000000000007,0.6433084600000047
1.1840000000000006,0.6505581100000035
1.1850000000000007,0.658450338808125
1.1860000000000008,0.6665384200000072
1.1870000000000007,0.6746516800000053
1.1880000000000006,0.682609200000005
1.1890000000000007,0.6902464600000048
1.1900000000000008,0.6973640382421816
1.1910000000000007,0.7040016700000055
1.1920000000000006,0.7100797300000037
1.1930000000000007,0.7155168700000032
1.1940000000000008,0.7202734900000036
1.1950000000000007,0.7243798393650669
1.1960000000000006,0.727910100000002
1.1970000000000007,0.7309685900000018
1.1980000000000008,0.7337102900000023
1.1990000000000007,0.7362884300000017
1.2000000000000006,0.7387576700000016
1.2010000000000007,0.741143640000002
1.2020000000000008,0.743440150000002
1.2030000000000007,0.745663791575844
1.2040000000000006,0.7477795500000012
1.2050000000000007,0.7496895200000011
1.2060000000000008,0.7514177600000014
1.2070000000000007,0.7529246800000008
1.2080000000000006,0.754168918898111
1.2090000000000007,0.7552579000000007
1.2100000000000009,0.7561756400000007
1.2110000000000007,0.7569667100000007
1.2120000000000006,0.7577266700000005
1.2130000000000007,0.7584413785291476
1.2140000000000009,0.7591444300000006
1.2150000000000007,0.7598391200000004
1.2160000000000006,0.7604762300000004
1.2170000000000007,0.7611157900000004
1.2180000000000009,0.7617849030886917
1.2190000000000007,0.7623979400000004
1.2200000000000006,0.7629728900000003
1.2210000000000008,0.7634464500000003
1.2220000000000009,0.7638658300000002
1.2230000000000008,0.7641143200000002
1.2240000000000006,0.7643252600000001
1.2250000000000008,0.76446915
1.2260000000000009,0.76447779
1.2270000000000008,0.76449549
1.2280000000000006,0.7644391699999998
1.2290000000000008,0.7642319199999998
1.2300000000000009,0.7640213999999997
1.2310000000000008,0.7638226448205178
1.2320000000000007,0.7635708499999999
1.2330000000000008,0.7633464899999999
1.2340000000000009,0.7632662699999999
1.2350000000000008,0.7631850199999999
1.2360000000000007,0.7630286081761823
1.2370000000000008,0.7629103699999998
1.2380000000000009,0.7627024099999997
1.2390000000000008,0.7623450799999998
1.2400000000000007,0.7619677799999997
1.2410000000000008,0.7615369430836914
1.2420000000000009,0.7610797899999996
1.2430000000000008,0.7605691599999995
1.2440000000000007,0.7600476099999995
1.2450000000000008,0.7594520999999995
1.2460000000000009,0.7588141037996194
1.2470000000000008,0.7581006299999995
1.2480000000000007,0.7573348299999995
1.2490000000000008,0.7565463799999994
1.2500000000000009,0.7556374099999991
1.2510000000000008,0.7546917799999991
1.2520000000000007,0.7536801699999992
1.2530000000000008,0.7525926799999991
1.254000000000001,0.7515510970252964
1.2550000000000008,0.7504213499999989
1.2560000000000007,0.7492125599999993
1.2570000000000008,0.7480221999999992
1.258000000000001,0.7468153199999988
1.2590000000000008,0.7455730947835207
1.2600000000000007,0.7443209299999991
1.2610000000000008,0.7430245299999988
1.262000000000001,0.7417107199999988
1.2630000000000008,0.7403080499999987
1.2640000000000007,0.7388481759874004
1.2650000000000008,0.7373533799999985
1.266000000000001,0.7357571699999985
1.2670000000000008,0.7341272199999989
1.2680000000000007,0.7325075899999989
1.2690000000000008,0.7308243383251661
1.270000000000001,0.7291258599999985
1.2710000000000008,0.7274184199999983
1.2720000000000007,0.7255823599999988
1.2730000000000008,0.7236748299999983
1.274000000000001,0.7217672499999983
1.2750000000000008,0.7198349799999983
1.2760000000000007,0.7179036099999988
1.2770000000000008,0.7159883999999987
1.278000000000001,0.7140830799999983
1.2790000000000008,0.7122076699999987
1.2800000000000007,0.7103490799999987
1.2810000000000008,0.7085016999999985
1.282000000000001,0.7066993709239059
1.2830000000000008,0.7049086099999989
1.2840000000000007,0.7031712499999989
1.2850000000000008,0.7014698399999986
1.286000000000001,0.6998234999999985
1.2870000000000008,0.6981939281121876
1.2880000000000007,0.6965750499999989
1.2890000000000008,0.6949464699999989
1.290000000000001,0.6933315399999986
1.2910000000000008,0.6917893299999985
1.2920000000000007,0.6902126476682322
1.2930000000000008,0.688623369999999
1.294000000000001,0.6870589299999985
1.2950000000000008,0.6853982799999986
1.2960000000000007,0.6837528299999989
1.2970000000000008,0.6821388413988587
1.298000000000001,0.6805249999999987
1.2990000000000008,0.678982079999999
1.3000000000000007,0.677455779999999
1.3010000000000008,0.6759339599999986
1.302000000000001,0.6744442599999984
1.3030000000000008,0.672932979999999
1.3040000000000007,0.671397209999999
1.3050000000000008,0.6699163037266262
1.306000000000001,0.6684535699999988
1.3070000000000008,0.6670257999999989
1.3080000000000007,0.6656489399999991
1.3090000000000008,0.6643157599999991
1.310000000000001,0.662941910145984
1.3110000000000008,0.6615433699999987
1.3120000000000007,0.6601785399999988
1.3130000000000008,0.6588554999999993
1.314000000000001,0.6576102399999989
1.3150000000000008,0.6563865023737616
1.3160000000000007,0.6551674599999989
1.3170000000000008,0.653913799999999
1.318000000000001,0.6526384399999989
1.3190000000000008,0.6513893599999989
1.3200000000000007,0.6501323057054283
1.3210000000000008,0.6489109399999989
1.322000000000001,0.6476947099999987
1.3230000000000008,0.6464768599999993
1.3240000000000007,0.6452929999999992
1.3250000000000008,0.644130999999999
1.326000000000001,0.6429923799999988
1.3270000000000008,0.641941189999999
1.3280000000000007,0.6407865381331859
1.3290000000000008,0.6396678699999989
1.330000000000001,0.6384386399999988
1.3310000000000008,0.6371673299999988
1.3320000000000007,0.6357643599999987
1.3330000000000009,0.6342325282601723
1.334000000000001,0.6325151299999984
1.3350000000000009,0.6306014099999981
1.3360000000000007,0.6284506899999979
1.3370000000000009,0.6260676999999977
1.338000000000001,0.6234721195580415
1.3390000000000009,0.6205270299999971
1.3400000000000007,0.6172437099999977
1.3410000000000009,0.6136950899999967
1.342000000000001,0.6098894499999955
1.3430000000000009,0.6058267262723694
1.3440000000000007,0.6016390299999972
1.3450000000000009,0.5973906499999962
1.346000000000001,0.5931733299999958
1.3470000000000009,0.5894219899999966
1.3480000000000008,0.585696519999998
1.3490000000000009,0.5827290399999978
1.350000000000001,0.5802895999999981
1.3510000000000009,0.5782036199999987
1.3520000000000008,0.5767486099999988
1.3530000000000009,0.5753113599999994
1.354000000000001,0.5743454699999989
1.3550000000000009,0.573099729999999
1.3560000000000008,0.5719436290020988
1.3570000000000009,0.5706336499999987
1.358000000000001,0.5690920399999986
1.3590000000000009,0.5674386599999984
1.3600000000000008,0.5656462299999987
1.3610000000000009,0.5637117895390441
1.362000000000001,0.5616071799999974
1.3630000000000009,0.5593392799999983
1.3640000000000008,0.5568656899999983
1.3650000000000009,0.5542848099999976
1.366000000000001,0.5517011483661607
1.3670000000000009,0.549174899999998
1.3680000000000008,0.5469311499999988
1.3690000000000009,0.5450413199999988
1.370000000000001,0.5436333399999992
1.3710000000000009,0.5427690964243569
1.3720000000000008,0.5422819900000001
1.3730000000000009,0.54246891
1.374000000000001,0.5424922100000005
1.3750000000000009,0.54296815
1.3760000000000008,0.54299366
1.377000000000001,0.5429939599999997
1.378000000000001,0.5426712599999994
1.379000000000001,0.5420213873682626
1.3800000000000008,0.5413950699999991
1.381000000000001,0.5403913299999994
1.382000000000001,0.5397597599999991
1.383000000000001,0.5389796499999998
1.3840000000000008,0.5387874232846716
1.385000000000001,0.5388202700000004
1.386000000000001,0.5393490200000012
1.387000000000001,0.5404781100000019
1.3880000000000008,0.5421727300000015
1.389000000000001,0.544515735699432
1.390000000000001,0.5474247900000038
1.391000000000001,0.5507795800000033
1.3920000000000008,0.5543921000000033
1.393000000000001,0.5580886600000032
1.394000000000001,0.5616514137246312
1.395000000000001,0.5648743500000024
1.3960000000000008,0.567656160000002
1.397000000000001,0.5698692800000019
1.398000000000001,0.5716021100000013
1.399000000000001,0.572931050000001
1.4000000000000008,0.5740181800000012
1.4010000000000007,0.5752182000000007
1.402000000000001,0.5761750300000015
1.403000000000001,0.5775136400000014
1.4040000000000008,0.5789799100000012
1.4050000000000007,0.5806253000000013
1.406000000000001,0.582604890000002
1.407000000000001,0.5844106914908528
1.4080000000000008,0.5864256000000011
1.4090000000000007,0.5880898800000011
1.410000000000001,0.5896868100000014
1.411000000000001,0.5909589500000009
1.4120000000000008,0.5919967481581847
1.4130000000000007,0.5927783300000004
1.414000000000001,0.5932923600000002
1.415000000000001,0.59358495
1.4160000000000008,0.59364092
1.4170000000000007,0.5935787062213778
1.418000000000001,0.5934272399999999
1.419000000000001,0.5932707799999999
1.4200000000000008,0.5931869700000001
1.4210000000000007,0.5932521200000003
1.422000000000001,0.5935141737946208
1.423000000000001,0.5939791800000007
1.4240000000000008,0.5947099900000006
1.4250000000000007,0.5955911900000007
1.426000000000001,0.5966141800000012
1.427000000000001,0.5977275400000013
1.4280000000000008,0.5988854200000008
1.4290000000000007,0.6000888900000008
1.430000000000001,0.6013062618438169
1.431000000000001,0.6025247000000009
1.4320000000000008,0.603607540000001
1.4330000000000007,0.6047256000000005
1.434000000000001,0.6055201300000006
1.435000000000001,0.6061812955454459
1.4360000000000008,0.60653675
1.4370000000000007,0.60657752
1.438000000000001,0.6065157699999997
1.439000000000001,0.6060999599999998
1.4400000000000008,0.6058478652094789
1.4410000000000007,0.6053978799999999
1.442000000000001,0.6052422499999999
1.443000000000001,0.6051466500000001
1.4440000000000008,0.6052987600000004
1.4450000000000007,0.6056674931266876
1.446000000000001,0.6061873400000007
1.447000000000001,0.606916490000001
1.4480000000000008,0.6077697300000007
1.4490000000000007,0.6088059500000008
1.450000000000001,0.6099387400000014
1.451000000000001,0.6111849000000015
1.4520000000000008,0.612443570000001
1.4530000000000007,0.6136281356324376
1.454000000000001,0.6146844600000009
1.455000000000001,0.6155225000000006
1.4560000000000008,0.6161081800000003
1.4570000000000007,0.6164273600000001
1.458000000000001,0.6165379775672432
1.459000000000001,0.6164136499999998
1.4600000000000009,0.6161478199999997
1.4610000000000007,0.6158133099999996
1.462000000000001,0.6154623599999997
1.463000000000001,0.6151622200139983
1.4640000000000009,0.61495924
1.4650000000000007,0.61492407
1.466000000000001,0.6149915500000003
1.467000000000001,0.6152281800000005
1.4680000000000009,0.6156361292050798
1.4690000000000007,0.6161202200000004
1.470000000000001,0.6167703300000007
1.471000000000001,0.6173883700000009
1.4720000000000009,0.6181651900000006
1.4730000000000008,0.6187499200000004
1.474000000000001,0.6193375600000004
1.475000000000001,0.6197559200000002
1.4760000000000009,0.6200522200000002
1.4770000000000008,0.62022591
1.478000000000001,0.62023956
1.479000000000001,0.6202098699999999
1.4800000000000009,0.6200246199999999
1.4810000000000008,0.6198845278892109
1.482000000000001,0.6196634199999999
1.483000000000001,0.6195443299999999
1.4840000000000009,0.61946613
1.4850000000000008,0.61940426
1.486000000000001,0.6193820803759623
1.487000000000001,0.61938584
1.4880000000000009,0.61939925
1.4890000000000008,0.6194626700000001
1.490000000000001,0.6195603000000001
1.491000000000001,0.619694576572343
1.4920000000000009,0.6198530800000001
1.4930000000000008,0.6199694300000002
1.494000000000001,0.6200592500000001
1.495000000000001,0.62014651
1.4960000000000009,0.6201760170492951
1.4970000000000008,0.6201258299999999
1.498000000000001,0.6200167499999998
1.499000000000001,0.6198279299999998
1.5000000000000009,0.6195176799999996
1.5010000000000008,0.6191208399999996
1.5020000000000011,0.6186714199999993
1.503000000000001,0.6181572699999995
1.504000000000001,0.6176314972372758
1.5050000000000008,0.6171038699999996
1.5060000000000011,0.6165489599999995
1.507000000000001,0.6160061999999993
1.508000000000001,0.6154503799999994
1.5090000000000008,0.6148631596920304
1.5100000000000011,0.6142600799999993
1.511000000000001,0.6136457899999993
1.512000000000001,0.6130055799999993
1.5130000000000008,0.6123167899999996
1.5140000000000011,0.6116555961193874
1.515000000000001,0.6109660899999992
1.516000000000001,0.6102313999999993
1.5170000000000008,0.6094867599999994
1.5180000000000011,0.608687459999999
1.519000000000001,0.6078005686891301
1.520000000000001,0.6069656599999992
1.5210000000000008,0.6061341199999992
1.5220000000000011,0.6052625799999989
1.523000000000001,0.6043972999999994
1.524000000000001,0.6034786099999991
1.5250000000000008,0.6024805899999992
1.5260000000000011,0.601545809999999
1.527000000000001,0.600654299999999
1.528000000000001,0.5996928199999991
1.5290000000000008,0.5987289499999994
1.5300000000000011,0.5977134099999988
1.531000000000001,0.5966234799999988
1.532000000000001,0.5955330814348555
1.5330000000000008,0.5944474299999992
1.5340000000000011,0.5933147099999987
1.535000000000001,0.5921181999999986
1.536000000000001,0.590946669999999
1.5370000000000008,0.5897768070362954
1.5380000000000011,0.5885471699999987
1.539000000000001,0.5873100799999988
1.540000000000001,0.5860425799999988
1.5410000000000008,0.5846725099999988
1.5420000000000011,0.5832879184591526
1.543000000000001,0.5818670999999986
1.544000000000001,0.5803537999999986
1.5450000000000008,0.5787756399999986
1.5460000000000012,0.5771380099999981
1.547000000000001,0.5754222215788404
1.548000000000001,0.5736847499999984
1.5490000000000008,0.5719048999999988
1.5500000000000012,0.5700108399999978
1.551000000000001,0.5680595599999978
1.552000000000001,0.5660616799999977
1.5530000000000008,0.5639604299999985
1.5540000000000012,0.5617862899999976
1.555000000000001,0.5595545255624416
1.556000000000001,0.5572101499999979
1.5570000000000008,0.5547996799999978
1.5580000000000012,0.5523586299999972
1.559000000000001,0.5498236399999976
1.560000000000001,0.5472262829796994
1.5610000000000008,0.5445560799999976
1.5620000000000012,0.5418016299999964
1.563000000000001,0.5390293599999975
1.564000000000001,0.5362105399999975
1.5650000000000008,0.5333241686371338
1.5660000000000012,0.530392889999996
1.567000000000001,0.5274299999999967
1.568000000000001,0.5244730699999973
1.5690000000000008,0.5215221599999973
1.5700000000000012,0.5185296592500712
1.571000000000001,0.5155521599999967
1.572000000000001,0.5125569099999966
1.5730000000000008,0.509500799999998
1.5740000000000012,0.5064485099999966
1.575000000000001,0.5033054399999963
1.576000000000001,0.5000247399999962
1.5770000000000008,0.4966582999999969
1.5780000000000012,0.49319055376461934
1.579000000000001,0.489628199999996
1.580000000000001,0.48601272999999673
1.5810000000000008,0.48233201999999664
1.5820000000000012,0.4785700399999949
1.583000000000001,0.47476924076791877
1.584000000000001,0.47097691999999663
1.5850000000000009,0.4671955399999967
1.5860000000000012,0.4634359799999951
1.587000000000001,0.45974713999999595
1.588000000000001,0.4560951951944767
1.5890000000000009,0.4524555199999968
1.5900000000000012,0.448857549999996
1.591000000000001,0.44527372999999604
1.592000000000001,0.44173690999999615
1.5930000000000009,0.4382923744535518
1.5940000000000012,0.43488120999999635
1.595000000000001,0.43158784999999644
1.596000000000001,0.4284077299999965
1.5970000000000009,0.42523994999999726
1.5980000000000012,0.4221616099999967
1.599000000000001,0.4191530899999967
1.600000000000001,0.41614996999999737
1.6010000000000009,0.4131968599999974
1.6020000000000012,0.4102548999999961
1.603000000000001,0.40734466999999747
1.604000000000001,0.40446891999999746
1.6050000000000009,0.4015663899999974
1.6060000000000012,0.3986426038066159
1.607000000000001,0.3956806699999967
1.608000000000001,0.39269345999999733
1.6090000000000009,0.3896657499999973
1.6100000000000012,0.3866360499999967
1.611000000000001,0.38363450762823365
1.612000000000001,0.3806107899999966
1.6130000000000009,0.377583679999998
1.6140000000000012,0.3745516199999966
1.615000000000001,0.3714798399999966
1.616000000000001,0.36842722526147065
1.6170000000000009,0.3653933099999973
1.6180000000000012,0.36234896999999666
1.619000000000001,0.3593563999999967
1.620000000000001,0.3563532199999973
1.6210000000000009,0.35331792352964453
1.6220000000000012,0.35029714999999595
1.623000000000001,0.34725838999999725
1.624000000000001,0.3442242099999973
1.6250000000000009,0.34123089999999734
1.6260000000000012,0.338237049999996
1.6270000000000011,0.33524810999999605
1.628000000000001,0.3322948199999974
1.629000000000001,0.32932620883911323
1.6300000000000012,0.3263145999999959
1.6310000000000011,0.32326018999999656
1.632000000000001,0.3201694499999965
1.633000000000001,0.31702467999999717
1.6340000000000012,0.3138307737246238
1.6350000000000011,0.3106680199999965
1.636000000000001,0.3075272699999965
1.637000000000001,0.3043644699999965
1.6380000000000012,0.30123248999999663
1.6390000000000011,0.29816583666533025
1.640000000000001,0.2951497699999967
1.641000000000001,0.2922140399999975
1.6420000000000012,0.28940546999999645
1.6430000000000011,0.2867515099999972
1.644000000000001,0.28423844130686665
1.645000000000001,0.281854239999998
1.6460000000000012,0.2796112899999971
1.6470000000000011,0.2774653699999972
1.648000000000001,0.27539121999999827
1.649000000000001,0.27344336999999835
1.6500000000000012,0.2715957499999977
1.6510000000000011,0.26984303999999815
1.652000000000001,0.26818137999999825
1.653000000000001,0.2665716699999986
1.6540000000000012,0.2650132199999983
1.6550000000000011,0.26347717999999826
1.656000000000001,0.26193809999999834
1.657000000000001,0.2604151695430443
1.6580000000000013,0.2589105999999984
1.6590000000000011,0.25740807999999826
1.660000000000001,0.2558430399999981
1.661000000000001,0.25410478999999825
1.6620000000000013,0.2521210918478124
1.6630000000000011,0.2497395699999969
1.664000000000001,0.2469526399999971
1.665000000000001,0.2436627399999965
1.6660000000000013,0.23971026999999404
1.6670000000000011,0.23523647737925737
1.668000000000001,0.23028817999999537
1.669000000000001,0.22507683999999537
1.6700000000000013,0.21987327999999356
1.6710000000000012,0.21504923999999548
1.672000000000001,0.210981466777318
1.673000000000001,0.20784913999999827
1.6740000000000013,0.20590483999999895
1.6750000000000012,0.2049540999999999
1.676000000000001,0.2048201000000003
1.677000000000001,0.20509875000000036
1.6780000000000013,0.2054300800000001
1.6790000000000012,0.2055396599999994
1.680000000000001,0.20498097447855104
1.681000000000001,0.20382575999999833
1.6820000000000013,0.20194555999999697
1.6830000000000012,0.1996668899999974
1.684000000000001,0.19732269999999819
1.685000000000001,0.19524818204679412
1.6860000000000013,0.19396864999999935
1.6870000000000012,0.19349763000000073
1.688000000000001,0.1940473800000012
1.689000000000001,0.1954376300000018
1.6900000000000013,0.19747998576442616
1.6910000000000012,0.1999499800000034
1.692000000000001,0.20252070000000283
1.693000000000001,0.20506701000000196
1.6940000000000013,0.20729998000000258
1.6950000000000012,0.20923581641636083
1.696000000000001,0.21085915000000147
1.697000000000001,0.21218191000000125
1.6980000000000013,0.21331529000000107
1.6990000000000012,0.21427810000000092
1.700000000000001,0.21509369000000075
1.701000000000001,0.21575673000000056
1.7020000000000013,0.2162535300000004
1.7030000000000012,0.21653984989801034
1.704000000000001,0.21663882999999984
1.705000000000001,0.2164908799999996
1.7060000000000013,0.2160618499999991
1.7070000000000012,0.2153892499999987
1.708000000000001,0.21441975493250542
1.709000000000001,0.2132690799999989
1.7100000000000013,0.21202049999999825
1.7110000000000012,0.21071071999999835
1.712000000000001,0.20947451999999872
1.713000000000001,0.20833217423457534
1.7140000000000013,0.2073000799999988
1.7150000000000012,0.2063998999999991
1.716000000000001,0.20562020999999922
1.717000000000001,0.20490991999999925
1.7180000000000013,0.20424008698330082
1.7190000000000012,0.20360178999999926
1.720000000000001,0.20293898999999932
1.721000000000001,0.20230619999999938
1.7220000000000013,0.20173358999999946
1.7230000000000012,0.20134071999999983
1.724000000000001,0.20120020000000027
1.725000000000001,0.2014167500000006
1.7260000000000013,0.20206654000000132
1.7270000000000012,0.20307013000000196
1.728000000000001,0.2045398800000015
1.729000000000001,0.2062246200000019
1.7300000000000013,0.2083845300000028
1.7310000000000012,0.21046356621838092
1.732000000000001,0.21282575000000242
1.733000000000001,0.21500641000000195
1.7340000000000013,0.21718901000000265
1.7350000000000012,0.21919648000000216
1.736000000000001,0.2211418449815039
1.737000000000001,0.22289166000000177
1.7380000000000013,0.22449912000000155
1.7390000000000012,0.22589129000000138
1.740000000000001,0.2271385300000011
1.741000000000001,0.22810261359164183
1.7420000000000013,0.2288120200000007
1.7430000000000012,0.22933118000000036
1.744000000000001,0.22964516000000004
1.745000000000001,0.22969544999999983
1.7460000000000013,0.22952097744725505
1.7470000000000012,0.22900913999999897
1.748000000000001,0.22824078999999917
1.749000000000001,0.22729537999999913
1.7500000000000013,0.22632391999999882
1.7510000000000012,0.22543581999999907
1.7520000000000011,0.22472911999999956
1.753000000000001,0.22439521999999995
1.7540000000000013,0.22433907939106132
1.7550000000000012,0.2246329900000009
1.7560000000000011,0.22530366000000113
1.757000000000001,0.22633974000000143
1.7580000000000013,0.22761883000000202
1.7590000000000012,0.2291297761333886
1.7600000000000011,0.23079111000000183
1.761000000000001,0.2324318400000018
1.7620000000000013,0.23406133000000248
1.7630000000000012,0.23564272000000172
1.7640000000000011,0.23719901437056456
1.765000000000001,0.23866349000000162
1.7660000000000013,0.240120830000002
1.7670000000000012,0.2416301100000019
1.7680000000000011,0.24304970000000164
1.769000000000001,0.24450503446655486
1.7700000000000014,0.24584515000000168
1.7710000000000012,0.2470990600000016
1.7720000000000011,0.24827868000000147
1.773000000000001,0.2493818300000009
1.7740000000000014,0.25037348000000115
1.7750000000000012,0.2512386100000011
1.7760000000000011,0.25207382000000084
1.777000000000001,0.25280702000000077
1.7780000000000014,0.25352094000000086
1.7790000000000012,0.2542015900000007
1.7800000000000011,0.2548349200000007
1.781000000000001,0.25543281000000057
1.7820000000000014,0.2559474268773129
1.7830000000000013,0.2564162000000005
1.7840000000000011,0.25679582000000034
1.785000000000001,0.25709027000000023
1.7860000000000014,0.25730684000000015
1.7870000000000013,0.2574137808889112
1.7880000000000011,0.25752267000000006
1.789000000000001,0.25755477000000004
1.7900000000000014,0.25759086
1.7910000000000013,0.25760916000000006
1.7920000000000011,0.2576568352324768
1.793000000000001,0.25766888000000004
1.7940000000000014,0.2577258900000002
1.7950000000000013,0.25783536000000007
1.7960000000000012,0.2578762500000001
1.797000000000001,0.2579864489801021
1.7980000000000014,0.25821987000000046
1.7990000000000013,0.2585325500000006
1.8000000000000012,0.2590503400000006
1.801000000000001,0.25958893000000066
1.8020000000000014,0.260196780000001
1.8030000000000013,0.2608550500000008
1.8040000000000012,0.26161987000000075
1.805000000000001,0.26233899057394333
1.8060000000000014,0.2631447300000009
1.8070000000000013,0.26382607000000086
1.8080000000000012,0.2644479300000006
1.809000000000001,0.26499280000000036
1.8100000000000014,0.26542325303869674
1.8110000000000013,0.26585364000000045
1.8120000000000012,0.2661948800000005
1.813000000000001,0.26658627000000035
1.8140000000000014,0.26696607000000055
1.8150000000000013,0.26738829777722284
1.8160000000000012,0.26785621000000054
1.817000000000001,0.26829144000000044
1.8180000000000014,0.2687095400000007
1.8190000000000013,0.2692008300000007
1.8200000000000012,0.26973551653134753
1.821000000000001,0.2702036800000006
1.8220000000000014,0.2707383600000006
1.8230000000000013,0.2711266900000003
1.8240000000000012,0.27139184000000033
1.825000000000001,0.27167758000000025
1.8260000000000014,0.27192363000000036
1.8270000000000013,0.2721322200000003
1.8280000000000012,0.2723770624007602
1.829000000000001,0.27260107000000033
1.8300000000000014,0.27289140000000073
1.8310000000000013,0.2734361900000003
1.8320000000000012,0.27365527000000045
1.833000000000001,0.2739923984321572
1.8340000000000014,0.2743767200000005
1.8350000000000013,0.27473953000000034
1.8360000000000012,0.2749958300000001
1.837000000000001,0.27506432
1.8380000000000014,0.2750543709949005
1.8390000000000013,0.27509677
1.8400000000000012,0.2751021399999999
1.841000000000001,0.2750115099999999
1.8420000000000014,0.2749329499999998
1.8430000000000013,0.27478979431556827
1.8440000000000012,0.27444678999999955
1.845000000000001,0.27406182999999973
1.8460000000000014,0.27380406999999984
1.8470000000000013,0.2736972900000001
1.8480000000000012,0.27378327000000013
1.849000000000001,0.27388933000000004
1.8500000000000014,0.27391604
1.8510000000000013,0.2739143399999999
1.8520000000000012,0.27385374999999984
1.853000000000001,0.2737440199999998
1.8540000000000014,0.27356200999999974
1.8550000000000013,0.2733660599999996
1.8560000000000012,0.2730321748835111
1.857000000000001,0.27258100999999946
1.8580000000000014,0.27207114999999943
1.8590000000000013,0.2716534399999997
1.8600000000000012,0.27140759999999964
1.861000000000001,0.2710939281571839
1.8620000000000014,0.27077549999999956
1.8630000000000013,0.2704835199999994
1.8640000000000012,0.26997047999999957
1.865000000000001,0.26956322999999976
1.8660000000000014,0.26936741958104166
1.8670000000000013,0.2691972299999998
1.8680000000000012,0.2690252099999998
1.869000000000001,0.26883673999999974
1.8700000000000014,0.2685804999999998
1.8710000000000013,0.26843117493250657
1.8720000000000012,0.2683813600000003
1.873000000000001,0.2685776700000001
1.8740000000000014,0.2687143100000002
1.8750000000000013,0.26882938000000006
1.8760000000000012,0.26887580999999994
1.8770000000000011,0.26882850999999985
1.8780000000000014,0.26872375999999976
1.8790000000000013,0.2685367935836414
1.8800000000000012,0.2683726299999996
1.8810000000000011,0.2680674799999995
1.8820000000000014,0.26760535999999935
1.8830000000000013,0.26716139999999927
1.8840000000000012,0.2666277353864607
1.8850000000000011,0.26608159999999953
1.8860000000000015,0.2656866299999992
1.8870000000000013,0.2651922099999989
1.8880000000000012,0.26448812999999927
1.8890000000000011,0.2638391348995094
1.8900000000000015,0.26319622999999875
1.8910000000000013,0.2624190999999989
1.8920000000000012,0.26163899999999896
1.8930000000000011,0.26086461999999916
1.8940000000000015,0.26012958350364856
1.8950000000000014,0.25944071999999907
1.8960000000000012,0.2587162299999991
1.8970000000000011,0.2580480599999991
1.8980000000000015,0.25735941999999895
1.8990000000000014,0.25657665999999896
1.9000000000000012,0.255770059999999
1.9010000000000011,0.2550123299999992
1.9020000000000015,0.2542741599999988
1.9030000000000014,0.25347130999999884
1.9040000000000012,0.25259991999999903
1.9050000000000011,0.25175344999999894
1.9060000000000015,0.25080301999999866
1.9070000000000014,0.24993878777222178
1.9080000000000013,0.24921650999999923
1.9090000000000011,0.24851256999999924
1.9100000000000015,0.2478425199999991
1.9110000000000014,0.24725263999999922
1.9120000000000013,0.246660680081991
1.9130000000000011,0.24596149999999928
1.9140000000000015,0.24533350999999926
1.9150000000000014,0.2447660899999992
1.9160000000000013,0.24416116999999918
1.9170000000000011,0.24353306281071826
1.9180000000000015,0.2429457199999991
1.9190000000000014,0.24226377999999923
1.9200000000000013,0.24167111999999955
1.9210000000000012,0.24133604999999955
1.9220000000000015,0.2409415594490545
1.9230000000000014,0.24061625999999947
1.9240000000000013,0.2402208599999994
1.9250000000000012,0.2396719599999993
1.9260000000000015,0.23905541999999896
1.9270000000000014,0.23840069999999897
1.9280000000000013,0.23774335999999924
1.9290000000000012,0.23707247999999914
1.9300000000000015,0.2363074587081282
1.9310000000000014,0.2355945399999991
1.9320000000000013,0.2349282699999991
1.9330000000000012,0.2342572099999993
1.9340000000000015,0.2336319099999992
1.9350000000000014,0.23302973966103305
1.9360000000000013,0.23242634999999914
1.9370000000000012,0.2317710699999991
1.9380000000000015,0.2310962999999991
1.9390000000000014,0.23043798999999907
1.9400000000000013,0.22972080171882722
1.9410000000000012,0.2289493399999989
1.9420000000000015,0.2281262099999985
1.9430000000000014,0.22717007999999878
1.9440000000000013,0.22626180999999884
1.9450000000000012,0.22538804737626125
1.9460000000000015,0.22447499999999862
1.9470000000000014,0.22358421999999867
1.9480000000000013,0.22271829999999895
1.9490000000000012,0.2217654099999989
1.9500000000000015,0.22079205999999865
1.9510000000000014,0.21990860999999862
1.9520000000000013,0.219009589999999
1.9530000000000012,0.21825724636436283
1.9540000000000015,0.21762088999999915
1.9550000000000014,0.21707035999999946
1.9560000000000013,0.21667147999999958
1.9570000000000012,0.2163588899999998
1.9580000000000015,0.21622030739526027
1.9590000000000014,0.21609425999999998
1.9600000000000013,0.21607611999999998
1.9610000000000012,0.21606178999999984
1.9620000000000015,0.21593206999999975
1.9630000000000014,0.21576964624237552
1.9640000000000013,0.21563839999999992
1.9650000000000012,0.21557926999999985
1.9660000000000015,0.2154484399999997
1.9670000000000014,0.2152630399999997
1.9680000000000013,0.21508863744025575
1.9690000000000012,0.21475433999999968
1.9700000000000015,0.21447354999999996
1.9710000000000014,0.2144314099999998
1.9720000000000013,0.2143024699999997
1.9730000000000012,0.21408071999999978
1.9740000000000015,0.21388364999999954
1.9750000000000014,0.21358380999999946
1.9760000000000013,0.21316134999999956
1.9770000000000012,0.2128338399999997
1.9780000000000015,0.21260779999999965
1.9790000000000014,0.21236325999999978
1.9800000000000013,0.21220322999999972
1.9810000000000012,0.21200025027397237
1.9820000000000015,0.21180298999999958
1.9830000000000014,0.21152929999999945
1.9840000000000013,0.21112685999999944
1.9850000000000012,0.21070932999999953
1.9860000000000015,0.2102731925787412
1.9870000000000014,0.20969897999999926
1.9880000000000013,0.2092112199999995
1.9890000000000012,0.20875848999999955
1.9900000000000015,0.2083461299999994
1.9910000000000014,0.20797063754924452
1.9920000000000013,0.20764566999999962
1.9930000000000012,0.20734469999999977
1.9940000000000015,0.20712118999999993
1.9950000000000014,0.20706814999999992
1.9960000000000013,0.2070045263623637
1.9970000000000012,0.20698196999999996
1.9980000000000016,0.20695661999999998
1.9990000000000014,0.2069345899999999
2.0000000000000013,0.20686037999999984
2.0010000000000012,0.20673723277344522
2.0020000000000016,0.20666496722655459
2.0030000000000014,0.20646365999999944
2.0040000000000013,0.20604611162567443
2.0050000000000012,0.20566236837432472
2.0060000000000016,0.20521911999999917
2.0070000000000014,0.20475257999999946
2.0080000000000013,0.20444960649170116
2.0090000000000012,0.20401452350829788
2.0100000000000016,0.2033712399999989
2.0110000000000015,0.20274680551189658
2.0120000000000013,0.2021019244881014
2.0130000000000012,0.20137705999999894
2.0140000000000016,0.200594021778643
2.0150000000000015,0.19981180822135455
2.0160000000000013,0.19901221999999882
2.0170000000000012,0.19813496999999874
2.0180000000000016,0.19719981805338802
2.0190000000000015,0.19638035194660944
2.0200000000000014,0.19539673999999835
2.0210000000000012,0.1941411863257334
2.0220000000000016,0.1929044436742633
2.0230000000000015,0.1915999699999982
2.0240000000000014,0.19023948924814885
2.0250000000000012,0.18893197075184825
2.0260000000000016,0.1875459099999972
2.0270000000000015,0.18596043999999723
2.0280000000000014,0.18440282576142153
2.0290000000000012,0.18285187999999783
2.0300000000000016,0.1812266099999975
2.0310000000000015,0.17981283336532472
2.0320000000000014,0.17844648663467103
2.0330000000000013,0.17711096999999834
2.0340000000000016,0.17585933541991416
2.0350000000000015,0.17471353458008226
2.0360000000000014,0.17363188999999868
2.0370000000000013,0.17262287734852932
2.0380000000000016,0.17179636265146847
2.0390000000000015,0.17097481999999897
2.0400000000000014,0.17020569999999896
2.0410000000000013,0.1694069024045182
2.0420000000000016,0.16863094759547972
2.0430000000000015,0.1678387699999989
2.0440000000000014,0.1670003511967596
2.0450000000000013,0.16611231880323843
2.0460000000000016,0.16526886999999826
2.0470000000000015,0.16429158446310566
2.0480000000000014,0.16323621553689102
2.0490000000000013,0.16211248999999847
2.0500000000000016,0.1609639799999978
2.0510000000000015,0.15973602279571858
2.0520000000000014,0.1585165299999985
2.0530000000000013,0.1573874199999984
2.0540000000000016,0.15617595562287326
2.0550000000000015,0.15483218437712257
2.0560000000000014,0.15350615999999825
2.0570000000000013,0.15218837306638514
2.0580000000000016,0.1508190369336112
2.0590000000000015,0.14944008999999817
2.0600000000000014,0.1480643721125759
2.0610000000000013,0.14668549788742044
2.0620000000000016,0.14523961999999735
2.0630000000000015,0.14373632999999794
2.0640000000000014,0.1421935992201542
2.0650000000000013,0.14068580077984177
2.0660000000000016,0.1391210899999972
2.0670000000000015,0.13755014700659637
2.0680000000000014,0.1361202129933992
2.0690000000000013,0.13462873999999783
2.0700000000000016,0.13300624849629814
2.0710000000000015,0.13139121150369684
2.0720000000000014,0.1297483299999978
2.0730000000000013,0.12811104999999787
2.0740000000000016,0.12651245749824755
2.0750000000000015,0.12488743999999782
2.0760000000000014,0.12324942999999781
2.0770000000000013,0.12161079815036792
2.0780000000000016,0.1198923018496275
2.0790000000000015,0.11819605999999781
2.0800000000000014,0.11655177563487037
2.0810000000000013,0.11490812436512451
2.0820000000000016,0.11330038999999732
2.0830000000000015,0.11179507572085334
2.0840000000000014,0.11025228427914187
2.0850000000000013,0.10870538999999793
2.0860000000000016,0.10714949999999714
2.0870000000000015,0.10553908936012539
2.0880000000000014,0.10393269063986962
2.0890000000000013,0.10227506999999784
2.0900000000000016,0.10066288156638416
2.0910000000000015,0.09907854543361092
2.0920000000000014,0.09752071599999805
2.0930000000000013,0.09606413952419347
2.0940000000000016,0.09461938147580268
2.0950000000000015,0.09317369799999808
2.0960000000000014,0.09173110099999814
2.0970000000000013,0.09033756596950147
2.0980000000000016,0.08898726099999822
2.0990000000000015,0.08765432199999831
2.1000000000000014,0.08639536840411714
2.1010000000000013,0.08512940959587895
2.1020000000000016,0.08380111299999775
2.1030000000000015,0.08253853827954206
2.1040000000000014,0.08128133372045403
2.1050000000000013,0.08008994899999859
2.1060000000000016,0.07902258639241982
2.1070000000000015,0.07797651060757692
2.1080000000000014,0.07700104299999871
2.1090000000000013,0.0760413179999987
2.1100000000000017,0.07507712046070637
2.1110000000000015,0.07415172753929075
2.1120000000000014,0.07317163099999881
2.1130000000000013,0.07227731745410826
2.1140000000000017,0.07148185854588963
2.1150000000000015,0.07076080099999905
2.1160000000000014,0.07004875792951304
2.1170000000000013,0.06938805307048491
2.1180000000000017,0.06878476599999918
2.1190000000000015,0.06817388499999925
2.1200000000000014,0.0676080304121169
2.1210000000000013,0.0671821515878818
2.1220000000000017,0.06674461099999918
2.1230000000000016,0.06628476203769175
2.1240000000000014,0.06584513896230688
2.1250000000000013,0.06538110999999944
2.1260000000000017,0.06495638529134119
2.1270000000000016,0.06461929870865776
2.1280000000000014,0.06426535499999948
2.1290000000000013,0.06387761520675823
2.1300000000000017,0.06352968279324082
2.1310000000000016,0.0632066129999994
2.1320000000000014,0.0628701969999995
2.1330000000000013,0.0625884842312534
2.1340000000000017,0.06230079676874582
2.1350000000000016,0.062041785999999564
2.1360000000000015,0.06179631080343889
2.1370000000000013,0.06153434519656029
2.1380000000000017,0.06139107799999958
2.1390000000000016,0.061151955429113454
2.1400000000000015,0.06070624657088516
2.1410000000000013,0.06034424199999947
2.1420000000000017,0.059950474999999406
2.1430000000000016,0.059614341205258645
2.1440000000000015,0.05942639379474077
2.1450000000000014,0.05925595399999987
2.1460000000000017,0.05914566283383305
2.1470000000000016,0.059034001166166604
2.1480000000000015,0.05889367299999988
2.1490000000000014,0.0588075693257347
2.1500000000000017,0.05868082667426497
2.1510000000000016,0.058617365000000095
2.1520000000000015,0.058672156000000183
2.1530000000000014,0.05877503071252889
2.1540000000000017,0.058930967000000396
2.1550000000000016,0.05915182100000047
2.1560000000000015,0.05942700967916473
2.1570000000000014,0.059773801320836345
2.1580000000000017,0.06013588200000076
2.1590000000000016,0.06056121828704328
2.1600000000000015,0.06098408871295804
2.1610000000000014,0.06143748000000055
2.1620000000000017,0.061846830795141576
2.1630000000000016,0.062224782204859594
2.1640000000000015,0.06259043500000028
2.1650000000000014,0.06280031800000037
2.1660000000000017,0.06308501366566763
2.1670000000000016,0.06355167033433384
2.1680000000000015,0.06392912600000057
2.1690000000000014,0.06435660250180009
2.1700000000000017,0.06473162049820091
2.1710000000000016,0.06484256700000025
2.1720000000000015,0.06497974713937249
2.1730000000000014,0.0652011408606282
2.1740000000000017,0.06537682600000021
2.1750000000000016,0.06549186300000026
2.1760000000000015,0.06564403278302192
2.1770000000000014,0.06583063300000021
2.1780000000000017,0.06598442000000025
2.1790000000000016,0.06612396564457138
2.1800000000000015,0.06630041135542919
2.1810000000000014,0.06649673000000021
2.1820000000000017,0.06665050276974631
2.1830000000000016,0.06680820023025417
2.1840000000000015,0.06701131200000031
2.1850000000000014,0.06724461369306169
2.1860000000000017,0.06749154430693909
2.1870000000000016,0.06771605500000046
2.1880000000000015,0.06797691400000036
2.1890000000000014,0.06824484809228176
2.1900000000000017,0.06842577090771881
2.1910000000000016,0.06862469000000056
2.1920000000000015,0.06893977187862471
2.1930000000000014,0.06920855812137613
2.1940000000000017,0.06944518500000038
2.1950000000000016,0.06965924250879839
2.1960000000000015,0.0697543304912019
2.1970000000000014,0.06988595400000013
2.1980000000000017,0.06997901200000024
2.1990000000000016,0.07011244493230738
2.2000000000000015,0.07049176800000038
2.2010000000000014,0.07078494100000035
2.2020000000000017,0.07105067247430548
2.2030000000000016,0.07126541552569518
2.2040000000000015,0.07138716399999992
2.2050000000000014,0.071325947074785
2.2060000000000017,0.07129669492521491
2.2070000000000016,0.07131270299999998
2.2080000000000015,0.07129437424405106
2.2090000000000014,0.0712168147559487
2.2100000000000017,0.07119385900000003
2.2110000000000016,0.07121243299999998
2.2120000000000015,0.07120810425834845
2.2130000000000014,0.07128068774165178
2.2140000000000017,0.0713219489999999
2.2150000000000016,0.07126153585682857
2.2160000000000015,0.07122010414317131
2.2170000000000014,0.07120098899999998
2.2180000000000017,0.0711754291487703
2.2190000000000016,0.0712069168512298
2.2200000000000015,0.07117666299999996
2.2210000000000014,0.07114117599999986
2.2220000000000018,0.0710367320099986
2.2230000000000016,0.07079683199999963
2.2240000000000015,0.07051646699999967
2.2250000000000014,0.07026729768076324
2.2260000000000018,0.06989410531923543
2.2270000000000016,0.06939549699999902
2.2280000000000015,0.0688399017925403
2.2290000000000014,0.06810782720745742
2.2300000000000018,0.06732784199999844
2.2310000000000016,0.06644996522325394
2.2320000000000015,0.06558219777674335
2.2330000000000014,0.06483095899999887
2.2340000000000018,0.06397212299999848
2.2350000000000017,0.06311855643131244
2.2360000000000015,0.06231286956868506
2.2370000000000014,0.061564214999999034
2.2380000000000018,0.06083885046300623
2.2390000000000017,0.06011348053699152
2.2400000000000015,0.05946006999999917
2.2410000000000014,0.058840540201558676
2.2420000000000018,0.05821255579843909
2.2430000000000017,0.05755902099999937
2.2440000000000015,0.05708714599999917
2.2450000000000014,0.05646648852299381
2.2460000000000018,0.055481718477002694
2.2470000000000017,0.054649304999998406
2.2480000000000016,0.053752368458707026
2.2490000000000014,0.0529869555412906
2.2500000000000018,0.052442769999999306
2.2510000000000017,0.05205222572685414
2.2520000000000016,0.05174949427314492
2.2530000000000014,0.05162689500000032
2.254000000000002,0.051866213186963064
2.2550000000000017,0.05214808281303781
2.2560000000000016,0.052537009000000814
2.2570000000000014,0.05299515600000086
2.258000000000002,0.053479967813238175
2.2590000000000017,0.05398810018676341
2.2600000000000016,0.05472062500000113
2.2610000000000015,0.05535726463407388
2.262000000000002,0.05578360536592764
2.2630000000000017,0.056254860000000594
2.2640000000000016,0.056591490198460874
2.2650000000000015,0.056943474801540224
2.266000000000002,0.057503674000000976
2.2670000000000017,0.05804590100000076
2.2680000000000016,0.05847369541201838
2.2690000000000015,0.05895781558798314
2.270000000000002,0.05952472200000097
2.2710000000000017,0.06006750856378809
2.2720000000000016,0.060593146436213545
2.2730000000000015,0.061249789000000734
2.274000000000002,0.06178907857448579
2.2750000000000017,0.062214823425515535
2.2760000000000016,0.06253514400000057
2.2770000000000015,0.06285352300000009
2.278000000000002,0.0629088224700531
2.2790000000000017,0.06280226999999929
2.2800000000000016,0.062405675999998515
2.2810000000000015,0.06157724807188411
2.282000000000002,0.060637966928112554
2.2830000000000017,0.05934080499999771
2.2840000000000016,0.05804884797090401
2.2850000000000015,0.056928557029092504
2.286000000000002,0.055548034999996825
2.2870000000000017,0.05376063947440258
2.2880000000000016,0.05218538352559252
2.2890000000000015,0.05042342099999791
2.290000000000002,0.04885085999999795
2.2910000000000017,0.04769470449999843
2.2920000000000016,0.04671970449999854
2.2930000000000015,0.04584459199999909
2.294000000000002,0.04515640181983563
2.2950000000000017,0.044904600180163595
2.2960000000000016,0.04470847899999963
2.2970000000000015,0.044497653334233084
2.298000000000002,0.04445099566576676
2.2990000000000017,0.044575728000000286
2.3000000000000016,0.044734035000000734
2.3010000000000015,0.04514816758674195
2.302000000000002,0.0455080120000006
2.3030000000000017,0.0458429120000005
2.3040000000000016,0.04612586754409114
2.3050000000000015,0.046101308455908784
2.306000000000002,0.04620944000000022
2.3070000000000017,0.046335534862927734
2.3080000000000016,0.04653416413707289
2.3090000000000015,0.04702105700000072
2.310000000000002,0.047556007997801374
2.3110000000000017,0.04813598600220069
2.3120000000000016,0.048758309000001256
2.3130000000000015,0.04945814200000095
2.314000000000002,0.05017082004919136
2.3150000000000017,0.05091131195081128
2.3160000000000016,0.05163653200000124
2.3170000000000015,0.052336598540992936
2.318000000000002,0.05303200845900955
2.3190000000000017,0.053782117000001226
2.3200000000000016,0.05447304608018492
2.3210000000000015,0.05506384791981692
2.322000000000002,0.055672057000000684
2.3230000000000017,0.056059599000000834
2.3240000000000016,0.05652834717398367
2.3250000000000015,0.05719008700000098
2.326000000000002,0.057923265000001174
2.3270000000000017,0.05858288811197906
2.3280000000000016,0.05948400788802374
2.3290000000000015,0.0604887310000013
2.330000000000002,0.06146544287612716
2.3310000000000017,0.06262420412387747
2.3320000000000016,0.06373002400000204
2.3330000000000015,0.06487230243391527
2.334000000000002,0.06614664156608926
2.3350000000000017,0.06709929600000138
2.3360000000000016,0.06787156300000118
2.3370000000000015,0.06853594318836288
2.338000000000002,0.06887782681163833
2.3390000000000017,0.06901802100000004
2.3400000000000016,0.06903958065276941
2.3410000000000015,0.06901610834723051
2.342000000000002,0.0687814279999993
2.3430000000000017,0.06838694427874356
2.3440000000000016,0.0679597317212551
2.3450000000000015,0.06752013399999914
2.346000000000002,0.06686114499999872
2.3470000000000018,0.06613939994650452
2.3480000000000016,0.06561886499999904
2.3490000000000015,0.0649012549999986
2.350000000000002,0.06385427586022563
2.3510000000000018,0.06272287813976984
2.3520000000000016,0.06148043599999772
2.3530000000000015,0.060198169350627585
2.354000000000002,0.058781675649367385
2.3550000000000018,0.057364399999997415
2.3560000000000016,0.05590679411467482
2.3570000000000015,0.05451794088532085
2.358000000000002,0.052990763999997796
2.3590000000000018,0.05174970599999825
2.3600000000000017,0.05076388426094658
2.3610000000000015,0.049996493739051046
2.362000000000002,0.04953762099999966
2.3630000000000018,0.0493471234930018
2.3640000000000017,0.04959205350699897
2.3650000000000015,0.04980113400000042
2.366000000000002,0.05012061653289432
2.3670000000000018,0.05055594546710743
2.3680000000000017,0.050885733000000585
2.3690000000000015,0.05132422600000097
2.370000000000002,0.05205201949560254
2.3710000000000018,0.05285697550440068
2.3720000000000017,0.053497475000001585
2.3730000000000016,0.05438813847200804
2.374000000000002,0.05590285852799734
2.3750000000000018,0.057098109000001895
2.3760000000000017,0.05816432613877396
2.3770000000000016,0.05922571386122934
2.378000000000002,0.05984079800000115
2.379000000000002,0.060490741740653296
2.3800000000000017,0.06137814825934946
2.3810000000000016,0.06217208900000138
2.382000000000002,0.06294297400000126
2.383000000000002,0.0635112486266752
2.3840000000000017,0.06384751537332584
2.3850000000000016,0.06421069100000001
2.386000000000002,0.06421797448680304
2.387000000000002,0.06441284251319775
2.3880000000000017,0.064921305000001
2.3890000000000016,0.06548049455499035
2.390000000000002,0.06631604444501261
2.391000000000002,0.066979252000001
2.3920000000000017,0.06754411800000094
2.3930000000000016,0.06807675349660106
2.394000000000002,0.06831171950339977
2.395000000000002,0.06865441800000084
2.3960000000000017,0.06913203242761524
2.3970000000000016,0.06960630857238623
2.398000000000002,0.07013810400000094
2.399000000000002,0.07066007161007887
2.4000000000000017,0.07120617238992283
2.4010000000000016,0.07175964900000073
2.4020000000000015,0.07216854400000104
2.403000000000002,0.07275179867453369
2.4040000000000017,0.07370363200000123
2.4050000000000016,0.07439226700000112
2.406000000000002,0.07502608161037902
2.407000000000002,0.07556218538962312
2.4080000000000017,0.07588985600000016
2.4090000000000016,0.07598114585052927
2.4100000000000015,0.07558965114946951
2.411000000000002,0.07550314099999972
2.4120000000000017,0.07534911377024582
2.4130000000000016,0.07526681622975392
2.414000000000002,0.07595955600000087
2.415000000000002,0.07645480299999997
2.4160000000000017,0.07644107587692481
2.4170000000000016,0.07655984512307555
2.4180000000000015,0.07664460700000084
2.419000000000002,0.07727289795431021
2.4200000000000017,0.07793244104569184
2.4210000000000016,0.07819772499999973
2.422000000000002,0.07805104349240057
2.423000000000002,0.07758596750759758
2.4240000000000017,0.07698974799999957
2.4250000000000016,0.07675075499999956
2.4260000000000015,0.07650098497700193
2.427000000000002,0.07549989999999773
2.4280000000000017,0.07422449399999857
2.4290000000000016,0.07342307278544244
2.430000000000002,0.07313092721455652
2.431000000000002,0.07271891799999923
2.4320000000000017,0.07228735716546592
2.4330000000000016,0.07167901183453218
2.4340000000000015,0.07095785400000004
2.435000000000002,0.07098624943581346
2.4360000000000017,0.07137060756418791
2.4370000000000016,0.07219072400000152
2.438000000000002,0.07305162400000059
2.439000000000002,0.07337971306128947
2.4400000000000017,0.07445032593871433
2.4410000000000016,0.07543493800000098
2.4420000000000015,0.07598936279394441
2.443000000000002,0.07797730220606264
2.4440000000000017,0.07991558300000155
2.4450000000000016,0.08078837223575404
2.446000000000002,0.08152072976424857
2.447000000000002,0.08150165499999959
2.4480000000000017,0.08127091800000083
2.4490000000000016,0.08173618921907913
2.4500000000000015,0.08237838000000101
2.451000000000002,0.08314063400000103
2.4520000000000017,0.08371870445011109
2.4530000000000016,0.08441320554989105
2.454000000000002,0.08500396499999975
2.455000000000002,0.08486392323695262
2.4560000000000017,0.0848662927630474
2.4570000000000016,0.08477736300000063
2.4580000000000015,0.08512587064187377
2.459000000000002,0.08646228935813098
2.4600000000000017,0.08754071600000231
2.4610000000000016,0.08884738400000194
2.462000000000002,0.08994389800719974
2.463000000000002,0.09051396999280255
2.4640000000000017,0.09087869499999944
2.4650000000000016,0.09056284956928626
2.4660000000000015,0.09062854243071396
2.467000000000002,0.0908326060000002
2.4680000000000017,0.09094757599220324
2.4690000000000016,0.0919874980078
2.470000000000002,0.09280137699999959
2.471000000000002,0.09256607300000053
2.4720000000000018,0.09285941780722097
2.4730000000000016,0.09390749000000102
2.4740000000000015,0.09467604800000139
2.475000000000002,0.09571915857858551
2.4760000000000018,0.09631494442141687
2.4770000000000016,0.09644571699999924
2.478000000000002,0.09601247540551788
2.479000000000002,0.09551653059448015
2.4800000000000018,0.09450243399999576
2.4810000000000016,0.09212316992731112
2.4820000000000015,0.09000244307268229
2.483000000000002,0.08769892899999876
2.4840000000000018,0.086997598000002
2.4850000000000017,0.08811346078604153
2.486000000000002,0.08733132121395569
2.487000000000002,0.08580877599999684
2.4880000000000018,0.08403918367056329
2.4890000000000017,0.0824258893294317
2.4900000000000015,0.08052463799999739
2.491000000000002,0.0785615164139171
2.4920000000000018,0.07850565558608268
2.4930000000000017,0.07552166999999711
2.494000000000002,0.07335466100000401
2.495000000000002,0.07561088098500449
2.4960000000000018,0.0763307310149984
2.4970000000000017,0.077103794
2.4980000000000016,0.07710425489331844
2.499000000000002,0.07531318810667519
2.5000000000000018,0.075312965
2.5010000000000017,0.075312965
2.502000000000002,0.075312965
2.503000000000002,0.075312965
2.504000000000002,0.075312965
2.5050000000000017,0.075312965
2.5060000000000016,0.075312965
2.507000000000002,0.075312965
2.508000000000002,0.075312965
2.5090000000000017,0.075312965
2.510000000000002,0.075312965
2.511000000000002,0.075312965
2.512000000000002,0.075312965
2.5130000000000017,0.075312965
2.5140000000000016,0.075312965
2.515000000000002,0.075312965
2.516000000000002,0.075312965
2.5170000000000017,0.075312965
2.518000000000002,0.075312965
2.519000000000002,0.075312965
2.520000000000002,0.075312965
2.5210000000000017,0.075312965
2.5220000000000016,0.075312965
2.523000000000002,0.075312965
2.524000000000002,0.075312965
2.5250000000000017,0.075312965
2.526000000000002,0.075312965
2.527000000000002,0.075312965
2.528000000000002,0.075312965
2.5290000000000017,0.075312965
2.5300000000000016,0.075312965
2.531000000000002,0.075312965
2.532000000000002,0.075312965
2.5330000000000017,0.075312965
2.534000000000002,0.075312965
2.535000000000002,0.075312965
2.536000000000002,0.075312965
2.5370000000000017,0.075312965
2.5380000000000016,0.075312965
2.539000000000002,0.075312965
2.540000000000002,0.075312965
2.5410000000000017,0.075312965
2.542000000000002,0.075312965
2.543000000000002,0.075312965
2.544000000000002,0.075312965
2.5450000000000017,0.075312965
2.5460000000000016,0.075312965
2.547000000000002,0.075312965
2.548000000000002,0.075312965
2.5490000000000017,0.075312965
2.550000000000002,0.075312965
2.551000000000002,0.075312965
2.552000000000002,0.075312965
2.5530000000000017,0.075312965
2.5540000000000016,0.075312965
2.555000000000002,0.075312965
2.556000000000002,0.075312965
2.5570000000000017,0.075312965
2.558000000000002,0.075312965
2.559000000000002,0.075312965
2.560000000000002,0.075312965
2.5610000000000017,0.075312965
2.5620000000000016,0.075312965
2.563000000000002,0.075312965
2.564000000000002,0.075312965
2.5650000000000017,0.075312965
2.566000000000002,0.075312965
2.567000000000002,0.075312965
2.568000000000002,0.075312965
2.5690000000000017,0.075312965
2.5700000000000016,0.075312965
2.571000000000002,0.075312965
2.572000000000002,0.075312965
2.5730000000000017,0.075312965
2.574000000000002,0.075312965
2.575000000000002,0.075312965
2.576000000000002,0.075312965
2.5770000000000017,0.075312965
2.5780000000000016,0.075312965
2.579000000000002,0.075312965
2.580000000000002,0.075312965
2.5810000000000017,0.075312965
2.582000000000002,0.075312965
2.583000000000002,0.075312965
2.584000000000002,0.075312965
2.5850000000000017,0.075312965
2.5860000000000016,0.075312965
2.587000000000002,0.075312965
2.588000000000002,0.075312965
2.5890000000000017,0.075312965
2.590000000000002,0.075312965
2.591000000000002,0.075312965
2.592000000000002,0.075312965
2.5930000000000017,0.075312965
2.5940000000000016,0.075312965
2.595000000000002,0.075312965
2.596000000000002,0.075312965
2.5970000000000018,0.075312965
2.598000000000002,0.075312965
2.599000000000002,0.075312965
