wave,r
0.4,0.8043622277433452
0.401,0.797113191152977
0.402,0.798228488847023
0.403,0.8016676900000005
0.404,0.8091308353685464
0.405,0.81974888
0.406,0.8192822964689704
0.40700000000000003,0.8139291935310294
0.40800000000000003,0.8141548452644952
0.40900000000000003,0.8246812947355053
0.41000000000000003,0.8251644400000002
0.41100000000000003,0.829543486209538
0.41200000000000003,0.83977246
0.41300000000000003,0.8331934239302606
0.41400000000000003,0.8335864500000003
0.41500000000000004,0.8401567624225518
0.41600000000000004,0.8433990175774487
0.41700000000000004,0.84311205
0.41800000000000004,0.8456070150503496
0.41900000000000004,0.8487563699999999
0.42000000000000004,0.8462206364928353
0.42100000000000004,0.84886992
0.42200000000000004,0.853554701251875
0.42300000000000004,0.8566798887481253
0.42400000000000004,0.8573267412942741
0.42500000000000004,0.8564561687057258
0.42600000000000005,0.8572164800000002
0.42700000000000005,0.8606526432970671
0.42800000000000005,0.8619823500000002
0.42900000000000005,0.8653429534756306
0.43000000000000005,0.8686905165243697
0.43100000000000005,0.8671294376274473
0.43200000000000005,0.8658921823725524
0.43300000000000005,0.8663290100000001
0.43400000000000005,0.8679083672299278
0.43500000000000005,0.8686313600000001
0.43600000000000005,0.8714013262931742
0.43700000000000006,0.8730306437068259
0.43800000000000006,0.8712128382160357
0.43900000000000006,0.8710344417839643
0.44000000000000006,0.8731760400000002
0.44100000000000006,0.8753003887565126
0.44200000000000006,0.87456846
0.44300000000000006,0.875537403898022
0.44400000000000006,0.8759272061019779
0.44500000000000006,0.8751246917112658
0.44600000000000006,0.8752958182887342
0.44700000000000006,0.87545562
0.44800000000000006,0.8761441031151689
0.44900000000000007,0.87712896
0.45000000000000007,0.8765867385891283
0.45100000000000007,0.8764456514108717
0.45200000000000007,0.8767375926416472
0.45300000000000007,0.8770017573583528
0.45400000000000007,0.8793503000000003
0.45500000000000007,0.881618357319427
0.45600000000000007,0.8818750399999999
0.4570000000000001,0.8803600621208788
0.4580000000000001,0.8795721500000001
0.4590000000000001,0.8809471357820845
0.4600000000000001,0.8835253442179157
0.4610000000000001,0.8832040999999999
0.4620000000000001,0.8823635084059158
0.4630000000000001,0.8816925899999999
0.4640000000000001,0.8811924626038741
0.4650000000000001,0.88245285
0.4660000000000001,0.8833383296752064
0.4670000000000001,0.8833058503247935
0.4680000000000001,0.8841607513634726
0.4690000000000001,0.8832970986365273
0.4700000000000001,0.8823636200000001
0.4710000000000001,0.8837673314818854
0.4720000000000001,0.88591552
0.4730000000000001,0.8849658219061617
0.4740000000000001,0.883156438093838
0.4750000000000001,0.8857966162237756
0.4760000000000001,0.8864189937762246
0.4770000000000001,0.8848987799999999
0.4780000000000001,0.8829886962751373
0.4790000000000001,0.8836162100000001
0.4800000000000001,0.8847074025107499
0.4810000000000001,0.8859584774892504
0.4820000000000001,0.8870809083823323
0.4830000000000001,0.8869191416176677
0.4840000000000001,0.88614553
0.4850000000000001,0.886115490300397
0.4860000000000001,0.88760835
0.4870000000000001,0.8878073771470572
0.4880000000000001,0.8885220828529431
0.4890000000000001,0.8899919925531489
0.4900000000000001,0.889247307446851
0.4910000000000001,0.8893312200000001
0.4920000000000001,0.8904830084821154
0.4930000000000001,0.8909838799999997
0.4940000000000001,0.8891295688522113
0.4950000000000001,0.88801479
0.4960000000000001,0.8883686070716585
0.4970000000000001,0.8880757729283414
0.4980000000000001,0.8880928799999999
0.4990000000000001,0.8870563603651963
0.5000000000000001,0.88495791
0.5010000000000001,0.8848140301283027
0.5020000000000001,0.8858268558461078
0.5030000000000001,0.8866883927692616
0.5040000000000001,0.8862099647845478
0.5050000000000001,0.88573337
0.5060000000000001,0.8853837260685966
0.5070000000000001,0.8851871558971052
0.5080000000000001,0.8851437608678087
0.5090000000000001,0.88557082
0.5100000000000001,0.8859274355427553
0.5110000000000001,0.88548170049798
0.5120000000000001,0.8845065995020198
0.5130000000000001,0.884596229103491
0.5140000000000001,0.8850991099999999
0.5150000000000001,0.8844161041718835
0.5160000000000001,0.8848332798068097
0.5170000000000001,0.8848268401287935
0.5180000000000001,0.8841758465100651
0.5190000000000001,0.8846991656076559
0.5200000000000001,0.8842599310430478
0.5210000000000001,0.883812083435428
0.5220000000000001,0.8844547235732716
0.5230000000000001,0.88430941
0.5240000000000001,0.884686538392384
0.5250000000000001,0.8855257585480582
0.5260000000000001,0.8854531614519419
0.5270000000000001,0.8849116054156541
0.5280000000000001,0.88481212
0.5290000000000001,0.8850394873487734
0.5300000000000001,0.8839069658470077
0.5310000000000001,0.8841018661019949
0.5320000000000001,0.8849207718108182
0.5330000000000001,0.8842272703368032
0.5340000000000001,0.8832609636213189
0.5350000000000001,0.8829420295680215
0.5360000000000001,0.8831945074750496
0.5370000000000001,0.8824880099999999
0.5380000000000001,0.881235773758075
0.5390000000000001,0.8806116228048599
0.5400000000000001,0.8813717847967603
0.5410000000000001,0.8818389753281534
0.5420000000000001,0.8811663999999999
0.5430000000000001,0.8804161168373582
0.5440000000000002,0.881257984743963
0.5450000000000002,0.8809356764468643
0.5460000000000002,0.88070631
0.5470000000000002,0.881088786110161
0.5480000000000002,0.8806998032124714
0.5490000000000002,0.8803604267875285
0.5500000000000002,0.8805760078440784
0.5510000000000002,0.8813892
0.5520000000000002,0.8818764195589914
0.5530000000000002,0.8828323228948554
0.5540000000000002,0.8839288180700967
0.5550000000000002,0.8839731795565956
0.5560000000000002,0.8845034855582556
0.5570000000000002,0.8850592968731564
0.5580000000000002,0.8849029546902655
0.5590000000000002,0.8843292714739147
0.5600000000000002,0.8847556700000001
0.5610000000000002,0.8861141298133983
0.5620000000000002,0.8870954580104796
0.5630000000000002,0.8874959819895205
0.5640000000000002,0.8885967589920901
0.5650000000000002,0.89031887
0.5660000000000002,0.8904113111939118
0.5670000000000002,0.8899709831177439
0.5680000000000002,0.8887415745881704
0.5690000000000002,0.8865944314716144
0.5700000000000002,0.8846507532872326
0.5710000000000002,0.8829794801598917
0.5720000000000002,0.8814874747601616
0.5730000000000002,0.8803098317763354
0.5740000000000002,0.8806285300000003
0.5750000000000002,0.8819136718662189
0.5760000000000002,0.8831002823139076
0.5770000000000002,0.8837159776860927
0.5780000000000002,0.8849926472331725
0.5790000000000002,0.8862276099999999
0.5800000000000002,0.8858281738571383
0.5810000000000002,0.8845210189779509
0.5820000000000002,0.8828202840146988
0.5830000000000002,0.8813191099999997
0.5840000000000002,0.8801660965608654
0.5850000000000002,0.8788221942817858
0.5860000000000002,0.878036283577321
0.5870000000000002,0.8783660467020341
0.5880000000000002,0.8787651100000002
0.5890000000000002,0.879540689445789
0.5900000000000002,0.8804852631336434
0.5910000000000002,0.8812563845775714
0.5920000000000002,0.8824761978017782
0.5930000000000002,0.8836270644214443
0.5940000000000002,0.8840691944260786
0.5950000000000002,0.8837904983608819
0.5960000000000002,0.8838268492727928
0.5970000000000002,0.8837584899999997
0.5980000000000002,0.8829613884872848
0.5990000000000002,0.8828101260101597
0.6000000000000002,0.8831106339898405
0.6010000000000002,0.8832427886784868
0.6020000000000002,0.8825075
0.6030000000000002,0.8819184909722194
0.6040000000000002,0.8820157260941954
0.6050000000000002,0.8825521992705365
0.6060000000000002,0.8821526839953399
0.6070000000000002,0.8818697894110941
0.6080000000000002,0.881810895041248
0.6090000000000002,0.881562957438128
0.6100000000000002,0.8815146104834096
0.6110000000000002,0.8811694399999999
0.6120000000000002,0.8806745428592286
0.6130000000000002,0.8809604606223751
0.6140000000000002,0.8809915793776248
0.6150000000000002,0.8805535443804436
0.6160000000000002,0.8798794199999999
0.6170000000000002,0.87947433899619
0.6180000000000002,0.8794241476757162
0.6190000000000002,0.8793466715495225
0.6200000000000002,0.87884718
0.6210000000000002,0.8790624684806848
0.6220000000000002,0.8789105226988649
0.6230000000000002,0.8780454659517022
0.6240000000000002,0.8781612488418769
0.6250000000000002,0.8779664599999999
0.6260000000000002,0.8776985995886917
0.6270000000000002,0.8776574329998498
0.6280000000000002,0.8764240946667664
0.6290000000000002,0.8767985062555625
0.6300000000000002,0.8786582399999999
0.6310000000000002,0.8782713990880456
0.6320000000000002,0.8782258013679315
0.6330000000000002,0.8783237880401805
0.6340000000000002,0.8784714300000003
0.6350000000000002,0.8795082593311934
0.6360000000000002,0.8794413657837685
0.6370000000000002,0.8787305542162311
0.6380000000000002,0.8791776855284554
0.6390000000000002,0.87883735
0.6400000000000002,0.8787752442409849
0.6410000000000002,0.8791993171813408
0.6420000000000002,0.8787720285457726
0.6430000000000002,0.8787970497496975
0.6440000000000002,0.8788949755749557
0.6450000000000002,0.8784524786184691
0.6460000000000002,0.8783834020722964
0.6470000000000002,0.8785513583203665
0.6480000000000002,0.8785515399999999
0.6490000000000002,0.8779894673314733
0.6500000000000002,0.8777226237966482
0.6510000000000002,0.8779124562033519
0.6520000000000002,0.8781251278732788
0.6530000000000002,0.87760562
0.6540000000000002,0.8777666212021121
0.6550000000000002,0.8783267058410079
0.6560000000000002,0.8781880727726613
0.6570000000000003,0.8778185236955369
0.6580000000000003,0.8773167654032539
0.6590000000000003,0.8768570949362531
0.6600000000000003,0.8766039075956202
0.6610000000000003,0.8766165998729974
0.6620000000000003,0.8765093099999999
0.6630000000000003,0.8759547448446967
0.6640000000000003,0.8754392311924404
0.6650000000000003,0.8754789792050398
0.6660000000000003,0.875719847591276
0.6670000000000003,0.87535799
0.6680000000000003,0.8751435906627668
0.6690000000000003,0.8751767290058496
0.6700000000000003,0.8751494305460055
0.6710000000000003,0.8745149399999999
0.6720000000000003,0.8742130977433773
0.6730000000000003,0.87398742899504
0.6740000000000003,0.8734371810049597
0.6750000000000003,0.8730343040287402
0.6760000000000003,0.8722284999999997
0.6770000000000003,0.8716048650260007
0.6780000000000003,0.8721074393646316
0.6790000000000003,0.8717529270902454
0.6800000000000003,0.8711077064522643
0.6810000000000003,0.870923762390724
0.6820000000000003,0.8711628298510075
0.6830000000000003,0.8711553802234888
0.6840000000000003,0.8708189167294672
0.6850000000000003,0.8704200399999998
0.6860000000000003,0.8701115298181982
0.6870000000000003,0.8700933475346986
0.6880000000000003,0.8699700824653014
0.6890000000000003,0.8691821778791785
0.6900000000000003,0.86902994
0.6910000000000003,0.8691106359445594
0.6920000000000003,0.8689078643836808
0.6930000000000003,0.8687206537442127
0.6940000000000003,0.8691706055003551
0.6950000000000003,0.8694768423509233
0.6960000000000003,0.8687119441326933
0.6970000000000003,0.8684185788009599
0.6980000000000003,0.8682410717750354
0.6990000000000003,0.86801571
0.7000000000000003,0.8678817692179922
0.7010000000000003,0.8678035651711931
0.7020000000000003,0.8675621248288068
0.7030000000000003,0.867148704134241
0.7040000000000003,0.8670314
0.7050000000000003,0.866973758504985
0.7060000000000003,0.8668990061022949
0.7070000000000003,0.86676908259847
0.7080000000000003,0.8664823799999999
0.7090000000000003,0.8660994774840748
0.7100000000000003,0.865847890541173
0.7110000000000003,0.8658749491882406
0.7120000000000003,0.8654786939626792
0.7130000000000003,0.8649119699999998
0.7140000000000003,0.8643202697638951
0.7150000000000003,0.8632966691369429
0.7160000000000003,0.8626012339087042
0.7170000000000003,0.8622946730655306
0.7180000000000003,0.8618980520284201
0.7190000000000003,0.8611008944379779
0.7200000000000003,0.8603227933430326
0.7210000000000003,0.8594294978659783
0.7220000000000003,0.8577890399999996
0.7230000000000003,0.85638789803188
0.7240000000000003,0.8551910851101953
0.7250000000000003,0.853946594889804
0.7260000000000003,0.8525793736722364
0.7270000000000003,0.8513674099999996
0.7280000000000003,0.8501161743552867
0.7290000000000003,0.8485517097975098
0.7300000000000003,0.8472116268016594
0.7310000000000003,0.8463016290998907
0.7320000000000003,0.845561610221802
0.7330000000000003,0.8445838080270986
0.7340000000000003,0.8444851629593519
0.7350000000000003,0.8446800080514612
0.7360000000000003,0.8448355200000003
0.7370000000000003,0.8457536213214135
0.7380000000000003,0.8468857677078921
0.7390000000000003,0.8482711622921087
0.7400000000000003,0.8499730029815302
0.7410000000000003,0.8513705700000004
0.7420000000000003,0.8525234086789871
0.7430000000000003,0.8534573543389834
0.7440000000000003,0.8542686537740115
0.7450000000000003,0.8553326700000004
0.7460000000000003,0.8561801934678348
0.7470000000000003,0.8565269753999301
0.7480000000000003,0.8567969719001051
0.7490000000000003,0.856957198397768
0.7500000000000003,0.8572297100000001
0.7510000000000003,0.8575727277415548
0.7520000000000003,0.8573468839367031
0.7530000000000003,0.8571447740421978
0.7540000000000003,0.8569687017607176
0.7550000000000003,0.85657793
0.7560000000000003,0.8567018498940053
0.7570000000000003,0.856696550158992
0.7580000000000003,0.8564081257686575
0.7590000000000003,0.85653889
0.7600000000000003,0.8565519464629644
0.7610000000000003,0.8561982372677092
0.7620000000000003,0.8555616227322904
0.7630000000000003,0.855320332412824
0.7640000000000003,0.85543001
0.7650000000000003,0.8553487630916615
0.7660000000000003,0.8546579421700914
0.7670000000000003,0.8543969452199389
0.7680000000000003,0.8541818921505214
0.7690000000000003,0.8539115179578796
0.7700000000000004,0.8537072962904853
0.7710000000000004,0.8530218205642716
0.7720000000000004,0.8523482767354345
0.7730000000000004,0.85212618
0.7740000000000004,0.8521472809936099
0.7750000000000004,0.8522466354321827
0.7760000000000004,0.8520182445678173
0.7770000000000004,0.8514504456780566
0.7780000000000004,0.8514142599999999
0.7790000000000004,0.8512347205801057
0.7800000000000004,0.8507637249929502
0.7810000000000004,0.8502634900046996
0.7820000000000004,0.8496674359605594
0.7830000000000004,0.849037584820248
0.7840000000000004,0.8485196135071246
0.7850000000000004,0.848194969739313
0.7860000000000004,0.8477044749049979
0.7870000000000004,0.8476176300000001
0.7880000000000004,0.8479130839934796
0.7890000000000004,0.8473124290172489
0.7900000000000004,0.8466130039885004
0.7910000000000004,0.8459169969600693
0.7920000000000004,0.8451492799999998
0.7930000000000004,0.8445764768291585
0.7940000000000004,0.8444179347562621
0.7950000000000004,0.8442982423938239
0.7960000000000004,0.8435203999999995
0.7970000000000004,0.8425855567682675
0.7980000000000004,0.8422623872093116
0.7990000000000004,0.8421228527906883
0.8000000000000004,0.8408941122876222
0.8010000000000004,0.8406708799999999
0.8020000000000004,0.8403757669099378
0.8030000000000004,0.8390667626245684
0.8040000000000004,0.8378209149169538
0.8050000000000004,0.837508923119731
0.8060000000000004,0.8377511473481734
0.8070000000000004,0.8374859519097041
0.8080000000000004,0.8365814371354429
0.8090000000000004,0.8360190512475123
0.8100000000000004,0.8355509599999996
0.8110000000000004,0.8346065300685006
0.8120000000000004,0.8346133815307387
0.8130000000000004,0.8346899184692612
0.8140000000000004,0.834719659702597
0.8150000000000004,0.83525145
0.8160000000000004,0.8352266486116858
0.8170000000000004,0.8346572363320832
0.8180000000000004,0.8342016391119442
0.8190000000000004,0.8347126748894491
0.8200000000000004,0.8349298771806717
0.8210000000000004,0.8346479378174089
0.8220000000000004,0.8340388082738861
0.8230000000000004,0.8335185652024039
0.8240000000000004,0.83345914
0.8250000000000004,0.8333913065619655
0.8260000000000004,0.8330475192848288
0.8270000000000004,0.8335117607151716
0.8280000000000004,0.8336202489151892
0.8290000000000004,0.8331936599999998
0.8300000000000004,0.832914530490005
0.8310000000000004,0.8329390231357432
0.8320000000000004,0.8327102145761711
0.8330000000000004,0.83221942
0.8340000000000004,0.8321378216457166
0.8350000000000004,0.8323023929682516
0.8360000000000004,0.8324508055476226
0.8370000000000004,0.832290711601032
0.8380000000000004,0.8317533099999996
0.8390000000000004,0.8310395429229581
0.8400000000000004,0.8303318445207738
0.8410000000000004,0.8298158703194838
0.8420000000000004,0.8295787623710236
0.8430000000000004,0.8294265846658464
0.8440000000000004,0.8288931638052094
0.8450000000000004,0.8280834242921851
0.8460000000000004,0.8282312170435705
0.8470000000000004,0.8285573099999999
0.8480000000000004,0.8282108210890105
0.8490000000000004,0.8273197486244552
0.8500000000000004,0.8277509713755452
0.8510000000000004,0.8275320521893218
0.8520000000000004,0.8267934900000001
0.8530000000000004,0.8269268293764875
0.8540000000000004,0.826864466115794
0.8550000000000004,0.826401659256137
0.8560000000000004,0.8258307057095567
0.8570000000000004,0.8257668578041779
0.8580000000000004,0.8255472653617316
0.8590000000000004,0.8248153519574017
0.8600000000000004,0.8239824283292663
0.8610000000000004,0.8239667999999998
0.8620000000000004,0.823479579535095
0.8630000000000004,0.822433086008959
0.8640000000000004,0.8212335339910398
0.8650000000000004,0.8207683046521465
0.8660000000000004,0.8210701300000001
0.8670000000000004,0.8211956502605023
0.8680000000000004,0.8207086920956953
0.8690000000000004,0.8207785486028699
0.8700000000000004,0.8210358599999997
0.8710000000000004,0.8204306851266504
0.8720000000000004,0.8189433730529472
0.8730000000000004,0.8185960204205789
0.8740000000000004,0.8174622213382263
0.8750000000000004,0.8152646399999988
0.8760000000000004,0.8124639692689839
0.8770000000000004,0.809390858086694
0.8780000000000004,0.8059937479422014
0.8790000000000004,0.8014818851188494
0.8800000000000004,0.7958555199999979
0.8810000000000004,0.79118770654947
0.8820000000000005,0.7855151801757889
0.8830000000000005,0.7785111900805977
0.8840000000000005,0.7711463599999968
0.8850000000000005,0.7639638043674399
0.8860000000000005,0.7564005553357833
0.8870000000000005,0.7491673446642101
0.8880000000000005,0.7430898607746047
0.8890000000000005,0.7366190599999975
0.8900000000000005,0.7312383232385625
0.8910000000000005,0.7265621655197215
0.8920000000000005,0.7214128229868483
0.8930000000000005,0.7177158969689678
0.8940000000000005,0.7145132719796184
0.8950000000000005,0.7117112565992693
0.8960000000000005,0.710041220101094
0.8970000000000005,0.7096177942338845
0.8980000000000005,0.7110782300000016
0.8990000000000005,0.714594122047823
0.9000000000000005,0.7197989319153263
0.9010000000000005,0.7263946980846797
0.9020000000000005,0.7337981959648634
0.9030000000000005,0.7415676700000032
0.9040000000000005,0.7488034835164374
0.9050000000000005,0.7539793034717289
0.9060000000000005,0.759095027685518
0.9070000000000005,0.7641781091691943
0.9080000000000005,0.7676510084232866
0.9090000000000005,0.772493327357034
0.9100000000000005,0.7768611789644541
0.9110000000000005,0.7801634969771413
0.9120000000000005,0.783980670000002
0.9130000000000005,0.7883556871970457
0.9140000000000005,0.7920753563191854
0.9150000000000005,0.7946193291205451
0.9160000000000005,0.7970264959283605
0.9170000000000005,0.7997812000000011
0.9180000000000005,0.8023696192227394
0.9190000000000005,0.8038307561658925
0.9200000000000005,0.8041584434469345
0.9210000000000005,0.8058735100000007
0.9220000000000005,0.8073267386379868
0.9230000000000005,0.8081905531020767
0.9240000000000005,0.8098456568979248
0.9250000000000005,0.8111049974066747
0.9260000000000005,0.8119452
0.9270000000000005,0.8120576635470705
0.9280000000000005,0.8114123878617069
0.9290000000000005,0.8113411114255287
0.9300000000000005,0.811300460406504
0.9310000000000005,0.8109389437593373
0.9320000000000005,0.8103148746145689
0.9330000000000005,0.8095456030781457
0.9340000000000005,0.8092927350570505
0.9350000000000005,0.8083646899999989
0.9360000000000005,0.8059409296905969
0.9370000000000005,0.8059099734270624
0.9380000000000005,0.8050813265729367
0.9390000000000005,0.8028722620909198
0.9400000000000005,0.8014209299999999
0.9410000000000005,0.8012825286111861
0.9420000000000005,0.8012130583245832
0.9430000000000005,0.8001572111169436
0.9440000000000005,0.7990194713774132
0.9450000000000005,0.8000567484812843
0.9460000000000005,0.798904859599619
0.9470000000000005,0.7968848406005689
0.9480000000000005,0.7968590302575052
0.9490000000000005,0.7960959100000002
0.9500000000000005,0.7966518514615152
0.9510000000000005,0.7977979802943882
0.9520000000000005,0.7978126997056117
0.9530000000000005,0.7966582315449149
0.9540000000000005,0.7955059399999996
0.9550000000000005,0.7947886085246855
0.9560000000000005,0.795214872854358
0.9570000000000005,0.7966433514304293
0.9580000000000005,0.7945329499999985
0.9590000000000005,0.7917541320128202
0.9600000000000005,0.7919554556429191
0.9610000000000005,0.7942376015356244
0.9620000000000005,0.7953360590157809
0.9630000000000005,0.793225589999998
0.9640000000000005,0.7895691351713032
0.9650000000000005,0.7890863045249742
0.9660000000000005,0.789903803650018
0.9670000000000005,0.7911172978649792
0.9680000000000005,0.7903601239543383
0.9690000000000005,0.7877556420811969
0.9700000000000005,0.7893597018782069
0.9710000000000005,0.7883704497865973
0.9720000000000005,0.7857265500000004
0.9730000000000005,0.7864122866114656
0.9740000000000005,0.7850734362735484
0.9750000000000005,0.7838871137264503
0.9760000000000005,0.7826464324068234
0.9770000000000005,0.78117234
0.9780000000000005,0.7811101014972295
0.9790000000000005,0.78025980918584
0.9800000000000005,0.7788993372094388
0.9810000000000005,0.778246166531565
0.9820000000000005,0.778558846513665
0.9830000000000005,0.7782101783182829
0.9840000000000005,0.7761260925225728
0.9850000000000005,0.773214009121081
0.9860000000000005,0.7720237999999996
0.9870000000000005,0.7712737779221785
0.9880000000000005,0.7700660351485945
0.9890000000000005,0.7708234648514064
0.9900000000000005,0.773166276571567
0.9910000000000005,0.7666249899999988
0.9920000000000005,0.7646921388202884
0.9930000000000005,0.7651329737561089
0.9940000000000005,0.7595915108292555
0.9950000000000006,0.7566758999999994
0.9960000000000006,0.7556834848626489
0.9970000000000006,0.7561697216665162
0.9980000000000006,0.7552530475002246
0.9990000000000006,0.7505529970016377
1.0000000000000004,0.7503516099999983
1.0010000000000006,0.7466298299999985
1.0020000000000007,0.7442737199999984
1.0030000000000006,0.7417557799999981
1.0040000000000004,0.7389607530676917
1.0050000000000006,0.7360914299999977
1.0060000000000007,0.7325705299999986
1.0070000000000006,0.7304688699999994
1.0080000000000005,0.7290044399999991
1.0090000000000006,0.7271144060983894
1.0100000000000007,0.7255753899999994
1.0110000000000006,0.724532189999999
1.0120000000000005,0.7230929099999996
1.0130000000000006,0.7222836600000004
1.0140000000000007,0.7228866796980306
1.0150000000000006,0.7228806599999998
1.0160000000000005,0.7227600200000001
1.0170000000000006,0.7229730499999992
1.0180000000000007,0.7212158999999984
1.0190000000000006,0.7187072208679116
1.0200000000000005,0.7160072899999979
1.0210000000000006,0.7112182999999983
1.0220000000000007,0.708474519999999
1.0230000000000006,0.7068981499999984
1.0240000000000005,0.704579829999999
1.0250000000000006,0.7024158199999986
1.0260000000000007,0.700266419999998
1.0270000000000006,0.6973237999999992
1.0280000000000005,0.6953852799999992
1.0290000000000006,0.6936461899999997
1.0300000000000007,0.69282496
1.0310000000000006,0.6928892100000003
1.0320000000000005,0.6932792119768025
1.0330000000000006,0.6938989800000012
1.0340000000000007,0.6955496100000004
1.0350000000000006,0.6961129300000002
1.0360000000000005,0.6965232500000001
1.0370000000000006,0.6967268286571341
1.0380000000000007,0.6964133999999998
1.0390000000000006,0.6962888800000001
1.0400000000000005,0.6964622699999998
1.0410000000000006,0.6959689299999992
1.0420000000000007,0.6945578711058885
1.0430000000000006,0.6941372799999999
1.0440000000000005,0.6940100199999998
1.0450000000000006,0.69359094
1.0460000000000007,0.6935393800000001
1.0470000000000006,0.6937040535326469
1.0480000000000005,0.6933595499999996
1.0490000000000006,0.6922848199999998
1.0500000000000007,0.6918255699999998
1.0510000000000006,0.6915076999999998
1.0520000000000005,0.6913538600000001
1.0530000000000006,0.6916367999999998
1.0540000000000007,0.6913105199999996
1.0550000000000006,0.6905822012078792
1.0560000000000005,0.6903942800000001
1.0570000000000006,0.6905626699999997
1.0580000000000007,0.6900100699999999
1.0590000000000006,0.6897948399999997
1.0600000000000005,0.6889813888841106
1.0610000000000006,0.6869702299999986
1.0620000000000007,0.6848461599999988
1.0630000000000006,0.682978209999999
1.0640000000000005,0.6815051399999991
1.0650000000000006,0.6795479257214266
1.0660000000000007,0.6773104699999983
1.0670000000000006,0.6753930999999987
1.0680000000000005,0.673480689999999
1.0690000000000006,0.6713238999999989
1.0700000000000007,0.6694626861213863
1.0710000000000006,0.6672917599999982
1.0720000000000005,0.6646996099999989
1.0730000000000006,0.6621521099999981
1.0740000000000007,0.6593599299999984
1.0750000000000006,0.6568514699999985
1.0760000000000005,0.6546522399999987
1.0770000000000006,0.652607739999999
1.0780000000000007,0.6511052858054183
1.0790000000000006,0.649363339999999
1.0800000000000005,0.6479402199999994
1.0810000000000006,0.6465938699999992
1.0820000000000007,0.6454798599999996
1.0830000000000006,0.6448612969063087
1.0840000000000005,0.6438303599999996
1.0850000000000006,0.6427123499999992
1.0860000000000007,0.6414133299999987
1.0870000000000006,0.6398637899999992
1.0880000000000005,0.6385203143475644
1.0890000000000006,0.6369621799999993
1.0900000000000007,0.6358785599999995
1.0910000000000006,0.6352513999999992
1.0920000000000005,0.6341622499999996
1.0930000000000006,0.6331999662283766
1.0940000000000007,0.6324687599999994
1.0950000000000006,0.6316249399999997
1.0960000000000005,0.6310583899999996
1.0970000000000006,0.6305651099999999
1.0980000000000008,0.6304181799999997
1.0990000000000006,0.6300305099999997
1.1000000000000005,0.6294553299999998
1.1010000000000006,0.6290675399999998
1.1020000000000008,0.6287450799999998
1.1030000000000006,0.6285589899999999
1.1040000000000005,0.6283849500000002
1.1050000000000006,0.62866831
1.1060000000000008,0.6286793532696727
1.1070000000000007,0.6283120499999999
1.1080000000000005,0.6281069499999997
1.1090000000000007,0.6276602099999996
1.1100000000000008,0.6269291599999994
1.1110000000000007,0.6261154439176078
1.1120000000000005,0.6255546199999998
1.1130000000000007,0.6252955799999999
1.1140000000000008,0.6251990200000005
1.1150000000000007,0.62592763
1.1160000000000005,0.6259530774552545
1.1170000000000007,0.6258630199999996
1.1180000000000008,0.6252537399999992
1.1190000000000007,0.6244152799999992
1.1200000000000006,0.6231734799999991
1.1210000000000007,0.6212580315448443
1.1220000000000008,0.6191091499999979
1.1230000000000007,0.6159915299999974
1.1240000000000006,0.612099589999998
1.1250000000000007,0.6075981899999968
1.1260000000000008,0.6027653799999961
1.1270000000000007,0.5983464099999972
1.1280000000000006,0.5941855299999973
1.1290000000000007,0.5902527762833693
1.1300000000000008,0.586915609999997
1.1310000000000007,0.5835113499999977
1.1320000000000006,0.5799929499999985
1.1330000000000007,0.5767872899999978
1.1340000000000008,0.5736935482191762
1.1350000000000007,0.5710757399999984
1.1360000000000006,0.5685570799999988
1.1370000000000007,0.5667394999999994
1.1380000000000008,0.5656716199999993
1.1390000000000007,0.5647498121807814
1.1400000000000006,0.5647934100000004
1.1410000000000007,0.56521028
1.1420000000000008,0.5651542499999996
1.1430000000000007,0.5646135199999989
1.1440000000000006,0.5630080505469442
1.1450000000000007,0.5598583799999968
1.1460000000000008,0.555039229999995
1.1470000000000007,0.5493830999999957
1.1480000000000006,0.5428410799999949
1.1490000000000007,0.5351126799999943
1.1500000000000008,0.526619139999992
1.1510000000000007,0.5176206799999931
1.1520000000000006,0.5071482699999948
1.1530000000000007,0.4957135599999919
1.1540000000000008,0.4835258699999911
1.1550000000000007,0.4700757599999908
1.1560000000000006,0.4562247099999904
1.1570000000000007,0.44182790987700166
1.1580000000000008,0.42712667999998755
1.1590000000000007,0.4131390999999913
1.1600000000000006,0.400122669999992
1.1610000000000007,0.388153759999993
1.1620000000000008,0.37761874436255716
1.1630000000000007,0.36856236999999487
1.1640000000000006,0.3608874999999974
1.1650000000000007,0.3550542599999971
1.1660000000000008,0.35070844999999773
1.1670000000000007,0.34816770407459097
1.1680000000000006,0.3472272800000007
1.1690000000000007,0.3482378100000017
1.1700000000000008,0.35080376000000374
1.1710000000000007,0.3549848500000042
1.1720000000000006,0.3612096975152522
1.1730000000000007,0.36852330000000555
1.1740000000000008,0.3768649400000058
1.1750000000000007,0.3856107300000056
1.1760000000000006,0.39402911000000534
1.1770000000000007,0.4020097300000046
1.1780000000000008,0.4088923300000061
1.1790000000000007,0.41569892000000425
1.1800000000000006,0.4220698606989332
1.1810000000000007,0.42817685000000455
1.1820000000000008,0.43504649000000645
1.1830000000000007,0.44228873000000507
1.1840000000000006,0.44983068000000354
1.1850000000000007,0.45780189736726923
1.1860000000000008,0.4660755700000072
1.1870000000000007,0.47422680000000494
1.1880000000000006,0.48163682000000446
1.1890000000000007,0.48828498000000387
1.1900000000000008,0.49415479301870296
1.1910000000000007,0.499090140000004
1.1920000000000006,0.5035845000000024
1.1930000000000007,0.5073162300000023
1.1940000000000008,0.5106824600000028
1.1950000000000007,0.5139459636496377
1.1960000000000006,0.5164769300000015
1.1970000000000007,0.5187618700000014
1.1980000000000008,0.5209103200000016
1.1990000000000007,0.522657040000001
1.2000000000000006,0.5241324900000006
1.2010000000000007,0.5251818300000006
1.2020000000000008,0.5259246200000003
1.2030000000000007,0.5262533389391061
1.2040000000000006,0.5262427299999999
1.2050000000000007,0.5261064799999999
1.2060000000000008,0.5258890999999997
1.2070000000000007,0.5255638399999996
1.2080000000000006,0.5249082111328862
1.2090000000000007,0.5240195399999994
1.2100000000000009,0.5231442999999991
1.2110000000000007,0.5221279899999993
1.2120000000000006,0.5213507999999997
1.2130000000000007,0.5207844366363359
1.2140000000000009,0.5202237999999999
1.2150000000000007,0.5201334400000002
1.2160000000000006,0.5205197900000005
1.2170000000000007,0.5211754400000008
1.2180000000000009,0.5223788596580352
1.2190000000000007,0.5238021600000009
1.2200000000000006,0.525187130000001
1.2210000000000008,0.5266249200000014
1.2220000000000009,0.5281384000000013
1.2230000000000008,0.5296868700000011
1.2240000000000006,0.5309855900000007
1.2250000000000008,0.5319552400000005
1.2260000000000009,0.5326913600000002
1.2270000000000008,0.5329232200000001
1.2280000000000006,0.53311551
1.2290000000000008,0.5331897699999998
1.2300000000000009,0.5329179799999999
1.2310000000000008,0.532845670928907
1.2320000000000007,0.5327549599999999
1.2330000000000008,0.5326637000000001
1.2340000000000009,0.5327584699999998
1.2350000000000008,0.5325071799999995
1.2360000000000007,0.5317600251134881
1.2370000000000008,0.5310111599999995
1.2380000000000009,0.5301909999999991
1.2390000000000008,0.5292144999999994
1.2400000000000007,0.5281692699999994
1.2410000000000008,0.5271311838086182
1.2420000000000009,0.5259413699999987
1.2430000000000008,0.5245424499999989
1.2440000000000007,0.5232479599999991
1.2450000000000008,0.5218366399999991
1.2460000000000009,0.5204983538286161
1.2470000000000008,0.5188640999999986
1.2480000000000007,0.5168654299999987
1.2490000000000008,0.5149932499999985
1.2500000000000009,0.512882529999998
1.2510000000000008,0.510595499999998
1.2520000000000007,0.5083225399999982
1.2530000000000008,0.5057127499999976
1.254000000000001,0.5030205446065368
1.2550000000000008,0.5002666099999974
1.2560000000000007,0.4973657399999982
1.2570000000000008,0.4947273099999982
1.258000000000001,0.49206739999999755
1.2590000000000008,0.48932070121087706
1.2600000000000007,0.48673280999999813
1.2610000000000008,0.4838986399999972
1.262000000000001,0.4807878099999974
1.2630000000000008,0.4778356299999974
1.2640000000000007,0.47488608495450274
1.2650000000000008,0.47178375999999744
1.266000000000001,0.4688979399999974
1.2670000000000008,0.46593403999999794
1.2680000000000007,0.4628800499999981
1.2690000000000008,0.4600154664583518
1.270000000000001,0.4571427099999972
1.2710000000000008,0.4539801799999973
1.2720000000000007,0.4509050299999981
1.2730000000000008,0.44811054999999744
1.274000000000001,0.44526242999999777
1.2750000000000008,0.442734509999998
1.2760000000000007,0.44050949999999844
1.2770000000000008,0.4381784799999984
1.278000000000001,0.43587409999999804
1.2790000000000008,0.43370812999999875
1.2800000000000007,0.43181237999999883
1.2810000000000008,0.4300896199999986
1.282000000000001,0.42849817513748506
1.2830000000000008,0.4272495499999991
1.2840000000000007,0.42591061999999913
1.2850000000000008,0.42453914999999887
1.286000000000001,0.4233064899999991
1.2870000000000008,0.42228885875212413
1.2880000000000007,0.4213763799999994
1.2890000000000008,0.4204753599999995
1.290000000000001,0.41975214999999944
1.2910000000000008,0.4191203099999997
1.2920000000000007,0.4187874832826715
1.2930000000000008,0.4186907699999998
1.294000000000001,0.4184435299999999
1.2950000000000008,0.41834020999999993
1.2960000000000007,0.41825636999999993
1.2970000000000008,0.418147480888911
1.298000000000001,0.41817442
1.2990000000000008,0.4181737899999998
1.3000000000000007,0.41795593999999997
1.3010000000000008,0.41789523000000006
1.302000000000001,0.41798431000000014
1.3030000000000008,0.4180755600000001
1.3040000000000007,0.4182491300000001
1.3050000000000008,0.4183396690250975
1.306000000000001,0.41832991999999997
1.3070000000000008,0.4182898399999999
1.3080000000000007,0.41815659
1.3090000000000008,0.4181875
1.310000000000001,0.41815082034396567
1.3110000000000008,0.4182542600000002
1.3120000000000007,0.41852239000000024
1.3130000000000008,0.41874224000000004
1.314000000000001,0.4187905500000001
1.3150000000000008,0.4188866503899611
1.3160000000000007,0.41898018000000026
1.3170000000000008,0.4192638400000007
1.318000000000001,0.4200624800000008
1.3190000000000008,0.4209341400000005
1.3200000000000007,0.42151746166783366
1.3210000000000008,0.4219549300000004
1.322000000000001,0.42237985000000017
1.3230000000000008,0.42254373000000023
1.3240000000000007,0.42284644000000027
1.3250000000000008,0.42329520000000026
1.326000000000001,0.4235200000000001
1.3270000000000008,0.42359906000000014
1.3280000000000007,0.4236958679152085
1.3290000000000008,0.42377502000000006
1.330000000000001,0.42385402000000016
1.3310000000000008,0.4240258299999998
1.3320000000000007,0.4238522399999997
1.3330000000000009,0.4235448646845311
1.334000000000001,0.42309170999999945
1.3350000000000009,0.4224710199999993
1.3360000000000007,0.42169883999999935
1.3370000000000009,0.42094128999999936
1.338000000000001,0.4201828058484144
1.3390000000000009,0.4192293299999993
1.3400000000000007,0.41840680999999946
1.3410000000000009,0.417574519999999
1.342000000000001,0.41644161999999885
1.3430000000000009,0.41537965619637945
1.3440000000000007,0.4143560799999992
1.3450000000000009,0.41308840999999896
1.346000000000001,0.4119108299999984
1.3470000000000009,0.4104474799999984
1.3480000000000008,0.4087015999999987
1.3490000000000009,0.4068962899999984
1.350000000000001,0.4050612699999981
1.3510000000000009,0.40292056999999804
1.3520000000000008,0.40071460999999775
1.3530000000000009,0.39816992999999806
1.354000000000001,0.39528777999999726
1.3550000000000009,0.3922524199999971
1.3560000000000008,0.3890052166963278
1.3570000000000009,0.38547217999999683
1.358000000000001,0.381904359999997
1.3590000000000009,0.3785491899999974
1.3600000000000008,0.37568231999999857
1.3610000000000009,0.3735349244735515
1.362000000000001,0.3723796599999998
1.3630000000000009,0.3721781700000001
1.3640000000000008,0.37236220000000064
1.3650000000000009,0.37327093000000094
1.366000000000001,0.37436424066893426
1.3670000000000009,0.3752491200000006
1.3680000000000008,0.37596288
1.3690000000000009,0.37596410999999946
1.370000000000001,0.37530797999999876
1.3710000000000009,0.37394581621637724
1.3720000000000008,0.3717705599999974
1.3730000000000009,0.3688019499999977
1.374000000000001,0.3653659499999962
1.3750000000000009,0.361102879999996
1.3760000000000008,0.3566324099999953
1.377000000000001,0.3513199099999946
1.378000000000001,0.34644084999999497
1.379000000000001,0.34074918840415547
1.3800000000000008,0.33643322999999636
1.381000000000001,0.33229666999999763
1.382000000000001,0.3296287999999982
1.383000000000001,0.3280080899999994
1.3840000000000008,0.3273629856314371
1.385000000000001,0.32771930000000127
1.386000000000001,0.32918480000000244
1.387000000000001,0.3313711300000024
1.3880000000000008,0.3335122500000014
1.389000000000001,0.33555534569043266
1.390000000000001,0.3369023200000004
1.391000000000001,0.3373184799999996
1.3920000000000008,0.3368871799999992
1.393000000000001,0.3359228399999987
1.394000000000001,0.33446228605539297
1.395000000000001,0.33297150999999897
1.3960000000000008,0.33179336999999925
1.397000000000001,0.3309693599999999
1.398000000000001,0.3308851400000003
1.399000000000001,0.33122608000000053
1.4000000000000008,0.3318407200000007
1.4010000000000007,0.3326375200000008
1.402000000000001,0.3337676500000013
1.403000000000001,0.3349387900000012
1.4040000000000008,0.33634031000000086
1.4050000000000007,0.3376796800000009
1.406000000000001,0.33907712000000173
1.407000000000001,0.3406172680691948
1.4080000000000008,0.342397960000001
1.4090000000000007,0.3439002000000012
1.410000000000001,0.3457731000000012
1.411000000000001,0.34689102000000066
1.4120000000000008,0.34763048904809535
1.4130000000000007,0.34782096999999984
1.414000000000001,0.34756218999999927
1.415000000000001,0.34673696999999887
1.4160000000000008,0.34549298999999883
1.4170000000000007,0.3441627430246967
1.418000000000001,0.34269165999999857
1.419000000000001,0.3410481199999986
1.4200000000000008,0.3394688099999988
1.4210000000000007,0.33809145999999923
1.422000000000001,0.33691680746525227
1.423000000000001,0.33606200999999963
1.4240000000000008,0.3356113399999999
1.4250000000000007,0.3355546300000002
1.426000000000001,0.3357830000000007
1.427000000000001,0.3364286100000011
1.4280000000000008,0.3374492200000008
1.4290000000000007,0.3387059900000009
1.430000000000001,0.34007545013498786
1.431000000000001,0.34147680000000086
1.4320000000000008,0.34240392000000053
1.4330000000000007,0.3430144500000003
1.434000000000001,0.34343367999999996
1.435000000000001,0.34338293738226194
1.4360000000000008,0.34355675999999996
1.4370000000000007,0.34347081000000035
1.438000000000001,0.3438682300000005
1.439000000000001,0.3444287500000008
1.4400000000000008,0.34531045182981773
1.4410000000000007,0.34665227000000115
1.442000000000001,0.34795895000000193
1.443000000000001,0.3496975600000011
1.4440000000000008,0.350884650000001
1.4450000000000007,0.35203954451054986
1.446000000000001,0.35280156000000046
1.447000000000001,0.3532042500000001
1.4480000000000008,0.3533053999999998
1.4490000000000007,0.3530833999999997
1.450000000000001,0.35259848999999926
1.451000000000001,0.3519648599999993
1.4520000000000008,0.3513731999999996
1.4530000000000007,0.3509152488171183
1.454000000000001,0.3509034200000002
1.455000000000001,0.3510646200000003
1.4560000000000008,0.3514688000000008
1.4570000000000007,0.3523487400000007
1.458000000000001,0.35318374068693226
1.459000000000001,0.35399061000000087
1.4600000000000009,0.3550062500000005
1.4610000000000007,0.35557395000000025
1.462000000000001,0.35583207000000033
1.463000000000001,0.35615029817718263
1.4640000000000009,0.35590028999999956
1.4650000000000007,0.35539814999999975
1.466000000000001,0.35497459999999914
1.467000000000001,0.35423466999999903
1.4680000000000009,0.35336190727627165
1.4690000000000007,0.3526083499999995
1.470000000000001,0.3518415999999992
1.471000000000001,0.3511491399999993
1.4720000000000009,0.3504960199999996
1.4730000000000008,0.34997829999999974
1.474000000000001,0.34964134999999946
1.475000000000001,0.3491443699999996
1.4760000000000009,0.34869947999999945
1.4770000000000008,0.34808516999999933
1.478000000000001,0.3473265499999994
1.479000000000001,0.3466132299999993
1.4800000000000009,0.3458214099999993
1.4810000000000008,0.34503947455054435
1.482000000000001,0.344284979999999
1.483000000000001,0.3434028899999992
1.4840000000000009,0.34243568999999924
1.4850000000000008,0.3415595899999993
1.486000000000001,0.340493783150684
1.487000000000001,0.3397252899999994
1.4880000000000009,0.3391897999999996
1.4890000000000008,0.3386062099999997
1.490000000000001,0.33808186999999956
1.491000000000001,0.3376950986771319
1.4920000000000009,0.3370997899999996
1.4930000000000008,0.33665027999999986
1.494000000000001,0.33642762999999953
1.495000000000001,0.33604058999999975
1.4960000000000009,0.33580517354164563
1.4970000000000008,0.3355978099999996
1.498000000000001,0.3351691699999998
1.499000000000001,0.3349260999999998
1.5000000000000009,0.3346623199999996
1.5010000000000008,0.33423208999999965
1.5020000000000011,0.3338407899999994
1.503000000000001,0.3333761699999996
1.504000000000001,0.33288569196380313
1.5050000000000008,0.3324053299999997
1.5060000000000011,0.33208992999999976
1.507000000000001,0.3319056299999997
1.508000000000001,0.33158155999999983
1.5090000000000008,0.33137144889911
1.5100000000000011,0.3312604399999998
1.511000000000001,0.33112425000000006
1.512000000000001,0.3311657600000001
1.5130000000000008,0.33128062000000014
1.5140000000000011,0.3314272653354666
1.515000000000001,0.33153790000000033
1.516000000000001,0.33179829000000044
1.5170000000000008,0.33227831000000035
1.5180000000000011,0.33265150000000043
1.519000000000001,0.3330638887611243
1.520000000000001,0.3334501100000003
1.5210000000000008,0.3337605000000003
1.5220000000000011,0.3340470200000004
1.523000000000001,0.3343913000000002
1.524000000000001,0.3346187200000002
1.5250000000000008,0.33486909
1.5260000000000011,0.33489214999999983
1.527000000000001,0.33474030999999976
1.528000000000001,0.3345374499999997
1.5290000000000008,0.3341701599999997
1.5300000000000011,0.33377792999999967
1.531000000000001,0.3334539199999993
1.532000000000001,0.33280742598040114
1.5330000000000008,0.33196722999999934
1.5340000000000011,0.3309672199999985
1.535000000000001,0.32960086999999866
1.536000000000001,0.3283877099999989
1.5370000000000008,0.3271184283321659
1.5380000000000011,0.32590174999999866
1.539000000000001,0.32469903999999905
1.540000000000001,0.323606609999999
1.5410000000000008,0.3224599399999987
1.5420000000000011,0.32101118487551095
1.543000000000001,0.31953012999999864
1.544000000000001,0.3179807999999985
1.5450000000000008,0.31627180999999843
1.5460000000000012,0.31452181999999795
1.547000000000001,0.3126750346785302
1.548000000000001,0.3107156799999981
1.5490000000000008,0.3085831399999986
1.5500000000000012,0.3064834799999978
1.551000000000001,0.30451076999999754
1.552000000000001,0.30228656999999737
1.5530000000000008,0.2999269699999985
1.5540000000000012,0.2976796899999974
1.555000000000001,0.295318538527145
1.556000000000001,0.292903809999998
1.5570000000000008,0.29062413999999787
1.5580000000000012,0.2882532199999971
1.559000000000001,0.28564625999999754
1.560000000000001,0.28289994126987045
1.5610000000000008,0.2802126399999975
1.5620000000000012,0.27741014999999597
1.563000000000001,0.27436398999999745
1.564000000000001,0.27146431999999754
1.5650000000000008,0.26873464296770094
1.5660000000000012,0.26584451999999603
1.567000000000001,0.26289221999999696
1.568000000000001,0.26012220999999736
1.5690000000000008,0.25709142999999707
1.5700000000000012,0.253762752867709
1.571000000000001,0.2507144799999967
1.572000000000001,0.24770870999999667
1.5730000000000008,0.24470044999999818
1.5740000000000012,0.2419472499999969
1.575000000000001,0.23915850999999702
1.576000000000001,0.2364787299999972
1.5770000000000008,0.23394375999999778
1.5780000000000012,0.23143190116888054
1.579000000000001,0.2292435899999976
1.580000000000001,0.227093619999998
1.5810000000000008,0.22483725999999812
1.5820000000000012,0.2227009999999972
1.583000000000001,0.22058757292570502
1.584000000000001,0.21851682999999825
1.5850000000000009,0.21654696999999842
1.5860000000000012,0.21477609999999775
1.587000000000001,0.21309871999999808
1.588000000000001,0.2113680330686913
1.5890000000000009,0.20978353999999858
1.5900000000000012,0.20820329999999812
1.591000000000001,0.20652850999999828
1.592000000000001,0.20496750999999827
1.5930000000000009,0.20341769498150059
1.5940000000000012,0.2018794099999985
1.595000000000001,0.2005396599999985
1.596000000000001,0.19919174999999853
1.5970000000000009,0.19786430999999904
1.5980000000000012,0.19679258999999868
1.599000000000001,0.19561807999999867
1.600000000000001,0.19441973999999906
1.6010000000000009,0.1933421299999989
1.6020000000000012,0.19207706999999855
1.603000000000001,0.1909892899999992
1.604000000000001,0.19008814999999912
1.6050000000000009,0.1890743199999992
1.6060000000000012,0.18819492791720718
1.607000000000001,0.18727409999999867
1.608000000000001,0.18608338999999893
1.6090000000000009,0.184908539999999
1.6100000000000012,0.18376898999999863
1.611000000000001,0.1825400801629824
1.612000000000001,0.18144170999999887
1.6130000000000009,0.1804263699999992
1.6140000000000012,0.17921798999999847
1.615000000000001,0.1778338599999985
1.616000000000001,0.1764770456814304
1.6170000000000009,0.1750171799999986
1.6180000000000012,0.1734692799999984
1.619000000000001,0.17202239999999816
1.620000000000001,0.1703774199999985
1.6210000000000009,0.1686872990120974
1.6220000000000012,0.1670816399999977
1.623000000000001,0.16534612999999865
1.624000000000001,0.1638300699999988
1.6250000000000009,0.16248432999999876
1.6260000000000012,0.16108314999999856
1.6270000000000011,0.1600049299999985
1.628000000000001,0.1588829799999989
1.629000000000001,0.15762663442455674
1.6300000000000012,0.15677087999999906
1.6310000000000011,0.15605268999999947
1.632000000000001,0.1555789299999999
1.633000000000001,0.1554791199999998
1.6340000000000012,0.15524534305769377
1.6350000000000011,0.15487591999999975
1.636000000000001,0.15465880999999976
1.637000000000001,0.15443074999999978
1.6380000000000012,0.15422048000000016
1.6390000000000011,0.1543732147265275
1.640000000000001,0.15459183
1.641000000000001,0.15459672000000016
1.6420000000000012,0.1547946000000002
1.6430000000000011,0.15493699999999977
1.644000000000001,0.15473620007999178
1.645000000000001,0.1546352399999999
1.6460000000000012,0.1545063999999996
1.6470000000000011,0.15420475999999966
1.648000000000001,0.1539455099999997
1.649000000000001,0.15361652999999964
1.6500000000000012,0.15320878999999973
1.6510000000000011,0.15300447999999967
1.652000000000001,0.15270190999999952
1.653000000000001,0.1522781299999997
1.6540000000000012,0.15193888999999924
1.6550000000000011,0.1512656099999992
1.656000000000001,0.15053697999999907
1.657000000000001,0.14971515514048495
1.6580000000000013,0.1486665599999991
1.6590000000000011,0.14783954999999896
1.660000000000001,0.1469107999999988
1.661000000000001,0.14581062999999922
1.6620000000000013,0.14492304662333647
1.6630000000000011,0.14388927999999865
1.664000000000001,0.14265508999999874
1.665000000000001,0.14122646999999827
1.6660000000000013,0.13929345999999695
1.6670000000000011,0.13700153919207836
1.668000000000001,0.1342319099999972
1.669000000000001,0.13106095999999687
1.6700000000000013,0.12753112999999497
1.6710000000000012,0.12375190999999562
1.672000000000001,0.1197986153294629
1.673000000000001,0.11630402999999756
1.6740000000000013,0.11355857999999783
1.6750000000000012,0.11159622999999906
1.676000000000001,0.1107483299999999
1.677000000000001,0.11065329000000128
1.6780000000000013,0.11180582000000185
1.6790000000000012,0.11347158000000235
1.680000000000001,0.11558133524247807
1.681000000000001,0.11803376000000175
1.6820000000000013,0.11999825000000248
1.6830000000000012,0.12186375000000138
1.684000000000001,0.12309640000000062
1.685000000000001,0.12380671881311896
1.6860000000000013,0.12409484999999977
1.6870000000000012,0.12391314999999958
1.688000000000001,0.12360175999999952
1.689000000000001,0.12305838999999943
1.6900000000000013,0.12241312452654653
1.6910000000000012,0.12203284999999948
1.692000000000001,0.12164455999999942
1.693000000000001,0.12112377999999963
1.6940000000000013,0.12070746999999854
1.6950000000000012,0.1196089998470139
1.696000000000001,0.11808742999999829
1.697000000000001,0.11655418999999789
1.6980000000000013,0.11465756999999775
1.6990000000000012,0.11262950999999734
1.700000000000001,0.11022760999999684
1.701000000000001,0.10737181999999616
1.7020000000000013,0.10390420999999476
1.7030000000000012,0.09997410476921856
1.704000000000001,0.09611179699999595
1.705000000000001,0.09246000599999694
1.7060000000000013,0.089014999999996
1.7070000000000012,0.08601933699999632
1.708000000000001,0.08326449955794132
1.709000000000001,0.08080007899999865
1.7100000000000013,0.07928241799999829
1.7110000000000012,0.07799679799999851
1.712000000000001,0.07688245899999918
1.713000000000001,0.07614038820707851
1.7140000000000013,0.0753656999999993
1.7150000000000012,0.07484580599999985
1.716000000000001,0.0747021880000002
1.717000000000001,0.07487440900000049
1.7180000000000013,0.07531783765713486
1.7190000000000012,0.07608780300000147
1.720000000000001,0.07741728400000183
1.721000000000001,0.07907097000000206
1.7220000000000013,0.0809237660000027
1.7230000000000012,0.08295886200000219
1.724000000000001,0.08492610600000172
1.725000000000001,0.08647156500000101
1.7260000000000013,0.08761595900000098
1.7270000000000012,0.08834378400000033
1.728000000000001,0.08858554100000011
1.729000000000001,0.08873321899999974
1.7300000000000013,0.08843280399999971
1.7310000000000012,0.0882115771955798
1.732000000000001,0.08765353299999987
1.733000000000001,0.08753273599999993
1.7340000000000013,0.08745849100000037
1.7350000000000012,0.08774232900000069
1.736000000000001,0.08835233029817123
1.737000000000001,0.0892453120000013
1.7380000000000013,0.0904228760000015
1.7390000000000012,0.09177083500000204
1.740000000000001,0.09360678500000176
1.741000000000001,0.09519850982751893
1.7420000000000013,0.09697887300000192
1.7430000000000012,0.09843064800000136
1.744000000000001,0.09965816100000134
1.745000000000001,0.10086974000000092
1.7460000000000013,0.10189353762023927
1.7470000000000012,0.1028790800000013
1.748000000000001,0.10386189000000044
1.749000000000001,0.10436390000000044
1.7500000000000013,0.10485985000000078
1.7510000000000012,0.1054473200000002
1.7520000000000011,0.10560588999999984
1.753000000000001,0.10549000999999998
1.7540000000000013,0.10547139662733694
1.7550000000000012,0.10523766999999945
1.7560000000000011,0.10481985999999997
1.757000000000001,0.10479113000000001
1.7580000000000013,0.10480488999999975
1.7590000000000012,0.10461572598340173
1.7600000000000011,0.10467556000000004
1.761000000000001,0.10471534999999989
1.7620000000000013,0.10460981999999985
1.7630000000000012,0.10451033999999991
1.7640000000000011,0.10443432760123979
1.765000000000001,0.1047004600000001
1.7660000000000013,0.10479658999999959
1.7670000000000012,0.10448985000000006
1.7680000000000011,0.10454183999999998
1.769000000000001,0.1045254516388361
1.7700000000000014,0.10442868000000029
1.7710000000000012,0.10464776000000006
1.7720000000000011,0.10469081999999943
1.773000000000001,0.10426546999999996
1.7740000000000014,0.10421740000000046
1.7750000000000012,0.10456255000000012
1.7760000000000011,0.10464253000000007
1.777000000000001,0.10470312000000008
1.7780000000000014,0.10477462000000011
1.7790000000000012,0.1048570399999999
1.7800000000000011,0.10476423999999956
1.781000000000001,0.10437288000000002
1.7820000000000014,0.10438273026197395
1.7830000000000013,0.10448534999999996
1.7840000000000011,0.10444517000000043
1.785000000000001,0.1048367699999999
1.7860000000000014,0.10475081999999915
1.7870000000000013,0.10411198959004077
1.7880000000000011,0.1039078899999999
1.789000000000001,0.10382172999999972
1.7900000000000014,0.10351451999999974
1.7910000000000013,0.10331923999999933
1.7920000000000011,0.10281271065293418
1.793000000000001,0.1019707099999996
1.7940000000000014,0.10152324999999918
1.7950000000000013,0.10090678999999927
1.7960000000000012,0.10036578999999947
1.797000000000001,0.09989612796620288
1.7980000000000014,0.09918957199999873
1.7990000000000013,0.0982345719999995
1.8000000000000012,0.09778781199999918
1.801000000000001,0.09704703099999892
1.8020000000000014,0.09606771899999905
1.8030000000000013,0.09546074299999933
1.8040000000000012,0.09485590499999932
1.805000000000001,0.0942403761560842
1.8060000000000014,0.0940319369999995
1.8070000000000013,0.09365317199999887
1.8080000000000012,0.09279781599999966
1.809000000000001,0.0924801530000001
1.8100000000000014,0.0926026953073692
1.8110000000000013,0.09255576899999997
1.8120000000000012,0.09253801400000038
1.813000000000001,0.09281766400000045
1.8140000000000014,0.0933383330000003
1.8150000000000013,0.09356444338896139
1.8160000000000012,0.09384060700000063
1.817000000000001,0.09430484500000035
1.8180000000000014,0.09461403600000046
1.8190000000000013,0.09495478900000097
1.8200000000000012,0.09568310716818412
1.821000000000001,0.09608531700000003
1.8220000000000014,0.09611243800000036
1.8230000000000013,0.09634284700000034
1.8240000000000012,0.09665197900000048
1.825000000000001,0.09709332100000048
1.8260000000000014,0.09753295000000112
1.8270000000000013,0.09825325800000057
1.8280000000000012,0.09867611550944914
1.829000000000001,0.0987512100000001
1.8300000000000014,0.09884014700000032
1.8310000000000013,0.09907926600000028
1.8320000000000012,0.09928558800000147
1.833000000000001,0.1003932859624043
1.8340000000000014,0.10085291000000093
1.8350000000000013,0.10154639000000026
1.8360000000000012,0.10174282999999859
1.837000000000001,0.10068216000000024
1.8380000000000014,0.1008964785681435
1.8390000000000013,0.10177653000000086
1.8400000000000012,0.10241925000000054
1.841000000000001,0.10290914999999971
1.8420000000000014,0.10265087000000024
1.8430000000000013,0.10280345474152604
1.8440000000000012,0.10391602000000064
1.845000000000001,0.10448804999999958
1.8460000000000014,0.10411623000000089
1.8470000000000013,0.10468702000000085
1.8480000000000012,0.10531818999999956
1.849000000000001,0.1049143800000006
1.8500000000000014,0.10545520999999947
1.8510000000000013,0.10505935999999916
1.8520000000000012,0.10442318999999887
1.853000000000001,0.10357662999999942
1.8540000000000014,0.10291386000000023
1.8550000000000013,0.10308662999999985
1.8560000000000012,0.10297466687531102
1.857000000000001,0.10174341999999831
1.8580000000000014,0.10021662999999871
1.8590000000000013,0.09924402099999903
1.8600000000000012,0.09851732099999934
1.861000000000001,0.0979134217067295
1.8620000000000014,0.09806048899999997
1.8630000000000013,0.09804007399999999
1.8640000000000012,0.09802862299999994
1.865000000000001,0.09797381599999938
1.8660000000000014,0.0974096404175574
1.8670000000000013,0.09766643500000001
1.8680000000000012,0.09767397499999815
1.869000000000001,0.0960071609999998
1.8700000000000014,0.09583175200000037
1.8710000000000013,0.096100817093491
1.8720000000000012,0.09571061999999936
1.873000000000001,0.09523636799999999
1.8740000000000014,0.09522268199999931
1.8750000000000013,0.09470540299999951
1.8760000000000012,0.09433748600000114
1.8770000000000011,0.09518709800000096
1.8780000000000014,0.095908888
1.8790000000000013,0.09590948275462473
1.8800000000000012,0.0960470289999989
1.8810000000000011,0.09521339799999895
1.8820000000000014,0.09426066299999966
1.8830000000000013,0.09404761300000002
1.8840000000000012,0.09405857234776513
1.8850000000000011,0.0939720500000019
1.8860000000000015,0.0956892590000014
1.8870000000000013,0.09658763599999942
1.8880000000000012,0.09621134399999871
1.8890000000000011,0.09505319281511727
1.8900000000000015,0.09453167799999967
1.8910000000000013,0.09432380599999914
1.8920000000000012,0.09367661200000016
1.8930000000000011,0.09379087400000022
1.8940000000000015,0.09399289879752054
1.8950000000000014,0.09284209499999882
1.8960000000000012,0.09196147300000133
1.8970000000000011,0.09296159400000058
1.8980000000000015,0.09339979999999913
1.8990000000000014,0.09274194399999926
1.9000000000000012,0.09218199600000068
1.9010000000000011,0.09269296399999903
1.9020000000000015,0.09181923399999786
1.9030000000000014,0.09044598000000012
1.9040000000000012,0.09053487299999996
1.9050000000000011,0.09050037699999935
1.9060000000000015,0.08991580499999878
1.9070000000000014,0.0891335101244855
1.9080000000000013,0.08765475499999914
1.9090000000000011,0.08687635499999927
1.9100000000000015,0.08621150999999927
1.9110000000000014,0.0857343900000009
1.9120000000000013,0.08640735537966272
1.9130000000000011,0.0870011519999999
1.9140000000000015,0.08691191699999938
1.9150000000000014,0.0864562839999994
1.9160000000000013,0.08599761099999925
1.9170000000000011,0.08543269749135025
1.9180000000000015,0.08525791799999936
1.9190000000000014,0.08477974699999985
1.9200000000000013,0.08467660100000202
1.9210000000000012,0.08620121300000098
1.9220000000000015,0.0870785432669746
1.9230000000000014,0.08706720200000079
1.9240000000000013,0.08766415699999935
1.9250000000000012,0.08708685599999962
1.9260000000000015,0.08674631300000035
1.9270000000000014,0.08696700599999921
1.9280000000000013,0.08645972599999993
1.9290000000000012,0.08640063600000106
1.9300000000000015,0.0873538214694534
1.9310000000000014,0.0876085160000006
1.9320000000000013,0.08805912000000043
1.9330000000000012,0.08838204999999923
1.9340000000000015,0.08768682199999821
1.9350000000000014,0.0863423374864518
1.9360000000000013,0.0866672020000001
1.9370000000000012,0.08673863899999958
1.9380000000000015,0.08641180400000063
1.9390000000000014,0.08687841900000016
1.9400000000000013,0.08700084175772439
1.9410000000000012,0.0866471979999996
1.9420000000000015,0.08634976999999863
1.9430000000000014,0.08546396299999923
1.9440000000000013,0.08487968099999874
1.9450000000000012,0.0839360103670621
1.9460000000000015,0.083528019
1.9470000000000014,0.08351474300000244
1.9480000000000013,0.08509029400000076
1.9490000000000012,0.08577185099999976
1.9500000000000015,0.08555495699999986
1.9510000000000014,0.085473887999997
1.9520000000000013,0.08353967199999875
1.9530000000000012,0.0826071590708944
1.9540000000000015,0.08388786800000081
1.9550000000000014,0.08440987000000084
1.9560000000000013,0.08504073300000055
1.9570000000000012,0.08544972499999826
1.9580000000000015,0.08413934392420631
1.9590000000000014,0.08335858599999933
1.9600000000000013,0.08285503800000033
1.9610000000000012,0.08310375400000007
1.9620000000000015,0.08315196599999915
1.9630000000000014,0.0826067575208471
1.9640000000000013,0.08221938499999822
1.9650000000000012,0.08087103099999904
1.9660000000000015,0.08000241200000119
1.9670000000000014,0.08077047000000034
1.9680000000000013,0.08099643140385991
1.9690000000000012,0.0803838969999998
1.9700000000000015,0.0802053809999997
1.9710000000000014,0.08001553999999954
1.9720000000000013,0.07971994599999928
1.9730000000000012,0.07917358700000066
1.9740000000000015,0.07976404600000034
1.9750000000000014,0.07998477699999867
1.9760000000000013,0.07898548199999952
1.9770000000000012,0.07862882300000115
1.9780000000000015,0.07949520600000032
1.9790000000000014,0.07973623999999938
1.9800000000000013,0.07926655600000006
1.9810000000000012,0.07930776056304356
1.9820000000000015,0.07919339099999942
1.9830000000000014,0.07881810500000205
1.9840000000000013,0.08035782000000075
1.9850000000000012,0.08092547999999909
1.9860000000000015,0.0801153855648405
1.9870000000000014,0.07825103399999724
1.9880000000000013,0.07647832499999807
1.9890000000000012,0.07474131099999858
1.9900000000000015,0.07346523600000139
1.9910000000000014,0.07435415710789053
1.9920000000000013,0.07393723699999691
1.9930000000000012,0.07161592699999829
1.9940000000000015,0.07007727799999604
1.9950000000000014,0.06753557199999731
1.9960000000000013,0.06551400715648177
1.9970000000000012,0.06565855399999992
1.9980000000000016,0.06559123799999901
1.9990000000000014,0.0648512169999996
2.0000000000000013,0.06455127899999992
2.0010000000000012,0.06448445105428954
2.0020000000000016,0.06482499394571135
2.0030000000000014,0.06495091300000028
2.0040000000000013,0.0651555162535495
2.0050000000000012,0.0653280517464509
2.0060000000000016,0.06498473099999948
2.0070000000000014,0.06469764599999994
2.0080000000000013,0.06466550237022585
2.0090000000000012,0.06457920462977394
2.0100000000000016,0.06514987299999984
2.0110000000000015,0.06506142826314536
2.0120000000000013,0.06380405973685076
2.0130000000000012,0.06277017299999733
2.0140000000000016,0.06076649545660597
2.0150000000000015,0.05909106154338883
2.0160000000000013,0.057835731999999904
2.0170000000000012,0.057762152999999435
2.0180000000000016,0.057340432051988216
2.0190000000000015,0.05648095194800911
2.0200000000000014,0.055743745999998054
2.0210000000000012,0.05428602605858725
2.0220000000000016,0.05339661194141039
2.0230000000000015,0.05351089699999981
2.0240000000000014,0.05336491812167584
2.0250000000000012,0.05351613487832449
2.0260000000000016,0.05366493799999875
2.0270000000000015,0.052963546999999375
2.0280000000000014,0.05261376997770171
2.0290000000000012,0.05244106800000014
2.0300000000000016,0.052542828000002345
2.0310000000000015,0.0538647662566503
2.0320000000000014,0.054877332743352845
2.0330000000000013,0.05544963900000118
2.0340000000000016,0.056332585365228054
2.0350000000000015,0.05701623763477407
2.0360000000000014,0.057214613999999955
2.0370000000000013,0.057182216231053504
2.0380000000000016,0.05693452676894585
2.0390000000000015,0.05669895599999856
2.0400000000000014,0.05561662799999902
2.0410000000000013,0.05488232440741936
2.0420000000000016,0.055616398592582585
2.0430000000000015,0.05582882799999972
2.0440000000000014,0.05562003484483076
2.0450000000000013,0.05537848315516872
2.0460000000000016,0.054770890999997685
2.0470000000000015,0.0534658592514481
2.0480000000000014,0.0524683737485488
2.0490000000000013,0.05186693699999933
2.0500000000000016,0.05136370999999995
2.0510000000000015,0.05133708466253371
2.0520000000000014,0.050890273999999625
2.0530000000000013,0.050605818999999164
2.0540000000000016,0.04997387208078025
2.0550000000000015,0.04774467991921282
2.0560000000000014,0.04605162499999791
2.0570000000000013,0.04448350006408558
2.0580000000000016,0.043124140935910785
2.0590000000000015,0.04359800699999985
2.0600000000000014,0.043484825039691796
2.0610000000000013,0.043255221960307594
2.0620000000000016,0.042010116999998584
2.0630000000000015,0.041211645999999595
2.0640000000000014,0.0409094773323325
2.0650000000000013,0.04002280066766514
2.0660000000000016,0.03935262599999895
2.0670000000000015,0.03875692548070157
2.0680000000000014,0.03734173251929403
2.0690000000000013,0.035835019999998184
2.0700000000000016,0.034470816696859155
2.0710000000000015,0.03355778530313801
2.0720000000000014,0.03277327099999876
2.0730000000000013,0.031842555999999314
2.0740000000000016,0.031326994341465436
2.0750000000000015,0.031070408999999875
2.0760000000000014,0.03097576299999945
2.0770000000000013,0.030561562085182195
2.0780000000000016,0.02990241391481605
2.0790000000000015,0.029567630999999695
2.0800000000000014,0.02933828317056426
2.0810000000000013,0.028329988829432606
2.0820000000000016,0.027679658000000325
2.0830000000000015,0.027863354262547834
2.0840000000000014,0.02807597973745283
2.0850000000000013,0.02874130900000021
2.0860000000000016,0.028900024000000222
2.0870000000000015,0.02902581019796035
2.0880000000000014,0.028987789802039535
2.0890000000000013,0.02711275999999837
2.0900000000000016,0.025889665564586637
2.0910000000000015,0.025615311435412506
2.0920000000000014,0.025296237000001366
2.0930000000000013,0.02632086451329802
2.0940000000000016,0.026905997486703536
2.0950000000000015,0.02763070699999932
2.0960000000000014,0.027119919999999288
2.0970000000000013,0.026586567349364272
2.0980000000000016,0.025910060999999276
2.0990000000000015,0.025367009999999416
2.1000000000000014,0.024929928460907504
2.1010000000000013,0.02473453753909189
2.1020000000000016,0.025271550000000337
2.1030000000000015,0.025461576734752273
2.1040000000000014,0.02497892426524623
2.1050000000000013,0.02506028900000125
2.1060000000000016,0.025998370762847913
2.1070000000000015,0.026295999237153013
2.1080000000000014,0.026392216000000485
2.1090000000000013,0.02675626999999949
2.1100000000000017,0.02637277648670183
2.1110000000000015,0.025857643513296568
2.1120000000000014,0.025612418000000154
2.1130000000000013,0.025727168742151953
2.1140000000000017,0.02605459025784892
2.1150000000000015,0.026368414999999958
2.1160000000000014,0.02633637252109558
2.1170000000000013,0.02621158347890403
2.1180000000000017,0.026565475000000536
2.1190000000000015,0.02696623800000002
2.1200000000000014,0.026982409815837285
2.1210000000000013,0.027260568184163586
2.1220000000000017,0.02782936600000068
2.1230000000000016,0.028212925116976477
2.1240000000000014,0.028134094883023274
2.1250000000000013,0.028211072000000406
2.1260000000000017,0.028515721268345357
2.1270000000000016,0.027908404731652764
2.1280000000000014,0.027299339000000665
2.1290000000000013,0.02779992908238397
2.1300000000000017,0.028180752917617048
2.1310000000000016,0.02793751099999954
2.1320000000000014,0.027677056999999505
2.1330000000000013,0.027397659973104806
2.1340000000000017,0.02690739102689389
2.1350000000000016,0.02713548800000202
2.1360000000000015,0.028271771891122788
2.1370000000000013,0.028900683108879166
2.1380000000000017,0.029992852000001426
2.1390000000000016,0.030795907712656417
2.1400000000000015,0.030143034287341552
2.1410000000000013,0.029950526000000286
2.1420000000000017,0.030163692000000596
2.1430000000000016,0.030499502198762574
2.1440000000000015,0.03194148980124191
2.1450000000000014,0.0328056219999991
2.1460000000000017,0.03212944330193984
2.1470000000000016,0.032272462698060604
2.1480000000000015,0.033737887000000806
2.1490000000000014,0.034340225902519506
2.1500000000000017,0.03434925109748052
2.1510000000000016,0.03496386100000152
2.1520000000000015,0.03582015999999991
2.1530000000000014,0.03577248476752318
2.1540000000000017,0.035342827000000056
2.1550000000000016,0.03537393000000045
2.1560000000000015,0.03562735245510644
2.1570000000000014,0.03405190354488866
2.1580000000000017,0.03332695700000467
2.1590000000000016,0.03595099761107925
2.1600000000000015,0.03685710838892357
2.1610000000000014,0.035248036999999066
2.1620000000000017,0.03454488901309564
2.1630000000000016,0.033465019986901004
2.1640000000000015,0.03241973
2.1650000000000014,0.03241886900000031
2.1660000000000017,0.03264918597670503
2.1670000000000016,0.03287895302329569
2.1680000000000015,0.03283596800000098
2.1690000000000014,0.03356828021475755
2.1700000000000017,0.0340004277852436
2.1710000000000016,0.03318481899999863
2.1720000000000015,0.032415044614975096
2.1730000000000014,0.031231194385021224
2.1740000000000017,0.030320787999999994
2.1750000000000016,0.030317283999999528
2.1760000000000015,0.03005237749065054
2.1770000000000014,0.029478419999999637
2.1780000000000017,0.029205025999999825
2.1790000000000016,0.029107195672464774
2.1800000000000015,0.028653920327533815
2.1810000000000014,0.0282903559999999
2.1820000000000017,0.028210398067486986
2.1830000000000016,0.028511072932513946
2.1840000000000015,0.029529369000000357
2.1850000000000014,0.0297981830436911
2.1860000000000017,0.029658619956308467
2.1870000000000016,0.029844017999999067
2.1880000000000015,0.02931825399999908
2.1890000000000014,0.02862946207888475
2.1900000000000017,0.02908025092111665
2.1910000000000016,0.029164421999997615
2.1920000000000015,0.027822781626073052
2.1930000000000014,0.02674904237392361
2.1940000000000017,0.02562336599999858
2.1950000000000016,0.024822806812837574
2.1960000000000015,0.0249109351871627
2.1970000000000014,0.024860677999999612
2.1980000000000017,0.02456999200000021
2.1990000000000016,0.02468985427447317
2.2000000000000015,0.025072599000000268
2.2010000000000014,0.025272019000001672
2.2020000000000017,0.02652804077854569
2.2030000000000016,0.027395826221457007
2.2040000000000015,0.02760926399999902
2.2050000000000014,0.026871979345030758
2.2060000000000017,0.02672542965496872
2.2070000000000016,0.02735742399999984
2.2080000000000015,0.02726514148180291
2.2090000000000014,0.026809959518195682
2.2100000000000017,0.026807559999999706
2.2110000000000016,0.0266413319999989
2.2120000000000015,0.026021620328234022
2.2130000000000014,0.02581490267176534
2.2140000000000017,0.025725701999998234
2.2150000000000016,0.024728898558786686
2.2160000000000015,0.023764486441210316
2.2170000000000014,0.02272771099999972
2.2180000000000017,0.022516045347832567
2.2190000000000016,0.023839523652171547
2.2200000000000015,0.024240081999999535
2.2210000000000014,0.023887902000000728
2.2220000000000018,0.02443237198030281
2.2230000000000016,0.024952174999999834
2.2240000000000015,0.024826378000000926
2.2250000000000014,0.02552067772225722
2.2260000000000018,0.026557900277746464
2.2270000000000016,0.026556834999999338
2.2280000000000015,0.026183322465707527
2.2290000000000014,0.026597979534293763
2.2300000000000018,0.02717151099999847
2.2310000000000016,0.026309645013696103
2.2320000000000015,0.025589781986301664
2.2330000000000014,0.02699323600000065
2.2340000000000018,0.02747935600000041
2.2350000000000017,0.027710221888523828
2.2360000000000015,0.028659107111479124
2.2370000000000014,0.029162009999999725
2.2380000000000018,0.02895661449560076
2.2390000000000017,0.028881570504399007
2.2400000000000015,0.02836414200000005
2.2410000000000014,0.028402420997002537
2.2420000000000018,0.02960239100300173
2.2430000000000017,0.030130329000000705
2.2440000000000015,0.030659793000000598
2.2450000000000014,0.031106763211755657
2.2460000000000018,0.029868880788239956
2.2470000000000017,0.0293555690000023
2.2480000000000016,0.030649413682964307
2.2490000000000014,0.031206243317037426
2.2500000000000018,0.03130359600000048
2.2510000000000017,0.031572362167365656
2.2520000000000016,0.03103403583263267
2.2530000000000014,0.030529384000000718
2.254000000000002,0.031067809966507036
2.2550000000000017,0.03127747503349362
2.2560000000000016,0.030009017999998874
2.2570000000000014,0.02937589600000062
2.258000000000002,0.02972475365066994
2.2590000000000017,0.029771260349330204
2.2600000000000016,0.030283034000001027
2.2610000000000015,0.03086055735392963
2.262000000000002,0.031114096646071277
2.2630000000000017,0.0310462119999994
2.2640000000000016,0.03070453774715013
2.2650000000000015,0.03043200925284903
2.266000000000002,0.030455680999999086
2.2670000000000017,0.02994227199999648
2.2680000000000016,0.027961086699558133
2.2690000000000015,0.026748082300438097
2.270000000000002,0.02598518099999868
2.2710000000000017,0.025242917930912347
2.2720000000000016,0.024332227069084823
2.2730000000000015,0.02469072699999979
2.274000000000002,0.02453093802209147
2.2750000000000017,0.021981158977900605
2.2760000000000016,0.020775212000001663
2.2770000000000015,0.021710122000000175
2.278000000000002,0.021809626049595233
2.2790000000000017,0.021123797000000718
2.2800000000000016,0.021525849000002473
2.2810000000000015,0.022918604937512965
2.282000000000002,0.023207980062488066
2.2830000000000017,0.022940278000001608
2.2840000000000016,0.023844041093583266
2.2850000000000015,0.025074976906420555
2.286000000000002,0.024964973000001632
2.2870000000000017,0.025882691808939613
2.2880000000000016,0.026750781191063087
2.2890000000000015,0.023702153999997394
2.290000000000002,0.02174761500000293
2.2910000000000017,0.02339522925365045
2.2920000000000016,0.024127765746351826
2.2930000000000015,0.02342250199999988
2.294000000000002,0.02333054402059517
2.2950000000000017,0.022890749979403463
2.2960000000000016,0.02288576400000343
2.2970000000000015,0.024817907193463277
2.298000000000002,0.02603984180654106
2.2990000000000017,0.02659989700000112
2.3000000000000016,0.027231281999999656
2.3010000000000015,0.027038642263973317
2.302000000000002,0.026800450000000763
2.3030000000000017,0.02722923600000016
2.3040000000000016,0.02731920687012394
2.3050000000000015,0.02605790812987214
2.306000000000002,0.025423361000000696
2.3070000000000017,0.025815748298540088
2.3080000000000016,0.02568873370145952
2.3090000000000015,0.02692673900000074
2.310000000000002,0.027481496275339405
2.3110000000000017,0.024054249724648424
2.3120000000000016,0.021990402000001318
2.3130000000000015,0.02273080699999954
2.314000000000002,0.022388349949709604
2.3150000000000017,0.022107847050289398
2.3160000000000016,0.02244614599999863
2.3170000000000015,0.02167373769985767
2.318000000000002,0.020210736300137134
2.3190000000000017,0.020134524000000195
2.3200000000000016,0.020244460454603312
2.3210000000000015,0.016669006545385574
2.322000000000002,0.014161521000003103
2.3230000000000017,0.015907019000001573
2.3240000000000016,0.016793886153684153
2.3250000000000015,0.01649542300000169
2.326000000000002,0.01776369500000084
2.3270000000000017,0.018235627989897876
2.3280000000000016,0.015665527010094136
2.3290000000000015,0.014376735000001082
2.330000000000002,0.015189999040297147
2.3310000000000017,0.017720401959712966
2.3320000000000016,0.01974825599999873
2.3330000000000015,0.01903318793151366
2.334000000000002,0.019012503068486265
2.3350000000000017,0.019685480999999127
2.3360000000000016,0.019193360999998625
2.3370000000000015,0.018417826160568338
2.338000000000002,0.01869943183943266
2.3390000000000017,0.019173584999998498
2.3400000000000016,0.018328370275243987
2.3410000000000015,0.017731122724754158
2.342000000000002,0.018119052000001752
2.3430000000000017,0.01910554140572125
2.3440000000000016,0.020589598594283363
2.3450000000000015,0.02122922800000335
2.346000000000002,0.023744538000001092
2.3470000000000018,0.02435965207518379
2.3480000000000016,0.01897040399999667
2.3490000000000015,0.0164693180000012
2.350000000000002,0.01737126260067897
2.3510000000000018,0.016937269399319294
2.3520000000000016,0.01777870800000186
2.3530000000000015,0.01882466018476005
2.354000000000002,0.01696650781523335
2.3550000000000018,0.015789859000004142
2.3560000000000016,0.018121888376026657
2.3570000000000015,0.019275648623976932
2.358000000000002,0.01765081299999877
2.3590000000000018,0.016957955000000142
2.3600000000000017,0.017037729471305506
2.3610000000000015,0.016892442528694044
2.362000000000002,0.018214345000000704
2.3630000000000018,0.01860987096940015
2.3640000000000017,0.014909565030588346
2.3650000000000015,0.014293849000005823
2.366000000000002,0.018663524418418856
2.3670000000000018,0.019897708581586078
2.3680000000000017,0.022120519000001858
2.3690000000000015,0.023512511999991506
2.370000000000002,0.01713519224074381
2.3710000000000018,0.013227599759240568
2.3720000000000017,0.014110142000000322
2.3730000000000016,0.014290413645269295
2.374000000000002,0.01326686635472707
2.3750000000000018,0.014322624000009011
2.3760000000000017,0.019394413401022898
2.3770000000000016,0.02131842359898308
2.378000000000002,0.022463981000002024
2.379000000000002,0.02360162202938656
2.3800000000000017,0.018911915970598867
2.3810000000000016,0.01596695599999927
2.382000000000002,0.015554239000002005
2.383000000000002,0.016457652110286287
2.3840000000000017,0.021628754889729793
2.3850000000000016,0.024388529000002896
2.386000000000002,0.026019179652872936
2.387000000000002,0.027725708347133882
2.3880000000000017,0.023733213999997334
2.3890000000000016,0.02223385032674648
2.390000000000002,0.029567117673279582
2.391000000000002,0.0320698399999925
2.3920000000000017,0.027845827999997748
2.3930000000000016,0.026578415839024965
2.394000000000002,0.02209680616095911
2.395000000000002,0.019364994000012188
2.3960000000000017,0.026225242172571973
2.3970000000000016,0.03024696782744053
2.398000000000002,0.031260106999998614
2.399000000000002,0.030479224527283407
2.4000000000000017,0.02357449747269513
2.4010000000000016,0.020668440999996818
2.4020000000000015,0.018876857999998733
2.403000000000002,0.0181644062451741
2.4040000000000017,0.02652761700000763
2.4050000000000016,0.030820665999997086
2.406000000000002,0.029179658727154646
2.407000000000002,0.0292169302728455
2.4080000000000017,0.028964943999996103
2.4090000000000016,0.026772169641565362
2.4100000000000015,0.022848585358422442
2.411000000000002,0.02132700899999687
2.4120000000000017,0.019564675457207064
2.4130000000000016,0.018639247542790057
2.414000000000002,0.023427350000004864
2.415000000000002,0.02616598299999526
2.4160000000000017,0.02349773253299341
2.4170000000000016,0.02350306246700661
2.4180000000000015,0.027440475000003243
2.419000000000002,0.029875205748551528
2.4200000000000017,0.03064269125145086
2.4210000000000016,0.03188697600000197
2.422000000000002,0.032993640293739857
2.423000000000002,0.032316577706257434
2.4240000000000017,0.03333713899999627
2.4250000000000016,0.031235947999989317
2.4260000000000015,0.02522208138665234
2.427000000000002,0.02620073000000182
2.4280000000000017,0.02722554799999393
2.4290000000000016,0.023810867329235274
2.430000000000002,0.02450415967076719
2.431000000000002,0.024989814999996883
2.4320000000000017,0.023236966162470944
2.4330000000000016,0.02536859083753568
2.4340000000000015,0.025751441999999954
2.435000000000002,0.02571557426775068
2.4360000000000017,0.028338251732258637
2.4370000000000016,0.027274830000001037
2.438000000000002,0.02785815100000455
2.439000000000002,0.03041812372955805
2.4400000000000017,0.03287541927045068
2.4410000000000016,0.035100690999998435
2.4420000000000015,0.03421617203288331
2.443000000000002,0.027946500967094414
2.4440000000000017,0.01973352200000968
2.4450000000000016,0.02518331899611525
2.446000000000002,0.034153280003916625
2.447000000000002,0.035695251000010045
2.4480000000000017,0.04134906099998313
2.4490000000000016,0.031852127356849544
2.4500000000000015,0.022695696000002544
2.451000000000002,0.02460472099999814
2.4520000000000017,0.02355849140091692
2.4530000000000016,0.0217625005990775
2.454000000000002,0.021197111999983115
2.455000000000002,0.011692379692474606
2.4560000000000017,0.008339304507511993
2.4570000000000016,0.019682359000013604
2.4580000000000015,0.02734104523947221
2.459000000000002,0.03980343976057207
2.4600000000000017,0.04816188699999367
2.4610000000000016,0.04460015899999156
2.462000000000002,0.03985101911465979
2.463000000000002,0.031452165885306645
2.4640000000000017,0.026620760999984734
2.4650000000000016,0.018027778941802623
2.4660000000000015,0.01243719705818
2.467000000000002,0.01610880300000391
2.4680000000000017,0.018311424331649243
2.4690000000000016,0.02796474066838077
2.470000000000002,0.03535151100000206
2.471000000000002,0.03651038600000137
2.4720000000000018,0.037281603211069346
2.4730000000000016,0.03136371399999311
2.4740000000000015,0.026194044999993
2.475000000000002,0.02094116075685194
2.4760000000000018,0.022548729243154486
2.4770000000000016,0.031152705000027293
2.478000000000002,0.04651831801443289
2.479000000000002,0.06390846198563661
2.4800000000000018,0.06780095400000302
2.4810000000000016,0.06949207869085665
2.4820000000000015,0.06627898730913337
2.483000000000002,0.05450709199998479
2.4840000000000018,0.045946523999999364
2.4850000000000017,0.0455905139391354
2.486000000000002,0.05998990506091576
2.487000000000002,0.0735701170000081
2.4880000000000018,0.07811891456195952
2.4890000000000017,0.060704534437986346
2.4900000000000015,0.017956474999962762
2.491000000000002,-0.009993005904459675
2.4920000000000018,-0.01999005029558028
2.4930000000000017,-0.007682781699952653
2.494000000000002,0.027856098000029313
2.495000000000002,0.044357539805567496
2.4960000000000018,0.058265595194488075
2.4970000000000017,0.06802298899999158
2.4980000000000016,0.06328230043541888
2.499000000000002,0.06697665456459426
2.5000000000000018,0.066976979
2.5010000000000017,0.066976979
2.502000000000002,0.066976979
2.503000000000002,0.066976979
2.504000000000002,0.066976979
2.5050000000000017,0.066976979
2.5060000000000016,0.066976979
2.507000000000002,0.066976979
2.508000000000002,0.066976979
2.5090000000000017,0.066976979
2.510000000000002,0.066976979
2.511000000000002,0.066976979
2.512000000000002,0.066976979
2.5130000000000017,0.066976979
2.5140000000000016,0.066976979
2.515000000000002,0.066976979
2.516000000000002,0.066976979
2.5170000000000017,0.066976979
2.518000000000002,0.066976979
2.519000000000002,0.066976979
2.520000000000002,0.066976979
2.5210000000000017,0.066976979
2.5220000000000016,0.066976979
2.523000000000002,0.066976979
2.524000000000002,0.066976979
2.5250000000000017,0.066976979
2.526000000000002,0.066976979
2.527000000000002,0.066976979
2.528000000000002,0.066976979
2.5290000000000017,0.066976979
2.5300000000000016,0.066976979
2.531000000000002,0.066976979
2.532000000000002,0.066976979
2.5330000000000017,0.066976979
2.534000000000002,0.066976979
2.535000000000002,0.066976979
2.536000000000002,0.066976979
2.5370000000000017,0.066976979
2.5380000000000016,0.066976979
2.539000000000002,0.066976979
2.540000000000002,0.066976979
2.5410000000000017,0.066976979
2.542000000000002,0.066976979
2.543000000000002,0.066976979
2.544000000000002,0.066976979
2.5450000000000017,0.066976979
2.5460000000000016,0.066976979
2.547000000000002,0.066976979
2.548000000000002,0.066976979
2.5490000000000017,0.066976979
2.550000000000002,0.066976979
2.551000000000002,0.066976979
2.552000000000002,0.066976979
2.5530000000000017,0.066976979
2.5540000000000016,0.066976979
2.555000000000002,0.066976979
2.556000000000002,0.066976979
2.5570000000000017,0.066976979
2.558000000000002,0.066976979
2.559000000000002,0.066976979
2.560000000000002,0.066976979
2.5610000000000017,0.066976979
2.5620000000000016,0.066976979
2.563000000000002,0.066976979
2.564000000000002,0.066976979
2.5650000000000017,0.066976979
2.566000000000002,0.066976979
2.567000000000002,0.066976979
2.568000000000002,0.066976979
2.5690000000000017,0.066976979
2.5700000000000016,0.066976979
2.571000000000002,0.066976979
2.572000000000002,0.066976979
2.5730000000000017,0.066976979
2.574000000000002,0.066976979
2.575000000000002,0.066976979
2.576000000000002,0.066976979
2.5770000000000017,0.066976979
2.5780000000000016,0.066976979
2.579000000000002,0.066976979
2.580000000000002,0.066976979
2.5810000000000017,0.066976979
2.582000000000002,0.066976979
2.583000000000002,0.066976979
2.584000000000002,0.066976979
2.5850000000000017,0.066976979
2.5860000000000016,0.066976979
2.587000000000002,0.066976979
2.588000000000002,0.066976979
2.5890000000000017,0.066976979
2.590000000000002,0.066976979
2.591000000000002,0.066976979
2.592000000000002,0.066976979
2.5930000000000017,0.066976979
2.5940000000000016,0.066976979
2.595000000000002,0.066976979
2.596000000000002,0.066976979
2.5970000000000018,0.066976979
2.598000000000002,0.066976979
2.599000000000002,0.066976979
