wave,r
0.4,0.014088622982370352
0.401,0.014099053106387873
0.402,0.014109691893612128
0.403,0.014076225
0.404,0.014079909963150368
0.405,0.014143459
0.406,0.014142808825103496
0.40700000000000003,0.014125319174896503
0.40800000000000003,0.01412485233756325
0.40900000000000003,0.014158608662436753
0.41000000000000003,0.014189004
0.41100000000000003,0.014195532934710653
0.41200000000000003,0.014181538
0.41300000000000003,0.014169292242647574
0.41400000000000003,0.014193557000000002
0.41500000000000004,0.014223275157956843
0.41600000000000004,0.01423907084204316
0.41700000000000004,0.014261145
0.41800000000000004,0.014265891952530476
0.41900000000000004,0.014272052000000002
0.42000000000000004,0.014297230008109918
0.42100000000000004,0.014298041
0.42200000000000004,0.01430348513148737
0.42300000000000004,0.014316633868512627
0.42400000000000004,0.014322273320983582
0.42500000000000004,0.014354371679016422
0.42600000000000005,0.014377673999999997
0.42700000000000005,0.014377971197588029
0.42800000000000005,0.014397729999999997
0.42900000000000005,0.014379919765674685
0.43000000000000005,0.014356487234325312
0.43100000000000005,0.014368670011439771
0.43200000000000005,0.014369813988560229
0.43300000000000005,0.014388442000000001
0.43400000000000005,0.014421448200347997
0.43500000000000005,0.014441483000000001
0.43600000000000005,0.014467441320953582
0.43700000000000006,0.01449953667904642
0.43800000000000006,0.01453381030056399
0.43900000000000006,0.014563866699436013
0.44000000000000006,0.014592008000000002
0.44100000000000006,0.014614837771702284
0.44200000000000006,0.014632693000000002
0.44300000000000006,0.014672537329503412
0.44400000000000006,0.014705487670496592
0.44500000000000006,0.014730632416281676
0.44600000000000006,0.014772260583718328
0.44700000000000006,0.014813570000000002
0.44800000000000006,0.014848415651543486
0.44900000000000007,0.014878198999999998
0.45000000000000007,0.01491698039054219
0.45100000000000007,0.014956034609457812
0.45200000000000007,0.014995021406581871
0.45300000000000007,0.015035679593418134
0.45400000000000007,0.015073754000000002
0.45500000000000007,0.015115511582424178
0.45600000000000007,0.015161102000000001
0.4570000000000001,0.015204238458775415
0.4580000000000001,0.015250116000000005
0.4590000000000001,0.01530052350161997
0.4600000000000001,0.015350685498380036
0.4610000000000001,0.015377971000000002
0.4620000000000001,0.015423952540184601
0.4630000000000001,0.015483378000000006
0.4640000000000001,0.015533368572734279
0.4650000000000001,0.015590642000000004
0.4660000000000001,0.015647868548999026
0.4670000000000001,0.015702768451000982
0.4680000000000001,0.01576094546662067
0.4690000000000001,0.015807607533379335
0.4700000000000001,0.015852259000000007
0.4710000000000001,0.015906626662503382
0.4720000000000001,0.015972877000000003
0.4730000000000001,0.016034389541829168
0.4740000000000001,0.01608857245817084
0.4750000000000001,0.016142659684546316
0.4760000000000001,0.0162111143154537
0.4770000000000001,0.016274039000000004
0.4780000000000001,0.01632612061861382
0.4790000000000001,0.016387982000000006
0.4800000000000001,0.016456155658076847
0.4810000000000001,0.01652196334192317
0.4820000000000001,0.01658035366079679
0.4830000000000001,0.016646433339203223
0.4840000000000001,0.01670923100000001
0.4850000000000001,0.016772454367766327
0.4860000000000001,0.01684782800000001
0.4870000000000001,0.016915582674766512
0.4880000000000001,0.016983059325233505
0.4890000000000001,0.017056283756794875
0.4900000000000001,0.017131963243205144
0.4910000000000001,0.017210262000000007
0.4920000000000001,0.01728698523276768
0.4930000000000001,0.017359070000000008
0.4940000000000001,0.017434701772022287
0.4950000000000001,0.01751190400000001
0.4960000000000001,0.017592672889022228
0.4970000000000001,0.01768157511097779
0.4980000000000001,0.01775610400000001
0.4990000000000001,0.017835067210367903
0.5000000000000001,0.01792975900000001
0.5010000000000001,0.01801701483530672
0.5020000000000001,0.018100545552452392
0.5030000000000001,0.01818562729836509
0.5040000000000001,0.018276409092180926
0.5050000000000001,0.01836249200000001
0.5060000000000001,0.018448797820828967
0.5070000000000001,0.018539839268756568
0.5080000000000001,0.018638115034480356
0.5090000000000001,0.01872658200000001
0.5100000000000001,0.01881581299450996
0.5110000000000001,0.018915263889064445
0.5120000000000001,0.019009717110935576
0.5130000000000001,0.019106031036860385
0.5140000000000001,0.01920102400000001
0.5150000000000001,0.019288311989419802
0.5160000000000001,0.019387254276826176
0.5170000000000001,0.019496481815449242
0.5180000000000001,0.019610118863628657
0.5190000000000001,0.019719784053620553
0.5200000000000001,0.01982514621280937
0.5210000000000001,0.01993578668078598
0.5220000000000001,0.020057831779545614
0.5230000000000001,0.020169558000000015
0.5240000000000001,0.020282165182851846
0.5250000000000001,0.020400450447562113
0.5260000000000001,0.020522828552437915
0.5270000000000001,0.020644802780257824
0.5280000000000001,0.020767149000000013
0.5290000000000001,0.020891683568285694
0.5300000000000001,0.021020097844427797
0.5310000000000001,0.021148245437048165
0.5320000000000001,0.02127727170973712
0.5330000000000001,0.02140980734502347
0.5340000000000001,0.02154430979990002
0.5350000000000001,0.021684304800150017
0.5360000000000001,0.021828519557851183
0.5370000000000001,0.02197019200000002
0.5380000000000001,0.022112160368457392
0.5390000000000001,0.022249005963881827
0.5400000000000001,0.022381135357412145
0.5410000000000001,0.022531034501005038
0.5420000000000001,0.022685656000000016
0.5430000000000001,0.02284176219912006
0.5440000000000002,0.023001718201319965
0.5450000000000002,0.023161892796507984
0.5460000000000002,0.023325521000000016
0.5470000000000002,0.023492591628896317
0.5480000000000002,0.023655481394784225
0.5490000000000002,0.023825220605215813
0.5500000000000002,0.023995884293362964
0.5510000000000002,0.024160497000000024
0.5520000000000002,0.02433354171193427
0.5530000000000002,0.024504735083395856
0.5540000000000002,0.02467418161106947
0.5550000000000002,0.02485160322578229
0.5560000000000002,0.025030254808668113
0.5570000000000002,0.02521112165693719
0.5580000000000002,0.025393968514594304
0.5590000000000002,0.02557271342510427
0.5600000000000002,0.02574930500000002
0.5610000000000002,0.025923410722717255
0.5620000000000002,0.0260956826684733
0.5630000000000002,0.02627910633152676
0.5640000000000002,0.026465215138911424
0.5650000000000002,0.02664985700000004
0.5660000000000002,0.026836441665156693
0.5670000000000002,0.027019699543482854
0.5680000000000002,0.027204482304344805
0.5690000000000002,0.027393726107561106
0.5700000000000002,0.0275758248571486
0.5710000000000002,0.027761539800949992
0.5720000000000002,0.027951587298575106
0.5730000000000002,0.02814066410923222
0.5740000000000002,0.02833602900000004
0.5750000000000002,0.028530330916609198
0.5760000000000002,0.02872199203433867
0.5770000000000002,0.02892370896566142
0.5780000000000002,0.029128209954989586
0.5790000000000002,0.029333852000000046
0.5800000000000002,0.029541463248142524
0.5810000000000002,0.029753870490385515
0.5820000000000002,0.029970216673076394
0.5830000000000002,0.03018988900000005
0.5840000000000002,0.030411953220132237
0.5850000000000002,0.030633966411639464
0.5860000000000002,0.03085454838254091
0.5870000000000002,0.031074400801476068
0.5880000000000002,0.03130010500000005
0.5890000000000002,0.03152255223462473
0.5900000000000002,0.031746014993940336
0.5910000000000002,0.03197914633737319
0.5920000000000002,0.03220814271003714
0.5930000000000002,0.03244288542529429
0.5940000000000002,0.03268541476516179
0.5950000000000002,0.032923672852257425
0.5960000000000002,0.03317687893586942
0.5970000000000002,0.03343493100000006
0.5980000000000002,0.033686461595736
0.5990000000000002,0.033946035320027254
0.6000000000000002,0.03421203667997287
0.6010000000000002,0.03448005831978324
0.6020000000000002,0.03474543200000006
0.6030000000000002,0.035018494765455356
0.6040000000000002,0.03529504028603574
0.6050000000000002,0.03557124147597627
0.6060000000000002,0.035848451227902325
0.6070000000000002,0.03613046485199857
0.6080000000000002,0.03641566472063403
0.6090000000000002,0.0367016964190491
0.6100000000000002,0.0369939630773316
0.6110000000000002,0.03728523500000006
0.6120000000000002,0.037576238995530004
0.6130000000000002,0.03787579211139561
0.6140000000000002,0.03818136188860453
0.6150000000000002,0.038488909924519296
0.6160000000000002,0.03879604500000007
0.6170000000000002,0.03910576025974266
0.6180000000000002,0.03941874747868615
0.6190000000000002,0.03973470368087603
0.6200000000000002,0.04005293900000007
0.6210000000000002,0.040374766211682206
0.6220000000000002,0.04069593443191847
0.6230000000000002,0.04101753035212245
0.6240000000000002,0.04134891568614378
0.6250000000000002,0.041678198000000076
0.6260000000000002,0.042008831367957446
0.6270000000000002,0.042345627088285674
0.6280000000000002,0.04268190327447636
0.6290000000000002,0.043020591613116194
0.6300000000000002,0.04336160400000008
0.6310000000000002,0.04370224385293743
0.6320000000000002,0.04404489072059403
0.6330000000000002,0.04438407821625224
0.6340000000000002,0.04472006500000008
0.6350000000000002,0.045066624463814736
0.6360000000000002,0.04541300592846294
0.6370000000000002,0.04575942907153722
0.6380000000000002,0.04610893550493515
0.6390000000000002,0.046457287000000076
0.6400000000000002,0.04680351547143952
0.6410000000000002,0.04715065961610929
0.6420000000000002,0.04750452992259395
0.6430000000000002,0.04785820146328473
0.6440000000000002,0.048209532492685024
0.6450000000000002,0.04855880099731021
0.6460000000000002,0.04890866650403491
0.6470000000000002,0.04925787050796027
0.6480000000000002,0.049605932000000075
0.6490000000000002,0.0499535755203653
0.6500000000000002,0.05030561219087244
0.6510000000000002,0.05066515580912772
0.6520000000000002,0.051028568365873765
0.6530000000000002,0.05138561100000008
0.6540000000000002,0.05174553017013178
0.6550000000000002,0.052104036635878294
0.6560000000000002,0.05245856590941461
0.6570000000000003,0.052819036395294054
0.6580000000000003,0.053188133727607376
0.6590000000000003,0.05356089436839166
0.6600000000000003,0.05392931394741274
0.6610000000000003,0.05430151127802567
0.6620000000000003,0.05467709200000008
0.6630000000000003,0.055053852744665
0.6640000000000003,0.05542831943557832
0.6650000000000003,0.05580950537628127
0.6660000000000003,0.05619771411791129
0.6670000000000003,0.05659089200000009
0.6680000000000003,0.05698784502871865
0.6690000000000003,0.05738928095692227
0.6700000000000003,0.0577943208991991
0.6710000000000003,0.05820129800000014
0.6720000000000003,0.0586137742378925
0.6730000000000003,0.059037563657453794
0.6740000000000003,0.059470436342546396
0.6750000000000003,0.05989634574090753
0.6760000000000003,0.06032871100000013
0.6770000000000003,0.06076899945326918
0.6780000000000003,0.06121432635215251
0.6790000000000003,0.061659398098565174
0.6800000000000003,0.062108020513775265
0.6810000000000003,0.06256229861307626
0.6820000000000003,0.0630236065012451
0.6830000000000003,0.06349866874813273
0.6840000000000003,0.06398241732502337
0.6850000000000003,0.0644691960000001
0.6860000000000003,0.06495527690289916
0.6870000000000003,0.06544556689756426
0.6880000000000003,0.06594044510243602
0.6890000000000003,0.0664398400060502
0.6900000000000003,0.06694948700000017
0.6910000000000003,0.06746582236594383
0.6920000000000003,0.06798411948117608
0.6930000000000003,0.06850015867921616
0.6940000000000003,0.06902089179266807
0.6950000000000003,0.06954411924325259
0.6960000000000003,0.07006844460001017
0.6970000000000003,0.07059844509998515
0.6980000000000003,0.07113587362571266
0.6990000000000003,0.07167726000000013
0.7000000000000003,0.07221910148286498
0.7010000000000003,0.0727673880474183
0.7020000000000003,0.0733197589525821
0.7030000000000003,0.07387607743681453
0.7040000000000003,0.07443761100000013
0.7050000000000003,0.07500643644481464
0.7060000000000003,0.07557867713421344
0.7070000000000003,0.07614981757719134
0.7080000000000003,0.07671944800000019
0.7090000000000003,0.07729128575331769
0.7100000000000003,0.07786661759774029
0.7110000000000003,0.07844650460339
0.7120000000000003,0.07902959116913355
0.7130000000000003,0.0796209420000002
0.7140000000000003,0.0802200650014802
0.7150000000000003,0.08082021309461543
0.7160000000000003,0.08142336693692337
0.7170000000000003,0.08202692296443981
0.7180000000000003,0.08263175817801195
0.7190000000000003,0.08324955941129965
0.7200000000000003,0.08387012438305103
0.7210000000000003,0.08448998860271624
0.7220000000000003,0.08511006100000021
0.7230000000000003,0.0857398123319435
0.7240000000000003,0.08637300670467203
0.7250000000000003,0.08700824029532842
0.7260000000000003,0.0876489585928161
0.7270000000000003,0.08828805400000021
0.7280000000000003,0.08892675344681909
0.7290000000000003,0.08957143590124511
0.7300000000000003,0.09023481073250361
0.7310000000000003,0.09090034034470364
0.7320000000000003,0.0915646696313765
0.7330000000000003,0.0922278071402432
0.7340000000000003,0.09288481928963571
0.7350000000000003,0.09354108643732893
0.7360000000000003,0.09420625900000022
0.7370000000000003,0.09488983384513863
0.7380000000000003,0.09557434772641116
0.7390000000000003,0.0962606682735893
0.7400000000000003,0.09694809512573145
0.7410000000000003,0.09762977800000022
0.7420000000000003,0.09831487984123864
0.7430000000000003,0.09900694200578997
0.7440000000000003,0.09970713499614042
0.7450000000000003,0.10041386000000023
0.7460000000000003,0.10112697716907196
0.7470000000000003,0.10184388433428351
0.7480000000000003,0.10256059849857528
0.7490000000000003,0.10328143279165604
0.7500000000000003,0.10400102000000024
0.7510000000000003,0.10471813722224473
0.7520000000000003,0.10544036208339609
0.7530000000000003,0.10617647527773637
0.7540000000000003,0.10691996256512587
0.7550000000000003,0.10766496000000025
0.7560000000000003,0.10841712501344956
0.7570000000000003,0.10916779747982623
0.7580000000000003,0.1099154950460507
0.7590000000000003,0.11066183000000025
0.7600000000000003,0.11140969756517595
0.7610000000000003,0.11216621532358731
0.7620000000000003,0.11293239467641321
0.7630000000000003,0.11370293229462325
0.7640000000000003,0.11448033000000027
0.7650000000000003,0.11526529789915829
0.7660000000000003,0.11605521364331813
0.7670000000000003,0.11684332423778838
0.7680000000000003,0.11762967213652167
0.7690000000000003,0.11841208781477845
0.7700000000000004,0.11919356593540348
0.7710000000000004,0.11999033609689548
0.7720000000000004,0.1208013918894381
0.7730000000000004,0.12162258000000027
0.7740000000000004,0.12244625820178234
0.7750000000000004,0.12326643628954868
0.7760000000000004,0.12408091371045187
0.7770000000000004,0.12489297187941911
0.7780000000000004,0.12571394000000027
0.7790000000000004,0.12653630645356478
0.7800000000000004,0.12735898477906135
0.7810000000000004,0.12818495348062625
0.7820000000000004,0.12901666168291714
0.7830000000000004,0.12985931848248516
0.7840000000000004,0.13070756691635446
0.7850000000000004,0.1315533846254691
0.7860000000000004,0.13240859144792927
0.7870000000000004,0.13326894000000028
0.7880000000000004,0.134131098632273
0.7890000000000004,0.1349943262351886
0.7900000000000004,0.13586883250987483
0.7910000000000004,0.13674373125101286
0.7920000000000004,0.13761485000000032
0.7930000000000004,0.138495437685516
0.7940000000000004,0.13937971347172678
0.7950000000000004,0.14026442230582337
0.7960000000000004,0.14114916000000038
0.7970000000000004,0.14204058904329078
0.7980000000000004,0.14294491825647002
0.7990000000000004,0.14385774174353058
0.8000000000000004,0.14477066087080906
0.8010000000000004,0.14568006000000042
0.8020000000000004,0.14659587924568526
0.8030000000000004,0.14752044780441015
0.8040000000000004,0.1484472614637271
0.8050000000000004,0.14938345063810674
0.8060000000000004,0.15032849948569524
0.8070000000000004,0.15127706887945644
0.8080000000000004,0.15222104168081635
0.8090000000000004,0.15316729107501106
0.8100000000000004,0.15412383000000032
0.8110000000000004,0.155094309663797
0.8120000000000004,0.15606068938022521
0.8130000000000004,0.15702970061977556
0.8140000000000004,0.1580066902301027
0.8150000000000004,0.15899186000000046
0.8160000000000004,0.15997681998880028
0.8170000000000004,0.16097626038878093
0.8180000000000004,0.16198921974081332
0.8190000000000004,0.16300259986619905
0.8200000000000004,0.1640220702689031
0.8210000000000004,0.16504896066416724
0.8220000000000004,0.16608216900375025
0.8230000000000004,0.16711819963969318
0.8240000000000004,0.16816287000000035
0.8250000000000004,0.16921420054550584
0.8260000000000004,0.17026875114515466
0.8270000000000004,0.17132600885484628
0.8280000000000004,0.17239435931649358
0.8290000000000004,0.17346719000000035
0.8300000000000004,0.17453696167501723
0.8310000000000004,0.17562071278146132
0.8320000000000004,0.1767134281456932
0.8330000000000004,0.1778125900000005
0.8340000000000004,0.1789186411886123
0.8350000000000004,0.18003750259207088
0.8360000000000004,0.18116710611189488
0.8370000000000004,0.1823054986160728
0.8380000000000004,0.1834498800000005
0.8390000000000004,0.18459415147102984
0.8400000000000004,0.18574125465216784
0.8410000000000004,0.1868963268985556
0.8420000000000004,0.1880668182950834
0.8430000000000004,0.1892469018252187
0.8440000000000004,0.19042942361061999
0.8450000000000004,0.1916099545840713
0.8460000000000004,0.19279529629316347
0.8470000000000004,0.19398470000000054
0.8480000000000004,0.19517928201312057
0.8490000000000004,0.19638059409963654
0.8500000000000004,0.19758557590036455
0.8510000000000004,0.19880001785557902
0.8520000000000004,0.20002207000000055
0.8530000000000004,0.201244712226745
0.8540000000000004,0.2024673868951557
0.8550000000000004,0.2036972254032304
0.8560000000000004,0.2049340976312768
0.8570000000000004,0.20617407262652673
0.8580000000000004,0.20743672533453386
0.8590000000000004,0.2087034519982006
0.8600000000000004,0.20996613737314795
0.8610000000000004,0.21123673000000057
0.8620000000000004,0.21251453288292935
0.8630000000000004,0.2138028259167639
0.8640000000000004,0.21509866408323727
0.8650000000000004,0.2163909270773713
0.8660000000000004,0.21768689000000058
0.8670000000000004,0.21899474644006497
0.8680000000000004,0.22031674942942917
0.8690000000000004,0.2216310637137149
0.8700000000000004,0.22295035000000057
0.8710000000000004,0.2242799433856345
0.8720000000000004,0.2256185066952658
0.8730000000000004,0.2269532699571027
0.8740000000000004,0.22828796665303358
0.8750000000000004,0.2296285000000006
0.8760000000000004,0.23097799349437056
0.8770000000000004,0.2323274306506681
0.8780000000000004,0.23368245289955564
0.8790000000000004,0.2350458063664642
0.8800000000000004,0.2364174700000006
0.8810000000000004,0.23779472764921816
0.8820000000000005,0.23917718852617423
0.8830000000000005,0.24056123231912382
0.8840000000000005,0.2419412600000006
0.8850000000000005,0.24333290386713935
0.8860000000000005,0.24471961762149572
0.8870000000000005,0.2461006923785055
0.8880000000000005,0.24750943591255983
0.8890000000000005,0.24892451000000063
0.8900000000000005,0.2503417541897845
0.8910000000000005,0.25176073257087217
0.8920000000000005,0.2531797616194197
0.8930000000000005,0.25459285586905944
0.8940000000000005,0.2560087842734434
0.8950000000000005,0.25743612869516586
0.8960000000000005,0.25887088695725285
0.8970000000000005,0.2603040756681141
0.8980000000000005,0.26173785000000066
0.8990000000000005,0.2631789245574463
0.9000000000000005,0.2646346693832253
0.9010000000000005,0.266103830616776
0.9020000000000005,0.2675742952953537
0.9030000000000005,0.2690335200000007
0.9040000000000005,0.2705013794896955
0.9050000000000005,0.27197586429968573
0.9060000000000005,0.27345252046687735
0.9070000000000005,0.27492855523965315
0.9080000000000005,0.2764102948348491
0.9090000000000005,0.2778937797485132
0.9100000000000005,0.27938120537723193
0.9110000000000005,0.2808753950581019
0.9120000000000005,0.28235033000000065
0.9130000000000005,0.2838337550079009
0.9140000000000005,0.2853345452770369
0.9150000000000005,0.2868437798153099
0.9160000000000005,0.2883554848829496
0.9170000000000005,0.2898737800000007
0.9180000000000005,0.2914012706388687
0.9190000000000005,0.2929332140416987
0.9200000000000005,0.29445549955429623
0.9210000000000005,0.29597041000000085
0.9220000000000005,0.29748697529595375
0.9230000000000005,0.2990165702193919
0.9240000000000005,0.3005275397806095
0.9250000000000005,0.30204863478904864
0.9260000000000005,0.30358991000000085
0.9270000000000005,0.30512510543070936
0.9280000000000005,0.3066681765573729
0.9290000000000005,0.3082200889617526
0.9300000000000005,0.30978049439594474
0.9310000000000005,0.311350835629757
0.9320000000000005,0.312913811357033
0.9330000000000005,0.3144816629644526
0.9340000000000005,0.3160597084390851
0.9350000000000005,0.3176353600000007
0.9360000000000005,0.31922985599006065
0.9370000000000005,0.3208288618441271
0.9380000000000005,0.32242106815587446
0.9390000000000005,0.324009164119042
0.9400000000000005,0.3255858700000009
0.9410000000000005,0.32715547150371593
0.9420000000000005,0.3287306580287993
0.9430000000000005,0.3303316179808017
0.9440000000000005,0.331929964016541
0.9450000000000005,0.33352763605886143
0.9460000000000005,0.3351335223709823
0.9470000000000005,0.33675207144352864
0.9480000000000005,0.33836804384027763
0.9490000000000005,0.3399969900000007
0.9500000000000005,0.34164394643226514
0.9510000000000005,0.3432871722115124
0.9520000000000005,0.34489774778848936
0.9530000000000005,0.34651021387533953
0.9540000000000005,0.34814548000000073
0.9550000000000005,0.34978199259752685
0.9560000000000005,0.35141186870376556
0.9570000000000005,0.3530353275308244
0.9580000000000005,0.3546510900000009
0.9590000000000005,0.35625232612176205
0.9600000000000005,0.35786450271056536
0.9610000000000005,0.3595000309341541
0.9620000000000005,0.3611467335329715
0.9630000000000005,0.3627710600000009
0.9640000000000005,0.3644244265713322
0.9650000000000005,0.3660815591606428
0.9660000000000005,0.36772024722623964
0.9670000000000005,0.36934192378323866
0.9680000000000005,0.37098743652136607
0.9690000000000005,0.3726395727987609
0.9700000000000005,0.3742795108018608
0.9710000000000005,0.3759052174858758
0.9720000000000005,0.3775579000000009
0.9730000000000005,0.3792016962623634
0.9740000000000005,0.38082793287968575
0.9750000000000005,0.38247191712031614
0.9760000000000005,0.3841585931332322
0.9770000000000005,0.38584319000000095
0.9780000000000005,0.3875098666896346
0.9790000000000005,0.3891788293592328
0.9800000000000005,0.3908241370938463
0.9810000000000005,0.39245475369383775
0.9820000000000005,0.3940933766385672
0.9830000000000005,0.3957572323201849
0.9840000000000005,0.39737324151972486
0.9850000000000005,0.39902932343916964
0.9860000000000005,0.4007047700000009
0.9870000000000005,0.4023229367904687
0.9880000000000005,0.4040019828826856
0.9890000000000005,0.40564611711731624
0.9900000000000005,0.4072730337308382
0.9910000000000005,0.40895113000000094
0.9920000000000005,0.4106362234379353
0.9930000000000005,0.41230812047937704
0.9940000000000005,0.41399076634708354
0.9950000000000006,0.4156993600000009
0.9960000000000006,0.4173419065502665
0.9970000000000006,0.41899693279516115
0.9980000000000006,0.4206366908072605
0.9990000000000006,0.42223964397048025
1.0000000000000004,0.42391115000000074
1.0010000000000006,0.4255471200000011
1.0020000000000007,0.4271828800000011
1.0030000000000006,0.4288261800000011
1.0040000000000004,0.4304923276902318
1.0050000000000006,0.4321692300000011
1.0060000000000007,0.4338111300000011
1.0070000000000006,0.4354600300000007
1.0080000000000005,0.4371043400000007
1.0090000000000006,0.43873627141085975
1.0100000000000007,0.4403503800000011
1.0110000000000006,0.4419986300000011
1.0120000000000005,0.4436821900000007
1.0130000000000006,0.4453248700000011
1.0140000000000007,0.4469985526317379
1.0150000000000006,0.44866610000000107
1.0160000000000005,0.45026523000000074
1.0170000000000006,0.45188734000000075
1.0180000000000007,0.45350528000000107
1.0190000000000006,0.45510523000500047
1.0200000000000005,0.4566771400000007
1.0210000000000006,0.4583095300000011
1.0220000000000007,0.45993394000000104
1.0230000000000006,0.4615513400000011
1.0240000000000005,0.4632203600000007
1.0250000000000006,0.46487868000000104
1.0260000000000007,0.46648279000000104
1.0270000000000006,0.46805233000000074
1.0280000000000005,0.4696383500000007
1.0290000000000006,0.47123542000000074
1.0300000000000007,0.4728238900000011
1.0310000000000006,0.47442961000000106
1.0320000000000005,0.47602669697930283
1.0330000000000006,0.47759649000000104
1.0340000000000007,0.47916985000000106
1.0350000000000006,0.48074752000000104
1.0360000000000005,0.4823379500000007
1.0370000000000006,0.4838651160353973
1.0380000000000007,0.4854254700000011
1.0390000000000006,0.48699760000000064
1.0400000000000005,0.48852634000000067
1.0410000000000006,0.490066170000001
1.0420000000000007,0.4915819184251584
1.0430000000000006,0.493114260000001
1.0440000000000005,0.49464828000000066
1.0450000000000006,0.496159340000001
1.0460000000000007,0.497676250000001
1.0470000000000006,0.4991887187531256
1.0480000000000005,0.5006760400000007
1.0490000000000006,0.5021543500000006
1.0500000000000007,0.503638330000001
1.0510000000000006,0.505119620000001
1.0520000000000005,0.5065800000000007
1.0530000000000006,0.508035120000001
1.0540000000000007,0.509509150000001
1.0550000000000006,0.510993206517349
1.0560000000000005,0.5124583800000007
1.0570000000000006,0.513911310000001
1.0580000000000007,0.515367390000001
1.0590000000000006,0.5168288400000006
1.0600000000000005,0.5182655732446763
1.0610000000000006,0.519698020000001
1.0620000000000007,0.521125200000001
1.0630000000000006,0.5225253700000009
1.0640000000000005,0.5239397300000007
1.0650000000000006,0.5253603779352073
1.0660000000000007,0.5267953300000012
1.0670000000000006,0.5281885900000008
1.0680000000000005,0.5295615800000006
1.0690000000000006,0.5309466700000008
1.0700000000000007,0.5322761370532958
1.0710000000000006,0.5336465200000009
1.0720000000000005,0.5350450300000007
1.0730000000000006,0.5364258300000009
1.0740000000000007,0.5378118800000009
1.0750000000000006,0.5391836800000009
1.0760000000000005,0.5405281800000009
1.0770000000000006,0.5418942600000008
1.0780000000000007,0.5432551073392671
1.0790000000000006,0.5446285000000008
1.0800000000000005,0.5459933900000007
1.0810000000000006,0.547418650000001
1.0820000000000007,0.5488474400000009
1.0830000000000006,0.5502461364573553
1.0840000000000005,0.5516107100000005
1.0850000000000006,0.5529578300000009
1.0860000000000007,0.5543371400000012
1.0870000000000006,0.5557048900000009
1.0880000000000005,0.5570587946095398
1.0890000000000006,0.5584239400000008
1.0900000000000007,0.5597954400000009
1.0910000000000006,0.5611270100000009
1.0920000000000005,0.5624853400000006
1.0930000000000006,0.5638814403899618
1.0940000000000007,0.5652536700000009
1.0950000000000006,0.5665996100000009
1.0960000000000005,0.5679463100000008
1.0970000000000006,0.5693120400000009
1.0980000000000008,0.5706891400000013
1.0990000000000006,0.5720435400000009
1.1000000000000005,0.5733957300000005
1.1010000000000006,0.5747196100000009
1.1020000000000008,0.5760049200000009
1.1030000000000006,0.5773077000000009
1.1040000000000005,0.5785978400000006
1.1050000000000006,0.5798941300000009
1.1060000000000008,0.5811929797170292
1.1070000000000007,0.5824901500000009
1.1080000000000005,0.5837920300000009
1.1090000000000007,0.5850785400000009
1.1100000000000008,0.5863643300000009
1.1110000000000007,0.5876320651334875
1.1120000000000005,0.5888834000000005
1.1130000000000007,0.5901274700000008
1.1140000000000008,0.5913577700000009
1.1150000000000007,0.5926107200000008
1.1160000000000005,0.5938368973822625
1.1170000000000007,0.5950710200000008
1.1180000000000008,0.596263890000001
1.1190000000000007,0.5974278500000008
1.1200000000000006,0.5985916300000006
1.1210000000000007,0.5997498041825825
1.1220000000000008,0.6008760900000008
1.1230000000000007,0.6019834300000008
1.1240000000000006,0.6030825400000004
1.1250000000000007,0.6041547100000006
1.1260000000000008,0.6052222800000009
1.1270000000000007,0.6062802700000006
1.1280000000000006,0.6073386100000007
1.1290000000000007,0.6084206542735734
1.1300000000000008,0.6094633900000009
1.1310000000000007,0.6105105900000006
1.1320000000000006,0.6115573600000005
1.1330000000000007,0.6126166600000007
1.1340000000000008,0.6136588365323475
1.1350000000000007,0.6147241600000007
1.1360000000000006,0.6158117100000008
1.1370000000000007,0.6169002700000008
1.1380000000000008,0.618002120000001
1.1390000000000007,0.6190859216198387
1.1400000000000006,0.6201472300000008
1.1410000000000007,0.6212528900000007
1.1420000000000008,0.6223657100000007
1.1430000000000007,0.6234887200000008
1.1440000000000006,0.6246522736446362
1.1450000000000007,0.6258168200000008
1.1460000000000008,0.626975360000001
1.1470000000000007,0.6281209000000008
1.1480000000000006,0.6292858700000008
1.1490000000000007,0.6304645500000008
1.1500000000000008,0.6316400800000012
1.1510000000000007,0.6328340800000007
1.1520000000000006,0.6339936300000005
1.1530000000000007,0.6351453100000007
1.1540000000000008,0.6362841100000007
1.1550000000000007,0.6373955600000007
1.1560000000000006,0.6385154100000008
1.1570000000000007,0.6396399009729036
1.1580000000000008,0.640749630000001
1.1590000000000007,0.6418638200000008
1.1600000000000006,0.6429525600000007
1.1610000000000007,0.6440243700000007
1.1620000000000008,0.6450776353464661
1.1630000000000007,0.6461311000000006
1.1640000000000006,0.6471782900000005
1.1650000000000007,0.6481992000000006
1.1660000000000008,0.6492129000000009
1.1670000000000007,0.6502093903509655
1.1680000000000006,0.6511821200000006
1.1690000000000007,0.6521473500000007
1.1700000000000008,0.6530952500000009
1.1710000000000007,0.6540540500000007
1.1720000000000006,0.6550004753574649
1.1730000000000007,0.6559545400000006
1.1740000000000008,0.6569220400000007
1.1750000000000007,0.6578859700000007
1.1760000000000006,0.6588620500000006
1.1770000000000007,0.6598145400000006
1.1780000000000008,0.6607534900000009
1.1790000000000007,0.6617029300000007
1.1800000000000006,0.6626310705899414
1.1810000000000007,0.6635369700000006
1.1820000000000008,0.6644527300000008
1.1830000000000007,0.6653647400000007
1.1840000000000006,0.6662868300000004
1.1850000000000007,0.6672147821757831
1.1860000000000008,0.6681365400000008
1.1870000000000007,0.6690627900000007
1.1880000000000006,0.6699914300000006
1.1890000000000007,0.6708976600000006
1.1900000000000008,0.6718432554404566
1.1910000000000007,0.6727931500000008
1.1920000000000006,0.6737855100000006
1.1930000000000007,0.6748229300000007
1.1940000000000008,0.675867200000001
1.1950000000000007,0.676931513568644
1.1960000000000006,0.6780226200000008
1.1970000000000007,0.6791425300000008
1.1980000000000008,0.680285990000001
1.1990000000000007,0.6814369600000008
1.2000000000000006,0.6826334600000008
1.2010000000000007,0.683797180000001
1.2020000000000008,0.684954760000001
1.2030000000000007,0.6861088851444864
1.2040000000000006,0.6872603300000008
1.2050000000000007,0.6884106400000007
1.2060000000000008,0.689562860000001
1.2070000000000007,0.6907047600000008
1.2080000000000006,0.691838553559645
1.2090000000000007,0.6929741500000007
1.2100000000000009,0.694106280000001
1.2110000000000007,0.695236380000001
1.2120000000000006,0.6963644000000008
1.2130000000000007,0.6974984465953414
1.2140000000000009,0.698640820000001
1.2150000000000007,0.6997669300000008
1.2160000000000006,0.7008955500000008
1.2170000000000007,0.7020275600000008
1.2180000000000009,0.7031549872572751
1.2190000000000007,0.7042782900000008
1.2200000000000006,0.7053983200000008
1.2210000000000008,0.706522640000001
1.2220000000000009,0.707635580000001
1.2230000000000008,0.708750900000001
1.2240000000000006,0.7098376800000007
1.2250000000000008,0.7108989400000006
1.2260000000000009,0.711970210000001
1.2270000000000008,0.7130336200000007
1.2280000000000006,0.7140805700000007
1.2290000000000008,0.7151372400000007
1.2300000000000009,0.7161704300000009
1.2310000000000008,0.7171717696250383
1.2320000000000007,0.7181680200000007
1.2330000000000008,0.7191685400000009
1.2340000000000009,0.7201650700000009
1.2350000000000008,0.7211540900000006
1.2360000000000007,0.7221498257394268
1.2370000000000008,0.7231072200000007
1.2380000000000009,0.7240458100000008
1.2390000000000008,0.7249767200000006
1.2400000000000007,0.7258845600000006
1.2410000000000008,0.7267852699290079
1.2420000000000009,0.7276724600000007
1.2430000000000008,0.7285595500000007
1.2440000000000007,0.7294241800000005
1.2450000000000008,0.7303062100000005
1.2460000000000009,0.7312015004709536
1.2470000000000008,0.7320912500000005
1.2480000000000007,0.7329963400000006
1.2490000000000008,0.7338753900000006
1.2500000000000009,0.7347452000000007
1.2510000000000008,0.7355990400000008
1.2520000000000007,0.7364412500000006
1.2530000000000008,0.7372872800000008
1.254000000000001,0.7381451965433465
1.2550000000000008,0.7390106300000008
1.2560000000000007,0.7398645300000005
1.2570000000000008,0.7407203900000006
1.258000000000001,0.7415627200000008
1.2590000000000008,0.7423947729607046
1.2600000000000007,0.7432243800000006
1.2610000000000008,0.7440509800000008
1.262000000000001,0.7448703600000006
1.2630000000000008,0.7456790800000008
1.2640000000000007,0.7464921286951309
1.2650000000000008,0.7473143300000007
1.266000000000001,0.7481098200000007
1.2670000000000008,0.7488890900000006
1.2680000000000007,0.7496752100000006
1.2690000000000008,0.7504609014308576
1.270000000000001,0.7512151600000007
1.2710000000000008,0.7519753000000007
1.2720000000000007,0.7527395500000005
1.2730000000000008,0.7534509300000006
1.274000000000001,0.7541554600000007
1.2750000000000008,0.7548651100000007
1.2760000000000007,0.7555654600000005
1.2770000000000008,0.7562820300000005
1.278000000000001,0.7570119500000007
1.2790000000000008,0.7577336400000004
1.2800000000000007,0.7584600400000004
1.2810000000000008,0.7591896700000007
1.282000000000001,0.7599194730086999
1.2830000000000008,0.7606495600000004
1.2840000000000007,0.7613855600000005
1.2850000000000008,0.7621160100000006
1.286000000000001,0.7628613700000006
1.2870000000000008,0.7635752727817222
1.2880000000000007,0.7643030900000004
1.2890000000000008,0.7649820400000005
1.290000000000001,0.7656220200000006
1.2910000000000008,0.7662446500000005
1.2920000000000007,0.7668404004249578
1.2930000000000008,0.7673969900000003
1.294000000000001,0.7679637700000005
1.2950000000000008,0.7685145700000005
1.2960000000000007,0.7690646600000003
1.2970000000000008,0.7696120752584745
1.298000000000001,0.7701537600000005
1.2990000000000008,0.7706834100000003
1.3000000000000007,0.7712339800000003
1.3010000000000008,0.7717902100000005
1.302000000000001,0.7723447700000007
1.3030000000000008,0.7729276400000004
1.3040000000000007,0.7734603900000003
1.3050000000000008,0.7739719696870317
1.306000000000001,0.7744688400000005
1.3070000000000008,0.7749408500000005
1.3080000000000007,0.7753953900000004
1.3090000000000008,0.7758176900000003
1.310000000000001,0.7762509423867617
1.3110000000000008,0.7766748100000004
1.3120000000000007,0.7770834600000003
1.3130000000000008,0.7774972300000003
1.314000000000001,0.7778896700000003
1.3150000000000008,0.7782490440625941
1.3160000000000007,0.7785754800000002
1.3170000000000008,0.7788677200000003
1.318000000000001,0.7791352900000003
1.3190000000000008,0.7793725700000003
1.3200000000000007,0.7795755097060296
1.3210000000000008,0.7797780000000002
1.322000000000001,0.7799672500000002
1.3230000000000008,0.7801451100000001
1.3240000000000007,0.7803193900000001
1.3250000000000008,0.7804580900000001
1.326000000000001,0.7805730700000001
1.3270000000000008,0.7806715400000002
1.3280000000000007,0.7807508151014899
1.3290000000000008,0.78080183
1.330000000000001,0.78083771
1.3310000000000008,0.78084874
1.3320000000000007,0.7808392
1.3330000000000009,0.7807895448335167
1.334000000000001,0.7807378799999999
1.3350000000000009,0.7806183099999999
1.3360000000000007,0.7804534399999998
1.3370000000000009,0.7802449499999998
1.338000000000001,0.7799788966053391
1.3390000000000009,0.7796537899999997
1.3400000000000007,0.7792742799999998
1.3410000000000009,0.7788630699999995
1.342000000000001,0.7784143099999995
1.3430000000000009,0.7779492565053491
1.3440000000000007,0.7774847699999997
1.3450000000000009,0.7770046599999996
1.346000000000001,0.7765461199999995
1.3470000000000009,0.7760951499999995
1.3480000000000008,0.7756542599999997
1.3490000000000009,0.7751985799999996
1.350000000000001,0.7748144299999997
1.3510000000000009,0.7744455299999998
1.3520000000000008,0.7741345199999998
1.3530000000000009,0.7738857899999999
1.354000000000001,0.7736557699999997
1.3550000000000009,0.7734640199999999
1.3560000000000008,0.773290387770223
1.3570000000000009,0.7731680899999999
1.358000000000001,0.7730242599999999
1.3590000000000009,0.7728961099999999
1.3600000000000008,0.7727514499999999
1.3610000000000009,0.7726035528477151
1.362000000000001,0.7724320299999998
1.3630000000000009,0.7722547699999999
1.3640000000000008,0.7720791099999998
1.3650000000000009,0.7718772899999998
1.366000000000001,0.7716704806809316
1.3670000000000009,0.7714782999999998
1.3680000000000008,0.7712868499999999
1.3690000000000009,0.7710843099999998
1.370000000000001,0.7708613299999998
1.3710000000000009,0.7706243037026296
1.3720000000000008,0.7703533199999998
1.3730000000000009,0.7700452199999998
1.374000000000001,0.7697321799999997
1.3750000000000009,0.7693433199999997
1.3760000000000008,0.7689113599999996
1.377000000000001,0.7684100299999993
1.378000000000001,0.7678502199999995
1.379000000000001,0.7672352750434951
1.3800000000000008,0.7665857099999993
1.381000000000001,0.7658244999999994
1.382000000000001,0.765021089999999
1.383000000000001,0.7640901799999991
1.3840000000000008,0.7630931751534838
1.385000000000001,0.7619447099999989
1.386000000000001,0.7606838299999984
1.387000000000001,0.7593165599999984
1.3880000000000008,0.7578342599999989
1.389000000000001,0.7562227111548833
1.390000000000001,0.754510519999998
1.391000000000001,0.7527199999999983
1.3920000000000008,0.7508520499999982
1.393000000000001,0.7489127499999982
1.394000000000001,0.7469276385111467
1.395000000000001,0.7449138799999983
1.3960000000000008,0.7428600199999981
1.397000000000001,0.7407612199999977
1.398000000000001,0.7386427499999981
1.399000000000001,0.7365161199999981
1.4000000000000008,0.7344034899999982
1.4010000000000007,0.7322897899999986
1.402000000000001,0.7301738899999977
1.403000000000001,0.7280628699999981
1.4040000000000008,0.7259771199999986
1.4050000000000007,0.7238746299999986
1.406000000000001,0.7217975299999977
1.407000000000001,0.7197423973582622
1.4080000000000008,0.7177159799999987
1.4090000000000007,0.7156814899999987
1.410000000000001,0.7137057199999979
1.411000000000001,0.7117565899999984
1.4120000000000008,0.7098748056254361
1.4130000000000007,0.7080310599999988
1.414000000000001,0.7062323699999985
1.415000000000001,0.7044789199999985
1.4160000000000008,0.7027894299999986
1.4170000000000007,0.701125726370362
1.418000000000001,0.6995409099999986
1.419000000000001,0.6980137199999986
1.4200000000000008,0.6965735599999988
1.4210000000000007,0.6952281599999991
1.422000000000001,0.6939571571002886
1.423000000000001,0.692776979999999
1.4240000000000008,0.6916722699999993
1.4250000000000007,0.6906183999999993
1.426000000000001,0.689619779999999
1.427000000000001,0.688673259999999
1.4280000000000008,0.6877824699999995
1.4290000000000007,0.6869247599999995
1.430000000000001,0.6860882403289663
1.431000000000001,0.6852915299999993
1.4320000000000008,0.6845167299999994
1.4330000000000007,0.6837578399999995
1.434000000000001,0.6830323899999994
1.435000000000001,0.6823117604009592
1.4360000000000008,0.6816157699999993
1.4370000000000007,0.6809165499999994
1.438000000000001,0.6802346099999993
1.439000000000001,0.6795251999999993
1.4400000000000008,0.6788048820317962
1.4410000000000007,0.6780972499999993
1.442000000000001,0.6773645899999993
1.443000000000001,0.6766741899999993
1.4440000000000008,0.6759816999999994
1.4450000000000007,0.6753584223277668
1.446000000000001,0.6747578399999995
1.447000000000001,0.6742261099999994
1.4480000000000008,0.6737434299999998
1.4490000000000007,0.6733435999999997
1.450000000000001,0.6730073099999997
1.451000000000001,0.6727403399999998
1.4520000000000008,0.6725507399999999
1.4530000000000007,0.6724290746665333
1.454000000000001,0.67237574
1.455000000000001,0.6723808600000001
1.4560000000000008,0.6724689600000001
1.4570000000000007,0.6726267900000003
1.458000000000001,0.6728205952334769
1.459000000000001,0.6730729300000003
1.4600000000000009,0.6733859200000003
1.4610000000000007,0.6737389600000003
1.462000000000001,0.6741489800000006
1.463000000000001,0.6746211727807224
1.4640000000000009,0.6751354900000005
1.4650000000000007,0.6757004300000005
1.466000000000001,0.6763237100000008
1.467000000000001,0.6769950400000008
1.4680000000000009,0.6777157679272079
1.4690000000000007,0.6784764500000006
1.470000000000001,0.6792808800000009
1.471000000000001,0.680130540000001
1.4720000000000009,0.6810233000000009
1.4730000000000008,0.6819692300000006
1.474000000000001,0.6829326700000011
1.475000000000001,0.6839433300000008
1.4760000000000009,0.6849545200000009
1.4770000000000008,0.6859926000000008
1.478000000000001,0.6870204200000009
1.479000000000001,0.6880497900000009
1.4800000000000009,0.689101990000001
1.4810000000000008,0.6901667566403368
1.482000000000001,0.6912331600000012
1.483000000000001,0.692319040000001
1.4840000000000009,0.693398480000001
1.4850000000000008,0.6944965100000007
1.486000000000001,0.6955451247565255
1.487000000000001,0.6965926900000011
1.4880000000000009,0.6976025100000006
1.4890000000000008,0.6985518900000006
1.490000000000001,0.699504020000001
1.491000000000001,0.700440726329368
1.4920000000000009,0.7013626700000007
1.4930000000000008,0.7022766500000005
1.494000000000001,0.703160230000001
1.495000000000001,0.7040262200000008
1.4960000000000009,0.7048673358884119
1.4970000000000008,0.7056815000000006
1.498000000000001,0.7064703700000007
1.499000000000001,0.7072361100000006
1.5000000000000009,0.7079851000000006
1.5010000000000008,0.7087122800000006
1.5020000000000011,0.7094026200000009
1.503000000000001,0.7100705500000005
1.504000000000001,0.7107207819408065
1.5050000000000008,0.7113401900000006
1.5060000000000011,0.7119544100000007
1.507000000000001,0.7125731700000006
1.508000000000001,0.7131852500000005
1.5090000000000008,0.7138010310228982
1.5100000000000011,0.7144112600000007
1.511000000000001,0.7149969900000007
1.512000000000001,0.7155637700000007
1.5130000000000008,0.7161169600000004
1.5140000000000011,0.7166586558304175
1.515000000000001,0.7171717300000006
1.516000000000001,0.7176496400000003
1.5170000000000008,0.7180842800000004
1.5180000000000011,0.7184822000000004
1.519000000000001,0.7188704211778826
1.520000000000001,0.7192333900000003
1.5210000000000008,0.7195791000000004
1.5220000000000011,0.7199021000000004
1.523000000000001,0.7202242000000002
1.524000000000001,0.7205253800000002
1.5250000000000008,0.7208299000000002
1.5260000000000011,0.7211386600000004
1.527000000000001,0.7214232100000003
1.528000000000001,0.7216875000000003
1.5290000000000008,0.7219588200000002
1.5300000000000011,0.7222244700000003
1.531000000000001,0.7224792800000003
1.532000000000001,0.7227388234646539
1.5330000000000008,0.7229734700000001
1.5340000000000011,0.7231910200000002
1.535000000000001,0.7233933800000002
1.536000000000001,0.7235793500000001
1.5370000000000008,0.7237555551024898
1.5380000000000011,0.7239065800000002
1.539000000000001,0.7240642900000002
1.540000000000001,0.7242161000000001
1.5410000000000008,0.7243680400000001
1.5420000000000011,0.7245205447495252
1.543000000000001,0.7246695800000001
1.544000000000001,0.7248096500000001
1.5450000000000008,0.7249520400000001
1.5460000000000012,0.7251006400000001
1.547000000000001,0.7252323468293173
1.548000000000001,0.7253541400000001
1.5490000000000008,0.7254792500000001
1.5500000000000012,0.7256100200000001
1.551000000000001,0.7257109900000001
1.552000000000001,0.7258028400000001
1.5530000000000008,0.72587955
1.5540000000000012,0.7259227
1.555000000000001,0.7259651427057294
1.556000000000001,0.7259922
1.5570000000000008,0.72603011
1.5580000000000012,0.72604626
1.559000000000001,0.7260937100000001
1.560000000000001,0.7261659577182282
1.5610000000000008,0.7262431400000001
1.5620000000000012,0.7263504900000001
1.563000000000001,0.7264379300000001
1.564000000000001,0.7265159500000001
1.5650000000000008,0.7266038612088792
1.5660000000000012,0.7266767600000001
1.567000000000001,0.7267331500000002
1.568000000000001,0.72680056
1.5690000000000008,0.72684932
1.5700000000000012,0.7268655283791621
1.571000000000001,0.72688764
1.572000000000001,0.72688925
1.5730000000000008,0.72688007
1.5740000000000012,0.72689456
1.575000000000001,0.72692102
1.576000000000001,0.72695696
1.5770000000000008,0.72698867
1.5780000000000012,0.7270269419368064
1.579000000000001,0.72704631
1.580000000000001,0.72704464
1.5810000000000008,0.72705054
1.5820000000000012,0.72703445
1.583000000000001,0.7270100672112788
1.584000000000001,0.72698218
1.5850000000000009,0.7269398
1.5860000000000012,0.7268869299999999
1.587000000000001,0.7268242799999999
1.588000000000001,0.7267719552324767
1.5890000000000009,0.72672498
1.5900000000000012,0.7266678199999999
1.591000000000001,0.72661638
1.592000000000001,0.7265675099999999
1.5930000000000009,0.7265103557154284
1.5940000000000012,0.72646379
1.595000000000001,0.7264303599999999
1.596000000000001,0.7263802299999998
1.5970000000000009,0.72632235
1.5980000000000012,0.72627521
1.599000000000001,0.7262324099999999
1.600000000000001,0.72616947
1.6010000000000009,0.7261187399999999
1.6020000000000012,0.7260231999999998
1.603000000000001,0.7258887899999998
1.604000000000001,0.7257618299999999
1.6050000000000009,0.7256228299999999
1.6060000000000012,0.7254658730566941
1.607000000000001,0.7252964399999998
1.608000000000001,0.7251205399999998
1.6090000000000009,0.7249236099999998
1.6100000000000012,0.7247287599999997
1.611000000000001,0.7245340697550243
1.612000000000001,0.7243316199999997
1.6130000000000009,0.7241157299999998
1.6140000000000012,0.7239060999999998
1.615000000000001,0.7236884199999998
1.616000000000001,0.7234919896430355
1.6170000000000009,0.7233167299999997
1.6180000000000012,0.7230985799999998
1.619000000000001,0.7228881099999996
1.620000000000001,0.7226331199999998
1.6210000000000009,0.7223407292390758
1.6220000000000012,0.7220198499999996
1.623000000000001,0.7216912499999997
1.624000000000001,0.7212929099999995
1.6250000000000009,0.7208353899999995
1.6260000000000012,0.7203621899999993
1.6270000000000011,0.7198382599999993
1.628000000000001,0.7193150499999995
1.629000000000001,0.718765385574442
1.6300000000000012,0.7182211299999992
1.6310000000000011,0.7176729399999994
1.632000000000001,0.7170964499999993
1.633000000000001,0.7165163799999994
1.6340000000000012,0.7159007754544537
1.6350000000000011,0.7152553199999993
1.636000000000001,0.7145852399999992
1.637000000000001,0.7139139199999991
1.6380000000000012,0.7131556899999991
1.6390000000000011,0.712346570911908
1.640000000000001,0.711491349999999
1.641000000000001,0.7105824899999991
1.6420000000000012,0.7096046799999987
1.6430000000000011,0.7085930099999987
1.644000000000001,0.7074735719438044
1.645000000000001,0.7062720699999989
1.6460000000000012,0.7049708999999981
1.6470000000000011,0.703582999999998
1.648000000000001,0.7021009899999986
1.649000000000001,0.7005261799999986
1.6500000000000012,0.6988415699999976
1.6510000000000011,0.6970484299999979
1.652000000000001,0.6951850699999977
1.653000000000001,0.6932102399999982
1.6540000000000012,0.6911782599999977
1.6550000000000011,0.6890721299999976
1.656000000000001,0.6869038899999974
1.657000000000001,0.6846488189301048
1.6580000000000013,0.6823381199999974
1.6590000000000011,0.6799458299999973
1.660000000000001,0.6775420899999972
1.661000000000001,0.6750579499999978
1.6620000000000013,0.6725954897870183
1.6630000000000011,0.6700933599999973
1.664000000000001,0.6676610699999977
1.665000000000001,0.6652051799999978
1.6660000000000013,0.6628729099999969
1.6670000000000011,0.6605786594250551
1.668000000000001,0.6584747399999982
1.669000000000001,0.6564410899999984
1.6700000000000013,0.6546775699999979
1.6710000000000012,0.6530986999999985
1.672000000000001,0.6517664332266759
1.673000000000001,0.6506515699999992
1.6740000000000013,0.6497830199999993
1.6750000000000012,0.6491660499999996
1.676000000000001,0.6487458299999997
1.677000000000001,0.6485922299999999
1.6780000000000013,0.6485358500000002
1.6790000000000012,0.6487069700000002
1.680000000000001,0.6488823626897313
1.681000000000001,0.6492092600000002
1.6820000000000013,0.6494693800000004
1.6830000000000012,0.6497973800000002
1.684000000000001,0.6500191100000002
1.685000000000001,0.6502343489821019
1.6860000000000013,0.65032417
1.6870000000000012,0.65033048
1.688000000000001,0.6502927499999999
1.689000000000001,0.6501482099999999
1.6900000000000013,0.6500492798930105
1.6910000000000012,0.6499031799999999
1.692000000000001,0.64985234
1.693000000000001,0.64980811
1.6940000000000013,0.6498624700000002
1.6950000000000012,0.6499963866083394
1.696000000000001,0.6502283800000004
1.697000000000001,0.6505491700000005
1.6980000000000013,0.6509825000000006
1.6990000000000012,0.6515004000000006
1.700000000000001,0.6521321500000008
1.701000000000001,0.6527886400000009
1.7020000000000013,0.653544010000001
1.7030000000000012,0.6542852730686941
1.704000000000001,0.6551159600000008
1.705000000000001,0.6558330100000007
1.7060000000000013,0.6565325900000007
1.7070000000000012,0.6571370400000006
1.708000000000001,0.6576675010868918
1.709000000000001,0.6580783700000004
1.7100000000000013,0.6583911200000003
1.7110000000000012,0.6586161300000001
1.712000000000001,0.65868986
1.713000000000001,0.658728656120388
1.7140000000000013,0.6587070799999999
1.7150000000000012,0.6586193999999999
1.716000000000001,0.6584466699999998
1.717000000000001,0.6582507499999997
1.7180000000000013,0.6579503700379958
1.7190000000000012,0.6577033999999997
1.720000000000001,0.6574369099999998
1.721000000000001,0.6572140499999998
1.7220000000000013,0.6570204499999998
1.7230000000000012,0.6568580299999999
1.724000000000001,0.6567146799999999
1.725000000000001,0.6566173399999999
1.7260000000000013,0.6565522
1.7270000000000012,0.65654111
1.728000000000001,0.6565768700000001
1.729000000000001,0.6566558500000002
1.7300000000000013,0.6568133800000002
1.7310000000000012,0.6569488795310471
1.732000000000001,0.6571441900000001
1.733000000000001,0.6572710900000001
1.7340000000000013,0.6573767100000001
1.7350000000000012,0.65744418
1.736000000000001,0.6574715996240376
1.737000000000001,0.65746784
1.7380000000000013,0.6574388699999999
1.7390000000000012,0.6573656199999999
1.740000000000001,0.6572415799999999
1.741000000000001,0.657106113546645
1.7420000000000013,0.6569238899999997
1.7430000000000012,0.6567539599999997
1.744000000000001,0.6565730599999998
1.745000000000001,0.6563902499999997
1.7460000000000013,0.656194169608039
1.7470000000000012,0.6560258899999998
1.748000000000001,0.6558465399999999
1.749000000000001,0.6557198199999998
1.7500000000000013,0.6556106799999999
1.7510000000000012,0.65556508
1.7520000000000011,0.6555565000000001
1.753000000000001,0.6556276100000001
1.7540000000000013,0.6557724058474155
1.7550000000000012,0.6559308800000003
1.7560000000000011,0.6561441400000002
1.757000000000001,0.6563874500000003
1.7580000000000013,0.6566720600000004
1.7590000000000012,0.6570293653774626
1.7600000000000011,0.6573831400000004
1.761000000000001,0.6577510800000005
1.7620000000000013,0.6581441800000005
1.7630000000000012,0.6585135500000004
1.7640000000000011,0.6588941419408063
1.765000000000001,0.6592457900000004
1.7660000000000013,0.6595906600000004
1.7670000000000012,0.6599603300000004
1.7680000000000011,0.6603109800000003
1.769000000000001,0.6606530757904213
1.7700000000000014,0.6610080600000006
1.7710000000000012,0.6613936400000004
1.7720000000000011,0.6617251000000005
1.773000000000001,0.6620498900000003
1.7740000000000014,0.6623473200000003
1.7750000000000012,0.6625887800000003
1.7760000000000011,0.6628227800000002
1.777000000000001,0.6630525000000002
1.7780000000000014,0.6632548000000003
1.7790000000000012,0.6634059000000002
1.7800000000000011,0.6635785100000002
1.781000000000001,0.6637649500000002
1.7820000000000014,0.6639169045055496
1.7830000000000013,0.6640619600000001
1.7840000000000011,0.6641854000000001
1.785000000000001,0.6642596700000001
1.7860000000000014,0.6643599300000002
1.7870000000000013,0.6644716999700031
1.7880000000000011,0.6645714000000001
1.789000000000001,0.6646413800000001
1.7900000000000014,0.6647751300000002
1.7910000000000013,0.6649031000000003
1.7920000000000011,0.6651122990800922
1.793000000000001,0.6654015800000003
1.7940000000000014,0.6656927500000005
1.7950000000000013,0.6660186600000004
1.7960000000000012,0.6663737300000004
1.797000000000001,0.6667642209509054
1.7980000000000014,0.6671804800000005
1.7990000000000013,0.6675984300000004
1.8000000000000012,0.6679688700000004
1.801000000000001,0.6682754800000003
1.8020000000000014,0.6685045400000004
1.8030000000000013,0.6687129100000002
1.8040000000000012,0.6688944700000002
1.805000000000001,0.6690478443155686
1.8060000000000014,0.6691910000000002
1.8070000000000013,0.6693218900000002
1.8080000000000012,0.6694554100000001
1.809000000000001,0.6695933300000001
1.8100000000000014,0.6697616133496652
1.8110000000000013,0.6698951100000001
1.8120000000000012,0.6699718800000001
1.813000000000001,0.67004621
1.8140000000000014,0.6700989
1.8150000000000013,0.6701207778122188
1.8160000000000012,0.67011315
1.817000000000001,0.6701002699999999
1.8180000000000014,0.67003083
1.8190000000000013,0.6700116999999999
1.8200000000000012,0.6700293382361764
1.821000000000001,0.67003709
1.8220000000000014,0.67006981
1.8230000000000013,0.67006266
1.8240000000000012,0.67004323
1.825000000000001,0.6700043699999999
1.8260000000000014,0.6699433299999998
1.8270000000000013,0.6698698399999999
1.8280000000000012,0.6697767897250273
1.829000000000001,0.6696740399999999
1.8300000000000014,0.6695733099999999
1.8310000000000013,0.6694724600000002
1.8320000000000012,0.6695156700000001
1.833000000000001,0.6696062784931507
1.8340000000000014,0.6696912100000001
1.8350000000000013,0.6697605300000001
1.8360000000000012,0.6698696600000003
1.837000000000001,0.6700367300000001
1.8380000000000014,0.6701191017628239
1.8390000000000013,0.67016149
1.8400000000000012,0.67018807
1.841000000000001,0.6701683399999999
1.8420000000000014,0.6700622999999999
1.8430000000000013,0.6699904271872812
1.8440000000000012,0.6699500699999998
1.845000000000001,0.6698345499999999
1.8460000000000014,0.6696886999999997
1.8470000000000013,0.6695098299999996
1.8480000000000012,0.6692843399999997
1.849000000000001,0.6690285799999997
1.8500000000000014,0.6687537999999997
1.8510000000000013,0.6684738999999996
1.8520000000000012,0.6681411299999995
1.853000000000001,0.6677700899999996
1.8540000000000014,0.6673624499999995
1.8550000000000013,0.6669180399999993
1.8560000000000012,0.6664435985901405
1.857000000000001,0.6659294999999994
1.8580000000000014,0.6654070599999993
1.8590000000000013,0.6648491599999992
1.8600000000000012,0.6642215299999992
1.861000000000001,0.6635165629027088
1.8620000000000014,0.6627455899999987
1.8630000000000013,0.661916729999999
1.8640000000000012,0.6609964399999989
1.865000000000001,0.660043299999999
1.8660000000000014,0.6590772666033382
1.8670000000000013,0.6579774599999985
1.8680000000000012,0.6568199999999985
1.869000000000001,0.6555371299999985
1.8700000000000014,0.654144939999998
1.8710000000000013,0.6526780366903291
1.8720000000000012,0.6510011599999977
1.873000000000001,0.6492974799999982
1.8740000000000014,0.6472591799999972
1.8750000000000013,0.6450744899999966
1.8760000000000012,0.6426067399999964
1.8770000000000011,0.6399394299999961
1.8780000000000014,0.6370099199999958
1.8790000000000013,0.6338528579691982
1.8800000000000012,0.6304325499999951
1.8810000000000011,0.6267544599999957
1.8820000000000014,0.6228164999999934
1.8830000000000013,0.618597749999994
1.8840000000000012,0.6140754242295715
1.8850000000000011,0.6093177199999943
1.8860000000000015,0.6042427999999919
1.8870000000000013,0.5989727399999913
1.8880000000000012,0.5934365399999937
1.8890000000000011,0.5876954541085831
1.8900000000000015,0.5816842299999905
1.8910000000000013,0.5755228999999916
1.8920000000000012,0.5691687499999911
1.8930000000000011,0.5625250899999926
1.8940000000000015,0.5559437281361765
1.8950000000000014,0.5490994999999912
1.8960000000000012,0.5424807099999911
1.8970000000000011,0.5357785799999913
1.8980000000000015,0.5292648099999914
1.8990000000000014,0.5227680199999917
1.9000000000000012,0.5164912299999916
1.9010000000000011,0.5102317299999934
1.9020000000000015,0.5043519099999911
1.9030000000000014,0.49864556999999293
1.9040000000000012,0.49336564999999455
1.9050000000000011,0.488455919999995
1.9060000000000015,0.4839339299999935
1.9070000000000014,0.47973955116087863
1.9080000000000013,0.4759511599999961
1.9090000000000011,0.47243454999999646
1.9100000000000015,0.4692316099999955
1.9110000000000014,0.46634354999999655
1.9120000000000013,0.4637549629826991
1.9130000000000011,0.46148478999999787
1.9140000000000015,0.4595867999999977
1.9150000000000014,0.45788624999999805
1.9160000000000013,0.4564426199999985
1.9170000000000011,0.45531829243275557
1.9180000000000015,0.45431312999999895
1.9190000000000014,0.45351796999999916
1.9200000000000013,0.4529024699999995
1.9210000000000012,0.45252817999999967
1.9220000000000015,0.45223891892610696
1.9230000000000014,0.45212981
1.9240000000000013,0.4521274900000002
1.9250000000000012,0.45225322000000023
1.9260000000000015,0.45247748000000054
1.9270000000000014,0.4528323700000007
1.9280000000000013,0.4533098900000006
1.9290000000000012,0.4538630200000007
1.9300000000000015,0.4545164517538256
1.9310000000000014,0.45523399000000103
1.9320000000000013,0.4560419000000011
1.9330000000000012,0.4568866200000011
1.9340000000000015,0.45782143000000125
1.9350000000000014,0.45876695132986844
1.9360000000000013,0.45978025000000133
1.9370000000000012,0.46079537000000137
1.9380000000000015,0.4618302600000014
1.9390000000000014,0.4628745300000014
1.9400000000000013,0.46393139431356994
1.9410000000000012,0.4650069800000015
1.9420000000000015,0.46611682000000176
1.9430000000000014,0.4672626000000015
1.9440000000000013,0.4683945500000016
1.9450000000000012,0.4695521342415773
1.9460000000000015,0.4706996700000018
1.9470000000000014,0.47183093000000176
1.9480000000000013,0.47298673000000135
1.9490000000000012,0.47416875000000136
1.9500000000000015,0.4753533300000019
1.9510000000000014,0.4765597900000018
1.9520000000000013,0.47773430000000155
1.9530000000000012,0.47889208939406197
1.9540000000000015,0.48008603000000183
1.9550000000000014,0.4812748100000016
1.9560000000000013,0.48247609000000163
1.9570000000000012,0.48366874000000165
1.9580000000000015,0.48489975988001394
1.9590000000000014,0.4860985600000016
1.9600000000000013,0.48729664000000156
1.9610000000000012,0.4884729100000015
1.9620000000000015,0.48960948000000176
1.9630000000000014,0.4907437365743442
1.9640000000000013,0.4918674500000015
1.9650000000000012,0.49299094000000127
1.9660000000000015,0.49415305000000176
1.9670000000000014,0.49530733000000177
1.9680000000000013,0.49645111562143934
1.9690000000000012,0.4975965900000013
1.9700000000000015,0.4987325400000018
1.9710000000000014,0.4998731600000017
1.9720000000000013,0.5009703600000014
1.9730000000000012,0.5020842000000012
1.9740000000000015,0.5031261400000014
1.9750000000000014,0.5040719500000014
1.9760000000000013,0.5050560800000012
1.9770000000000012,0.5060119000000013
1.9780000000000015,0.5069570500000014
1.9790000000000014,0.5079569200000015
1.9800000000000013,0.5090097200000014
1.9810000000000012,0.5100598128797132
1.9820000000000015,0.5110886100000016
1.9830000000000014,0.5121107700000014
1.9840000000000013,0.5130981200000013
1.9850000000000012,0.5141054400000011
1.9860000000000015,0.5151245396550361
1.9870000000000014,0.5161210900000015
1.9880000000000013,0.5171411000000011
1.9890000000000012,0.5181375700000012
1.9900000000000015,0.5191230200000014
1.9910000000000014,0.5200734949525061
1.9920000000000013,0.5209775600000011
1.9930000000000012,0.521831810000001
1.9940000000000015,0.5227056700000013
1.9950000000000014,0.5235732800000013
1.9960000000000013,0.5244695203759636
1.9970000000000012,0.5253803100000012
1.9980000000000016,0.526256500000001
1.9990000000000014,0.5271166600000011
2.0000000000000013,0.5279482000000011
2.0010000000000012,0.5287923413917226
2.0020000000000016,0.5296062586082795
2.0030000000000014,0.5303821000000011
2.0040000000000013,0.5311773592521505
2.0050000000000012,0.5319698807478512
2.0060000000000016,0.5327165100000012
2.0070000000000014,0.5334120400000012
2.0080000000000013,0.5340858107068593
2.0090000000000012,0.534692879293142
2.0100000000000016,0.535218060000001
2.0110000000000015,0.5357589620665875
2.0120000000000013,0.5362796279334141
2.0130000000000012,0.5367426900000005
2.0140000000000016,0.5371674687892428
2.0150000000000015,0.5375553612107584
2.0160000000000013,0.5378727300000005
2.0170000000000012,0.5381851800000005
2.0180000000000016,0.5384893651539696
2.0190000000000015,0.5387409048460312
2.0200000000000014,0.5389752400000003
2.0210000000000012,0.5391905466326736
2.0220000000000016,0.5393568733673267
2.0230000000000015,0.5395340300000002
2.0240000000000014,0.5397069631513699
2.0250000000000012,0.5398384768486304
2.0260000000000016,0.5399107900000001
2.0270000000000015,0.53996456
2.0280000000000014,0.5399570507509249
2.0290000000000012,0.5398917799999999
2.0300000000000016,0.5398030299999997
2.0310000000000015,0.5396818325574883
2.0320000000000014,0.5395074074425112
2.0330000000000013,0.5392942399999997
2.0340000000000016,0.5390734426164763
2.0350000000000015,0.5387996073835228
2.0360000000000014,0.5385032899999995
2.0370000000000013,0.5381902751679659
2.0380000000000016,0.537841954832033
2.0390000000000015,0.5374693899999995
2.0400000000000014,0.5370421399999994
2.0410000000000013,0.5366200390661864
2.0420000000000016,0.5362107009338126
2.0430000000000015,0.5358124399999995
2.0440000000000014,0.5354547738812233
2.0450000000000013,0.5350935861187759
2.0460000000000016,0.5346832299999993
2.0470000000000015,0.5343037994411111
2.0480000000000014,0.5338982105588875
2.0490000000000013,0.5335087199999996
2.0500000000000016,0.5331475699999993
2.0510000000000015,0.5327888458724123
2.0520000000000014,0.5324388099999996
2.0530000000000013,0.5321307199999995
2.0540000000000016,0.5317942748580278
2.0550000000000015,0.5314428551419711
2.0560000000000014,0.5311248299999995
2.0570000000000013,0.5307685343821231
2.0580000000000016,0.5304123556178759
2.0590000000000015,0.5300785299999996
2.0600000000000014,0.5297258721465703
2.0610000000000013,0.5293473378534288
2.0620000000000016,0.5289677399999994
2.0630000000000015,0.5285811999999994
2.0640000000000014,0.5281635646200754
2.0650000000000013,0.5277097653799234
2.0660000000000016,0.5272554799999991
2.0670000000000015,0.5267800204309131
2.0680000000000014,0.5262843295690854
2.0690000000000013,0.5257997499999993
2.0700000000000016,0.5253107634283136
2.0710000000000015,0.524845046571685
2.0720000000000014,0.5243672099999994
2.0730000000000013,0.5239170799999995
2.0740000000000016,0.5235267475952398
2.0750000000000015,0.5231026999999995
2.0760000000000014,0.5226642499999995
2.0770000000000013,0.5222350554779038
2.0780000000000016,0.5217898345220949
2.0790000000000015,0.5213555099999995
2.0800000000000014,0.5209530185352922
2.0810000000000013,0.5205383714647065
2.0820000000000016,0.5201182999999993
2.0830000000000015,0.5196712158298333
2.0840000000000014,0.5192295141701653
2.0850000000000013,0.5187838099999993
2.0860000000000016,0.5183250299999991
2.0870000000000015,0.517842241861627
2.0880000000000014,0.5173608581383716
2.0890000000000013,0.5168409299999992
2.0900000000000016,0.5162940682973397
2.0910000000000015,0.5157770417026587
2.0920000000000014,0.5152386399999992
2.0930000000000013,0.5146878444531087
2.0940000000000016,0.5141323755468897
2.0950000000000015,0.5135630999999992
2.0960000000000014,0.5129873199999991
2.0970000000000013,0.5123546722247768
2.0980000000000016,0.5117769199999992
2.0990000000000015,0.5112324399999992
2.1000000000000014,0.5106892683093373
2.1010000000000013,0.510172361690661
2.1020000000000016,0.509670969999999
2.1030000000000015,0.5091109295430905
2.1040000000000014,0.5085063604569077
2.1050000000000013,0.5079020299999991
2.1060000000000016,0.5072750921425704
2.1070000000000015,0.5065965178574274
2.1080000000000014,0.5059315599999991
2.1090000000000013,0.505244909999999
2.1100000000000017,0.5045145612777433
2.1110000000000015,0.5038273387222546
2.1120000000000014,0.5032014299999991
2.1130000000000013,0.502550713906218
2.1140000000000017,0.5018897760937803
2.1150000000000015,0.501175639999999
2.1160000000000014,0.5004166197280532
2.1170000000000013,0.4996139002719444
2.1180000000000017,0.4987934199999989
2.1190000000000015,0.49796682999999886
2.1200000000000014,0.49707284674864877
2.1210000000000013,0.4961403332513483
2.1220000000000017,0.4951566199999981
2.1230000000000016,0.49410836157968235
2.1240000000000014,0.49302415842031433
2.1250000000000013,0.4919152299999985
2.1260000000000017,0.490790195360926
2.1270000000000016,0.4896438046390705
2.1280000000000014,0.4884667999999984
2.1290000000000013,0.4873199556738639
2.1300000000000017,0.4861766943261331
2.1310000000000016,0.48501368999999805
2.1320000000000014,0.48391255999999816
2.1330000000000013,0.48286753244351016
2.1340000000000017,0.4818919675564872
2.1350000000000016,0.48094155999999844
2.1360000000000015,0.4800599558398307
2.1370000000000013,0.4792183541601667
2.1380000000000017,0.47845744999999873
2.1390000000000016,0.4777524161667656
2.1400000000000015,0.47711408383323245
2.1410000000000013,0.47660529999999945
2.1420000000000017,0.4761861299999994
2.1430000000000016,0.4758270713597275
2.1440000000000015,0.47554066864027156
2.1450000000000014,0.47529857999999975
2.1460000000000017,0.4750920078254347
2.1470000000000016,0.4749702621745649
2.1480000000000015,0.4749615200000001
2.1490000000000014,0.4750199085632875
2.1500000000000017,0.4751055414367128
2.1510000000000016,0.47522587000000027
2.1520000000000015,0.4753856700000003
2.1530000000000014,0.4755824603209682
2.1540000000000017,0.4758251000000006
2.1550000000000016,0.47615373000000066
2.1560000000000015,0.47652001520096054
2.1570000000000014,0.4769720247990409
2.1580000000000017,0.4775028800000011
2.1590000000000016,0.4780810546220766
2.1600000000000015,0.47872727537792537
2.1610000000000014,0.479473440000001
2.1620000000000017,0.4802564308138385
2.1630000000000016,0.48106456918616397
2.1640000000000015,0.4819435200000011
2.1650000000000014,0.4827950600000011
2.1660000000000017,0.48364665993501443
2.1670000000000016,0.48454601006498826
2.1680000000000015,0.4854222800000012
2.1690000000000014,0.4863224298930225
2.1700000000000017,0.48722136010698
2.1710000000000016,0.4880676900000014
2.1720000000000015,0.48885844546290863
2.1730000000000014,0.4896130745370937
2.1740000000000017,0.4903342100000012
2.1750000000000016,0.4910174900000012
2.1760000000000015,0.49171652009699135
2.1770000000000014,0.4924340500000009
2.1780000000000017,0.4930940300000012
2.1790000000000016,0.4937479185172975
2.1800000000000015,0.4943330914827043
2.1810000000000014,0.49483642000000067
2.1820000000000017,0.4953190839942019
2.1830000000000016,0.4957590260057995
2.1840000000000015,0.4961631600000005
2.1850000000000014,0.4965392470455913
2.1860000000000017,0.49690970295440984
2.1870000000000016,0.49723232000000056
2.1880000000000015,0.49754378000000044
2.1890000000000014,0.497863677031594
2.1900000000000017,0.4981339929684069
2.1910000000000016,0.49839017000000047
2.1920000000000015,0.49864598157568524
2.1930000000000014,0.49886173842431547
2.1940000000000017,0.4990487100000003
2.1950000000000016,0.4992078025384925
2.1960000000000015,0.4993331874615079
2.1970000000000014,0.49939874000000006
2.1980000000000017,0.4994391800000001
2.1990000000000016,0.499494313480652
2.2000000000000015,0.49952912
2.2010000000000014,0.49954313
2.2020000000000017,0.4995478390731854
2.2030000000000016,0.49953857092681464
2.2040000000000015,0.4995113
2.2050000000000014,0.4994674000719856
2.2060000000000017,0.49946811992801443
2.2070000000000016,0.4993573399999997
2.2080000000000015,0.4991973964996997
2.2090000000000014,0.4989623935002996
2.2100000000000017,0.4986349899999993
2.2110000000000016,0.4982255999999991
2.2120000000000015,0.4977443215846821
2.2130000000000014,0.4971601684153161
2.2140000000000017,0.4964764099999986
2.2150000000000016,0.4956882009838018
2.2160000000000015,0.4947980390161954
2.2170000000000014,0.4938310999999986
2.2180000000000017,0.49280429474704873
2.2190000000000016,0.4916517652529477
2.2200000000000015,0.49039783999999825
2.2210000000000014,0.48908951999999806
2.2220000000000018,0.48763536543445407
2.2230000000000016,0.4860897099999979
2.2240000000000015,0.48448881999999766
2.2250000000000014,0.4827212897740421
2.2260000000000018,0.4808190302259511
2.2270000000000016,0.4788428199999963
2.2280000000000015,0.47675843604778684
2.2290000000000014,0.47451891395220624
2.2300000000000018,0.47224974999999586
2.2310000000000016,0.4698985780233914
2.2320000000000015,0.467478811976601
2.2330000000000014,0.46494861999999665
2.2340000000000018,0.4624353099999953
2.2350000000000017,0.4598130800739812
2.2360000000000015,0.45731381992601106
2.2370000000000014,0.45485117999999675
2.2380000000000018,0.452410460660864
2.2390000000000017,0.45001706933912855
2.2400000000000015,0.4476624999999969
2.2410000000000014,0.44530854220455546
2.2420000000000018,0.4430305877954365
2.2430000000000017,0.4408517799999971
2.2440000000000015,0.43865656999999714
2.2450000000000014,0.4364893073495267
2.2460000000000018,0.4343628026504658
2.2470000000000017,0.4322968699999962
2.2480000000000016,0.4301583759488068
2.2490000000000014,0.4280178640511866
2.2500000000000018,0.42586984999999594
2.2510000000000017,0.42358790098779875
2.2520000000000016,0.4212977790121942
2.2530000000000014,0.41896816999999675
2.254000000000002,0.4165502714627034
2.2550000000000017,0.4140648985372888
2.2560000000000016,0.4115329699999954
2.2570000000000014,0.4089422799999954
2.258000000000002,0.4063426016926573
2.2590000000000017,0.4037595283073347
2.2600000000000016,0.40125271999999584
2.2610000000000015,0.3988936611547653
2.262000000000002,0.3966052088452265
2.2630000000000017,0.39454125999999656
2.2640000000000016,0.39258966997300265
2.2650000000000015,0.390889400026992
2.266000000000002,0.3893537499999978
2.2670000000000017,0.3881146899999982
2.2680000000000016,0.38711871607178444
2.2690000000000015,0.3863794339282133
2.270000000000002,0.38595687999999945
2.2710000000000017,0.3856505149910017
2.2720000000000016,0.3856004250089981
2.2730000000000015,0.38566363000000037
2.274000000000002,0.3859450534883029
2.2750000000000017,0.3862799365116981
2.2760000000000016,0.38677675000000095
2.2770000000000015,0.38731015000000113
2.278000000000002,0.3879242485901422
2.2790000000000017,0.38858670000000134
2.2800000000000016,0.3893370600000014
2.2810000000000015,0.39013033486002935
2.282000000000002,0.39097893513997367
2.2830000000000017,0.39188579000000173
2.2840000000000016,0.3928549369156184
2.2850000000000015,0.3938240930843846
2.286000000000002,0.3948071600000018
2.2870000000000017,0.395841653869228
2.2880000000000016,0.39698034613077554
2.2890000000000015,0.3980975400000016
2.290000000000002,0.39926553000000203
2.2910000000000017,0.4004345664267164
2.2920000000000016,0.401498833573287
2.2930000000000015,0.4025038800000013
2.294000000000002,0.4034962427464522
2.2950000000000017,0.4044237072535507
2.2960000000000016,0.4052950700000015
2.2970000000000015,0.4061337600869839
2.298000000000002,0.40693462991301893
2.2990000000000017,0.40775579000000145
2.3000000000000016,0.4085620000000014
2.3010000000000015,0.4093676894310581
2.302000000000002,0.41013202000000126
2.3030000000000017,0.4108545500000014
2.3040000000000016,0.4116457905898833
2.3050000000000015,0.41245168941011917
2.306000000000002,0.41324970000000144
2.3070000000000017,0.4140389200000013
2.3080000000000016,0.4148389200000012
2.3090000000000015,0.415658410000001
2.310000000000002,0.4164230971905631
2.3110000000000017,0.4171950028094396
2.3120000000000016,0.4178644100000011
2.3130000000000015,0.4184653200000007
2.314000000000002,0.4189865479664075
2.3150000000000017,0.4194662120335942
2.3160000000000016,0.41983524000000044
2.3170000000000015,0.4200853597070589
2.318000000000002,0.42028243029294177
2.3190000000000017,0.4203847100000001
2.3200000000000016,0.42043272076284743
2.3210000000000015,0.4204403492371526
2.322000000000002,0.42035069999999974
2.3230000000000017,0.4201649099999996
2.3240000000000016,0.4199306667823212
2.3250000000000015,0.41959848999999955
2.326000000000002,0.41927548999999936
2.3270000000000017,0.41891875205458845
2.3280000000000016,0.4185392979454104
2.3290000000000015,0.41808926999999935
2.330000000000002,0.4176059121405707
2.3310000000000017,0.417027317859427
2.3320000000000016,0.41656523999999917
2.3330000000000015,0.41610318163467264
2.334000000000002,0.4158195283653263
2.3350000000000017,0.4156718899999998
2.3360000000000016,0.41558686000000006
2.3370000000000015,0.41560686586382733
2.338000000000002,0.41566550413617287
2.3390000000000017,0.41578591000000026
2.3400000000000016,0.4159384631693665
2.3410000000000015,0.41617015683063424
2.342000000000002,0.41652206000000086
2.3430000000000017,0.41697652946210834
2.3440000000000016,0.4174711505378932
2.3450000000000015,0.41808051000000074
2.346000000000002,0.41864178000000113
2.3470000000000018,0.419267446859315
2.3480000000000016,0.41983604000000074
2.3490000000000015,0.42038977000000066
2.350000000000002,0.4209094481303749
2.3510000000000018,0.421390751869627
2.3520000000000016,0.42175373000000055
2.3530000000000015,0.4220781847550494
2.354000000000002,0.4223257352449515
2.3550000000000018,0.4224782900000001
2.3560000000000016,0.42254131899320135
2.3570000000000015,0.42253125100679867
2.358000000000002,0.42241510999999954
2.3590000000000018,0.4221595499999995
2.3600000000000017,0.4218842387582479
2.3610000000000015,0.4215718212417512
2.362000000000002,0.4211217799999989
2.3630000000000018,0.42049852026094686
2.3640000000000017,0.4199011297390513
2.3650000000000015,0.419238719999999
2.366000000000002,0.41850180355828676
2.3670000000000018,0.41773738644171016
2.3680000000000017,0.4169390199999988
2.3690000000000015,0.4160070699999988
2.370000000000002,0.4151513090731837
2.3710000000000018,0.4143420409268131
2.3720000000000017,0.4135313599999986
2.3730000000000016,0.4127352588322323
2.374000000000002,0.41192358116776484
2.3750000000000018,0.4111117099999985
2.3760000000000017,0.41027691645470754
2.3770000000000016,0.40934146354528955
2.378000000000002,0.4085277899999986
2.379000000000002,0.4077402494781032
2.3800000000000017,0.40703503052189455
2.3810000000000016,0.40642526999999906
2.382000000000002,0.4058987499999989
2.383000000000002,0.40542306051689597
2.3840000000000017,0.4050282294831028
2.3850000000000016,0.4047286499999997
2.386000000000002,0.40453963415416905
2.387000000000002,0.4044811758458307
2.3880000000000017,0.4044833200000002
2.3890000000000016,0.4046200923415319
2.390000000000002,0.40474350765846856
2.391000000000002,0.40493426000000027
2.3920000000000017,0.40509018000000035
2.3930000000000016,0.40528763684463137
2.394000000000002,0.40545608315536924
2.395000000000002,0.40558487000000026
2.3960000000000017,0.4057331920255952
2.3970000000000016,0.4059534479744054
2.398000000000002,0.40601739000000003
2.399000000000002,0.4060440904409116
2.4000000000000017,0.405948499559088
2.4010000000000016,0.40564766999999957
2.4020000000000015,0.4053989599999995
2.403000000000002,0.4051300268933102
2.4040000000000017,0.40481489999999937
2.4050000000000016,0.40445160999999946
2.406000000000002,0.4041453033533288
2.407000000000002,0.4038788366466701
2.4080000000000017,0.40348112999999936
2.4090000000000016,0.40310520535292854
2.4100000000000015,0.40255873464706976
2.411000000000002,0.4017529499999987
2.4120000000000017,0.4010421221125764
2.4130000000000016,0.4003632478874215
2.414000000000002,0.3995581899999985
2.415000000000002,0.3987025899999984
2.4160000000000017,0.39780868348430143
2.4170000000000016,0.3967435265156953
2.4180000000000015,0.39577394999999876
2.419000000000002,0.3948735819726039
2.4200000000000017,0.39389330802739303
2.4210000000000016,0.3928419599999983
2.422000000000002,0.3918931472075566
2.423000000000002,0.3909652227924397
2.4240000000000017,0.38999419999999835
2.4250000000000016,0.38907065999999835
2.4260000000000015,0.3881415729087077
2.427000000000002,0.3871227799999984
2.4280000000000017,0.3862225399999986
2.4290000000000016,0.38544586501199624
2.430000000000002,0.3845959849880008
2.431000000000002,0.3837219799999986
2.4320000000000017,0.382920272038591
2.4330000000000016,0.38214065796140656
2.4340000000000015,0.38137870999999907
2.435000000000002,0.38068525461207636
2.4360000000000017,0.379931375387921
2.4370000000000016,0.37918397999999853
2.438000000000002,0.37837996999999846
2.439000000000002,0.377503021348729
2.4400000000000017,0.3767165086512682
2.4410000000000016,0.37590363999999865
2.4420000000000015,0.3751489470965797
2.443000000000002,0.3745199129034181
2.4440000000000017,0.37375059999999855
2.4450000000000016,0.3729275163437298
2.446000000000002,0.3719909536562669
2.447000000000002,0.3709453899999983
2.4480000000000017,0.3699969899999983
2.4490000000000016,0.36902896493650467
2.4500000000000015,0.36797832999999874
2.451000000000002,0.36704080999999844
2.4520000000000017,0.3661604326374708
2.4530000000000016,0.3650868073625259
2.454000000000002,0.36397817999999815
2.455000000000002,0.3629427289402097
2.4560000000000017,0.36183213105978584
2.4570000000000016,0.36062103999999795
2.4580000000000015,0.3594703296660652
2.459000000000002,0.35846699033393126
2.4600000000000017,0.3576096599999983
2.4610000000000016,0.35663672999999835
2.462000000000002,0.3556973871485684
2.463000000000002,0.35476887285142794
2.4640000000000017,0.3536524199999983
2.4650000000000016,0.3526904158428303
2.4660000000000015,0.3519488441571675
2.467000000000002,0.35118171999999864
2.4680000000000017,0.35042513276244625
2.4690000000000016,0.34965275723755135
2.470000000000002,0.34882640999999875
2.471000000000002,0.3481526099999989
2.4720000000000018,0.3475464101659826
2.4730000000000016,0.3470480699999997
2.4740000000000015,0.3468381499999995
2.475000000000002,0.3464722616106773
2.4760000000000018,0.34618836838932154
2.4770000000000016,0.34571206999999876
2.478000000000002,0.34503031021295616
2.479000000000002,0.3444324397870414
2.4800000000000018,0.3437216299999989
2.4810000000000016,0.3430854284173154
2.4820000000000015,0.34236960158268237
2.483000000000002,0.34207085000000015
2.4840000000000018,0.34216007999999926
2.4850000000000017,0.3417689917466504
2.486000000000002,0.341586458253349
2.487000000000002,0.3410364699999984
2.4880000000000018,0.34016067365826747
2.4890000000000017,0.3395972563417309
2.4900000000000015,0.3392159299999998
2.491000000000002,0.3390357478014397
2.4920000000000018,0.3390137621985602
2.4930000000000017,0.33889737999999964
2.494000000000002,0.3385985799999992
2.495000000000002,0.33814772115476827
2.4960000000000018,0.3377592688452302
2.4970000000000017,0.3374956500000002
2.4980000000000016,0.3376157662317542
2.499000000000002,0.33797808376824706
2.5000000000000018,0.33826974
2.5010000000000017,0.33826974
2.502000000000002,0.33826974
2.503000000000002,0.33826974
2.504000000000002,0.33826974
2.5050000000000017,0.33826974
2.5060000000000016,0.33826974
2.507000000000002,0.33826974
2.508000000000002,0.33826974
2.5090000000000017,0.33826974
2.510000000000002,0.33826974
2.511000000000002,0.33826974
2.512000000000002,0.33826974
2.5130000000000017,0.33826974
2.5140000000000016,0.33826974
2.515000000000002,0.33826974
2.516000000000002,0.33826974
2.5170000000000017,0.33826974
2.518000000000002,0.33826974
2.519000000000002,0.33826974
2.520000000000002,0.33826974
2.5210000000000017,0.33826974
2.5220000000000016,0.33826974
2.523000000000002,0.33826974
2.524000000000002,0.33826974
2.5250000000000017,0.33826974
2.526000000000002,0.33826974
2.527000000000002,0.33826974
2.528000000000002,0.33826974
2.5290000000000017,0.33826974
2.5300000000000016,0.33826974
2.531000000000002,0.33826974
2.532000000000002,0.33826974
2.5330000000000017,0.33826974
2.534000000000002,0.33826974
2.535000000000002,0.33826974
2.536000000000002,0.33826974
2.5370000000000017,0.33826974
2.5380000000000016,0.33826974
2.539000000000002,0.33826974
2.540000000000002,0.33826974
2.5410000000000017,0.33826974
2.542000000000002,0.33826974
2.543000000000002,0.33826974
2.544000000000002,0.33826974
2.5450000000000017,0.33826974
2.5460000000000016,0.33826974
2.547000000000002,0.33826974
2.548000000000002,0.33826974
2.5490000000000017,0.33826974
2.550000000000002,0.33826974
2.551000000000002,0.33826974
2.552000000000002,0.33826974
2.5530000000000017,0.33826974
2.5540000000000016,0.33826974
2.555000000000002,0.33826974
2.556000000000002,0.33826974
2.5570000000000017,0.33826974
2.558000000000002,0.33826974
2.559000000000002,0.33826974
2.560000000000002,0.33826974
2.5610000000000017,0.33826974
2.5620000000000016,0.33826974
2.563000000000002,0.33826974
2.564000000000002,0.33826974
2.5650000000000017,0.33826974
2.566000000000002,0.33826974
2.567000000000002,0.33826974
2.568000000000002,0.33826974
2.5690000000000017,0.33826974
2.5700000000000016,0.33826974
2.571000000000002,0.33826974
2.572000000000002,0.33826974
2.5730000000000017,0.33826974
2.574000000000002,0.33826974
2.575000000000002,0.33826974
2.576000000000002,0.33826974
2.5770000000000017,0.33826974
2.5780000000000016,0.33826974
2.579000000000002,0.33826974
2.580000000000002,0.33826974
2.5810000000000017,0.33826974
2.582000000000002,0.33826974
2.583000000000002,0.33826974
2.584000000000002,0.33826974
2.5850000000000017,0.33826974
2.5860000000000016,0.33826974
2.587000000000002,0.33826974
2.588000000000002,0.33826974
2.5890000000000017,0.33826974
2.590000000000002,0.33826974
2.591000000000002,0.33826974
2.592000000000002,0.33826974
2.5930000000000017,0.33826974
2.5940000000000016,0.33826974
2.595000000000002,0.33826974
2.596000000000002,0.33826974
2.5970000000000018,0.33826974
2.598000000000002,0.33826974
2.599000000000002,0.33826974
