wave,r
0.4,1.03072
0.401,1.03072
0.402,1.03072
0.403,1.03072
0.404,1.03072
0.405,1.03072
0.406,1.03072
0.40700000000000003,1.03072
0.40800000000000003,1.03072
0.40900000000000003,1.03072
0.41000000000000003,1.03072
0.41100000000000003,1.03072
0.41200000000000003,1.03072
0.41300000000000003,1.03072
0.41400000000000003,1.03072
0.41500000000000004,1.03072
0.41600000000000004,1.03072
0.41700000000000004,1.03072
0.41800000000000004,1.03072
0.41900000000000004,1.03072
0.42000000000000004,1.03072
0.42100000000000004,1.03072
0.42200000000000004,1.03072
0.42300000000000004,1.03072
0.42400000000000004,1.03072
0.42500000000000004,1.03072
0.42600000000000005,1.03072
0.42700000000000005,1.03072
0.42800000000000005,1.03072
0.42900000000000005,1.03072
0.43000000000000005,1.03072
0.43100000000000005,1.03072
0.43200000000000005,1.03072
0.43300000000000005,1.03072
0.43400000000000005,1.03072
0.43500000000000005,1.03072
0.43600000000000005,1.03072
0.43700000000000006,1.0316435384615386
0.43800000000000006,1.032705076923077
0.43900000000000006,1.0337666153846155
0.44000000000000006,1.034828153846154
0.44100000000000006,1.0358896923076923
0.44200000000000006,1.0369512307692308
0.44300000000000006,1.0377137788018433
0.44400000000000006,1.0379672350230416
0.44500000000000006,1.0382206912442398
0.44600000000000006,1.0384741474654378
0.44700000000000006,1.038727603686636
0.44800000000000006,1.0389810599078342
0.44900000000000007,1.0392345161290324
0.45000000000000007,1.0390080307692309
0.45100000000000007,1.0387034153846155
0.45200000000000007,1.0383988000000002
0.45300000000000007,1.0380941846153846
0.45400000000000007,1.0377895692307693
0.45500000000000007,1.037484953846154
0.45600000000000007,1.0373740552995392
0.4570000000000001,1.0376075422427036
0.4580000000000001,1.037841029185868
0.4590000000000001,1.0380745161290323
0.4600000000000001,1.0383080030721967
0.4610000000000001,1.0385414900153611
0.4620000000000001,1.0387749769585253
0.4630000000000001,1.0392075384615385
0.4640000000000001,1.0396752307692307
0.4650000000000001,1.040142923076923
0.4660000000000001,1.0406106153846153
0.4670000000000001,1.0410783076923076
0.4680000000000001,1.041546
0.4690000000000001,1.0419333333333334
0.4700000000000001,1.0421714285714285
0.4710000000000001,1.042409523809524
0.4720000000000001,1.042647619047619
0.4730000000000001,1.0428857142857144
0.4740000000000001,1.0431238095238096
0.4750000000000001,1.043361904761905
0.4760000000000001,1.043869677419355
0.4770000000000001,1.0444288172043013
0.4780000000000001,1.0449879569892475
0.4790000000000001,1.0455470967741936
0.4800000000000001,1.0461062365591398
0.4810000000000001,1.046665376344086
0.4820000000000001,1.0470684307692308
0.4830000000000001,1.0471545846153847
0.4840000000000001,1.0472407384615385
0.4850000000000001,1.0473268923076924
0.4860000000000001,1.0474130461538462
0.4870000000000001,1.0474992
0.4880000000000001,1.047585353846154
0.4890000000000001,1.0477631950844855
0.4900000000000001,1.0479598156682028
0.4910000000000001,1.0481564362519202
0.4920000000000001,1.0483530568356376
0.4930000000000001,1.048549677419355
0.4940000000000001,1.0487462980030722
0.4950000000000001,1.0489576651305683
0.4960000000000001,1.0492003686635945
0.4970000000000001,1.0494430721966206
0.4980000000000001,1.0496857757296467
0.4990000000000001,1.0499284792626729
0.5000000000000001,1.050171182795699
0.5010000000000001,1.0504138863287251
0.5020000000000001,1.0509017050691245
0.5030000000000001,1.051447019969278
0.5040000000000001,1.0519923348694318
0.5050000000000001,1.0525376497695853
0.5060000000000001,1.053082964669739
0.5070000000000001,1.0536282795698926
0.5080000000000001,1.0540482488479264
0.5090000000000001,1.0541757450076805
0.5100000000000001,1.054303241167435
0.5110000000000001,1.054430737327189
0.5120000000000001,1.0545582334869432
0.5130000000000001,1.0546857296466974
0.5140000000000001,1.0548132258064515
0.5150000000000001,1.0549285867895546
0.5160000000000001,1.055040721966206
0.5170000000000001,1.0551528571428572
0.5180000000000001,1.0552649923195085
0.5190000000000001,1.0553771274961599
0.5200000000000001,1.0554892626728112
0.5210000000000001,1.0556186021505378
0.5220000000000001,1.0557921812596007
0.5230000000000001,1.0559657603686636
0.5240000000000001,1.0561393394777268
0.5250000000000001,1.0563129185867897
0.5260000000000001,1.0564864976958526
0.5270000000000001,1.0566600768049155
0.5280000000000001,1.056999247311828
0.5290000000000001,1.0573878801843317
0.5300000000000001,1.0577765130568357
0.5310000000000001,1.0581651459293395
0.5320000000000001,1.0585537788018433
0.5330000000000001,1.058942411674347
0.5340000000000001,1.0593118740399385
0.5350000000000001,1.0596267741935483
0.5360000000000001,1.0599416743471581
0.5370000000000001,1.060256574500768
0.5380000000000001,1.060571474654378
0.5390000000000001,1.0608863748079878
0.5400000000000001,1.0612012749615976
0.5410000000000001,1.0617903686635946
0.5420000000000001,1.0624708602150539
0.5430000000000001,1.0631513517665132
0.5440000000000002,1.0638318433179723
0.5450000000000002,1.0645123348694316
0.5460000000000002,1.065192826420891
0.5470000000000002,1.065906866359447
0.5480000000000002,1.066727142857143
0.5490000000000002,1.0675474193548389
0.5500000000000002,1.0683676958525348
0.5510000000000002,1.0691879723502307
0.5520000000000002,1.0700082488479266
0.5530000000000002,1.0708285253456225
0.5540000000000002,1.0715949769585256
0.5550000000000002,1.0723415207373275
0.5560000000000002,1.0730880645161294
0.5570000000000002,1.073834608294931
0.5580000000000002,1.074581152073733
0.5590000000000002,1.0753276958525348
0.5600000000000002,1.075921490015361
0.5610000000000002,1.075973717357911
0.5620000000000002,1.076025944700461
0.5630000000000002,1.0760781720430108
0.5640000000000002,1.0761303993855607
0.5650000000000002,1.0761826267281105
0.5660000000000002,1.0762348540706606
0.5670000000000002,1.076671426380368
0.5680000000000002,1.0772649846625768
0.5690000000000002,1.0778585429447853
0.5700000000000002,1.0784521012269939
0.5710000000000002,1.0790456595092026
0.5720000000000002,1.0796392177914111
0.5730000000000002,1.0802393701996928
0.5740000000000002,1.0808676344086023
0.5750000000000002,1.0814958986175116
0.5760000000000002,1.082124162826421
0.5770000000000002,1.0827524270353304
0.5780000000000002,1.0833806912442399
0.5790000000000002,1.0840089554531493
0.5800000000000002,1.0848283717357914
0.5810000000000002,1.0857377419354841
0.5820000000000002,1.0866471121351768
0.5830000000000002,1.0875564823348696
0.5840000000000002,1.0884658525345623
0.5850000000000002,1.089375222734255
0.5860000000000002,1.0902277760736194
0.5870000000000002,1.0908029294478527
0.5880000000000002,1.0913780828220858
0.5890000000000002,1.091953236196319
0.5900000000000002,1.0925283895705522
0.5910000000000002,1.0931035429447853
0.5920000000000002,1.0936786963190184
0.5930000000000002,1.0941765437788018
0.5940000000000002,1.0946327649769585
0.5950000000000002,1.0950889861751152
0.5960000000000002,1.095545207373272
0.5970000000000002,1.0960014285714288
0.5980000000000002,1.0964576497695855
0.5990000000000002,1.0968974539877303
0.6000000000000002,1.097236411042945
0.6010000000000002,1.0975753680981597
0.6020000000000002,1.0979143251533743
0.6030000000000002,1.098253282208589
0.6040000000000002,1.0985922392638037
0.6050000000000002,1.0989311963190185
0.6060000000000002,1.0992790476190477
0.6070000000000002,1.0996323502304148
0.6080000000000002,1.099985652841782
0.6090000000000002,1.100338955453149
0.6100000000000002,1.1006922580645162
0.6110000000000002,1.1010455606758836
0.6120000000000002,1.1014151687116567
0.6130000000000002,1.101916702453988
0.6140000000000002,1.1024182361963193
0.6150000000000002,1.1029197699386506
0.6160000000000002,1.1034213036809817
0.6170000000000002,1.103922837423313
0.6180000000000002,1.1044243711656443
0.6190000000000002,1.1048384485407066
0.6200000000000002,1.1051917511520737
0.6210000000000002,1.1055450537634408
0.6220000000000002,1.105898356374808
0.6230000000000002,1.106251658986175
0.6240000000000002,1.1066049615975422
0.6250000000000002,1.1069379754601227
0.6260000000000002,1.1070376687116565
0.6270000000000002,1.1071373619631901
0.6280000000000002,1.107237055214724
0.6290000000000002,1.1073367484662577
0.6300000000000002,1.1074364417177915
0.6310000000000002,1.1075361349693251
0.6320000000000002,1.1077833435582822
0.6330000000000002,1.1081464570552149
0.6340000000000002,1.1085095705521473
0.6350000000000002,1.10887268404908
0.6360000000000002,1.1092357975460123
0.6370000000000002,1.109598911042945
0.6380000000000002,1.1099620245398774
0.6390000000000002,1.11032513803681
0.6400000000000002,1.1106882515337424
0.6410000000000002,1.111051365030675
0.6420000000000002,1.1114144785276074
0.6430000000000002,1.11177759202454
0.6440000000000002,1.1121407055214725
0.6450000000000002,1.1125038190184051
0.6460000000000002,1.1128669325153375
0.6470000000000002,1.11323004601227
0.6480000000000002,1.1135931595092026
0.6490000000000002,1.113956273006135
0.6500000000000002,1.1143193865030676
0.6510000000000002,1.1146825
0.6520000000000002,1.1150456134969327
0.6530000000000002,1.115408726993865
0.6540000000000002,1.1157718404907977
0.6550000000000002,1.11613495398773
0.6560000000000002,1.1164980674846627
0.6570000000000003,1.1168611809815951
0.6580000000000003,1.1172242944785278
0.6590000000000003,1.1175874079754602
0.6600000000000003,1.1179505214723928
0.6610000000000003,1.1183136349693252
0.6620000000000003,1.1186767484662579
0.6630000000000003,1.1190398619631903
0.6640000000000003,1.119402975460123
0.6650000000000003,1.1197660889570553
0.6660000000000003,1.120129202453988
0.6670000000000003,1.1204923159509204
0.6680000000000003,1.120855429447853
0.6690000000000003,1.1212185429447854
0.6700000000000003,1.1215816564417178
0.6710000000000003,1.1219447699386504
0.6720000000000003,1.1223078834355829
0.6730000000000003,1.1226709969325155
0.6740000000000003,1.123034110429448
0.6750000000000003,1.1233972239263805
0.6760000000000003,1.123760337423313
0.6770000000000003,1.1241234509202456
0.6780000000000003,1.124486564417178
0.6790000000000003,1.1248496779141106
0.6800000000000003,1.125212791411043
0.6810000000000003,1.1255759049079757
0.6820000000000003,1.125939018404908
0.6830000000000003,1.1263021319018407
0.6840000000000003,1.126665245398773
0.6850000000000003,1.1270283588957057
0.6860000000000003,1.1273914723926381
0.6870000000000003,1.1277545858895708
0.6880000000000003,1.1281176993865032
0.6890000000000003,1.1284808128834358
0.6900000000000003,1.1288439263803682
0.6910000000000003,1.1292070398773009
0.6920000000000003,1.1295701533742333
0.6930000000000003,1.129933266871166
0.6940000000000003,1.1302963803680983
0.6950000000000003,1.1306594938650307
0.6960000000000003,1.1310226073619634
0.6970000000000003,1.1313857208588958
0.6980000000000003,1.1317488343558284
0.6990000000000003,1.1321119478527608
0.7000000000000003,1.1324750613496934
0.7010000000000003,1.1328381748466259
0.7020000000000003,1.1332012883435585
0.7030000000000003,1.133564401840491
0.7040000000000003,1.1339275153374235
0.7050000000000003,1.134290628834356
0.7060000000000003,1.1346537423312886
0.7070000000000003,1.135016855828221
0.7080000000000003,1.1353799693251536
0.7090000000000003,1.135743082822086
0.7100000000000003,1.1359762576687118
0.7110000000000003,1.1359333128834357
0.7120000000000003,1.1358903680981596
0.7130000000000003,1.1358474233128835
0.7140000000000003,1.1358044785276074
0.7150000000000003,1.1357615337423312
0.7160000000000003,1.1357185889570551
0.7170000000000003,1.1357971165644172
0.7180000000000003,1.1359060122699387
0.7190000000000003,1.1360149079754602
0.7200000000000003,1.1361238036809815
0.7210000000000003,1.136232699386503
0.7220000000000003,1.1363415950920246
0.7230000000000003,1.1366150995405822
0.7240000000000003,1.137311883614089
0.7250000000000003,1.138008667687596
0.7260000000000003,1.1387054517611028
0.7270000000000003,1.1394022358346096
0.7280000000000003,1.1400990199081167
0.7290000000000003,1.1407958039816235
0.7300000000000003,1.1410321165644173
0.7310000000000003,1.1411149386503068
0.7320000000000003,1.1411977607361963
0.7330000000000003,1.141280582822086
0.7340000000000003,1.1413634049079755
0.7350000000000003,1.141446226993865
0.7360000000000003,1.1415628330781011
0.7370000000000003,1.1417925421133233
0.7380000000000003,1.1420222511485454
0.7390000000000003,1.1422519601837673
0.7400000000000003,1.1424816692189894
0.7410000000000003,1.1427113782542115
0.7420000000000003,1.1429410872894334
0.7430000000000003,1.1430604601226995
0.7440000000000003,1.1431325460122699
0.7450000000000003,1.1432046319018405
0.7460000000000003,1.143276717791411
0.7470000000000003,1.1433488036809816
0.7480000000000003,1.143420889570552
0.7490000000000003,1.1434753139356812
0.7500000000000003,1.143449280245023
0.7510000000000003,1.1434232465543643
0.7520000000000003,1.143397212863706
0.7530000000000003,1.1433711791730474
0.7540000000000003,1.1433451454823889
0.7550000000000003,1.1433191117917305
0.7560000000000003,1.1435861503067486
0.7570000000000003,1.1440109969325156
0.7580000000000003,1.1444358435582824
0.7590000000000003,1.1448606901840492
0.7600000000000003,1.145285536809816
0.7610000000000003,1.145710383435583
0.7620000000000003,1.1460959264931088
0.7630000000000003,1.1462184379785605
0.7640000000000003,1.1463409494640122
0.7650000000000003,1.146463460949464
0.7660000000000003,1.1465859724349157
0.7670000000000003,1.1467084839203674
0.7680000000000003,1.1468309954058193
0.7690000000000003,1.1469517791411044
0.7700000000000004,1.1470714110429447
0.7710000000000004,1.1471910429447854
0.7720000000000004,1.1473106748466257
0.7730000000000004,1.1474303067484664
0.7740000000000004,1.147549938650307
0.7750000000000004,1.147658897396631
0.7760000000000004,1.1476451148545177
0.7770000000000004,1.1476313323124043
0.7780000000000004,1.147617549770291
0.7790000000000004,1.1476037672281776
0.7800000000000004,1.1475899846860644
0.7810000000000004,1.147576202143951
0.7820000000000004,1.1477771975497704
0.7830000000000004,1.1481539203675346
0.7840000000000004,1.1485306431852986
0.7850000000000004,1.1489073660030629
0.7860000000000004,1.149284088820827
0.7870000000000004,1.1496608116385911
0.7880000000000004,1.1500268147013781
0.7890000000000004,1.1498675497702908
0.7900000000000004,1.1497082848392035
0.7910000000000004,1.1495490199081162
0.7920000000000004,1.1493897549770289
0.7930000000000004,1.1492304900459418
0.7940000000000004,1.1490712251148545
0.7950000000000004,1.1490110107197549
0.7960000000000004,1.1490538897396632
0.7970000000000004,1.1490967687595712
0.7980000000000004,1.1491396477794793
0.7990000000000004,1.1491825267993874
0.8000000000000004,1.1492254058192957
0.8010000000000004,1.1492682848392037
0.8020000000000004,1.1490447239263804
0.8030000000000004,1.1488100613496932
0.8040000000000004,1.148575398773006
0.8050000000000004,1.148340736196319
0.8060000000000004,1.1481060736196318
0.8070000000000004,1.1478714110429447
0.8080000000000004,1.147828943338438
0.8090000000000004,1.1480310872894335
0.8100000000000004,1.1482332312404289
0.8110000000000004,1.1484353751914242
0.8120000000000004,1.1486375191424196
0.8130000000000004,1.148839663093415
0.8140000000000004,1.1490418070444104
0.8150000000000004,1.149053032159265
0.8160000000000004,1.1490453751914242
0.8170000000000004,1.1490377182235836
0.8180000000000004,1.1490300612557427
0.8190000000000004,1.149022404287902
0.8200000000000004,1.1490147473200614
0.8210000000000004,1.1490489892802451
0.8220000000000004,1.149151592649311
0.8230000000000004,1.1492541960183769
0.8240000000000004,1.1493567993874427
0.8250000000000004,1.1494594027565086
0.8260000000000004,1.1495620061255742
0.8270000000000004,1.14966460949464
0.8280000000000004,1.1498492189892804
0.8290000000000004,1.1500483001531394
0.8300000000000004,1.1502473813169984
0.8310000000000004,1.1504464624808577
0.8320000000000004,1.1506455436447167
0.8330000000000004,1.1508446248085757
0.8340000000000004,1.150980489296636
0.8350000000000004,1.1509820183486237
0.8360000000000004,1.1509835474006116
0.8370000000000004,1.1509850764525993
0.8380000000000004,1.1509866055045872
0.8390000000000004,1.150988134556575
0.8400000000000004,1.1509896636085626
0.8410000000000004,1.1510246401225115
0.8420000000000004,1.1510690505359877
0.8430000000000004,1.151113460949464
0.8440000000000004,1.1511578713629402
0.8450000000000004,1.1512022817764165
0.8460000000000004,1.1512466921898927
0.8470000000000004,1.151260091883614
0.8480000000000004,1.1511804594180703
0.8490000000000004,1.1511008269525267
0.8500000000000004,1.151021194486983
0.8510000000000004,1.1509415620214394
0.8520000000000004,1.1508619295558957
0.8530000000000004,1.1507822970903523
0.8540000000000004,1.150742358346095
0.8550000000000004,1.1507178560490046
0.8560000000000004,1.1506933537519142
0.8570000000000004,1.150668851454824
0.8580000000000004,1.1506443491577336
0.8590000000000004,1.1506198468606432
0.8600000000000004,1.1505982542113324
0.8610000000000004,1.1505890658499234
0.8620000000000004,1.1505798774885145
0.8630000000000004,1.1505706891271057
0.8640000000000004,1.1505615007656966
0.8650000000000004,1.1505523124042878
0.8660000000000004,1.150543124042879
0.8670000000000004,1.1506338532110092
0.8680000000000004,1.1507760550458714
0.8690000000000004,1.150918256880734
0.8700000000000004,1.1510604587155964
0.8710000000000004,1.1512026605504588
0.8720000000000004,1.151344862385321
0.8730000000000004,1.1514718376722817
0.8740000000000004,1.1514871516079632
0.8750000000000004,1.1515024655436448
0.8760000000000004,1.151517779479326
0.8770000000000004,1.1515330934150076
0.8780000000000004,1.1515484073506892
0.8790000000000004,1.1515637212863705
0.8800000000000004,1.151552859327217
0.8810000000000004,1.1515238073394494
0.8820000000000005,1.1514947553516819
0.8830000000000005,1.1514657033639142
0.8840000000000005,1.1514366513761467
0.8850000000000005,1.151407599388379
0.8860000000000005,1.151371577335375
0.8870000000000005,1.1512031240428788
0.8880000000000005,1.1510346707503827
0.8890000000000005,1.1508662174578865
0.8900000000000005,1.1506977641653904
0.8910000000000005,1.1505293108728942
0.8920000000000005,1.150360857580398
0.8930000000000005,1.1504334556574924
0.8940000000000005,1.1507285626911317
0.8950000000000005,1.1510236697247707
0.8960000000000005,1.1513187767584099
0.8970000000000005,1.151613883792049
0.8980000000000005,1.151908990825688
0.8990000000000005,1.1522040978593273
0.9000000000000005,1.152286539050536
0.9010000000000005,1.1523646401225114
0.9020000000000005,1.152442741194487
0.9030000000000005,1.1525208422664626
0.9040000000000005,1.152598943338438
0.9050000000000005,1.1526770444104135
0.9060000000000005,1.1527358256880733
0.9070000000000005,1.152770993883792
0.9080000000000005,1.1528061620795107
0.9090000000000005,1.1528413302752294
0.9100000000000005,1.1528764984709479
0.9110000000000005,1.1529116666666666
0.9120000000000005,1.1529468348623853
0.9130000000000005,1.152951393568147
0.9140000000000005,1.1529529249617152
0.9150000000000005,1.1529544563552832
0.9160000000000005,1.1529559877488513
0.9170000000000005,1.1529575191424195
0.9180000000000005,1.1529590505359877
0.9190000000000005,1.1529832415902141
0.9200000000000005,1.1530444036697247
0.9210000000000005,1.1531055657492355
0.9220000000000005,1.153166727828746
0.9230000000000005,1.1532278899082569
0.9240000000000005,1.1532890519877677
0.9250000000000005,1.1533502140672782
0.9260000000000005,1.1535295412844038
0.9270000000000005,1.1537313761467891
0.9280000000000005,1.1539332110091745
0.9290000000000005,1.1541350458715596
0.9300000000000005,1.154336880733945
0.9310000000000005,1.1545387155963303
0.9320000000000005,1.154753394495413
0.9330000000000005,1.1549980428134556
0.9340000000000005,1.1552426911314986
0.9350000000000005,1.1554873394495413
0.9360000000000005,1.1557319877675842
0.9370000000000005,1.155976636085627
0.9380000000000005,1.15622128440367
0.9390000000000005,1.156228790199081
0.9400000000000005,1.1561614088820826
0.9410000000000005,1.1560940275650842
0.9420000000000005,1.1560266462480857
0.9430000000000005,1.1559592649310872
0.9440000000000005,1.1558918836140888
0.9450000000000005,1.1558779816513762
0.9460000000000005,1.1560431192660552
0.9470000000000005,1.1562082568807341
0.9480000000000005,1.156373394495413
0.9490000000000005,1.1565385321100918
0.9500000000000005,1.1567036697247708
0.9510000000000005,1.1568688073394497
0.9520000000000005,1.1570772018348627
0.9530000000000005,1.15730503058104
0.9540000000000005,1.1575328593272174
0.9550000000000005,1.1577606880733946
0.9560000000000005,1.157988516819572
0.9570000000000005,1.1582163455657493
0.9580000000000005,1.1584141284403668
0.9590000000000005,1.1584416513761469
0.9600000000000005,1.1584691743119266
0.9610000000000005,1.1584966972477064
0.9620000000000005,1.1585242201834862
0.9630000000000005,1.158551743119266
0.9640000000000005,1.1585792660550458
0.9650000000000005,1.1587448318042814
0.9660000000000005,1.158998654434251
0.9670000000000005,1.1592524770642203
0.9680000000000005,1.1595062996941898
0.9690000000000005,1.1597601223241591
0.9700000000000005,1.1600139449541287
0.9710000000000005,1.1602768654434252
0.9720000000000005,1.160660657492355
0.9730000000000005,1.1610444495412846
0.9740000000000005,1.1614282415902142
0.9750000000000005,1.161812033639144
0.9760000000000005,1.1621958256880736
0.9770000000000005,1.1625796177370034
0.9780000000000005,1.1629561162079511
0.9790000000000005,1.163326146788991
0.9800000000000005,1.1636961773700307
0.9810000000000005,1.1640662079510704
0.9820000000000005,1.16443623853211
0.9830000000000005,1.16480626911315
0.9840000000000005,1.1651762996941897
0.9850000000000005,1.164983211009174
0.9860000000000005,1.1647844342507643
0.9870000000000005,1.1645856574923545
0.9880000000000005,1.1643868807339448
0.9890000000000005,1.164188103975535
0.9900000000000005,1.1639893272171253
0.9910000000000005,1.1639466412213741
0.9920000000000005,1.1640947328244275
0.9930000000000005,1.164242824427481
0.9940000000000005,1.1643909160305344
0.9950000000000006,1.1645390076335878
0.9960000000000006,1.1646870992366412
0.9970000000000006,1.1648351908396948
0.9980000000000006,1.164683486238532
0.9990000000000006,1.1644984709480122
1.0000000000000004,1.1643134556574923
1.0010000000000006,1.1641284403669723
1.0020000000000007,1.1639434250764524
1.0030000000000006,1.1637584097859326
1.0040000000000004,1.1636669724770643
1.0050000000000006,1.1637418960244648
1.0060000000000007,1.1638168195718654
1.0070000000000006,1.1638917431192661
1.0080000000000005,1.1639666666666666
1.0090000000000006,1.1640415902140673
1.0100000000000007,1.1641165137614677
1.0110000000000006,1.1641105078336034
1.0120000000000005,1.1640867368989734
1.0130000000000006,1.1640629659643436
1.0140000000000007,1.1640391950297135
1.0150000000000006,1.1640154240950835
1.0160000000000005,1.1639916531604537
1.0170000000000006,1.1639678822258237
1.0180000000000007,1.163944111291194
1.0190000000000006,1.1639203403565639
1.0200000000000005,1.1638965694219339
1.0210000000000006,1.163872798487304
1.0220000000000007,1.163849027552674
1.0230000000000006,1.1638252566180443
1.0240000000000005,1.1638014856834142
1.0250000000000006,1.1637777147487842
1.0260000000000007,1.1637539438141544
1.0270000000000006,1.1637301728795244
1.0280000000000005,1.1637064019448946
1.0290000000000006,1.1636826310102646
1.0300000000000007,1.1636588600756346
1.0310000000000006,1.1636350891410048
1.0320000000000005,1.1636113182063748
1.0330000000000006,1.163587547271745
1.0340000000000007,1.163563776337115
1.0350000000000006,1.163540005402485
1.0360000000000005,1.1635162344678551
1.0370000000000006,1.163492463533225
1.0380000000000007,1.1634686925985953
1.0390000000000006,1.1634449216639653
1.0400000000000005,1.1634211507293353
1.0410000000000006,1.1633973797947055
1.0420000000000007,1.1633736088600755
1.0430000000000006,1.1633498379254457
1.0440000000000005,1.1633260669908156
1.0450000000000006,1.1633022960561856
1.0460000000000007,1.1632785251215558
1.0470000000000006,1.1632547541869258
1.0480000000000005,1.1631742748091602
1.0490000000000006,1.1630796183206105
1.0500000000000007,1.162984961832061
1.0510000000000006,1.1628903053435113
1.0520000000000005,1.1627956488549616
1.0530000000000006,1.162700992366412
1.0540000000000007,1.162851374045802
1.0550000000000006,1.163736870229008
1.0560000000000005,1.164622366412214
1.0570000000000006,1.1655078625954203
1.0580000000000007,1.1663933587786264
1.0590000000000006,1.1672788549618325
1.0600000000000005,1.1681643511450384
1.0610000000000006,1.1687858778625957
1.0620000000000007,1.1692942748091606
1.0630000000000006,1.1698026717557255
1.0640000000000005,1.1703110687022904
1.0650000000000006,1.1708194656488553
1.0660000000000007,1.1713278625954202
1.0670000000000006,1.1717133536585365
1.0680000000000005,1.1714023780487806
1.0690000000000006,1.1710914024390244
1.0700000000000007,1.170780426829268
1.0710000000000006,1.1704694512195122
1.0720000000000005,1.170158475609756
1.0730000000000006,1.1698475
1.0740000000000007,1.169822687022901
1.0750000000000006,1.1699967328244276
1.0760000000000005,1.1701707786259543
1.0770000000000006,1.170344824427481
1.0780000000000007,1.1705188702290077
1.0790000000000006,1.1706929160305344
1.0800000000000005,1.1708554809160305
1.0810000000000006,1.1707425038167938
1.0820000000000007,1.1706295267175573
1.0830000000000006,1.1705165496183205
1.0840000000000005,1.170403572519084
1.0850000000000006,1.1702905954198473
1.0860000000000007,1.1701776183206107
1.0870000000000006,1.170023643292683
1.0880000000000005,1.1698269969512194
1.0890000000000006,1.169630350609756
1.0900000000000007,1.1694337042682925
1.0910000000000006,1.1692370579268292
1.0920000000000005,1.1690404115853659
1.0930000000000006,1.1688437652439023
1.0940000000000007,1.1690713740458016
1.0950000000000006,1.1693309160305345
1.0960000000000005,1.1695904580152672
1.0970000000000006,1.16985
1.0980000000000008,1.170109541984733
1.0990000000000006,1.1703690839694656
1.1000000000000005,1.1706605343511451
1.1010000000000006,1.1710040458015267
1.1020000000000008,1.1713475572519085
1.1030000000000006,1.1716910687022901
1.1040000000000005,1.172034580152672
1.1050000000000006,1.1723780916030535
1.1060000000000008,1.1727216030534353
1.1070000000000007,1.1728571798780487
1.1080000000000005,1.1729501676829268
1.1090000000000007,1.173043155487805
1.1100000000000008,1.173136143292683
1.1110000000000007,1.1732291310975609
1.1120000000000005,1.173322118902439
1.1130000000000007,1.1734254503816794
1.1140000000000008,1.1735567480916032
1.1150000000000007,1.1736880458015269
1.1160000000000005,1.1738193435114503
1.1170000000000007,1.173950641221374
1.1180000000000008,1.1740819389312978
1.1190000000000007,1.1742132366412215
1.1200000000000006,1.1742039024390243
1.1210000000000007,1.1741398780487804
1.1220000000000008,1.1740758536585365
1.1230000000000007,1.1740118292682926
1.1240000000000006,1.1739478048780487
1.1250000000000007,1.1738837804878048
1.1260000000000008,1.1736812366412206
1.1270000000000007,1.1727514656488542
1.1280000000000006,1.1718216946564879
1.1290000000000007,1.1708919236641215
1.1300000000000008,1.169962152671755
1.1310000000000007,1.1690323816793886
1.1320000000000006,1.1681026106870225
1.1330000000000007,1.1680570884146344
1.1340000000000008,1.1685769054878052
1.1350000000000007,1.1690967225609759
1.1360000000000006,1.1696165396341467
1.1370000000000007,1.1701363567073173
1.1380000000000008,1.1706561737804881
1.1390000000000007,1.1711589939024392
1.1400000000000006,1.1713388719512194
1.1410000000000007,1.17151875
1.1420000000000008,1.1716986280487804
1.1430000000000007,1.171878506097561
1.1440000000000006,1.1720583841463414
1.1450000000000007,1.172238262195122
1.1460000000000008,1.1725162748091604
1.1470000000000007,1.1728964274809162
1.1480000000000006,1.1732765801526719
1.1490000000000007,1.1736567328244276
1.1500000000000008,1.1740368854961833
1.1510000000000007,1.174417038167939
1.1520000000000006,1.1747971908396948
1.1530000000000007,1.1747010670731706
1.1540000000000008,1.1745745426829266
1.1550000000000007,1.1744480182926829
1.1560000000000006,1.174321493902439
1.1570000000000007,1.174194969512195
1.1580000000000008,1.174068445121951
1.1590000000000007,1.1741637804878051
1.1600000000000006,1.1746210975609759
1.1610000000000007,1.1750784146341466
1.1620000000000008,1.1755357317073174
1.1630000000000007,1.1759930487804882
1.1640000000000006,1.176450365853659
1.1650000000000007,1.1769076829268297
1.1660000000000008,1.1765630992366407
1.1670000000000007,1.176042488549618
1.1680000000000006,1.1755218778625949
1.1690000000000007,1.175001267175572
1.1700000000000008,1.174480656488549
1.1710000000000007,1.1739600458015262
1.1720000000000006,1.1735981097560975
1.1730000000000007,1.1736651829268292
1.1740000000000008,1.173732256097561
1.1750000000000007,1.1737993292682927
1.1760000000000006,1.1738664024390244
1.1770000000000007,1.1739334756097561
1.1780000000000008,1.1740005487804879
1.1790000000000007,1.1738825457317072
1.1800000000000006,1.1736889481707315
1.1810000000000007,1.173495350609756
1.1820000000000008,1.1733017530487804
1.1830000000000007,1.1731081554878047
1.1840000000000006,1.1729145579268292
1.1850000000000007,1.1727817835365855
1.1860000000000008,1.172993673780488
1.1870000000000007,1.1732055640243904
1.1880000000000006,1.1734174542682927
1.1890000000000007,1.1736293445121952
1.1900000000000008,1.1738412347560976
1.1910000000000007,1.1740531250000001
1.1920000000000006,1.1743315701219514
1.1930000000000007,1.1746562652439028
1.1940000000000008,1.1749809603658539
1.1950000000000007,1.1753056554878052
1.1960000000000006,1.1756303506097563
1.1970000000000007,1.1759550457317076
1.1980000000000008,1.176261493902439
1.1990000000000007,1.175977957317073
1.2000000000000006,1.1756944207317073
1.2010000000000007,1.1754108841463413
1.2020000000000008,1.1751273475609754
1.2030000000000007,1.1748438109756094
1.2040000000000006,1.1745602743902437
1.2050000000000007,1.1744114329268291
1.2060000000000008,1.174414481707317
1.2070000000000007,1.1744175304878048
1.2080000000000006,1.1744205792682927
1.2090000000000007,1.1744236280487803
1.2100000000000009,1.1744266768292682
1.2110000000000007,1.174429725609756
1.2120000000000006,1.1742649237804876
1.2130000000000007,1.174083521341463
1.2140000000000009,1.1739021189024388
1.2150000000000007,1.1737207164634145
1.2160000000000006,1.1735393140243902
1.2170000000000007,1.1733579115853658
1.2180000000000009,1.1732709451219514
1.2190000000000007,1.1733593597560976
1.2200000000000006,1.173447774390244
1.2210000000000008,1.1735361890243905
1.2220000000000009,1.1736246036585367
1.2230000000000008,1.1737130182926832
1.2240000000000006,1.1738014329268294
1.2250000000000008,1.173714024390244
1.2260000000000009,1.1735798780487805
1.2270000000000008,1.173445731707317
1.2280000000000006,1.1733115853658536
1.2290000000000008,1.17317743902439
1.2300000000000009,1.1730432926829266
1.2310000000000008,1.173060960365854
1.2320000000000007,1.1735868750000003
1.2330000000000008,1.1741127896341466
1.2340000000000009,1.174638704268293
1.2350000000000008,1.1751646189024394
1.2360000000000007,1.1756905335365857
1.2370000000000008,1.1762164481707322
1.2380000000000009,1.176056021341463
1.2390000000000008,1.175557545731707
1.2400000000000007,1.175059070121951
1.2410000000000008,1.1745605945121949
1.2420000000000009,1.1740621189024387
1.2430000000000008,1.1735636432926826
1.2440000000000007,1.173131067073171
1.2450000000000008,1.1732316768292685
1.2460000000000009,1.173332286585366
1.2470000000000008,1.1734328963414635
1.2480000000000007,1.173533506097561
1.2490000000000008,1.1736341158536585
1.2500000000000009,1.1737347256097561
1.2510000000000008,1.173729695121951
1.2520000000000007,1.1736382317073168
1.2530000000000008,1.1735467682926828
1.254000000000001,1.1734553048780485
1.2550000000000008,1.1733638414634144
1.2560000000000007,1.1732723780487804
1.2570000000000008,1.173180914634146
1.258000000000001,1.1730939786585364
1.2590000000000008,1.173007088414634
1.2600000000000007,1.1729201981707316
1.2610000000000008,1.1728333079268292
1.262000000000001,1.1727464176829268
1.2630000000000008,1.1726595274390244
1.2640000000000007,1.1725550228310502
1.2650000000000008,1.1724271689497716
1.266000000000001,1.172299315068493
1.2670000000000008,1.1721714611872145
1.2680000000000007,1.172043607305936
1.2690000000000008,1.1719157534246574
1.270000000000001,1.1717878995433788
1.2710000000000008,1.172033506097561
1.2720000000000007,1.1723399085365855
1.2730000000000008,1.17264631097561
1.274000000000001,1.1729527134146343
1.2750000000000008,1.1732591158536587
1.2760000000000007,1.173565518292683
1.2770000000000008,1.1738284756097561
1.278000000000001,1.1739900609756098
1.2790000000000008,1.1741516463414634
1.2800000000000007,1.174313231707317
1.2810000000000008,1.1744748170731707
1.282000000000001,1.1746364024390243
1.2830000000000008,1.174797987804878
1.2840000000000007,1.1747206088280058
1.2850000000000008,1.1745592694063924
1.286000000000001,1.174397929984779
1.2870000000000008,1.1742365905631655
1.2880000000000007,1.1740752511415522
1.2890000000000008,1.1739139117199389
1.290000000000001,1.1737919207317071
1.2910000000000008,1.1738620426829267
1.2920000000000007,1.1739321646341463
1.2930000000000008,1.1740022865853659
1.294000000000001,1.1740724085365852
1.2950000000000008,1.1741425304878048
1.2960000000000007,1.1742126524390244
1.2970000000000008,1.174449222560976
1.298000000000001,1.174792210365854
1.2990000000000008,1.175135198170732
1.3000000000000007,1.17547818597561
1.3010000000000008,1.175821173780488
1.302000000000001,1.1761641615853662
1.3030000000000008,1.1764987519025878
1.3040000000000007,1.176673789954338
1.3050000000000008,1.1768488280060885
1.306000000000001,1.177023866057839
1.3070000000000008,1.1771989041095892
1.3080000000000007,1.1773739421613396
1.3090000000000008,1.17754898021309
1.310000000000001,1.1775382926829268
1.3110000000000008,1.1773264024390242
1.3120000000000007,1.1771145121951219
1.3130000000000008,1.1769026219512193
1.314000000000001,1.176690731707317
1.3150000000000008,1.1764788414634144
1.3160000000000007,1.176266951219512
1.3170000000000008,1.1767359056316595
1.318000000000001,1.1772640639269412
1.3190000000000008,1.1777922222222228
1.3200000000000007,1.1783203805175042
1.3210000000000008,1.1788485388127858
1.322000000000001,1.1793766971080675
1.3230000000000008,1.1795972865853657
1.3240000000000007,1.1792466768292682
1.3250000000000008,1.1788960670731705
1.326000000000001,1.178545457317073
1.3270000000000008,1.1781948475609754
1.3280000000000007,1.177844237804878
1.3290000000000008,1.1774936280487802
1.330000000000001,1.177274505327245
1.3310000000000008,1.1770903348554034
1.3320000000000007,1.1769061643835617
1.3330000000000009,1.1767219939117197
1.334000000000001,1.176537823439878
1.3350000000000009,1.1763536529680363
1.3360000000000007,1.1762931707317077
1.3370000000000009,1.1766712195121956
1.338000000000001,1.1770492682926834
1.3390000000000009,1.177427317073171
1.3400000000000007,1.177805365853659
1.3410000000000009,1.1781834146341468
1.342000000000001,1.1785614634146346
1.3430000000000009,1.1787211415525114
1.3440000000000007,1.1787683257229833
1.3450000000000009,1.1788155098934552
1.346000000000001,1.178862694063927
1.3470000000000009,1.178909878234399
1.3480000000000008,1.1789570624048706
1.3490000000000009,1.1790030136986303
1.350000000000001,1.179036499238965
1.3510000000000009,1.1790699847793
1.3520000000000008,1.1791034703196348
1.3530000000000009,1.1791369558599698
1.354000000000001,1.1791704414003046
1.3550000000000009,1.1792039269406394
1.3560000000000008,1.1792659056316592
1.3570000000000009,1.179354185692542
1.358000000000001,1.1794424657534248
1.3590000000000009,1.1795307458143076
1.3600000000000008,1.1796190258751904
1.3610000000000009,1.1797073059360732
1.362000000000001,1.179795585996956
1.3630000000000009,1.1802083841463418
1.3640000000000008,1.1806382621951224
1.3650000000000009,1.1810681402439027
1.366000000000001,1.1814980182926833
1.3670000000000009,1.1819278963414637
1.3680000000000008,1.1823577743902443
1.3690000000000009,1.1826271232876713
1.370000000000001,1.1826453881278538
1.3710000000000009,1.1826636529680365
1.3720000000000008,1.182681917808219
1.3730000000000009,1.1827001826484018
1.374000000000001,1.1827184474885843
1.3750000000000009,1.182736712328767
1.3760000000000008,1.1828660578386607
1.377000000000001,1.183019786910198
1.378000000000001,1.1831735159817354
1.379000000000001,1.1833272450532726
1.3800000000000008,1.1834809741248098
1.381000000000001,1.1836347031963472
1.382000000000001,1.1836898782343985
1.383000000000001,1.1834493911719939
1.3840000000000008,1.183208904109589
1.385000000000001,1.1829684170471841
1.386000000000001,1.1827279299847793
1.387000000000001,1.1824874429223744
1.3880000000000008,1.1822469558599695
1.389000000000001,1.1820892694063927
1.390000000000001,1.1819705479452054
1.391000000000001,1.1818518264840183
1.3920000000000008,1.181733105022831
1.393000000000001,1.1816143835616437
1.394000000000001,1.1814956621004564
1.395000000000001,1.1813943597560976
1.3960000000000008,1.181433993902439
1.397000000000001,1.1814736280487805
1.398000000000001,1.181513262195122
1.399000000000001,1.1815528963414634
1.4000000000000008,1.181592530487805
1.4010000000000007,1.1816321646341466
1.402000000000001,1.1817613394216138
1.403000000000001,1.181963774733638
1.4040000000000008,1.1821662100456622
1.4050000000000007,1.1823686453576865
1.406000000000001,1.182571080669711
1.407000000000001,1.1827735159817352
1.4080000000000008,1.1829759512937597
1.4090000000000007,1.1829188432267883
1.410000000000001,1.1828564383561644
1.411000000000001,1.1827940334855402
1.4120000000000008,1.1827316286149163
1.4130000000000007,1.1826692237442922
1.414000000000001,1.1826068188736683
1.415000000000001,1.1826311567732117
1.4160000000000008,1.1827803196347035
1.4170000000000007,1.1829294824961951
1.418000000000001,1.1830786453576867
1.419000000000001,1.1832278082191783
1.4200000000000008,1.1833769710806699
1.4210000000000007,1.1835261339421614
1.422000000000001,1.1832073515981731
1.423000000000001,1.1827994368340942
1.4240000000000008,1.182391522070015
1.4250000000000007,1.1819836073059358
1.426000000000001,1.1815756925418566
1.427000000000001,1.1811677777777774
1.4280000000000008,1.1808995440729486
1.4290000000000007,1.1810089665653496
1.430000000000001,1.181118389057751
1.431000000000001,1.181227811550152
1.4320000000000008,1.1813372340425532
1.4330000000000007,1.1814466565349544
1.434000000000001,1.1815560790273556
1.435000000000001,1.1816698173515983
1.4360000000000008,1.181785494672755
1.4370000000000007,1.1819011719939119
1.438000000000001,1.1820168493150687
1.439000000000001,1.1821325266362253
1.4400000000000008,1.182248203957382
1.4410000000000007,1.1822999543378991
1.442000000000001,1.1818829071537287
1.443000000000001,1.1814658599695582
1.4440000000000008,1.1810488127853878
1.4450000000000007,1.1806317656012173
1.446000000000001,1.1802147184170468
1.447000000000001,1.1797976712328764
1.4480000000000008,1.179477732115677
1.4490000000000007,1.1792372450532722
1.450000000000001,1.1789967579908673
1.451000000000001,1.1787562709284625
1.4520000000000008,1.1785157838660576
1.4530000000000007,1.1782752968036527
1.454000000000001,1.1780348097412479
1.455000000000001,1.1783283257229835
1.4560000000000008,1.1786327397260274
1.4570000000000007,1.1789371537290716
1.458000000000001,1.179241567732116
1.459000000000001,1.17954598173516
1.4600000000000009,1.179850395738204
1.4610000000000007,1.1798590106544897
1.462000000000001,1.179441963470319
1.463000000000001,1.1790249162861488
1.4640000000000009,1.1786078691019783
1.4650000000000007,1.1781908219178079
1.466000000000001,1.1777737747336372
1.467000000000001,1.1773567275494667
1.4680000000000009,1.1771623404255318
1.4690000000000007,1.1770103647416412
1.470000000000001,1.1768583890577506
1.471000000000001,1.17670641337386
1.4720000000000009,1.1765544376899695
1.4730000000000008,1.176402462006079
1.474000000000001,1.176251217656012
1.475000000000001,1.1761020547945205
1.4760000000000009,1.1759528919330289
1.4770000000000008,1.1758037290715373
1.478000000000001,1.1756545662100455
1.479000000000001,1.175505403348554
1.4800000000000009,1.1753562404870623
1.4810000000000008,1.1751776712328765
1.482000000000001,1.1749858904109587
1.483000000000001,1.174794109589041
1.4840000000000009,1.1746023287671232
1.4850000000000008,1.1744105479452054
1.486000000000001,1.1742187671232875
1.487000000000001,1.1739965653495437
1.4880000000000009,1.1735512765957443
1.4890000000000008,1.173105987841945
1.490000000000001,1.1726606990881454
1.491000000000001,1.1722154103343463
1.4920000000000009,1.171770121580547
1.4930000000000008,1.1713248328267476
1.494000000000001,1.1709999999999998
1.495000000000001,1.1707777777777777
1.4960000000000009,1.1705555555555556
1.4970000000000008,1.1703333333333332
1.498000000000001,1.170111111111111
1.499000000000001,1.1698888888888888
1.5000000000000009,1.1696666666666666
1.5010000000000008,1.1694462462006079
1.5020000000000011,1.1692258814589664
1.503000000000001,1.169005516717325
1.504000000000001,1.1687851519756838
1.5050000000000008,1.1685647872340423
1.5060000000000011,1.168344422492401
1.507000000000001,1.1680437899543374
1.508000000000001,1.1676176103500757
1.5090000000000008,1.167191430745814
1.5100000000000011,1.166765251141552
1.511000000000001,1.1663390715372903
1.512000000000001,1.1659128919330286
1.5130000000000008,1.1654867123287669
1.5140000000000011,1.1652878723404254
1.515000000000001,1.1651389361702127
1.516000000000001,1.1649899999999997
1.5170000000000008,1.164841063829787
1.5180000000000011,1.1646921276595743
1.519000000000001,1.1645431914893614
1.520000000000001,1.164340136986301
1.5210000000000008,1.1639657077625567
1.5220000000000011,1.1635912785388123
1.523000000000001,1.163216849315068
1.524000000000001,1.1628424200913239
1.5250000000000008,1.1624679908675797
1.5260000000000011,1.1620935616438353
1.527000000000001,1.1618274468085106
1.528000000000001,1.1616146808510637
1.5290000000000008,1.161401914893617
1.5300000000000011,1.16118914893617
1.531000000000001,1.1609763829787234
1.532000000000001,1.1607636170212765
1.5330000000000008,1.1605064383561638
1.5340000000000011,1.1598001978691013
1.535000000000001,1.159093957382039
1.536000000000001,1.1583877168949765
1.5370000000000008,1.1576814764079142
1.5380000000000011,1.1569752359208514
1.539000000000001,1.156268995433789
1.540000000000001,1.1557616717325223
1.5410000000000008,1.1554379635258356
1.5420000000000011,1.1551142553191485
1.543000000000001,1.1547905471124615
1.544000000000001,1.1544668389057746
1.5450000000000008,1.154143130699088
1.5460000000000012,1.1538194224924008
1.547000000000001,1.153735714285714
1.548000000000001,1.1536673252279634
1.5490000000000008,1.1535989361702128
1.5500000000000012,1.153530547112462
1.551000000000001,1.1534621580547113
1.552000000000001,1.1533937689969604
1.5530000000000008,1.1532880821917808
1.5540000000000012,1.1531160882800608
1.555000000000001,1.1529440943683409
1.556000000000001,1.152772100456621
1.5570000000000008,1.152600106544901
1.5580000000000012,1.152428112633181
1.559000000000001,1.152256118721461
1.560000000000001,1.1520567173252279
1.5610000000000008,1.1518500303951367
1.5620000000000012,1.1516433434650453
1.563000000000001,1.1514366565349543
1.564000000000001,1.1512299696048631
1.5650000000000008,1.151023282674772
1.5660000000000012,1.151021489361703
1.567000000000001,1.1517904863221893
1.568000000000001,1.1525594832826755
1.5690000000000008,1.1533284802431618
1.5700000000000012,1.1540974772036483
1.571000000000001,1.1548664741641346
1.572000000000001,1.1556354711246208
1.5730000000000008,1.155672978723404
1.5740000000000012,1.1552808814589661
1.575000000000001,1.1548887841945286
1.576000000000001,1.1544966869300908
1.5770000000000008,1.1541045896656532
1.5780000000000012,1.1537124924012154
1.579000000000001,1.1533368797564687
1.580000000000001,1.1532744748858448
1.5810000000000008,1.1532120700152206
1.5820000000000012,1.1531496651445967
1.583000000000001,1.1530872602739726
1.584000000000001,1.1530248554033484
1.5850000000000009,1.1529624505327245
1.5860000000000012,1.1527381458966561
1.587000000000001,1.152338449848024
1.588000000000001,1.1519387537993917
1.5890000000000009,1.1515390577507596
1.5900000000000012,1.1511393617021273
1.591000000000001,1.1507396656534952
1.592000000000001,1.150339969604863
1.5930000000000009,1.150298632218845
1.5940000000000012,1.150297112462006
1.595000000000001,1.1502955927051672
1.596000000000001,1.1502940729483284
1.5970000000000009,1.1502925531914894
1.5980000000000012,1.1502910334346506
1.599000000000001,1.1502462310030395
1.600000000000001,1.150109452887538
1.6010000000000009,1.1499726747720362
1.6020000000000012,1.1498358966565347
1.603000000000001,1.1496991185410332
1.604000000000001,1.1495623404255317
1.6050000000000009,1.1494255623100302
1.6060000000000012,1.1491909422492397
1.607000000000001,1.1489219452887536
1.608000000000001,1.1486529483282673
1.6090000000000009,1.148383951367781
1.6100000000000012,1.1481149544072946
1.611000000000001,1.1478459574468083
1.612000000000001,1.1476207294832828
1.6130000000000009,1.1476252887537994
1.6140000000000012,1.1476298480243161
1.615000000000001,1.147634407294833
1.616000000000001,1.1476389665653497
1.6170000000000009,1.1476435258358664
1.6180000000000012,1.147648085106383
1.619000000000001,1.1475644984802431
1.620000000000001,1.1474170820668692
1.6210000000000009,1.1472696656534953
1.6220000000000012,1.1471222492401214
1.623000000000001,1.1469748328267475
1.624000000000001,1.1468274164133736
1.6250000000000009,1.1466799999999997
1.6260000000000012,1.146515866261398
1.6270000000000011,1.146351732522796
1.628000000000001,1.1461875987841943
1.629000000000001,1.1460234650455925
1.6300000000000012,1.1458593313069907
1.6310000000000011,1.145695197568389
1.632000000000001,1.1457614893617025
1.633000000000001,1.1461459878419455
1.6340000000000012,1.1465304863221888
1.6350000000000011,1.146914984802432
1.636000000000001,1.147299483282675
1.637000000000001,1.147683981762918
1.6380000000000012,1.1480684802431613
1.6390000000000011,1.147763617021276
1.640000000000001,1.1473274468085102
1.641000000000001,1.1468912765957442
1.6420000000000012,1.1464551063829782
1.6430000000000011,1.1460189361702122
1.644000000000001,1.1455827659574462
1.645000000000001,1.14532161792632
1.6460000000000012,1.145558609950627
1.6470000000000011,1.1457956019749338
1.648000000000001,1.1460325939992406
1.649000000000001,1.1462695860235474
1.6500000000000012,1.1465065780478543
1.6510000000000011,1.1467435700721613
1.652000000000001,1.1469805620964681
1.653000000000001,1.147217554120775
1.6540000000000012,1.1474545461450818
1.6550000000000011,1.1476915381693886
1.656000000000001,1.1479285301936957
1.657000000000001,1.1481655222180025
1.6580000000000013,1.1484025142423093
1.6590000000000011,1.1486395062666162
1.660000000000001,1.1488764982909232
1.661000000000001,1.14911349031523
1.6620000000000013,1.1493504823395368
1.6630000000000011,1.1495874743638437
1.664000000000001,1.1498244663881505
1.665000000000001,1.1500614584124575
1.6660000000000013,1.1502984504367644
1.6670000000000011,1.1505354424610712
1.668000000000001,1.150772434485378
1.669000000000001,1.1510094265096849
1.6700000000000013,1.151246418533992
1.6710000000000012,1.1514834105582987
1.672000000000001,1.1514110925644916
1.673000000000001,1.1513154931714717
1.6740000000000013,1.1512198937784521
1.6750000000000012,1.1511242943854323
1.676000000000001,1.1510286949924127
1.677000000000001,1.150933095599393
1.6780000000000013,1.1507831914893614
1.6790000000000012,1.1505278723404253
1.680000000000001,1.150272553191489
1.681000000000001,1.150017234042553
1.6820000000000013,1.1497619148936167
1.6830000000000012,1.1495065957446806
1.684000000000001,1.1492512765957443
1.685000000000001,1.1493170516717326
1.6860000000000013,1.1494842249240123
1.6870000000000012,1.149651398176292
1.688000000000001,1.1498185714285716
1.689000000000001,1.1499857446808512
1.6900000000000013,1.150152917933131
1.6910000000000012,1.1503260546282248
1.692000000000001,1.1505263581183613
1.693000000000001,1.150726661608498
1.6940000000000013,1.1509269650986347
1.6950000000000012,1.1511272685887712
1.696000000000001,1.1513275720789078
1.697000000000001,1.1515278755690443
1.6980000000000013,1.151552613981763
1.6990000000000012,1.151455349544073
1.700000000000001,1.151358085106383
1.701000000000001,1.151260820668693
1.7020000000000013,1.151163556231003
1.7030000000000012,1.151066291793313
1.704000000000001,1.150965007587253
1.705000000000001,1.1504657663125946
1.7060000000000013,1.1499665250379356
1.7070000000000012,1.1494672837632771
1.708000000000001,1.1489680424886186
1.709000000000001,1.14846880121396
1.7100000000000013,1.1479695599393014
1.7110000000000012,1.147920638297873
1.712000000000001,1.1484935866261405
1.713000000000001,1.149066534954408
1.7140000000000013,1.1496394832826757
1.7150000000000012,1.150212431610943
1.716000000000001,1.1507853799392105
1.717000000000001,1.151358328267478
1.7180000000000013,1.1514678452200304
1.7190000000000012,1.1514890895295904
1.720000000000001,1.1515103338391504
1.721000000000001,1.15153157814871
1.7220000000000013,1.15155282245827
1.7230000000000012,1.15157406676783
1.724000000000001,1.151620775075988
1.725000000000001,1.1517438753799392
1.7260000000000013,1.1518669756838906
1.7270000000000012,1.151990075987842
1.728000000000001,1.1521131762917936
1.729000000000001,1.1522362765957448
1.7300000000000013,1.1523593768996963
1.7310000000000012,1.1525138694992416
1.732000000000001,1.1526838239757211
1.733000000000001,1.1528537784522006
1.7340000000000013,1.15302373292868
1.7350000000000012,1.1531936874051596
1.736000000000001,1.153363641881639
1.737000000000001,1.153574142640365
1.7380000000000013,1.1542509256449176
1.7390000000000012,1.1549277086494698
1.740000000000001,1.155604491654022
1.741000000000001,1.1562812746585744
1.7420000000000013,1.1569580576631269
1.7430000000000012,1.1576348406676793
1.744000000000001,1.1581244680851068
1.745000000000001,1.1584193009118544
1.7460000000000013,1.1587141337386022
1.7470000000000012,1.15900896656535
1.748000000000001,1.1593037993920976
1.749000000000001,1.1595986322188454
1.7500000000000013,1.1598934650455932
1.7510000000000012,1.1601340364188166
1.7520000000000011,1.160369241274659
1.753000000000001,1.160604446130501
1.7540000000000013,1.1608396509863432
1.7550000000000012,1.1610748558421855
1.7560000000000011,1.1613100606980276
1.757000000000001,1.1616079059180582
1.7580000000000013,1.1620388619119884
1.7590000000000012,1.1624698179059185
1.7600000000000011,1.1629007738998487
1.761000000000001,1.1633317298937789
1.7620000000000013,1.1637626858877093
1.7630000000000012,1.1641936418816392
1.7640000000000011,1.1645396504559273
1.765000000000001,1.164854240121581
1.7660000000000013,1.1651688297872345
1.7670000000000012,1.1654834194528878
1.7680000000000011,1.1657980091185414
1.769000000000001,1.166112598784195
1.7700000000000014,1.166357238239757
1.7710000000000012,1.1662054931714716
1.7720000000000011,1.1660537481031865
1.773000000000001,1.1659020030349012
1.7740000000000014,1.165750257966616
1.7750000000000012,1.1655985128983306
1.7760000000000011,1.1654467678300453
1.777000000000001,1.1655686494688924
1.7780000000000014,1.1659055235204858
1.7790000000000012,1.1662423975720793
1.7800000000000011,1.1665792716236725
1.781000000000001,1.166916145675266
1.7820000000000014,1.1672530197268594
1.7830000000000013,1.1675898937784526
1.7840000000000011,1.1679503186646438
1.785000000000001,1.1683114719271628
1.7860000000000014,1.1686726251896817
1.7870000000000013,1.1690337784522007
1.7880000000000011,1.1693949317147196
1.789000000000001,1.1697560849772386
1.7900000000000014,1.1700174810318666
1.7910000000000013,1.170116115326252
1.7920000000000011,1.1702147496206374
1.793000000000001,1.1703133839150228
1.7940000000000014,1.1704120182094082
1.7950000000000013,1.1705106525037936
1.7960000000000012,1.170609286798179
1.797000000000001,1.1709237025796664
1.7980000000000014,1.1712954779969655
1.7990000000000013,1.1716672534142645
1.8000000000000012,1.1720390288315634
1.801000000000001,1.1724108042488621
1.8020000000000014,1.1727825796661613
1.8030000000000013,1.1731719575113815
1.8040000000000012,1.1736317450682858
1.805000000000001,1.1740915326251902
1.8060000000000014,1.1745513201820947
1.8070000000000013,1.175011107738999
1.8080000000000012,1.1754708952959034
1.809000000000001,1.1759306828528078
1.8100000000000014,1.1761738694992414
1.8110000000000013,1.1762785735963583
1.8120000000000012,1.176383277693475
1.813000000000001,1.176487981790592
1.8140000000000014,1.176592685887709
1.8150000000000013,1.1766973899848256
1.8160000000000012,1.176802124430956
1.817000000000001,1.176908345978756
1.8180000000000014,1.1770145675265555
1.8190000000000013,1.1771207890743554
1.8200000000000012,1.177227010622155
1.821000000000001,1.1773332321699546
1.8220000000000014,1.1774394537177544
1.8230000000000013,1.1777114112291356
1.8240000000000012,1.1782030652503799
1.825000000000001,1.1786947192716242
1.8260000000000014,1.1791863732928687
1.8270000000000013,1.179678027314113
1.8280000000000012,1.180169681335357
1.829000000000001,1.1806613353566013
1.8300000000000014,1.1805564491654017
1.8310000000000013,1.180337936267071
1.8320000000000012,1.1801194233687402
1.833000000000001,1.1799009104704095
1.8340000000000014,1.1796823975720785
1.8350000000000013,1.1794638846737477
1.8360000000000012,1.1793216236722308
1.837000000000001,1.1794081183611533
1.8380000000000014,1.179494613050076
1.8390000000000013,1.1795811077389986
1.8400000000000012,1.1796676024279211
1.841000000000001,1.1797540971168439
1.8420000000000014,1.1798405918057664
1.8430000000000013,1.1799190743550836
1.8440000000000012,1.1799934294385432
1.845000000000001,1.1800677845220031
1.8460000000000014,1.180142139605463
1.8470000000000013,1.1802164946889226
1.8480000000000012,1.1802908497723825
1.849000000000001,1.1803476783004552
1.8500000000000014,1.1801716540212441
1.8510000000000013,1.1799956297420333
1.8520000000000012,1.1798196054628223
1.853000000000001,1.1796435811836115
1.8540000000000014,1.1794675569044004
1.8550000000000013,1.1792915326251896
1.8560000000000012,1.1791912727272726
1.857000000000001,1.179173090909091
1.8580000000000014,1.179154909090909
1.8590000000000013,1.1791367272727271
1.8600000000000012,1.1791185454545454
1.861000000000001,1.1791003636363635
1.8620000000000014,1.1790821818181818
1.8630000000000013,1.1791160546282244
1.8640000000000012,1.1791570257966615
1.865000000000001,1.1791979969650985
1.8660000000000014,1.1792389681335356
1.8670000000000013,1.1792799393019726
1.8680000000000012,1.1793209104704097
1.869000000000001,1.1791202883156287
1.8700000000000014,1.1783281790591793
1.8710000000000013,1.1775360698027302
1.8720000000000012,1.176743960546281
1.873000000000001,1.1759518512898322
1.8740000000000014,1.1751597420333826
1.8750000000000013,1.1743676327769335
1.8760000000000012,1.1739518181818178
1.8770000000000011,1.1736972727272723
1.8780000000000014,1.1734427272727268
1.8790000000000013,1.1731881818181815
1.8800000000000012,1.172933636363636
1.8810000000000011,1.1726790909090905
1.8820000000000014,1.172366084977237
1.8830000000000013,1.1715269347496196
1.8840000000000012,1.170687784522002
1.8850000000000011,1.1698486342943846
1.8860000000000015,1.1690094840667669
1.8870000000000013,1.1681703338391494
1.8880000000000012,1.1673311836115319
1.8890000000000011,1.1669091654021246
1.8900000000000015,1.1668879210925647
1.8910000000000013,1.1668666767830047
1.8920000000000012,1.1668454324734447
1.8930000000000011,1.1668241881638846
1.8940000000000015,1.1668029438543246
1.8950000000000014,1.1667816995447646
1.8960000000000012,1.1665597575757571
1.8970000000000011,1.1663203636363633
1.8980000000000015,1.1660809696969694
1.8990000000000014,1.1658415757575753
1.9000000000000012,1.1656021818181814
1.9010000000000011,1.1653627878787876
1.9020000000000015,1.1651888315629741
1.9030000000000014,1.1651539301972687
1.9040000000000012,1.165119028831563
1.9050000000000011,1.1650841274658574
1.9060000000000015,1.1650492261001517
1.9070000000000014,1.1650143247344462
1.9080000000000013,1.1649794233687405
1.9090000000000011,1.164669151515151
1.9100000000000015,1.1642570303030297
1.9110000000000014,1.1638449090909087
1.9120000000000013,1.1634327878787873
1.9130000000000011,1.1630206666666663
1.9140000000000015,1.162608545454545
1.9150000000000014,1.1622669650986344
1.9160000000000013,1.16239746585736
1.9170000000000011,1.1625279666160853
1.9180000000000015,1.1626584673748106
1.9190000000000014,1.162788968133536
1.9200000000000013,1.1629194688922613
1.9210000000000012,1.1630499696509866
1.9220000000000015,1.162879272727272
1.9230000000000014,1.1624519999999994
1.9240000000000013,1.1620247272727269
1.9250000000000012,1.1615974545454542
1.9260000000000015,1.1611701818181812
1.9270000000000014,1.1607429090909085
1.9280000000000013,1.1603156363636358
1.9290000000000012,1.1597978907435502
1.9300000000000015,1.1592743702579658
1.9310000000000014,1.1587508497723815
1.9320000000000013,1.1582273292867975
1.9330000000000012,1.1577038088012133
1.9340000000000015,1.1571802883156288
1.9350000000000014,1.156669772727272
1.9360000000000013,1.1561834090909084
1.9370000000000012,1.1556970454545448
1.9380000000000015,1.1552106818181809
1.9390000000000014,1.1547243181818174
1.9400000000000013,1.1542379545454537
1.9410000000000012,1.1537515909090903
1.9420000000000015,1.1531890909090898
1.9430000000000014,1.1526012121212112
1.9440000000000013,1.1520133333333324
1.9450000000000012,1.1514254545454539
1.9460000000000015,1.1508375757575748
1.9470000000000014,1.1502496969696963
1.9480000000000013,1.1495990895295891
1.9490000000000012,1.148593019726858
1.9500000000000015,1.1475869499241262
1.9510000000000014,1.1465808801213948
1.9520000000000013,1.1455748103186636
1.9530000000000012,1.1445687405159324
1.9540000000000015,1.1435626707132005
1.9550000000000014,1.1423724848484833
1.9560000000000013,1.141037636363635
1.9570000000000012,1.1397027878787866
1.9580000000000015,1.1383679393939377
1.9590000000000014,1.137033090909089
1.9600000000000013,1.1356982424242408
1.9610000000000012,1.1343633939393925
1.9620000000000015,1.134557272727273
1.9630000000000014,1.1348148484848488
1.9640000000000013,1.1350724242424246
1.9650000000000012,1.1353300000000002
1.9660000000000015,1.1355875757575762
1.9670000000000014,1.1358451515151518
1.9680000000000013,1.1359614545454544
1.9690000000000012,1.135826606060606
1.9700000000000015,1.1356917575757575
1.9710000000000014,1.135556909090909
1.9720000000000013,1.1354220606060605
1.9730000000000012,1.135287212121212
1.9740000000000015,1.1351523636363636
1.9750000000000014,1.134810242424242
1.9760000000000013,1.1344026666666662
1.9770000000000012,1.1339950909090906
1.9780000000000015,1.1335875151515145
1.9790000000000014,1.1331799393939388
1.9800000000000013,1.1327723636363631
1.9810000000000012,1.1324982245827013
1.9820000000000015,1.132924628224583
1.9830000000000014,1.1333510318664648
1.9840000000000013,1.1337774355083465
1.9850000000000012,1.134203839150228
1.9860000000000015,1.1346302427921098
1.9870000000000014,1.1350566464339915
1.9880000000000013,1.1354619545454552
1.9890000000000012,1.135851348484849
1.9900000000000015,1.136240742424243
1.9910000000000014,1.1366301363636369
1.9920000000000013,1.1370195303030308
1.9930000000000012,1.1374089242424248
1.9940000000000015,1.1377983181818188
1.9950000000000014,1.137951090909091
1.9960000000000013,1.1380965454545457
1.9970000000000012,1.1382420000000002
1.9980000000000016,1.1383874545454549
1.9990000000000014,1.1385329090909093
2.0000000000000013,1.1386783636363638
2.0010000000000012,1.1384431666666657
2.0020000000000016,1.137559833333332
2.0030000000000014,1.1366764999999988
2.0040000000000013,1.1357931666666656
2.0050000000000012,1.1349098333333323
2.0060000000000016,1.1340264999999985
2.0070000000000014,1.1331431666666654
2.0080000000000013,1.1325549999999993
2.0090000000000012,1.1320549999999994
2.0100000000000016,1.1315549999999992
2.0110000000000015,1.1310549999999993
2.0120000000000013,1.1305549999999993
2.0130000000000012,1.1300549999999994
2.0140000000000016,1.1295490757575748
2.0150000000000015,1.1290142272727264
2.0160000000000013,1.128479378787878
2.0170000000000012,1.1279445303030295
2.0180000000000016,1.127409681818181
2.0190000000000015,1.1268748333333325
2.0200000000000014,1.1263399848484839
2.0210000000000012,1.125400090909089
2.0220000000000016,1.124154636363634
2.0230000000000015,1.1229091818181798
2.0240000000000014,1.1216637272727255
2.0250000000000012,1.120418272727271
2.0260000000000016,1.1191728181818161
2.0270000000000015,1.1179273636363618
2.0280000000000014,1.1170111212121199
2.0290000000000012,1.1161050606060594
2.0300000000000016,1.1151989999999985
2.0310000000000015,1.114292939393938
2.0320000000000014,1.1133868787878776
2.0330000000000013,1.112480818181817
2.0340000000000016,1.1113569591527965
2.0350000000000015,1.1098622541603609
2.0360000000000014,1.1083675491679255
2.0370000000000013,1.10687284417549
2.0380000000000016,1.1053781391830537
2.0390000000000015,1.1038834341906183
2.0400000000000014,1.1023887291981829
2.0410000000000013,1.1020668484848484
2.0420000000000016,1.1021153333333333
2.0430000000000015,1.102163818181818
2.0440000000000014,1.102212303030303
2.0450000000000013,1.1022607878787878
2.0460000000000016,1.1023092727272727
2.0470000000000015,1.1022729090909082
2.0480000000000014,1.1017910909090902
2.0490000000000013,1.1013092727272722
2.0500000000000016,1.1008274545454537
2.0510000000000015,1.1003456363636357
2.0520000000000014,1.0998638181818174
2.0530000000000013,1.0993819999999994
2.0540000000000016,1.098868787878787
2.0550000000000015,1.0983309090909084
2.0560000000000014,1.0977930303030297
2.0570000000000013,1.097255151515151
2.0580000000000016,1.096717272727272
2.0590000000000015,1.0961793939393933
2.0600000000000014,1.0956415151515146
2.0610000000000013,1.0949014545454538
2.0620000000000016,1.0941529696969687
2.0630000000000015,1.0934044848484838
2.0640000000000014,1.092655999999999
2.0650000000000013,1.091907515151514
2.0660000000000016,1.091159030303029
2.0670000000000015,1.0907328290468987
2.0680000000000014,1.090879576399395
2.0690000000000013,1.0910263237518911
2.0700000000000016,1.0911730711043874
2.0710000000000015,1.0913198184568838
2.0720000000000014,1.0914665658093798
2.0730000000000013,1.0916133131618762
2.0740000000000016,1.0914647727272724
2.0750000000000015,1.0912178030303026
2.0760000000000014,1.090970833333333
2.0770000000000013,1.0907238636363632
2.0780000000000016,1.0904768939393936
2.0790000000000015,1.0902299242424238
2.0800000000000014,1.0899813636363633
2.0810000000000013,1.0897237878787875
2.0820000000000016,1.0894662121212118
2.0830000000000015,1.089208636363636
2.0840000000000014,1.0889510606060604
2.0850000000000013,1.0886934848484846
2.0860000000000016,1.0884359090909088
2.0870000000000015,1.0881777155824506
2.0880000000000014,1.087919016641452
2.0890000000000013,1.0876603177004536
2.0900000000000016,1.087401618759455
2.0910000000000015,1.0871429198184566
2.0920000000000014,1.086884220877458
2.0930000000000013,1.0866255219364596
2.0940000000000016,1.0864561818181815
2.0950000000000015,1.0862925454545451
2.0960000000000014,1.0861289090909088
2.0970000000000013,1.0859652727272724
2.0980000000000016,1.085801636363636
2.0990000000000015,1.0856379999999997
2.1000000000000014,1.0854929652042358
2.1010000000000013,1.0853840393343417
2.1020000000000016,1.0852751134644476
2.1030000000000015,1.0851661875945535
2.1040000000000014,1.0850572617246594
2.1050000000000013,1.0849483358547654
2.1060000000000016,1.0848394099848713
2.1070000000000015,1.0844848181818174
2.1080000000000014,1.084039363636363
2.1090000000000013,1.0835939090909086
2.1100000000000017,1.083148454545454
2.1110000000000015,1.0827029999999993
2.1120000000000014,1.082257545454545
2.1130000000000013,1.0817966414523443
2.1140000000000017,1.0812323449319206
2.1150000000000015,1.0806680484114968
2.1160000000000014,1.0801037518910732
2.1170000000000013,1.0795394553706497
2.1180000000000017,1.0789751588502259
2.1190000000000015,1.0784108623298023
2.1200000000000014,1.0779312121212115
2.1210000000000013,1.0775296969696964
2.1220000000000017,1.077128181818181
2.1230000000000016,1.076726666666666
2.1240000000000014,1.0763251515151508
2.1250000000000013,1.0759236363636357
2.1260000000000017,1.0755221212121207
2.1270000000000016,1.0752352950075639
2.1280000000000014,1.0749584417549165
2.1290000000000013,1.074681588502269
2.1300000000000017,1.0744047352496213
2.1310000000000016,1.074127881996974
2.1320000000000014,1.0738510287443266
2.1330000000000013,1.073579334341906
2.1340000000000017,1.0733191225416032
2.1350000000000016,1.0730589107413007
2.1360000000000015,1.072798698940998
2.1370000000000013,1.0725384871406956
2.1380000000000017,1.0722782753403928
2.1390000000000016,1.0720180635400902
2.1400000000000015,1.0722550000000006
2.1410000000000013,1.0727050000000005
2.1420000000000017,1.0731550000000007
2.1430000000000016,1.0736050000000006
2.1440000000000015,1.0740550000000006
2.1450000000000014,1.0745050000000005
2.1460000000000017,1.0749912405446307
2.1470000000000016,1.0758036459909242
2.1480000000000015,1.0766160514372174
2.1490000000000014,1.0774284568835109
2.1500000000000017,1.0782408623298045
2.1510000000000016,1.079053267776098
2.1520000000000015,1.0798656732223915
2.1530000000000014,1.081126565809382
2.1540000000000017,1.0828542511346473
2.1550000000000016,1.0845819364599119
2.1560000000000015,1.0863096217851764
2.1570000000000014,1.0880373071104408
2.1580000000000017,1.089764992435706
2.1590000000000016,1.0914926777609706
2.1600000000000015,1.0935346666666694
2.1610000000000014,1.0956195151515178
2.1620000000000017,1.097704363636367
2.1630000000000016,1.0997892121212154
2.1640000000000015,1.101874060606064
2.1650000000000014,1.1039589090909123
2.1660000000000017,1.1058899546142238
2.1670000000000016,1.1074255068078696
2.1680000000000015,1.1089610590015153
2.1690000000000014,1.110496611195161
2.1700000000000017,1.1120321633888075
2.1710000000000016,1.1135677155824533
2.1720000000000015,1.115103267776099
2.1730000000000014,1.1167219364599112
2.1740000000000017,1.1183815431164927
2.1750000000000016,1.1200411497730733
2.1760000000000015,1.1217007564296542
2.1770000000000014,1.1233603630862348
2.1780000000000017,1.1250199697428163
2.1790000000000016,1.1266652344931938
2.1800000000000015,1.1280858093797292
2.1810000000000014,1.129506384266265
2.1820000000000017,1.1309269591528008
2.1830000000000016,1.1323475340393365
2.1840000000000015,1.133768108925872
2.1850000000000014,1.1351886838124075
2.1860000000000017,1.1363900453857807
2.1870000000000016,1.137323479576401
2.1880000000000015,1.138256913767021
2.1890000000000014,1.1391903479576413
2.1900000000000017,1.140123782148262
2.1910000000000016,1.1410572163388821
2.1920000000000015,1.141990650529502
2.1930000000000014,1.142837670196673
2.1940000000000017,1.1436682299546157
2.1950000000000016,1.144498789712558
2.1960000000000015,1.1453293494705004
2.1970000000000014,1.146159909228443
2.1980000000000017,1.1469904689863855
2.1990000000000016,1.147702027231468
2.2000000000000015,1.1480151891074133
2.2010000000000014,1.1483283509833588
2.2020000000000017,1.1486415128593046
2.2030000000000016,1.1489546747352501
2.2040000000000015,1.1492678366111957
2.2050000000000014,1.149580998487141
2.2060000000000017,1.149754402420575
2.2070000000000016,1.149842148260212
2.2080000000000015,1.1499298940998488
2.2090000000000014,1.1500176399394857
2.2100000000000017,1.1501053857791226
2.2110000000000016,1.1501931316187595
2.2120000000000015,1.1502848108925876
2.2130000000000014,1.1507659001512864
2.2140000000000017,1.1512469894099857
2.2150000000000016,1.1517280786686845
2.2160000000000015,1.1522091679273834
2.2170000000000014,1.1526902571860824
2.2180000000000017,1.1531713464447815
2.2190000000000016,1.153463025718608
2.2200000000000015,1.1534705900151285
2.2210000000000014,1.153478154311649
2.2220000000000018,1.1534857186081695
2.2230000000000016,1.1534932829046898
2.2240000000000015,1.1535008472012103
2.2250000000000014,1.1535084114977308
2.2260000000000018,1.1536677609682304
2.2270000000000016,1.1538674583963695
2.2280000000000015,1.1540671558245088
2.2290000000000014,1.1542668532526479
2.2300000000000018,1.1544665506807872
2.2310000000000016,1.1546662481089263
2.2320000000000015,1.1548836459909233
2.2330000000000014,1.155181679273828
2.2340000000000018,1.1554797125567329
2.2350000000000017,1.1557777458396374
2.2360000000000015,1.156075779122542
2.2370000000000014,1.1563738124054468
2.2380000000000018,1.1566718456883516
2.2390000000000017,1.1569034795763997
2.2400000000000015,1.15708502269289
2.2410000000000014,1.15726656580938
2.2420000000000018,1.1574481089258701
2.2430000000000017,1.1576296520423603
2.2440000000000015,1.1578111951588506
2.2450000000000014,1.1579927382753405
2.2460000000000018,1.1580653555219365
2.2470000000000017,1.1581334341906204
2.2480000000000016,1.1582015128593042
2.2490000000000014,1.158269591527988
2.2500000000000018,1.1583376701966719
2.2510000000000017,1.1584057488653556
2.2520000000000016,1.158508157099698
2.2530000000000014,1.158674320241692
2.254000000000002,1.158840483383686
2.2550000000000017,1.15900664652568
2.2560000000000016,1.159172809667674
2.2570000000000014,1.159338972809668
2.258000000000002,1.159505135951662
2.2590000000000017,1.159353419062027
2.2600000000000016,1.1590841301058998
2.2610000000000015,1.1588148411497727
2.262000000000002,1.1585455521936454
2.2630000000000017,1.1582762632375183
2.2640000000000016,1.1580069742813914
2.2650000000000015,1.157719167927382
2.266000000000002,1.1572955673222383
2.2670000000000017,1.1568719667170946
2.2680000000000016,1.156448366111951
2.2690000000000015,1.1560247655068072
2.270000000000002,1.1556011649016633
2.2710000000000017,1.1551775642965199
2.2720000000000016,1.1549862027231468
2.2730000000000015,1.1550179727685326
2.274000000000002,1.1550497428139184
2.2750000000000017,1.1550815128593042
2.2760000000000016,1.15511328290469
2.2770000000000015,1.1551450529500755
2.278000000000002,1.1551768229954613
2.2790000000000017,1.15470009063444
2.2800000000000016,1.1541668580060414
2.2810000000000015,1.1536336253776427
2.282000000000002,1.1531003927492438
2.2830000000000017,1.152567160120845
2.2840000000000016,1.1520339274924463
2.2850000000000015,1.1515673978819967
2.286000000000002,1.1512723903177
2.2870000000000017,1.1509773827534036
2.2880000000000016,1.1506823751891069
2.2890000000000015,1.1503873676248104
2.290000000000002,1.1500923600605137
2.2910000000000017,1.1497973524962173
2.2920000000000016,1.149727326283988
2.2930000000000015,1.1497681117824774
2.294000000000002,1.1498088972809668
2.2950000000000017,1.1498496827794564
2.2960000000000016,1.1498904682779458
2.2970000000000015,1.1499312537764352
2.298000000000002,1.1499684114977309
2.2990000000000017,1.149936641452345
2.3000000000000016,1.1499048714069593
2.3010000000000015,1.1498731013615735
2.302000000000002,1.1498413313161877
2.3030000000000017,1.149809561270802
2.3040000000000016,1.1497777912254161
2.3050000000000015,1.149817824773414
2.306000000000002,1.1499492447129913
2.3070000000000017,1.1500806646525683
2.3080000000000016,1.1502120845921453
2.3090000000000015,1.1503435045317223
2.310000000000002,1.1504749244712993
2.3110000000000017,1.1506063444108763
2.3120000000000016,1.150602708018154
2.3130000000000015,1.1505694251134642
2.314000000000002,1.1505361422087743
2.3150000000000017,1.1505028593040845
2.3160000000000016,1.1504695763993946
2.3170000000000015,1.1504362934947048
2.318000000000002,1.1504058761329303
2.3190000000000017,1.1503862386706947
2.3200000000000016,1.150366601208459
2.3210000000000015,1.1503469637462236
2.322000000000002,1.150327326283988
2.3230000000000017,1.1503076888217523
2.3240000000000016,1.1502880513595166
2.3250000000000015,1.1502041301058998
2.326000000000002,1.1500755370650526
2.3270000000000017,1.1499469440242054
2.3280000000000016,1.1498183509833584
2.3290000000000015,1.1496897579425112
2.330000000000002,1.149561164901664
2.3310000000000017,1.1494325718608167
2.3320000000000016,1.149105800604229
2.3330000000000015,1.1487749848942592
2.334000000000002,1.1484441691842895
2.3350000000000017,1.1481133534743198
2.3360000000000016,1.14778253776435
2.3370000000000015,1.1474517220543803
2.338000000000002,1.1471312386706942
2.3390000000000017,1.146829123867069
2.3400000000000016,1.1465270090634436
2.3410000000000015,1.1462248942598183
2.342000000000002,1.1459227794561928
2.3430000000000017,1.1456206646525675
2.3440000000000016,1.145318549848942
2.3450000000000015,1.1445492586989394
2.346000000000002,1.1436158245083188
2.3470000000000018,1.1426823903176988
2.3480000000000016,1.1417489561270786
2.3490000000000015,1.1408155219364584
2.350000000000002,1.139882087745838
2.3510000000000018,1.1389747583081558
2.3520000000000016,1.1382421299093644
2.3530000000000015,1.137509501510573
2.354000000000002,1.1367768731117813
2.3550000000000018,1.1360442447129897
2.3560000000000016,1.1353116163141983
2.3570000000000015,1.134578987915407
2.358000000000002,1.1342800906344412
2.3590000000000018,1.1343979154078552
2.3600000000000017,1.134515740181269
2.3610000000000015,1.134633564954683
2.362000000000002,1.134751389728097
2.3630000000000018,1.134869214501511
2.3640000000000017,1.1349870392749246
2.3650000000000015,1.1343590922844162
2.366000000000002,1.1336389712556716
2.3670000000000018,1.1329188502269274
2.3680000000000017,1.1321987291981832
2.3690000000000015,1.131478608169439
2.370000000000002,1.1307584871406944
2.3710000000000018,1.130012870090633
2.3720000000000017,1.1292016918428989
2.3730000000000016,1.1283905135951648
2.374000000000002,1.1275793353474306
2.3750000000000018,1.1267681570996966
2.3760000000000017,1.1259569788519626
2.3770000000000016,1.1251458006042285
2.378000000000002,1.1240235649546806
2.379000000000002,1.1227410876132908
2.3800000000000017,1.121458610271901
2.3810000000000016,1.1201761329305115
2.382000000000002,1.1188936555891211
2.383000000000002,1.1176111782477314
2.3840000000000017,1.1163330513595142
2.3850000000000016,1.1151593353474298
2.386000000000002,1.1139856193353448
2.387000000000002,1.1128119033232604
2.3880000000000017,1.111638187311176
2.3890000000000016,1.1104644712990916
2.390000000000002,1.1092907552870068
2.391000000000002,1.1080783383685777
2.3920000000000017,1.1068124773413877
2.3930000000000016,1.1055466163141974
2.394000000000002,1.1042807552870066
2.395000000000002,1.1030148942598166
2.3960000000000017,1.1017490332326263
2.3970000000000016,1.1004831722054362
2.398000000000002,1.1003266767371602
2.399000000000002,1.1004475226586103
2.4000000000000017,1.1005683685800605
2.4010000000000016,1.1006892145015106
2.4020000000000015,1.1008100604229607
2.403000000000002,1.100930906344411
2.4040000000000017,1.1011580664652578
2.4050000000000016,1.1018695468277955
2.406000000000002,1.1025810271903336
2.407000000000002,1.1032925075528712
2.4080000000000017,1.1040039879154089
2.4090000000000016,1.1047154682779465
2.4100000000000015,1.1054269486404842
2.411000000000002,1.106418429003023
2.4120000000000017,1.1076299093655606
2.4130000000000016,1.1088413897280984
2.414000000000002,1.1100528700906367
2.415000000000002,1.1112643504531745
2.4160000000000017,1.1124758308157123
2.4170000000000016,1.11368731117825
2.4180000000000015,1.1146332628398807
2.419000000000002,1.1155622658610291
2.4200000000000017,1.1164912688821769
2.4210000000000016,1.1174202719033248
2.422000000000002,1.118349274924473
2.423000000000002,1.119278277945621
2.4240000000000017,1.1202348338368597
2.4250000000000016,1.1212499395770408
2.4260000000000015,1.122265045317222
2.427000000000002,1.1232801510574038
2.4280000000000017,1.1242952567975848
2.4290000000000016,1.125310362537766
2.430000000000002,1.1263254682779478
2.431000000000002,1.1269377039274933
2.4320000000000017,1.1273772809667681
2.4330000000000016,1.127816858006043
2.4340000000000015,1.128256435045318
2.435000000000002,1.1286960120845928
2.4360000000000017,1.1291355891238677
2.4370000000000016,1.1295174018126883
2.438000000000002,1.1292349244712987
2.439000000000002,1.1289524471299088
2.4400000000000017,1.1286699697885192
2.4410000000000016,1.1283874924471295
2.4420000000000015,1.12810501510574
2.443000000000002,1.12782253776435
2.4440000000000017,1.1276131070889894
2.4450000000000016,1.127489426847662
2.446000000000002,1.1273657466063347
2.447000000000002,1.1272420663650073
2.4480000000000017,1.12711838612368
2.4490000000000016,1.1269947058823526
2.4500000000000015,1.1268710256410253
2.451000000000002,1.1264914199395761
2.4520000000000017,1.126059395770392
2.4530000000000016,1.1256273716012077
2.454000000000002,1.1251953474320233
2.455000000000002,1.1247633232628391
2.4560000000000017,1.124331299093655
2.4570000000000016,1.1239525679758307
2.4580000000000015,1.1237743202416917
2.459000000000002,1.1235960725075527
2.4600000000000017,1.1234178247734137
2.4610000000000016,1.1232395770392747
2.462000000000002,1.1230613293051357
2.463000000000002,1.1228830815709967
2.4640000000000017,1.1219446072507524
2.4650000000000016,1.1204778398791513
2.4660000000000015,1.1190110725075504
2.467000000000002,1.1175443051359486
2.4680000000000017,1.1160775377643477
2.4690000000000016,1.1146107703927466
2.470000000000002,1.113144003021145
2.471000000000002,1.1136720512820524
2.4720000000000018,1.1142617948717959
2.4730000000000016,1.1148515384615394
2.4740000000000015,1.1154412820512831
2.475000000000002,1.1160310256410269
2.4760000000000018,1.1166207692307704
2.4770000000000016,1.1168322960725068
2.478000000000002,1.1163096374622345
2.479000000000002,1.1157869788519628
2.4800000000000018,1.1152643202416908
2.4810000000000016,1.114741661631419
2.4820000000000015,1.1142190030211472
2.483000000000002,1.113696344410875
2.4840000000000018,1.1132411178247725
2.4850000000000017,1.1128121148036245
2.486000000000002,1.1123831117824765
2.487000000000002,1.1119541087613285
2.4880000000000018,1.1115251057401805
2.4890000000000017,1.1110961027190327
2.4900000000000015,1.1106523831070882
2.491000000000002,1.1100762141779779
2.4920000000000018,1.1095000452488677
2.4930000000000017,1.1089238763197578
2.494000000000002,1.1083477073906474
2.495000000000002,1.1077715384615372
2.4960000000000018,1.1071953695324273
2.4970000000000017,1.1068172534142637
2.4980000000000016,1.1066624734446129
2.499000000000002,1.1065076934749618
2.5000000000000018,1.1063529135053107
2.5010000000000017,1.1061981335356599
2.502000000000002,1.1060433535660088
2.503000000000002,1.105888573596358
2.504000000000002,1.105119333333332
2.5050000000000017,1.1042663030303017
2.5060000000000016,1.1034132727272714
2.507000000000002,1.1025602424242409
2.508000000000002,1.1017072121212106
2.5090000000000017,1.1008541818181805
2.510000000000002,1.1001530303030296
2.511000000000002,1.0998424242424236
2.512000000000002,1.0995318181818177
2.5130000000000017,1.0992212121212115
2.5140000000000016,1.0989106060606055
2.515000000000002,1.0985999999999994
2.516000000000002,1.0982893939393934
2.5170000000000017,1.0986948484848498
2.518000000000002,1.0994372727272743
2.519000000000002,1.1001796969696984
2.520000000000002,1.1009221212121225
2.5210000000000017,1.1016645454545466
2.5220000000000016,1.1024069696969707
2.523000000000002,1.1029842640364163
2.524000000000002,1.1016625644916516
2.5250000000000017,1.1003408649468869
2.526000000000002,1.0990191654021215
2.527000000000002,1.0976974658573568
2.528000000000002,1.0963757663125921
2.5290000000000017,1.0950540667678275
2.5300000000000016,1.0946702878787888
2.531000000000002,1.0952627121212133
2.532000000000002,1.0958551363636375
2.5330000000000017,1.0964475606060617
2.534000000000002,1.0970399848484862
2.535000000000002,1.0976324090909102
2.536000000000002,1.0982248333333344
2.5370000000000017,1.0985664393939398
2.5380000000000016,1.098877045454546
2.539000000000002,1.099187651515152
2.540000000000002,1.0994982575757581
2.5410000000000017,1.099808863636364
2.542000000000002,1.1001194696969703
2.543000000000002,1.1001510606060592
2.544000000000002,1.0994995454545442
2.5450000000000017,1.098848030303029
2.5460000000000016,1.0981965151515138
2.547000000000002,1.0975449999999984
2.548000000000002,1.0968934848484835
2.5490000000000017,1.0962419696969683
2.550000000000002,1.0962470000000006
2.551000000000002,1.0965470000000006
2.552000000000002,1.0968470000000006
2.5530000000000017,1.0971470000000005
2.5540000000000016,1.0974470000000005
2.555000000000002,1.0977470000000007
2.556000000000002,1.0980231363636364
2.5570000000000017,1.0980579848484848
2.558000000000002,1.0980928333333333
2.559000000000002,1.0981276818181818
2.560000000000002,1.0981625303030302
2.5610000000000017,1.0981973787878787
2.5620000000000016,1.0982322272727272
2.563000000000002,1.098024303030302
2.564000000000002,1.097563696969696
2.5650000000000017,1.09710309090909
2.566000000000002,1.096642484848484
2.567000000000002,1.0961818787878779
2.568000000000002,1.0957212727272718
2.5690000000000017,1.0952606666666658
2.5700000000000016,1.0948081515151507
2.571000000000002,1.0943566363636354
2.572000000000002,1.0939051212121202
2.5730000000000017,1.0934536060606053
2.574000000000002,1.09300209090909
2.575000000000002,1.0925505757575749
2.576000000000002,1.092114878787878
2.5770000000000017,1.0917179090909084
2.5780000000000016,1.0913209393939387
2.579000000000002,1.0909239696969688
2.580000000000002,1.0905269999999991
2.5810000000000017,1.0901300303030295
2.582000000000002,1.0897330606060596
2.583000000000002,1.0893528181818173
2.584000000000002,1.08898009090909
2.5850000000000017,1.088607363636363
2.5860000000000016,1.0882346363636357
2.587000000000002,1.0878619090909083
2.588000000000002,1.087489181818181
2.5890000000000017,1.0870572727272707
2.590000000000002,1.0860269696969675
2.591000000000002,1.0849966666666646
2.592000000000002,1.0839663636363617
2.5930000000000017,1.0829360606060587
2.5940000000000016,1.0819057575757558
2.595000000000002,1.0808754545454524
2.596000000000002,1.0801038880484104
2.5970000000000018,1.0796016187594544
2.598000000000002,1.0790993494704981
2.599000000000002,1.078597080181542
