wave,r
0.4,0.5636428000000001
0.401,0.5636428000000001
0.402,0.5636428000000001
0.403,0.5636428000000001
0.404,0.5636428000000001
0.405,0.5636428000000001
0.406,0.5636429260213803
0.40700000000000003,0.5762450639786204
0.40800000000000003,0.5947079059985804
0.40900000000000003,0.60030776400142
0.41000000000000003,0.5812960900000003
0.41100000000000003,0.5843268296926031
0.41200000000000003,0.58724123
0.41300000000000003,0.5950171641041606
0.41400000000000003,0.6274275800000012
0.41500000000000004,0.6499520452609948
0.41600000000000004,0.6494781447390052
0.41700000000000004,0.63158733
0.41800000000000004,0.6314239516337836
0.41900000000000004,0.6263555300000004
0.42000000000000004,0.6341834458289423
0.42100000000000004,0.64376634
0.42200000000000004,0.6266363257917844
0.42300000000000004,0.6322155042082162
0.42400000000000004,0.6469361884515304
0.42500000000000004,0.6357813415484683
0.42600000000000005,0.6440326000000005
0.42700000000000005,0.6530458955311451
0.42800000000000005,0.6595990099999998
0.42900000000000005,0.655417037728844
0.43000000000000005,0.6271899222711529
0.43100000000000005,0.6319785342299167
0.43200000000000005,0.6584015257700861
0.43300000000000005,0.6564148100000005
0.43400000000000005,0.6636968936103645
0.43500000000000005,0.6760579299999991
0.43600000000000005,0.6597306079571403
0.43700000000000006,0.6475263220428583
0.43800000000000006,0.6707703262321768
0.43900000000000006,0.6983935437678264
0.44000000000000006,0.6890970500000003
0.44100000000000006,0.694843412536375
0.44200000000000006,0.6704540799999986
0.44300000000000006,0.6469238888833223
0.44400000000000006,0.6458122211166776
0.44500000000000006,0.6514637900301996
0.44600000000000006,0.6554668099698009
0.44700000000000006,0.6853503600000027
0.44800000000000006,0.7338037454661482
0.44900000000000007,0.7154478999999985
0.45000000000000007,0.6874121692766145
0.45100000000000007,0.6903398307233858
0.45200000000000007,0.7204461948167044
0.45300000000000007,0.7349278651832972
0.45400000000000007,0.700890059999997
0.45500000000000007,0.6739078498221001
0.45600000000000007,0.6746864299999994
0.4570000000000001,0.6644269672401272
0.4580000000000001,0.6571509800000046
0.4590000000000001,0.6986039348907037
0.4600000000000001,0.7290930051092996
0.4610000000000001,0.7235296999999989
0.4620000000000001,0.7047695576014228
0.4630000000000001,0.6824767600000017
0.4640000000000001,0.697784380035101
0.4650000000000001,0.7107878899999993
0.4660000000000001,0.6980902031479352
0.4670000000000001,0.6814049968520619
0.4680000000000001,0.6847264076817482
0.4690000000000001,0.7014945823182546
0.4700000000000001,0.7372760799999991
0.4710000000000001,0.7295725821404747
0.4720000000000001,0.6927866300000006
0.4730000000000001,0.7056052098165055
0.4740000000000001,0.7235868601834974
0.4750000000000001,0.7300497817471655
0.4760000000000001,0.7352244982528355
0.4770000000000001,0.7259339700000002
0.4780000000000001,0.7284004266554348
0.4790000000000001,0.7420659699999956
0.4800000000000001,0.7025764156109847
0.4810000000000001,0.6741375143890089
0.4820000000000001,0.7001492843847154
0.4830000000000001,0.728587755615291
0.4840000000000001,0.7494080699999988
0.4850000000000001,0.7380498635820628
0.4860000000000001,0.7125545099999995
0.4870000000000001,0.7080012046599062
0.4880000000000001,0.7024671953400925
0.4890000000000001,0.6848996203130961
0.4900000000000001,0.707930929686909
0.4910000000000001,0.7183244200000011
0.4920000000000001,0.7278366348778523
0.4930000000000001,0.7281236600000014
0.4940000000000001,0.7409312273487254
0.4950000000000001,0.7306660999999982
0.4960000000000001,0.7147200562066732
0.4970000000000001,0.6893407237933211
0.4980000000000001,0.6825514400000037
0.4990000000000001,0.7158915065993379
0.5000000000000001,0.7285625300000014
0.5010000000000001,0.7402212849418013
0.5020000000000001,0.7547144678245059
0.5030000000000001,0.7359752847836586
0.5040000000000001,0.6943254465029625
0.5050000000000001,0.7004161500000043
0.5060000000000001,0.7392524094780258
0.5070000000000001,0.7372263107829606
0.5080000000000001,0.7392081203614038
0.5090000000000001,0.7446814799999982
0.5100000000000001,0.728363874891948
0.5110000000000001,0.7228531959233632
0.5120000000000001,0.723649364076637
0.5130000000000001,0.7295571609210102
0.5140000000000001,0.7202677699999988
0.5150000000000001,0.7090032165663305
0.5160000000000001,0.7036600281271937
0.5170000000000001,0.7042642679152042
0.5180000000000001,0.713068811952921
0.5190000000000001,0.7182628197806944
0.5200000000000001,0.697241338463377
0.5210000000000001,0.698664507304935
0.5220000000000001,0.700380962835357
0.5230000000000001,0.7082450400000033
0.5240000000000001,0.7380979985597833
0.5250000000000001,0.7239542644070237
0.5260000000000001,0.7241746155929762
0.5270000000000001,0.7390919008242108
0.5280000000000001,0.7226116099999985
0.5290000000000001,0.7094920729720293
0.5300000000000001,0.7056406983230834
0.5310000000000001,0.7025848011179437
0.5320000000000001,0.7193354524895277
0.5330000000000001,0.725928954608146
0.5340000000000001,0.7253899946958663
0.5350000000000001,0.7361247879562042
0.5360000000000001,0.7249841614128263
0.5370000000000001,0.696100289999999
0.5380000000000001,0.6867633466281354
0.5390000000000001,0.7044264373760353
0.5400000000000001,0.7313389717493157
0.5410000000000001,0.7358774046201471
0.5420000000000001,0.7388871899999996
0.5430000000000001,0.7349661282383897
0.5440000000000002,0.7513780476424209
0.5450000000000002,0.7767629922957261
0.5460000000000002,0.76883012
0.5470000000000002,0.7688125939321393
0.5480000000000002,0.7682060625013012
0.5490000000000002,0.7803311274987015
0.5500000000000002,0.7730780925342241
0.5510000000000002,0.7140577399999993
0.5520000000000002,0.7079033360815256
0.5530000000000002,0.7325110038761075
0.5540000000000002,0.7409735407492636
0.5550000000000002,0.7495071646637481
0.5560000000000002,0.7531823919721176
0.5570000000000002,0.7393801975303268
0.5580000000000002,0.7552567137045176
0.5590000000000002,0.7404221267101653
0.5600000000000002,0.6992685200000014
0.5610000000000002,0.7121341388262952
0.5620000000000002,0.7550161878680882
0.5630000000000002,0.7689095921319165
0.5640000000000002,0.768740651692217
0.5650000000000002,0.7850921200000001
0.5660000000000002,0.7854142696397888
0.5670000000000002,0.7493963046599619
0.5680000000000002,0.7148849702266845
0.5690000000000002,0.7173580252620531
0.5700000000000002,0.7372226786115872
0.5710000000000002,0.7440833959873974
0.5720000000000002,0.7288827660188963
0.5730000000000002,0.7113199156292096
0.5740000000000002,0.7168366300000062
0.5750000000000002,0.7447765126351296
0.5760000000000002,0.7650392064057394
0.5770000000000002,0.7443594935942514
0.5780000000000002,0.7304158394351918
0.5790000000000002,0.7394712599999981
0.5800000000000002,0.7310438331286296
0.5810000000000002,0.7232005308063598
0.5820000000000002,0.7242274094624271
0.5830000000000002,0.7184429800000048
0.5840000000000002,0.7402031850281549
0.5850000000000002,0.7687054751553427
0.5860000000000002,0.770963242266987
0.5870000000000002,0.7699150504829094
0.5880000000000002,0.750282999999994
0.5890000000000002,0.7231267764819307
0.5900000000000002,0.7297755335725252
0.5910000000000002,0.7552279509516583
0.5920000000000002,0.7736634556463596
0.5930000000000002,0.7630923324588206
0.5940000000000002,0.7383387019977999
0.5950000000000002,0.7379385920032998
0.5960000000000002,0.7369481498091979
0.5970000000000002,0.7446705100000013
0.5980000000000002,0.7505008041427473
0.5990000000000002,0.786914510442184
0.6000000000000002,0.7949366195578196
0.6010000000000002,0.7729943194289906
0.6020000000000002,0.7543871399999958
0.6030000000000002,0.7360220921820433
0.6040000000000002,0.7342399232140372
0.6050000000000002,0.7200137245239705
0.6060000000000002,0.7209356907773079
0.6070000000000002,0.7492779895782974
0.6080000000000002,0.7592354800945937
0.6090000000000002,0.7522402098581057
0.6100000000000002,0.7540602517969363
0.6110000000000002,0.7564398600000004
0.6120000000000002,0.758357429669896
0.6130000000000002,0.7543243671917109
0.6140000000000002,0.7476839528082861
0.6150000000000002,0.7620857659776623
0.6160000000000002,0.768725989999999
0.6170000000000002,0.7640768568118627
0.6180000000000002,0.738418111080845
0.6190000000000002,0.7347874726127684
0.6200000000000002,0.7507165100000038
0.6210000000000002,0.7682836408967069
0.6220000000000002,0.7603732810294466
0.6230000000000002,0.7509247534558254
0.6240000000000002,0.760507484166985
0.6250000000000002,0.7656014599999951
0.6260000000000002,0.7433694756758074
0.6270000000000002,0.7209379087208656
0.6280000000000002,0.7268952708527587
0.6290000000000002,0.7420224787260898
0.6300000000000002,0.7439565099999986
0.6310000000000002,0.7380067311573423
0.6320000000000002,0.739064598263987
0.6330000000000002,0.7465144109999118
0.6340000000000002,0.7688936599999978
0.6350000000000002,0.7588642653916567
0.6360000000000002,0.7694032761023566
0.6370000000000002,0.7722083938976448
0.6380000000000002,0.7691233508516077
0.6390000000000002,0.7710862799999931
0.6400000000000002,0.7402965627717512
0.6410000000000002,0.7245745557891136
0.6420000000000002,0.736100859473929
0.6430000000000002,0.7385265557448581
0.6440000000000002,0.7409040893910971
0.6450000000000002,0.752843369005754
0.6460000000000002,0.7732936564913814
0.6470000000000002,0.7693562293815865
0.6480000000000002,0.7399092899999996
0.6490000000000002,0.7378916583650945
0.6500000000000002,0.7777274781506751
0.6510000000000002,0.7831350118493272
0.6520000000000002,0.7613793375621695
0.6530000000000002,0.7473966499999999
0.6540000000000002,0.7466742837240378
0.6550000000000002,0.7488607052170416
0.6560000000000002,0.7583679398553095
0.6570000000000003,0.7533254504278029
0.6580000000000003,0.7461757678243782
0.6590000000000003,0.7459578569328496
0.6600000000000003,0.7283044996007149
0.6610000000000003,0.7197981150610988
0.6620000000000003,0.7200216700000012
0.6630000000000003,0.7256424980253653
0.6640000000000003,0.7434451570745519
0.6650000000000003,0.7653476419503076
0.6660000000000003,0.7668377051034514
0.6670000000000003,0.7436633099999973
0.6680000000000003,0.7314789084032814
0.6690000000000003,0.7393990723950826
0.6700000000000003,0.738523437517975
0.6710000000000003,0.7542905200000048
0.6720000000000003,0.7688480420947188
0.6730000000000003,0.7610573986358518
0.6740000000000003,0.7474891913641423
0.6750000000000003,0.7606671882146859
0.6760000000000003,0.7707064199999933
0.6770000000000003,0.7507526807723103
0.6780000000000003,0.7318303596070186
0.6790000000000003,0.7278172602619859
0.6800000000000003,0.7446695714727195
0.6810000000000003,0.7478820707926096
0.6820000000000003,0.753961293265838
0.6830000000000003,0.7581245851012461
0.6840000000000003,0.7602136882191827
0.6850000000000003,0.7669543599999986
0.6860000000000003,0.7610388363744669
0.6870000000000003,0.7726759663613442
0.6880000000000003,0.7684940336386534
0.6890000000000003,0.7523578213645091
0.6900000000000003,0.7491126100000011
0.6910000000000003,0.75254720399844
0.6920000000000003,0.7527466512197349
0.6930000000000003,0.7371206425201704
0.6940000000000003,0.7428318928832305
0.6950000000000003,0.7558660906023088
0.6960000000000003,0.7659260259866992
0.6970000000000003,0.7612253610199476
0.6980000000000003,0.7625464067877361
0.6990000000000003,0.7518263499999959
0.7000000000000003,0.7334348466299708
0.7010000000000003,0.7500976424589038
0.7020000000000003,0.7567205875411006
0.7030000000000003,0.7518799184089827
0.7040000000000003,0.7514245500000026
0.7050000000000003,0.7632139092879955
0.7060000000000003,0.7711776111183402
0.7070000000000003,0.7558815559210986
0.7080000000000003,0.7463244200000003
0.7090000000000003,0.7474032458241578
0.7100000000000003,0.745985668915254
0.7110000000000003,0.7449314316271184
0.7120000000000003,0.7337365719516359
0.7130000000000003,0.7327441000000068
0.7140000000000003,0.7531373021143426
0.7150000000000003,0.7543487993529331
0.7160000000000003,0.7576605637647128
0.7170000000000003,0.7642587340176421
0.7180000000000003,0.7618343490004843
0.7190000000000003,0.7407345633432287
0.7200000000000003,0.7279017249851469
0.7210000000000003,0.7412355233083376
0.7220000000000003,0.75548303
0.7230000000000003,0.7555198127834231
0.7240000000000003,0.7377983416593309
0.7250000000000003,0.7293813083406635
0.7260000000000003,0.7394868289410923
0.7270000000000003,0.7476350100000031
0.7280000000000003,0.7568403468387399
0.7290000000000003,0.7685237190010487
0.7300000000000003,0.763490420665965
0.7310000000000003,0.743655458352578
0.7320000000000003,0.7302906941927415
0.7330000000000003,0.7287103220957005
0.7340000000000003,0.7448151068564619
0.7350000000000003,0.7513927742261863
0.7360000000000003,0.7565203900000012
0.7370000000000003,0.7598489833491344
0.7380000000000003,0.7631838248648053
0.7390000000000003,0.7629270651351945
0.7400000000000003,0.7601642876282756
0.7410000000000003,0.752005459999997
0.7420000000000003,0.7430929166296648
0.7430000000000003,0.7384248786227731
0.7440000000000003,0.7497123042514914
0.7450000000000003,0.7706359000000023
0.7460000000000003,0.7772315645165426
0.7470000000000003,0.7706829989581464
0.7480000000000003,0.7531309065627667
0.7490000000000003,0.7416465248419936
0.7500000000000003,0.7506215600000026
0.7510000000000003,0.7583202415221294
0.7520000000000003,0.7554724475722202
0.7530000000000003,0.7523915216185181
0.7540000000000003,0.748471539199991
0.7550000000000003,0.7463617300000023
0.7560000000000003,0.7533820766416696
0.7570000000000003,0.7587141600374997
0.7580000000000003,0.7666797206872096
0.7590000000000003,0.7572822599999979
0.7600000000000003,0.7509781892216906
0.7610000000000003,0.746900568177075
0.7620000000000003,0.7533094218229293
0.7630000000000003,0.7514756483393826
0.7640000000000003,0.7512440700000008
0.7650000000000003,0.7536775036875697
0.7660000000000003,0.7430464102945832
0.7670000000000003,0.7373895631369413
0.7680000000000003,0.7348851850431495
0.7690000000000003,0.7392527721440292
0.7700000000000004,0.7594668572604384
0.7710000000000004,0.7638298791093463
0.7720000000000004,0.7473896644083817
0.7730000000000004,0.7441411000000046
0.7740000000000004,0.7578659385137885
0.7750000000000004,0.7667168621545094
0.7760000000000004,0.7528245878454815
0.7770000000000004,0.7442327359174559
0.7780000000000004,0.7461895899999988
0.7790000000000004,0.7429924196845943
0.7800000000000004,0.7349768686665664
0.7810000000000004,0.7342657542222887
0.7820000000000004,0.7395991766645688
0.7830000000000004,0.7396486270459699
0.7840000000000004,0.7383530800268959
0.7850000000000004,0.7298544249596486
0.7860000000000004,0.7476458520778485
0.7870000000000004,0.755892459999998
0.7880000000000004,0.7500054464918309
0.7890000000000004,0.7526543091372402
0.7900000000000004,0.7446255505751685
0.7910000000000004,0.7357498687569841
0.7920000000000004,0.7520155300000017
0.7930000000000004,0.7568594446143696
0.7940000000000004,0.7580901630784466
0.7950000000000004,0.7614673924541256
0.7960000000000004,0.752927599999996
0.7970000000000004,0.7440140986806829
0.7980000000000004,0.7338824739092453
0.7990000000000004,0.7390779360907581
0.8000000000000004,0.7531064497131027
0.8010000000000004,0.7554606799999964
0.8020000000000004,0.7475448391583835
0.8030000000000004,0.7484608204940774
0.8040000000000004,0.7541439563372851
0.8050000000000004,0.7514505069361683
0.8060000000000004,0.7439556202767008
0.8070000000000004,0.7389834189449535
0.8080000000000004,0.7404306665825715
0.8090000000000004,0.7371940647348462
0.8100000000000004,0.7476432300000023
0.8110000000000004,0.7545988424718241
0.8120000000000004,0.752846165482983
0.8130000000000004,0.7581203145170211
0.8140000000000004,0.753069150513703
0.8150000000000004,0.7375201600000028
0.8160000000000004,0.7437956243752499
0.8170000000000004,0.7580138157312116
0.8180000000000004,0.7532048561791894
0.8190000000000004,0.745353538513782
0.8200000000000004,0.7542311624609269
0.8210000000000004,0.760477025214237
0.8220000000000004,0.755237737178639
0.8230000000000004,0.7464649377290511
0.8240000000000004,0.7419319699999991
0.8250000000000004,0.7391270926608262
0.8260000000000004,0.7383931051441924
0.8270000000000004,0.7341503148558038
0.8280000000000004,0.7398698928022303
0.8290000000000004,0.749984500000004
0.8300000000000004,0.7621210953925542
0.8310000000000004,0.7628907273838311
0.8320000000000004,0.7638035217441131
0.8330000000000004,0.7626891099999997
0.8340000000000004,0.7623131513867102
0.8350000000000004,0.7524519028980525
0.8360000000000004,0.746596805652915
0.8370000000000004,0.74890128695274
0.8380000000000004,0.7534305499999979
0.8390000000000004,0.7487220541135836
0.8400000000000004,0.7521334623614839
0.8410000000000004,0.757212178425681
0.8420000000000004,0.7597697144251452
0.8430000000000004,0.7473186644364433
0.8440000000000004,0.7447624638928075
0.8450000000000004,0.749957104160794
0.8460000000000004,0.7555770376010786
0.8470000000000004,0.7570533799999976
0.8480000000000004,0.7516437792180898
0.8490000000000004,0.7455659230054844
0.8500000000000004,0.756216196994525
0.8510000000000004,0.750213330031998
0.8520000000000004,0.7481270400000046
0.8530000000000004,0.7586575216427329
0.8540000000000004,0.7588217395197234
0.8550000000000004,0.7571390636535166
0.8560000000000004,0.7566528948614485
0.8570000000000004,0.7518241290733879
0.8580000000000004,0.7447314577176108
0.8590000000000004,0.7371173384235757
0.8600000000000004,0.7396803243670883
0.8610000000000004,0.744619909999995
0.8620000000000004,0.733376224318944
0.8630000000000004,0.7358085970223306
0.8640000000000004,0.7621597129776929
0.8650000000000004,0.7753897777019823
0.8660000000000004,0.7715666900000038
0.8670000000000004,0.7800214890437918
0.8680000000000004,0.7829730843374749
0.8690000000000004,0.766117667108337
0.8700000000000004,0.7576286800000002
0.8710000000000004,0.7579676881787867
0.8720000000000004,0.7677853365384724
0.8730000000000004,0.7661122601922896
0.8740000000000004,0.7617929431939622
0.8750000000000004,0.768502649999999
0.8760000000000004,0.7662447537617715
0.8770000000000004,0.7586212069470534
0.8780000000000004,0.7601861087019656
0.8790000000000004,0.7623294385665865
0.8800000000000004,0.7627996199999979
0.8810000000000004,0.7579892277347159
0.8820000000000005,0.7638759633979325
0.8830000000000005,0.7625001975196746
0.8840000000000005,0.7561773100000001
0.8850000000000005,0.7563860417033201
0.8860000000000005,0.7625563978744883
0.8870000000000005,0.7699501221255184
0.8880000000000005,0.7731911775902776
0.8890000000000005,0.7747962499999959
0.8900000000000005,0.7654528051565034
0.8910000000000005,0.7659681515392184
0.8920000000000005,0.7563527923071802
0.8930000000000005,0.7425288782399755
0.8940000000000005,0.7455743719061196
0.8950000000000005,0.7467651965195792
0.8960000000000005,0.7585911752206451
0.8970000000000005,0.7618103878104578
0.8980000000000005,0.7515795199999998
0.8990000000000005,0.7514491078325811
0.9000000000000005,0.7572322582012722
0.9010000000000005,0.7576423217987283
0.9020000000000005,0.7667542988784934
0.9030000000000005,0.7708491099999983
0.9040000000000005,0.7670542506829041
0.9050000000000005,0.7605886430085504
0.9060000000000005,0.7623555946609677
0.9070000000000005,0.754305200505901
0.9080000000000005,0.749317949849199
0.9090000000000005,0.7503029304705782
0.9100000000000005,0.7543264592941373
0.9110000000000005,0.7509373138936762
0.9120000000000005,0.7510291899999977
0.9130000000000005,0.7458754943599819
0.9140000000000005,0.7353118928330596
0.9150000000000005,0.7380729947779624
0.9160000000000005,0.7488060126682321
0.9170000000000005,0.7492036200000036
0.9180000000000005,0.7574922509651544
0.9190000000000005,0.7635405085522755
0.9200000000000005,0.7571950669162663
0.9210000000000005,0.7503691300000016
0.9220000000000005,0.7532436258882617
0.9230000000000005,0.7588323844178242
0.9240000000000005,0.7610532755821777
0.9250000000000005,0.7661986385457881
0.9260000000000005,0.771369339999989
0.9270000000000005,0.7516377723847394
0.9280000000000005,0.7348767980359989
0.9290000000000005,0.7364779979760019
0.9300000000000005,0.7409362954164563
0.9310000000000005,0.7415075165470648
0.9320000000000005,0.7401622991511438
0.9330000000000005,0.7426198562732876
0.9340000000000005,0.7411910585782852
0.9350000000000005,0.7341632200000023
0.9360000000000005,0.7394046780089829
0.9370000000000005,0.745205534775811
0.9380000000000005,0.7489443252241929
0.9390000000000005,0.7505388740549414
0.9400000000000005,0.7539779499999985
0.9410000000000005,0.7511646444809409
0.9420000000000005,0.7438888725975695
0.9430000000000005,0.7426421249349526
0.9440000000000005,0.7412098743225425
0.9450000000000005,0.7374953408207103
0.9460000000000005,0.7415774059254059
0.9470000000000005,0.7453736761118964
0.9480000000000005,0.7442962007762151
0.9490000000000005,0.7550705100000026
0.9500000000000005,0.7608268134672255
0.9510000000000005,0.742173635288381
0.9520000000000005,0.7284380547116038
0.9530000000000005,0.7263404309739088
0.9540000000000005,0.7285633700000004
0.9550000000000005,0.7293661321213215
0.9560000000000005,0.7299719038734018
0.9570000000000005,0.7207676840843906
0.9580000000000005,0.720091580000007
0.9590000000000005,0.7327841503402064
0.9600000000000005,0.7388178420675909
0.9610000000000005,0.7284212218985997
0.9620000000000005,0.7151039431736568
0.9630000000000005,0.7080802300000016
0.9640000000000005,0.7110746864744342
0.9650000000000005,0.7207215422093847
0.9660000000000005,0.710795188527068
0.9670000000000005,0.7006365515864107
0.9680000000000005,0.7054597421279313
0.9690000000000005,0.7256724510227576
0.9700000000000005,0.7417235884658849
0.9710000000000005,0.7408037984059835
0.9720000000000005,0.7392625799999963
0.9730000000000005,0.7327073639240355
0.9740000000000005,0.7250998799080026
0.9750000000000005,0.7230952800919952
0.9760000000000005,0.7266779141725436
0.9770000000000005,0.7323367000000006
0.9780000000000005,0.7334757309495186
0.9790000000000005,0.7325705907442608
0.9800000000000005,0.7285953995038226
0.9810000000000005,0.7299697862550633
0.9820000000000005,0.740468046076959
0.9830000000000005,0.7370756798335047
0.9840000000000005,0.7305673552497342
0.9850000000000005,0.729584879823096
0.9860000000000005,0.7251305000000031
0.9870000000000005,0.7307543971076749
0.9880000000000005,0.7384649103747822
0.9890000000000005,0.7334836496252122
0.9900000000000005,0.7376895079395815
0.9910000000000005,0.7446892900000007
0.9920000000000005,0.746050230780306
0.9930000000000005,0.7425891411897364
0.9940000000000005,0.7356287992068358
0.9950000000000006,0.7285274899999961
0.9960000000000006,0.7213755089581889
0.9970000000000006,0.7202713603814812
0.9980000000000006,0.7207904344277789
0.9990000000000006,0.7195103928009554
1.0000000000000004,0.7253557400000011
1.0010000000000006,0.7277512600000019
1.0020000000000007,0.7305367000000019
1.0030000000000006,0.7335822000000013
1.0040000000000004,0.7355639391800808
1.0050000000000006,0.7332557400000044
1.0060000000000007,0.739823940000001
1.0070000000000006,0.7413521399999973
1.0080000000000005,0.7351280999999977
1.0090000000000006,0.7300463053914606
1.0100000000000007,0.7298002200000028
1.0110000000000006,0.7339100199999955
1.0120000000000005,0.7271118199999949
1.0130000000000006,0.7156834000000009
1.0140000000000007,0.7170359947405268
1.0150000000000006,0.7229106999999958
1.0160000000000005,0.7165807500000005
1.0170000000000006,0.7179338300000034
1.0180000000000007,0.7257271999999964
1.0190000000000006,0.7203005626637303
1.0200000000000005,0.7161410999999996
1.0210000000000006,0.7154189899999945
1.0220000000000007,0.7072265699999972
1.0230000000000006,0.7030794000000007
1.0240000000000005,0.7040288400000029
1.0250000000000006,0.7105516800000038
1.0260000000000007,0.7162516699999948
1.0270000000000006,0.7083647299999957
1.0280000000000005,0.6987072800000014
1.0290000000000006,0.7016184300000052
1.0300000000000007,0.713249680000001
1.0310000000000006,0.7147955899999939
1.0320000000000005,0.7055932911708763
1.0330000000000006,0.6925050000000033
1.0340000000000007,0.6974061700000117
1.0350000000000006,0.7149871600000104
1.0360000000000005,0.7306115600000036
1.0370000000000006,0.73862458557344
1.0380000000000007,0.7333803199999928
1.0390000000000006,0.7226155999999945
1.0400000000000005,0.7102151499999977
1.0410000000000006,0.7050211400000022
1.0420000000000007,0.7081252795860432
1.0430000000000006,0.7118310900000006
1.0440000000000005,0.7126865999999971
1.0450000000000006,0.706152079999997
1.0460000000000007,0.7016234999999991
1.0470000000000006,0.7003558967603233
1.0480000000000005,0.692262289999999
1.0490000000000006,0.6900394600000018
1.0500000000000007,0.6939308600000013
1.0510000000000006,0.6956879499999978
1.0520000000000005,0.6923262499999964
1.0530000000000006,0.6841457499999963
1.0540000000000007,0.67863196
1.0550000000000006,0.6786716565033512
1.0560000000000005,0.6816366900000016
1.0570000000000006,0.685142460000004
1.0580000000000007,0.6910927900000019
1.0590000000000006,0.6938993899999988
1.0600000000000005,0.691105976827317
1.0610000000000006,0.6906742500000003
1.0620000000000007,0.6909850800000005
1.0630000000000006,0.691638890000005
1.0640000000000005,0.6991021599999995
1.0650000000000006,0.697920738142185
1.0660000000000007,0.6867012999999966
1.0670000000000006,0.6828343900000048
1.0680000000000005,0.6900098900000009
1.0690000000000006,0.6920403799999962
1.0700000000000007,0.6864223118068147
1.0710000000000006,0.6843192000000041
1.0720000000000005,0.6905694600000032
1.0730000000000006,0.6979335499999993
1.0740000000000007,0.696956929999996
1.0750000000000006,0.6909676800000003
1.0760000000000005,0.6915139600000014
1.0770000000000006,0.6936988800000043
1.0780000000000007,0.70014603332267
1.0790000000000006,0.7032792599999959
1.0800000000000005,0.6971670399999964
1.0810000000000006,0.6890803600000004
1.0820000000000007,0.6898210000000017
1.0830000000000006,0.6923468071332867
1.0840000000000005,0.6923181399999991
1.0850000000000006,0.690307680000003
1.0860000000000007,0.6948866199999991
1.0870000000000006,0.6939034499999952
1.0880000000000005,0.6867594144035553
1.0890000000000006,0.683603049999999
1.0900000000000007,0.6820209600000018
1.0910000000000006,0.684627710000002
1.0920000000000005,0.6876963999999991
1.0930000000000006,0.6856498346565331
1.0940000000000007,0.692092420000005
1.0950000000000006,0.6996184599999982
1.0960000000000005,0.6968548899999905
1.0970000000000006,0.682571589999999
1.0980000000000008,0.6811518700000044
1.0990000000000006,0.686157999999995
1.1000000000000005,0.6786909699999982
1.1010000000000006,0.6746007800000035
1.1020000000000008,0.6797208800000029
1.1030000000000006,0.6840618300000026
1.1040000000000005,0.6881102300000032
1.1050000000000006,0.6950484500000017
1.1060000000000008,0.69757481656334
1.1070000000000007,0.6924404499999967
1.1080000000000005,0.6873738199999971
1.1090000000000007,0.683111730000002
1.1100000000000008,0.6860438600000006
1.1110000000000007,0.68697527106289
1.1120000000000005,0.6818858999999995
1.1130000000000007,0.6806322300000027
1.1140000000000008,0.684861480000002
1.1150000000000007,0.6878585800000022
1.1160000000000005,0.6912729285651457
1.1170000000000007,0.6929640200000019
1.1180000000000008,0.6957426700000039
1.1190000000000007,0.7001409499999987
1.1200000000000006,0.6981260199999966
1.1210000000000007,0.6902712654754477
1.1220000000000008,0.6808491899999992
1.1230000000000007,0.6796497100000028
1.1240000000000006,0.6839982300000003
1.1250000000000007,0.684480970000001
1.1260000000000008,0.6858994400000018
1.1270000000000007,0.6878859400000006
1.1280000000000006,0.6887710100000007
1.1290000000000007,0.6898905935076516
1.1300000000000008,0.6931256700000031
1.1310000000000007,0.6965988299999994
1.1320000000000006,0.6957655499999966
1.1330000000000007,0.6882659199999944
1.1340000000000008,0.679998753149682
1.1350000000000007,0.6758302499999969
1.1360000000000006,0.6712329400000008
1.1370000000000007,0.6724088800000028
1.1380000000000008,0.6766549899999987
1.1390000000000007,0.6752543100679923
1.1400000000000006,0.6725792300000023
1.1410000000000007,0.6760506599999977
1.1420000000000008,0.672492029999998
1.1430000000000007,0.669558579999996
1.1440000000000006,0.6635593199260038
1.1450000000000007,0.648212369999992
1.1460000000000008,0.6362585999999949
1.1470000000000007,0.6305728599999996
1.1480000000000006,0.6298362600000063
1.1490000000000007,0.639153720000008
1.1500000000000008,0.6511738900000082
1.1510000000000007,0.6604617800000042
1.1520000000000006,0.6667870900000026
1.1530000000000007,0.6726309099999987
1.1540000000000008,0.6707519899999969
1.1550000000000007,0.6661517000000022
1.1560000000000006,0.6694632200000002
1.1570000000000007,0.6697613612818731
1.1580000000000008,0.6715741799999992
1.1590000000000007,0.6706684799999933
1.1600000000000006,0.6607359599999997
1.1610000000000007,0.6602981100000067
1.1620000000000008,0.6702272884351625
1.1630000000000007,0.6786116399999981
1.1640000000000006,0.6758563499999976
1.1650000000000007,0.6703222400000026
1.1660000000000008,0.6744031900000025
1.1670000000000007,0.6771473555834433
1.1680000000000006,0.6715190400000022
1.1690000000000007,0.6749078600000077
1.1700000000000008,0.686344389999999
1.1710000000000007,0.685234789999996
1.1720000000000006,0.6791633471442818
1.1730000000000007,0.6771259900000081
1.1740000000000008,0.689356920000002
1.1750000000000007,0.6923620699999952
1.1760000000000006,0.6850522799999986
1.1770000000000007,0.6831296099999998
1.1780000000000008,0.6827387799999974
1.1790000000000007,0.6798609500000034
1.1800000000000006,0.6848141315908441
1.1810000000000007,0.6911300400000026
1.1820000000000008,0.694936689999998
1.1830000000000007,0.6927447899999977
1.1840000000000006,0.6892079099999978
1.1850000000000007,0.6841325389601063
1.1860000000000008,0.6873221400000082
1.1870000000000007,0.6965254499999991
1.1880000000000006,0.6951414299999945
1.1890000000000007,0.6869370299999972
1.1900000000000008,0.6827034433586606
1.1910000000000007,0.6858058600000009
1.1920000000000006,0.6867721699999971
1.1930000000000007,0.682390929999998
1.1940000000000008,0.6794638000000007
1.1950000000000007,0.6802693994400566
1.1960000000000006,0.6828190699999999
1.1970000000000007,0.6826283899999976
1.1980000000000008,0.6791085000000012
1.1990000000000007,0.680455980000004
1.2000000000000006,0.686456440000002
1.2010000000000007,0.6896672799999987
1.2020000000000008,0.688164289999997
1.2030000000000007,0.6847768401949796
1.2040000000000006,0.683578790000002
1.2050000000000007,0.6865642700000044
1.2060000000000008,0.6932495200000002
1.2070000000000007,0.6935120799999972
1.2080000000000006,0.6894235327977232
1.2090000000000007,0.6933515100000026
1.2100000000000009,0.6973070499999942
1.2110000000000007,0.6906898599999935
1.2120000000000006,0.68338686
1.2130000000000007,0.6833388847975201
1.2140000000000009,0.6849482100000015
1.2150000000000007,0.6866418100000016
1.2160000000000006,0.6889983399999992
1.2170000000000007,0.6877127299999972
1.2180000000000009,0.6835014311298835
1.2190000000000007,0.6811369700000008
1.2200000000000006,0.6825129399999995
1.2210000000000008,0.6818562199999998
1.2220000000000009,0.6816451499999957
1.2230000000000008,0.6768260599999965
1.2240000000000006,0.6727822399999986
1.2250000000000008,0.6707413800000004
1.2260000000000009,0.6712861699999985
1.2270000000000008,0.6694846199999975
1.2280000000000006,0.6658592199999974
1.2290000000000008,0.6619493399999978
1.2300000000000009,0.6586556999999993
1.2310000000000008,0.6579110575212505
1.2320000000000007,0.6614862699999983
1.2330000000000008,0.6588219999999946
1.2340000000000009,0.6527514499999902
1.2350000000000008,0.6416982399999975
1.2360000000000007,0.6380882909989032
1.2370000000000008,0.6422982799999973
1.2380000000000009,0.638245169999999
1.2390000000000008,0.6370804299999988
1.2400000000000007,0.6352937199999988
1.2410000000000008,0.6336800913628624
1.2420000000000009,0.638726770000004
1.2430000000000008,0.6432502899999956
1.2440000000000007,0.6382255599999945
1.2450000000000008,0.63002729
1.2460000000000009,0.6300648462443756
1.2470000000000008,0.6325717000000002
1.2480000000000007,0.6329291499999994
1.2490000000000008,0.6319513299999988
1.2500000000000009,0.6301039499999957
1.2510000000000008,0.6253237099999972
1.2520000000000007,0.6222593799999971
1.2530000000000008,0.6178595399999977
1.254000000000001,0.6151842511478841
1.2550000000000008,0.6139957300000021
1.2560000000000007,0.6163395000000012
1.2570000000000008,0.6180818699999994
1.258000000000001,0.617057919999999
1.2590000000000008,0.6159781217548267
1.2600000000000007,0.6189956700000019
1.2610000000000008,0.6218106200000005
1.262000000000001,0.6223930700000023
1.2630000000000008,0.6250322500000043
1.2640000000000007,0.6299506281621867
1.2650000000000008,0.6309913999999978
1.266000000000001,0.628397349999998
1.2670000000000008,0.6261359499999997
1.2680000000000007,0.6256179799999991
1.2690000000000008,0.6243445973382652
1.270000000000001,0.6270778800000054
1.2710000000000008,0.633216440000006
1.2720000000000007,0.6399760800000015
1.2730000000000008,0.6422292599999995
1.274000000000001,0.6416552099999996
1.2750000000000008,0.6411919600000044
1.2760000000000007,0.6461749100000009
1.2770000000000008,0.6475889099999973
1.278000000000001,0.6435420499999964
1.2790000000000008,0.6395783399999979
1.2800000000000007,0.6364929099999985
1.2810000000000008,0.6343775400000006
1.282000000000001,0.6350075922307755
1.2830000000000008,0.6335298999999962
1.2840000000000007,0.6278291900000011
1.2850000000000008,0.6295364500000029
1.286000000000001,0.6328446900000063
1.2870000000000008,0.639982478639137
1.2880000000000007,0.6413688699999992
1.2890000000000008,0.6401616900000026
1.290000000000001,0.643924949999998
1.2910000000000008,0.6416430499999911
1.2920000000000007,0.6316665276522287
1.2930000000000008,0.6232632399999998
1.294000000000001,0.6229928700000076
1.2950000000000008,0.6315258100000033
1.2960000000000007,0.6353020699999989
1.2970000000000008,0.6336542847785208
1.298000000000001,0.6339312200000042
1.2990000000000008,0.6386845100000038
1.3000000000000007,0.6443626300000004
1.3010000000000008,0.6449251799999997
1.302000000000001,0.6444947100000041
1.3030000000000008,0.648174880000002
1.3040000000000007,0.6511849199999986
1.3050000000000008,0.6492001746805323
1.306000000000001,0.6495469800000033
1.3070000000000008,0.6532777500000007
1.3080000000000007,0.653983949999999
1.3090000000000008,0.6524808999999985
1.310000000000001,0.6501092619628023
1.3110000000000008,0.648628889999999
1.3120000000000007,0.647473100000001
1.3130000000000008,0.6485881200000005
1.314000000000001,0.649503229999996
1.3150000000000008,0.6450134789750988
1.3160000000000007,0.6427090799999986
1.3170000000000008,0.6411342599999973
1.318000000000001,0.6381032499999986
1.3190000000000008,0.6365011900000038
1.3200000000000007,0.6407391362053829
1.3210000000000008,0.6455249200000018
1.322000000000001,0.64762759
1.3230000000000008,0.6476647300000012
1.3240000000000007,0.6494911299999988
1.3250000000000008,0.6476244899999973
1.326000000000001,0.6445692199999998
1.3270000000000008,0.6443208499999968
1.3280000000000007,0.6408189303089651
1.3290000000000008,0.6352220200000004
1.330000000000001,0.635623989999998
1.3310000000000008,0.6334280999999985
1.3320000000000007,0.6317350900000006
1.3330000000000009,0.6323924384061591
1.334000000000001,0.6320765000000033
1.3350000000000009,0.6357479700000059
1.3360000000000007,0.6423752899999985
1.3370000000000009,0.6405827999999988
1.338000000000001,0.6391802002599726
1.3390000000000009,0.6412665799999999
1.3400000000000007,0.6410918200000035
1.3410000000000009,0.6463428700000063
1.342000000000001,0.6535230300000036
1.3430000000000009,0.6567131109919035
1.3440000000000007,0.6584600200000006
1.3450000000000009,0.6593459200000009
1.346000000000001,0.6603673700000008
1.3470000000000009,0.6610634899999968
1.3480000000000008,0.6573768299999974
1.3490000000000009,0.6534197299999976
1.350000000000001,0.6507666099999996
1.3510000000000009,0.6502896000000021
1.3520000000000008,0.6526919000000037
1.3530000000000009,0.6568342400000039
1.354000000000001,0.662717880000003
1.3550000000000009,0.6660835099999998
1.3560000000000008,0.6658385432356765
1.3570000000000009,0.6658708999999953
1.358000000000001,0.6606412499999994
1.3590000000000009,0.659986080000003
1.3600000000000008,0.6633266799999973
1.3610000000000009,0.6593476442605721
1.362000000000001,0.6574902500000039
1.3630000000000009,0.6609713400000016
1.3640000000000008,0.6632365000000007
1.3650000000000009,0.6643140900000031
1.366000000000001,0.6677835130576979
1.3670000000000009,0.6676696500000002
1.3680000000000008,0.667862770000004
1.3690000000000009,0.6738098300000033
1.370000000000001,0.677385089999999
1.3710000000000009,0.6762759009189072
1.3720000000000008,0.6747743500000006
1.3730000000000009,0.6755514699999989
1.374000000000001,0.6739301099999981
1.3750000000000009,0.6717452400000011
1.3760000000000008,0.6729807300000007
1.377000000000001,0.6737432499999986
1.378000000000001,0.6724633600000013
1.379000000000001,0.6740131266973318
1.3800000000000008,0.6756800999999987
1.381000000000001,0.6742783799999967
1.382000000000001,0.6706144199999968
1.383000000000001,0.6677008300000004
1.3840000000000008,0.6680387557944221
1.385000000000001,0.6700966999999975
1.386000000000001,0.667392669999998
1.387000000000001,0.6656063200000039
1.3880000000000008,0.6691099400000015
1.389000000000001,0.6712733736566361
1.390000000000001,0.6693854899999959
1.391000000000001,0.6656719400000001
1.3920000000000008,0.6657521699999982
1.393000000000001,0.6637058899999964
1.394000000000001,0.6595881517738182
1.395000000000001,0.6644954100000035
1.3960000000000008,0.6683113599999966
1.397000000000001,0.6644840200000011
1.398000000000001,0.6654552800000009
1.399000000000001,0.666433869999999
1.4000000000000008,0.6653579499999983
1.4010000000000007,0.6634796299999994
1.402000000000001,0.6626420599999984
1.403000000000001,0.6611814499999983
1.4040000000000008,0.6593416299999999
1.4050000000000007,0.6591234799999983
1.406000000000001,0.6566864299999986
1.407000000000001,0.6554243148995119
1.4080000000000008,0.6573733100000018
1.4090000000000007,0.6600070000000016
1.410000000000001,0.6623143000000007
1.411000000000001,0.662960410000002
1.4120000000000008,0.6652054539896026
1.4130000000000007,0.6673453500000005
1.414000000000001,0.6681958399999997
1.415000000000001,0.6678677799999951
1.4160000000000008,0.6623809899999951
1.4170000000000007,0.6568824198570109
1.418000000000001,0.6545678399999995
1.419000000000001,0.6539269100000012
1.4200000000000008,0.6552746900000003
1.4210000000000007,0.6555082200000001
1.422000000000001,0.6555992308989103
1.423000000000001,0.6573874399999997
1.4240000000000008,0.6570510300000006
1.4250000000000007,0.6580947000000026
1.426000000000001,0.6621340500000014
1.427000000000001,0.6633710899999957
1.4280000000000008,0.6594484999999979
1.4290000000000007,0.6563066800000015
1.430000000000001,0.6585349718658143
1.431000000000001,0.6594536299999979
1.4320000000000008,0.6571003799999979
1.4330000000000007,0.6547425399999984
1.434000000000001,0.6523278399999998
1.435000000000001,0.652088697525248
1.4360000000000008,0.6526639499999993
1.4370000000000007,0.6519463100000011
1.438000000000001,0.6531760699999996
1.439000000000001,0.652635339999998
1.4400000000000008,0.6504128422497731
1.4410000000000007,0.6489070099999971
1.442000000000001,0.645689009999997
1.443000000000001,0.6429931499999989
1.4440000000000008,0.6417337099999993
1.4450000000000007,0.6409404493260668
1.446000000000001,0.6417499200000019
1.447000000000001,0.6434856100000006
1.4480000000000008,0.6439860500000003
1.4490000000000007,0.6444566199999987
1.450000000000001,0.6424692299999955
1.451000000000001,0.6383292699999974
1.4520000000000008,0.6360665599999981
1.4530000000000007,0.6339355386551347
1.454000000000001,0.6342220900000026
1.455000000000001,0.6365798699999994
1.4560000000000008,0.6358274799999988
1.4570000000000007,0.6343961999999995
1.458000000000001,0.633871500752924
1.459000000000001,0.6332790299999984
1.4600000000000009,0.631560089999999
1.4610000000000007,0.6304238399999994
1.462000000000001,0.6298281599999973
1.463000000000001,0.6273897938366138
1.4640000000000009,0.6264065500000002
1.4650000000000007,0.6266590999999998
1.466000000000001,0.6264161500000005
1.467000000000001,0.6269519299999997
1.4680000000000009,0.6266199731956802
1.4690000000000007,0.6242880799999964
1.470000000000001,0.618841409999995
1.471000000000001,0.6143195000000009
1.4720000000000009,0.6151309000000031
1.4730000000000008,0.6185966100000008
1.474000000000001,0.6196896999999981
1.475000000000001,0.6179602699999975
1.4760000000000009,0.6152257299999994
1.4770000000000008,0.6145377199999998
1.478000000000001,0.614465179999997
1.479000000000001,0.6109796199999978
1.4800000000000009,0.6086608200000001
1.4810000000000008,0.6088042138706119
1.482000000000001,0.6074429199999962
1.483000000000001,0.6040207699999973
1.4840000000000009,0.6009728899999996
1.4850000000000008,0.6005915999999997
1.486000000000001,0.600057385444451
1.487000000000001,0.59611183
1.4880000000000009,0.5960823900000031
1.4890000000000008,0.6006777300000026
1.490000000000001,0.6045017199999964
1.491000000000001,0.6011910210698895
1.4920000000000009,0.593504969999999
1.4930000000000008,0.5923607900000003
1.494000000000001,0.5928104499999982
1.495000000000001,0.5912379600000014
1.4960000000000009,0.5928050532906722
1.4970000000000008,0.5943855599999985
1.498000000000001,0.5927038799999976
1.499000000000001,0.590135929999999
1.5000000000000009,0.5889928900000012
1.5010000000000008,0.5903672000000008
1.5020000000000011,0.5912182299999992
1.503000000000001,0.5906243899999999
1.504000000000001,0.5905056307689257
1.5050000000000008,0.59321332
1.5060000000000011,0.5931701099999962
1.507000000000001,0.5897412899999999
1.508000000000001,0.5896678000000012
1.5090000000000008,0.5909631518068195
1.5100000000000011,0.5911812199999986
1.511000000000001,0.5899381599999978
1.512000000000001,0.5879446299999974
1.5130000000000008,0.5856811999999997
1.5140000000000011,0.5852095971602834
1.515000000000001,0.5847687099999962
1.516000000000001,0.5814055199999989
1.5170000000000008,0.5801300400000021
1.5180000000000011,0.5825066000000013
1.519000000000001,0.5837055401059906
1.520000000000001,0.5838885900000009
1.5210000000000008,0.5849314300000015
1.5220000000000011,0.5865417099999989
1.523000000000001,0.5857488500000013
1.524000000000001,0.5872716900000039
1.5250000000000008,0.5916138900000021
1.5260000000000011,0.5939784000000007
1.527000000000001,0.5945764199999983
1.528000000000001,0.5930353399999975
1.5290000000000008,0.5901854600000003
1.5300000000000011,0.5904492100000027
1.531000000000001,0.5929709700000005
1.532000000000001,0.5935042983051699
1.5330000000000008,0.5939873500000012
1.5340000000000011,0.5958306800000012
1.535000000000001,0.5969180499999991
1.536000000000001,0.596090559999999
1.5370000000000008,0.5949250687411265
1.5380000000000011,0.59571248
1.539000000000001,0.5956762399999985
1.540000000000001,0.5940552900000007
1.5410000000000008,0.5947920700000019
1.5420000000000011,0.5968879104159607
1.543000000000001,0.5971812600000007
1.544000000000001,0.5979270900000009
1.5450000000000008,0.5988722999999976
1.5460000000000012,0.596033809999999
1.547000000000001,0.5950972136596331
1.548000000000001,0.5968742400000027
1.5490000000000008,0.5998978000000011
1.5500000000000012,0.6014960399999975
1.551000000000001,0.5992295099999992
1.552000000000001,0.5985239700000019
1.5530000000000008,0.6002103100000009
1.5540000000000012,0.6015690000000006
1.555000000000001,0.6021472746385339
1.556000000000001,0.5996936599999984
1.5570000000000008,0.5977966800000015
1.5580000000000012,0.5995822000000023
1.559000000000001,0.6016876699999981
1.560000000000001,0.5995697834036572
1.5610000000000008,0.5970038200000032
1.5620000000000012,0.6006782100000025
1.563000000000001,0.6025587899999973
1.564000000000001,0.5996046700000001
1.5650000000000008,0.5997757128957105
1.5660000000000012,0.6024210500000007
1.567000000000001,0.6029387100000013
1.568000000000001,0.6041513100000007
1.5690000000000008,0.6048734799999992
1.5700000000000012,0.6040140659414047
1.571000000000001,0.6058437200000019
1.572000000000001,0.607530419999998
1.5730000000000008,0.6056903599999977
1.5740000000000012,0.6021441199999988
1.575000000000001,0.601106460000002
1.576000000000001,0.6029243499999999
1.5770000000000008,0.602850380000003
1.5780000000000012,0.6061642318598163
1.579000000000001,0.6080828299999975
1.580000000000001,0.605834070000001
1.5810000000000008,0.6069174999999996
1.5820000000000012,0.6064611099999954
1.583000000000001,0.6029672846605348
1.584000000000001,0.603813890000003
1.5850000000000009,0.6071403600000013
1.5860000000000012,0.6085082299999989
1.587000000000001,0.6076996899999992
1.588000000000001,0.6070222377452248
1.5890000000000009,0.6064205199999997
1.5900000000000012,0.6060282599999985
1.591000000000001,0.6046818499999989
1.592000000000001,0.6036644599999998
1.5930000000000009,0.6035460318428156
1.5940000000000012,0.6051380600000024
1.595000000000001,0.6072552799999994
1.596000000000001,0.6067845799999979
1.5970000000000009,0.6049282599999979
1.5980000000000012,0.6025914499999994
1.599000000000001,0.6019802099999988
1.600000000000001,0.6008576199999984
1.6010000000000009,0.5991145400000006
1.6020000000000012,0.5998265700000004
1.603000000000001,0.6001533300000004
1.604000000000001,0.6005222800000011
1.6050000000000009,0.6017905499999994
1.6060000000000012,0.6010383486531327
1.607000000000001,0.5993248799999996
1.608000000000001,0.598997890000001
1.6090000000000009,0.6001177399999995
1.6100000000000012,0.59960061
1.611000000000001,0.5995538407249291
1.612000000000001,0.6009610899999999
1.6130000000000009,0.6008655400000001
1.6140000000000012,0.6010120499999989
1.615000000000001,0.6000032999999981
1.616000000000001,0.5983278675432439
1.6170000000000009,0.6005764600000014
1.6180000000000012,0.60220635
1.619000000000001,0.6022532599999998
1.620000000000001,0.6020220500000006
1.6210000000000009,0.602768885316469
1.6220000000000012,0.6039757100000016
1.623000000000001,0.60513872
1.624000000000001,0.6051042699999997
1.6250000000000009,0.6047236900000006
1.6260000000000012,0.6054042000000006
1.6270000000000011,0.6059202600000009
1.628000000000001,0.6065934300000019
1.629000000000001,0.6087543946075403
1.6300000000000012,0.6099004699999978
1.6310000000000011,0.6082521099999973
1.632000000000001,0.6058141000000011
1.633000000000001,0.6069046900000008
1.6340000000000012,0.6077762541925791
1.6350000000000011,0.6063181799999992
1.636000000000001,0.6055612600000019
1.637000000000001,0.6073064800000012
1.6380000000000012,0.6083704799999972
1.6390000000000011,0.6057535016978275
1.640000000000001,0.6037583400000013
1.641000000000001,0.6049192499999997
1.6420000000000012,0.6045660399999997
1.6430000000000011,0.6042867900000001
1.644000000000001,0.6044328653924609
1.645000000000001,0.6037800900000012
1.6460000000000012,0.6050983099999977
1.6470000000000011,0.603329839999997
1.648000000000001,0.6011145700000027
1.649000000000001,0.6041603700000019
1.6500000000000012,0.6063099500000004
1.6510000000000011,0.6066386100000001
1.652000000000001,0.6067087099999993
1.653000000000001,0.6059685899999999
1.6540000000000012,0.6057980699999987
1.6550000000000011,0.604672189999999
1.656000000000001,0.6037816400000028
1.657000000000001,0.606295555253476
1.6580000000000013,0.607748089999999
1.6590000000000011,0.6068440699999985
1.660000000000001,0.6055136899999989
1.661000000000001,0.6045474399999997
1.6620000000000013,0.6041264340355977
1.6630000000000011,0.6051667900000013
1.664000000000001,0.6064093700000001
1.665000000000001,0.6065566499999983
1.6660000000000013,0.6046163999999985
1.6670000000000011,0.60346352528747
1.668000000000001,0.6054082499999994
1.669000000000001,0.6047669099999988
1.6700000000000013,0.6034476199999974
1.6710000000000012,0.601535799999997
1.672000000000001,0.5987016434156555
1.673000000000001,0.5976657900000005
1.6740000000000013,0.5982620700000001
1.6750000000000012,0.5984023199999992
1.676000000000001,0.597607850000001
1.677000000000001,0.5985025200000016
1.6780000000000013,0.59993291
1.6790000000000012,0.5999590199999995
1.680000000000001,0.5994314477952187
1.681000000000001,0.5976094
1.6820000000000013,0.5975496200000004
1.6830000000000012,0.5978778599999997
1.684000000000001,0.5975320299999997
1.685000000000001,0.5972016013848628
1.6860000000000013,0.5985154499999997
1.6870000000000012,0.5983185799999957
1.688000000000001,0.5951008799999984
1.689000000000001,0.5932450899999994
1.6900000000000013,0.5924987946295361
1.6910000000000012,0.5913715399999959
1.692000000000001,0.5882668499999961
1.693000000000001,0.5848168099999975
1.6940000000000013,0.5820159299999967
1.6950000000000012,0.5795682747655203
1.696000000000001,0.5790517900000032
1.697000000000001,0.5819042900000039
1.6980000000000013,0.5854049900000022
1.6990000000000012,0.5874279099999993
1.700000000000001,0.5867724399999954
1.701000000000001,0.5827153299999956
1.7020000000000013,0.5788454999999991
1.7030000000000012,0.5782144548455167
1.704000000000001,0.5792629100000011
1.705000000000001,0.5802577700000016
1.7060000000000013,0.5820127099999988
1.7070000000000012,0.5811228199999966
1.708000000000001,0.5785273262413771
1.709000000000001,0.5796897400000057
1.7100000000000013,0.5861556500000094
1.7110000000000012,0.5931280300000047
1.712000000000001,0.5966173400000018
1.713000000000001,0.5982383678972121
1.7140000000000013,0.6012942200000051
1.7150000000000012,0.6050872800000022
1.716000000000001,0.6070519699999997
1.717000000000001,0.606768370000001
1.7180000000000013,0.6077010267343277
1.7190000000000012,0.6092153800000024
1.720000000000001,0.6114332700000001
1.721000000000001,0.6115449099999983
1.7220000000000013,0.6100007900000036
1.7230000000000012,0.6127383100000007
1.724000000000001,0.6133433599999987
1.725000000000001,0.6121588299999984
1.7260000000000013,0.6103244999999962
1.7270000000000012,0.607487199999999
1.728000000000001,0.6068293499999994
1.729000000000001,0.606072189999998
1.7300000000000013,0.6038050699999991
1.7310000000000012,0.6030204417728222
1.732000000000001,0.6025381700000009
1.733000000000001,0.6032961600000002
1.7340000000000013,0.6035410799999968
1.7350000000000012,0.6011803199999968
1.736000000000001,0.5982780453144652
1.737000000000001,0.5953311899999971
1.7380000000000013,0.5927785599999961
1.7390000000000012,0.5893208399999942
1.740000000000001,0.5841553199999934
1.741000000000001,0.5781273927927144
1.7420000000000013,0.5718038699999924
1.7430000000000012,0.5661553699999919
1.744000000000001,0.5588714499999914
1.745000000000001,0.5510771899999936
1.7460000000000013,0.5438328444345474
1.7470000000000012,0.5369050499999927
1.748000000000001,0.5313781499999984
1.749000000000001,0.52958512
1.7500000000000013,0.5295558599999968
1.7510000000000012,0.5271459799999917
1.7520000000000011,0.5209039999999846
1.753000000000001,0.5092963599999846
1.7540000000000013,0.49188819367859976
1.7550000000000012,0.46862497999996905
1.7560000000000011,0.4453824799999897
1.757000000000001,0.43609044000000513
1.7580000000000013,0.44069651000000487
1.7590000000000012,0.4443599517468224
1.7600000000000011,0.44187741999999536
1.761000000000001,0.43768938999999474
1.7620000000000013,0.4329557399999923
1.7630000000000012,0.42801174999999336
1.7640000000000011,0.4220087003049632
1.765000000000001,0.4116587299999854
1.7660000000000013,0.3985095899999841
1.7670000000000012,0.386568699999992
1.7680000000000011,0.38056111000000087
1.769000000000001,0.3813685892520757
1.7700000000000014,0.38307445999999606
1.7710000000000012,0.38011964999999204
1.7720000000000011,0.3741553699999952
1.773000000000001,0.3705825199999966
1.7740000000000014,0.36672129999999215
1.7750000000000012,0.36083068999999895
1.7760000000000011,0.360027020000008
1.777000000000001,0.36726040000000904
1.7780000000000014,0.3753549800000003
1.7790000000000012,0.3755746199999905
1.7800000000000011,0.36698108999998696
1.781000000000001,0.355254979999988
1.7820000000000014,0.3444787104049456
1.7830000000000013,0.33448275999998844
1.7840000000000011,0.3240970699999895
1.785000000000001,0.31465702999998885
1.7860000000000014,0.3045996999999869
1.7870000000000013,0.2947251582631675
1.7880000000000011,0.2894077900000002
1.789000000000001,0.2896025200000019
1.7900000000000014,0.2917822000000041
1.7910000000000013,0.29486355000000936
1.7920000000000011,0.30189056729827757
1.793000000000001,0.3110639500000062
1.7940000000000014,0.31808564000000794
1.7950000000000013,0.3240580900000057
1.7960000000000012,0.32830125000000193
1.797000000000001,0.3300572943955623
1.7980000000000014,0.3299475599999974
1.7990000000000013,0.3280362799999965
1.8000000000000012,0.3248617099999933
1.801000000000001,0.31881162999998697
1.8020000000000014,0.30707072999997276
1.8030000000000013,0.2895179399999763
1.8040000000000012,0.2682410799999741
1.805000000000001,0.2448883030346728
1.8060000000000014,0.2198186499999649
1.8070000000000013,0.19346165999996653
1.8080000000000012,0.16834192999997885
1.809000000000001,0.14928273999999633
1.8100000000000014,0.14516858002501598
1.8110000000000013,0.15846883000002654
1.8120000000000012,0.17838491000001824
1.813000000000001,0.1920620400000006
1.8140000000000014,0.19275606999998393
1.8150000000000013,0.180695206086376
1.8160000000000012,0.1617151899999739
1.817000000000001,0.14211067999998422
1.8180000000000014,0.12791031999999258
1.8190000000000013,0.12235756000000506
1.8200000000000012,0.12615024073193162
1.821000000000001,0.1357655500000122
1.8220000000000014,0.14675012000001514
1.8230000000000013,0.15648301000000536
1.8240000000000012,0.16131522999999823
1.825000000000001,0.15971214999999542
1.8260000000000014,0.1555945399999929
1.8270000000000013,0.1510232999999934
1.8280000000000012,0.1460746945055426
1.829000000000001,0.14021974999999173
1.8300000000000014,0.13277321999998987
1.8310000000000013,0.1251693399999924
1.8320000000000012,0.11948377999999647
1.833000000000001,0.11683421799719955
1.8340000000000014,0.1162141899999996
1.8350000000000013,0.11592747999999883
1.8360000000000012,0.11505029000000055
1.837000000000001,0.11546244000000626
1.8380000000000014,0.12110268597541089
1.8390000000000013,0.13193715000001682
1.8400000000000012,0.14456497000001073
1.841000000000001,0.15424256000000647
1.8420000000000014,0.1600555900000056
1.8430000000000013,0.1636694886101436
1.8440000000000012,0.16347464999999375
1.845000000000001,0.15784973999999147
1.8460000000000014,0.1501837999999941
1.8470000000000013,0.14638741000000371
1.8480000000000012,0.14917800000000686
1.849000000000001,0.15536273000000628
1.8500000000000014,0.16100781000000494
1.8510000000000013,0.16470635000000516
1.8520000000000012,0.16858418000000644
1.853000000000001,0.1734124400000046
1.8540000000000014,0.1786003900000099
1.8550000000000013,0.18603729000001226
1.8560000000000012,0.19525546160284896
1.857000000000001,0.20317149000000506
1.8580000000000014,0.20772942999999952
1.8590000000000013,0.20737893999999304
1.8600000000000012,0.20214472999999458
1.861000000000001,0.197270051925805
1.8620000000000014,0.1951893099999975
1.8630000000000013,0.19357455000000207
1.8640000000000012,0.1954279800000064
1.865000000000001,0.2012109000000028
1.8660000000000014,0.20373622746725706
1.8670000000000013,0.20050025999999394
1.8680000000000012,0.19593724999999626
1.869000000000001,0.19256896000000107
1.8700000000000014,0.19350664000001241
1.8710000000000013,0.20282222844116776
1.8720000000000012,0.21908331000002124
1.873000000000001,0.23502818000000922
1.8740000000000014,0.24540487000000727
1.8750000000000013,0.2508661400000083
1.8760000000000012,0.2570688100000146
1.8770000000000011,0.2680255500000239
1.8780000000000014,0.2859967900000308
1.8790000000000013,0.3091336724427851
1.8800000000000012,0.33025810000001926
1.8810000000000011,0.34475330000000737
1.8820000000000014,0.35142574000000143
1.8830000000000013,0.35235909000000204
1.8840000000000012,0.35390236533847275
1.8850000000000011,0.3595557500000086
1.8860000000000015,0.3673133000000086
1.8870000000000013,0.3728764100000021
1.8880000000000012,0.37424724999999925
1.8890000000000011,0.37360543418158115
1.8900000000000015,0.37224214999999516
1.8910000000000013,0.3691271199999949
1.8920000000000012,0.3653236599999961
1.8930000000000011,0.3624141499999967
1.8940000000000015,0.3594525461603795
1.8950000000000014,0.3595157000000095
1.8960000000000012,0.36661997000001506
1.8970000000000011,0.3778995900000154
1.8980000000000015,0.3894296600000145
1.8990000000000014,0.4003153700000107
1.9000000000000012,0.40836209000000334
1.9010000000000011,0.4108817899999988
1.9020000000000015,0.40980616000000003
1.9030000000000014,0.4098369200000042
1.9040000000000012,0.4130148900000061
1.9050000000000011,0.41845122000000534
1.9060000000000015,0.4232698100000049
1.9070000000000014,0.42641361168883546
1.9080000000000013,0.42953050000000037
1.9090000000000011,0.4298133599999946
1.9100000000000015,0.4249491399999942
1.9110000000000014,0.4211881800000038
1.9120000000000013,0.4240421802709818
1.9130000000000011,0.43164489000000833
1.9140000000000015,0.43915257000000485
1.9150000000000014,0.4427931300000017
1.9160000000000013,0.44407403000000345
1.9170000000000011,0.44666226117688507
1.9180000000000015,0.4484071099999988
1.9190000000000014,0.4474802299999919
1.9200000000000013,0.4413807699999836
1.9210000000000012,0.42907449999998665
1.9220000000000015,0.41707075037494457
1.9230000000000014,0.4106800000000031
1.9240000000000013,0.41297013000000965
1.9250000000000012,0.42168924000000796
1.9260000000000015,0.4288358100000002
1.9270000000000014,0.4289668799999875
1.9280000000000013,0.42094680999998263
1.9290000000000012,0.4052829999999787
1.9300000000000015,0.38607941771421017
1.9310000000000014,0.37285655999999745
1.9320000000000013,0.37094426000000813
1.9330000000000012,0.37702119000000905
1.9340000000000015,0.3851529100000086
1.9350000000000014,0.3916143259314128
1.9360000000000013,0.3958736400000057
1.9370000000000012,0.4001382900000093
1.9380000000000015,0.4070958500000097
1.9390000000000014,0.41437516000000557
1.9400000000000013,0.4185520423117742
1.9410000000000012,0.41910218999999904
1.9420000000000015,0.4183980500000035
1.9430000000000014,0.4206368600000075
1.9440000000000013,0.42628229000000784
1.9450000000000012,0.4321384843805694
1.9460000000000015,0.4365008500000102
1.9470000000000014,0.44307745000001164
1.9480000000000013,0.45058450000000366
1.9490000000000012,0.45388507999999994
1.9500000000000015,0.45381278000000164
1.9510000000000014,0.4548627400000072
1.9520000000000013,0.45949906000000673
1.9530000000000012,0.4645460981281908
1.9540000000000015,0.4676273800000049
1.9550000000000014,0.470797570000009
1.9560000000000013,0.4775314000000106
1.9570000000000012,0.4854466900000103
1.9580000000000015,0.4931350344485681
1.9590000000000014,0.501179520000006
1.9600000000000013,0.5056651800000004
1.9610000000000012,0.5058930499999963
1.9620000000000015,0.5031102899999922
1.9630000000000014,0.49811216981201134
1.9640000000000013,0.4940288699999996
1.9650000000000012,0.49373558000000267
1.9660000000000015,0.4961491500000028
1.9670000000000014,0.49795284999999895
1.9680000000000013,0.4972706182231768
1.9690000000000012,0.49236922999999067
1.9700000000000015,0.48399316999998965
1.9710000000000014,0.47734773000000297
1.9720000000000013,0.4792496300000111
1.9730000000000012,0.48760229000001054
1.9740000000000015,0.49707958000001634
1.9750000000000014,0.5075692500000074
1.9760000000000013,0.5131655300000006
1.9770000000000012,0.5136812299999988
1.9780000000000015,0.5127969399999999
1.9790000000000014,0.5126956100000017
1.9800000000000013,0.5140598399999994
1.9810000000000012,0.5135231189251049
1.9820000000000015,0.5113123699999987
1.9830000000000014,0.5105046599999995
1.9840000000000013,0.5100654399999968
1.9850000000000012,0.5076241499999968
1.9860000000000015,0.5047693106829267
1.9870000000000014,0.5016761399999925
1.9880000000000013,0.4968355599999925
1.9890000000000012,0.4900799399999956
1.9900000000000015,0.4861114900000028
1.9910000000000014,0.4879460565433484
1.9920000000000013,0.4919035400000043
1.9930000000000012,0.49513471000000114
1.9940000000000015,0.4961946299999954
1.9950000000000014,0.4932412799999893
1.9960000000000013,0.4852192722007697
1.9970000000000012,0.47175839999997926
1.9980000000000016,0.45621048999998537
1.9990000000000014,0.4451976099999952
2.0000000000000013,0.44155437000000125
2.0010000000000012,0.44249302135373103
2.0020000000000016,0.44400655864627303
2.0030000000000014,0.4418947699999891
2.0040000000000013,0.43373295359926894
2.0050000000000012,0.4241689464007098
2.0060000000000016,0.42076811000000747
2.0070000000000014,0.42499688000001296
2.0080000000000013,0.4322888488482337
2.0090000000000012,0.43517733115177265
2.0100000000000016,0.4315480599999934
2.0110000000000015,0.42782305739552073
2.0120000000000013,0.42769701260447895
2.0130000000000012,0.42885133999999997
2.0140000000000016,0.42881881523095033
2.0150000000000015,0.426671124769043
2.0160000000000013,0.41994937999998533
2.0170000000000012,0.40896456999998526
2.0180000000000016,0.3978902610267838
2.0190000000000015,0.39120052897319535
2.0200000000000014,0.39137480000000624
2.0210000000000012,0.3960359465926882
2.0220000000000016,0.40180187340732715
2.0230000000000015,0.4128401000000236
2.0240000000000014,0.43054968830935914
2.0250000000000012,0.4485327816906808
2.0260000000000016,0.46299300000002014
2.0270000000000015,0.4743185900000149
2.0280000000000014,0.48274039781923067
2.0290000000000012,0.489384290000007
2.0300000000000016,0.49463204000000377
2.0310000000000015,0.49676297468906144
2.0320000000000014,0.4963098653109371
2.0330000000000013,0.4969299700000023
2.0340000000000016,0.4986557982063597
2.0350000000000015,0.49923786179364216
2.0360000000000014,0.4980281299999964
2.0370000000000013,0.4953145741311731
2.0380000000000016,0.4947558858688254
2.0390000000000015,0.4969171299999979
2.0400000000000014,0.495338889999991
2.0410000000000013,0.48860536220755124
2.0420000000000016,0.48242743779243225
2.0430000000000015,0.47903415999999566
2.0440000000000014,0.4757884500129972
2.0450000000000013,0.4755885799870024
2.0460000000000016,0.47892910000000577
2.0470000000000015,0.4821835910417947
2.0480000000000014,0.4840940089582112
2.0490000000000013,0.48086517999998657
2.0500000000000016,0.4708018299999799
2.0510000000000015,0.459475722610722
2.0520000000000014,0.4523657600000012
2.0530000000000013,0.45328054000001095
2.0540000000000016,0.46149813622977126
2.0550000000000015,0.47216043377026184
2.0560000000000014,0.4806325700000001
2.0570000000000013,0.48073352245349854
2.0580000000000016,0.47155805754647695
2.0590000000000015,0.4683148000000143
2.0600000000000014,0.47904030817937654
2.0610000000000013,0.4896221018206517
2.0620000000000016,0.49541512000000876
2.0630000000000015,0.5003640100000057
2.0640000000000014,0.504701783663272
2.0650000000000013,0.5087384163367388
2.0660000000000016,0.5124029500000112
2.0670000000000015,0.5186943297050741
2.0680000000000014,0.5280913802949551
2.0690000000000013,0.5352804700000042
2.0700000000000016,0.5384411465606883
2.0710000000000015,0.5387067534393126
2.0720000000000014,0.5356136599999916
2.0730000000000013,0.529270649999988
2.0740000000000016,0.5202413673322541
2.0750000000000015,0.5124146899999975
2.0760000000000014,0.51056123
2.0770000000000013,0.5105566612787389
2.0780000000000016,0.5059694487212488
2.0790000000000015,0.49650760999999144
2.0800000000000014,0.49008919925615535
2.0810000000000013,0.49418176074385733
2.0820000000000016,0.5010495800000061
2.0830000000000015,0.5045025472085594
2.0840000000000014,0.5051746327914427
2.0850000000000013,0.5015350599999854
2.0860000000000016,0.4905053999999724
2.0870000000000015,0.474955973260332
2.0880000000000014,0.4650885767396373
2.0890000000000013,0.46629924000000894
2.0900000000000016,0.4730062418366451
2.0910000000000015,0.48072460816337886
2.0920000000000014,0.48704785000000006
2.0930000000000013,0.4870874603539243
2.0940000000000016,0.4828909996460645
2.0950000000000015,0.47917690999999313
2.0960000000000014,0.47399022999998763
2.0970000000000013,0.4646991804079529
2.0980000000000016,0.45930326000001037
2.0990000000000015,0.46710333000002136
2.1000000000000014,0.4831594059568339
2.1010000000000013,0.4988189740432148
2.1020000000000016,0.5103580400000127
2.1030000000000015,0.5175440964777104
2.1040000000000014,0.521208873522301
2.1050000000000013,0.5238445400000057
2.1060000000000016,0.5281202904519156
2.1070000000000015,0.531824809548096
2.1080000000000014,0.5324429899999978
2.1090000000000013,0.5308861699999978
2.1100000000000017,0.5292532411427695
2.1110000000000015,0.5280646688572267
2.1120000000000014,0.5249455599999951
2.1130000000000013,0.5213074645810781
2.1140000000000017,0.516453275418909
2.1150000000000015,0.5101053099999949
2.1160000000000014,0.5063094154798967
2.1170000000000013,0.5017642145200892
2.1180000000000017,0.4928266699999828
2.1190000000000015,0.47991114999998835
2.1200000000000014,0.4711742899530092
2.1210000000000013,0.47107382004699044
2.1220000000000017,0.47503322000000736
2.1230000000000016,0.47917729463807135
2.1240000000000014,0.47852367536192664
2.1250000000000013,0.47343825999999645
2.1260000000000017,0.4707831977174592
2.1270000000000016,0.472460372282546
2.1280000000000014,0.47393626000000233
2.1290000000000013,0.4756753611197853
2.1300000000000017,0.48358655888023583
2.1310000000000016,0.4919325700000088
2.1320000000000014,0.49687797000000483
2.1330000000000013,0.49958630601979864
2.1340000000000017,0.5018465039802074
2.1350000000000016,0.506707310000014
2.1360000000000015,0.5145857236642815
2.1370000000000013,0.5234223663357461
2.1380000000000017,0.5314000200000072
2.1390000000000016,0.5354471283883234
2.1400000000000015,0.5361310116116786
2.1410000000000013,0.5295026299999869
2.1420000000000017,0.519645090000001
2.1430000000000016,0.5201993127644589
2.1440000000000015,0.5275269572355639
2.1450000000000014,0.5343783500000101
2.1460000000000017,0.5419727762087644
2.1470000000000016,0.5457348637912474
2.1480000000000015,0.5452173399999936
2.1490000000000014,0.5403624148420267
2.1500000000000017,0.5362108351579622
2.1510000000000016,0.5391655600000091
2.1520000000000015,0.5442811300000024
2.1530000000000014,0.5456355645565463
2.1540000000000017,0.5485269400000018
2.1550000000000016,0.5495373599999906
2.1560000000000015,0.5443171586702491
2.1570000000000014,0.5339038613297185
2.1580000000000017,0.5233503599999938
2.1590000000000016,0.5198606327194553
2.1600000000000015,0.5193878272805431
2.1610000000000014,0.5190337899999992
2.1620000000000017,0.5184005282683363
2.1630000000000016,0.5121832117316444
2.1640000000000015,0.5027536699999856
2.1650000000000014,0.49191089999998505
2.1660000000000017,0.4806464663637163
2.1670000000000016,0.4738101036362625
2.1680000000000015,0.4728521099999977
2.1690000000000014,0.47112772227354005
2.1700000000000017,0.46665045772644803
2.1710000000000016,0.46331539999999716
2.1720000000000015,0.4616874153609287
2.1730000000000014,0.462241024639073
2.1740000000000017,0.46542484000001244
2.1750000000000016,0.47242492000002084
2.1760000000000015,0.4841573767543421
2.1770000000000014,0.4963088000000072
2.1780000000000017,0.5017153600000033
2.1790000000000016,0.5035072933653275
2.1800000000000015,0.5038409466346736
2.1810000000000014,0.5062568800000037
2.1820000000000017,0.5090227764877064
2.1830000000000016,0.5114876535123012
2.1840000000000015,0.515099820000004
2.1850000000000014,0.5181395593781232
2.1860000000000017,0.5171333406218738
2.1870000000000016,0.5130523399999896
2.1880000000000015,0.5072054299999896
2.1890000000000014,0.49944348408217326
2.1900000000000017,0.4905843059177992
2.1910000000000016,0.48129322999998764
2.1920000000000015,0.4743312182663451
2.1930000000000014,0.47331388173365174
2.1940000000000017,0.4757764300000136
2.1950000000000016,0.4834415344391266
2.1960000000000015,0.4923859255609012
2.1970000000000014,0.4975139500000085
2.1980000000000017,0.5038914100000053
2.1990000000000016,0.5068527879882047
2.2000000000000015,0.509032670000009
2.2010000000000014,0.5158051300000045
2.2020000000000017,0.519240650787842
2.2030000000000016,0.5189485292121571
2.2040000000000015,0.521177650000002
2.2050000000000014,0.5226867300609899
2.2060000000000017,0.5239873399390147
2.2070000000000016,0.5283776500000046
2.2080000000000015,0.5309544192791442
2.2090000000000014,0.5309472107208558
2.2100000000000017,0.5302409499999989
2.2110000000000016,0.5295966899999976
2.2120000000000015,0.5282755492871387
2.2130000000000014,0.5258684207128539
2.2140000000000017,0.5236389599999994
2.2150000000000016,0.5233349157808467
2.2160000000000015,0.5250927242191588
2.2170000000000014,0.525215329999995
2.2180000000000017,0.5215032072075545
2.2190000000000016,0.519075282792438
2.2200000000000015,0.5188990800000013
2.2210000000000014,0.5199070000000037
2.2220000000000018,0.5226327989081163
2.2230000000000016,0.5270218800000035
2.2240000000000015,0.5296317300000002
2.2250000000000014,0.5297568619936026
2.2260000000000018,0.5305767980064003
2.2270000000000016,0.5301974399999982
2.2280000000000015,0.5291955768346306
2.2290000000000014,0.5276639231653646
2.2300000000000018,0.524361849999995
2.2310000000000016,0.5215377891101732
2.2320000000000015,0.5186288908898177
2.2330000000000014,0.5150928499999934
2.2340000000000018,0.5100815899999871
2.2350000000000017,0.5028510659987887
2.2360000000000015,0.4957110540011891
2.2370000000000014,0.4910629999999917
2.2380000000000018,0.4848237111227674
2.2390000000000017,0.47983493887721707
2.2400000000000015,0.4827363800000061
2.2410000000000014,0.4873213848070396
2.2420000000000018,0.48796945519296264
2.2430000000000017,0.4887329600000062
2.2440000000000015,0.49339887000000393
2.2450000000000014,0.4963686084843025
2.2460000000000018,0.49595345151569603
2.2470000000000017,0.4981832200000043
2.2480000000000016,0.5006188026684643
2.2490000000000014,0.4993454873315318
2.2500000000000018,0.49739607999999574
2.2510000000000017,0.495003189165166
2.2520000000000016,0.4943948408348321
2.2530000000000014,0.4964681300000048
2.254000000000002,0.5000466221925705
2.2550000000000017,0.5055685478074468
2.2560000000000016,0.5102168300000053
2.2570000000000014,0.513194260000001
2.258000000000002,0.5137575738922184
2.2590000000000017,0.5117964961077754
2.2600000000000016,0.505304629999984
2.2610000000000015,0.49629746541091224
2.262000000000002,0.49285157458907547
2.2630000000000017,0.4959423200000048
2.2640000000000016,0.4986520085292907
2.2650000000000015,0.4965373014707027
2.266000000000002,0.49277081999999117
2.2670000000000017,0.4878087299999844
2.2680000000000016,0.47903437514796243
2.2690000000000015,0.4740858548520222
2.270000000000002,0.47970173000001204
2.2710000000000017,0.4864680039032249
2.2720000000000016,0.48990703609678576
2.2730000000000015,0.492920580000004
2.274000000000002,0.4959258379064211
2.2750000000000017,0.4974049020935835
2.2760000000000016,0.4999197100000099
2.2770000000000015,0.5054839800000073
2.278000000000002,0.5095230460933985
2.2790000000000017,0.5072615099999924
2.2800000000000016,0.5030309000000035
2.2810000000000015,0.5049748719726136
2.282000000000002,0.5099945980274043
2.2830000000000017,0.5142779900000061
2.2840000000000016,0.5177154014137192
2.2850000000000015,0.5189295385862845
2.286000000000002,0.5174537899999965
2.2870000000000017,0.5154837604879027
2.2880000000000016,0.5156886395120979
2.2890000000000015,0.5188900200000056
2.290000000000002,0.5231041300000076
2.2910000000000017,0.527347925774851
2.2920000000000016,0.5310056742251604
2.2930000000000015,0.5317224299999976
2.294000000000002,0.5300074601459666
2.2950000000000017,0.5274089198540253
2.2960000000000016,0.5252488899999967
2.2970000000000015,0.5234312128474281
2.298000000000002,0.5219596871525666
2.2990000000000017,0.5204626299999977
2.3000000000000016,0.5191386300000004
2.3010000000000015,0.5193376900939909
2.302000000000002,0.5197769399999966
2.3030000000000017,0.5179128099999911
2.3040000000000016,0.5129223326964538
2.3050000000000015,0.5086492973035329
2.306000000000002,0.5076111599999997
2.3070000000000017,0.5075002809558078
2.3080000000000016,0.5068098390441902
2.3090000000000015,0.5066710699999991
2.310000000000002,0.5060038987612417
2.3110000000000017,0.502291511238745
2.3120000000000016,0.49695971999999317
2.3130000000000015,0.4931105099999989
2.314000000000002,0.49227741890222015
2.3150000000000017,0.49266644109778124
2.3160000000000016,0.4924097999999989
2.3170000000000015,0.49179316761947345
2.318000000000002,0.4901693623805208
2.3190000000000017,0.48713165999999425
2.3200000000000016,0.4838749600729817
2.3210000000000015,0.48157568992701116
2.322000000000002,0.4810010499999997
2.3230000000000017,0.48085197999999635
2.3240000000000016,0.4787819165213431
2.3250000000000015,0.47584712999999906
2.326000000000002,0.4751289500000004
2.3270000000000017,0.4753339351079751
2.3280000000000016,0.4732850148920185
2.3290000000000015,0.4709933700000011
2.330000000000002,0.47179595920916084
2.3310000000000017,0.47308805079084437
2.3320000000000016,0.4733809800000003
2.3330000000000015,0.4735372594021204
2.334000000000002,0.47403128059788135
2.3350000000000017,0.47521979000000114
2.3360000000000016,0.47588259
2.3370000000000015,0.4758912063427306
2.338000000000002,0.47535463365726754
2.3390000000000017,0.4737312799999932
2.3400000000000016,0.46991938494500185
2.3410000000000015,0.4642688350549805
2.342000000000002,0.46040630000000254
2.3430000000000017,0.4618330398440377
2.3440000000000016,0.46583148015597475
2.3450000000000015,0.46798061999999957
2.346000000000002,0.4676313999999956
2.3470000000000018,0.46513589502149294
2.3480000000000016,0.46208610999999655
2.3490000000000015,0.4594923899999943
2.350000000000002,0.45525248351328773
2.3510000000000018,0.4505876164866936
2.3520000000000016,0.4499319800000047
2.3530000000000015,0.4525968963557317
2.354000000000002,0.4543604536442746
2.3550000000000018,0.45400553999999965
2.3560000000000016,0.45380994466506885
2.3570000000000015,0.4549565953349347
2.358000000000002,0.4562090600000006
2.3590000000000018,0.4565512800000003
2.3600000000000017,0.4567011829054188
2.3610000000000015,0.456630237094581
2.362000000000002,0.4548689399999948
2.3630000000000018,0.45193800399419637
2.3640000000000017,0.44897794600579444
2.3650000000000015,0.4469951399999978
2.366000000000002,0.44534178568285776
2.3670000000000018,0.4425986143171312
2.3680000000000017,0.43936427999999533
2.3690000000000015,0.4358738099999954
2.370000000000002,0.4324691733993167
2.3710000000000018,0.43080316660067663
2.3720000000000017,0.4314153200000059
2.3730000000000016,0.43472846202360466
2.374000000000002,0.440548697976416
2.3750000000000018,0.4458825300000045
2.3760000000000017,0.4484181742361533
2.3770000000000016,0.4487605357638478
2.378000000000002,0.44847518000000064
2.379000000000002,0.44884155891321864
2.3800000000000017,0.44963069108678383
2.3810000000000016,0.4494093399999974
2.382000000000002,0.4479260399999994
2.383000000000002,0.4476462509798073
2.3840000000000017,0.44965604902019896
2.3850000000000016,0.4516994700000008
2.386000000000002,0.4521545912287514
2.387000000000002,0.45076687877124305
2.3880000000000017,0.44902714999999926
2.3890000000000016,0.4486120393661279
2.390000000000002,0.44930570063387454
2.391000000000002,0.44947954999999745
2.3920000000000017,0.44804700999999736
2.3930000000000016,0.44656022488702396
2.394000000000002,0.44740909511297905
2.395000000000002,0.4495769100000004
2.3960000000000017,0.44979826354828667
2.3970000000000016,0.4475337464517063
2.398000000000002,0.44444071999999585
2.399000000000002,0.4421120433133361
2.4000000000000017,0.4413451766866615
2.4010000000000016,0.441251809999999
2.4020000000000015,0.4406953799999987
2.403000000000002,0.439945025035495
2.4040000000000017,0.44028243000000195
2.4050000000000016,0.4413681000000003
2.406000000000002,0.4415420440101982
2.407000000000002,0.4416821459898023
2.4080000000000017,0.4423660300000002
2.4090000000000016,0.44244592217156603
2.4100000000000015,0.44266763782843466
2.411000000000002,0.44405147000000245
2.4120000000000017,0.4454402046210778
2.4130000000000016,0.4466864153789261
2.414000000000002,0.4479989700000019
2.415000000000002,0.44905367000000174
2.4160000000000017,0.45002299586182853
2.4170000000000016,0.4505816141381732
2.4180000000000015,0.45045035999999955
2.419000000000002,0.45011291185662866
2.4200000000000017,0.45013147814337134
2.4210000000000016,0.45028749000000023
2.422000000000002,0.4504276563137374
2.423000000000002,0.4504907936862628
2.4240000000000017,0.450263199999999
2.4250000000000016,0.44968124999999826
2.4260000000000015,0.4487128668383147
2.427000000000002,0.4474499199999958
2.4280000000000017,0.4450886799999957
2.4290000000000016,0.4426502899770027
2.430000000000002,0.4414500600229931
2.431000000000002,0.441236909999998
2.4320000000000017,0.4401044634693015
2.4330000000000016,0.43723915653068957
2.4340000000000015,0.43405630999999506
2.435000000000002,0.43033105071285016
2.4360000000000017,0.42583817928713386
2.4370000000000016,0.4216057999999935
2.438000000000002,0.4179353399999926
2.439000000000002,0.4137841305998726
2.4400000000000017,0.40919012940011107
2.4410000000000016,0.4049618499999936
2.4420000000000015,0.4013406599580031
2.443000000000002,0.3980402400419852
2.4440000000000017,0.3961749699999995
2.4450000000000016,0.3958922069826046
2.446000000000002,0.3965620330173978
2.447000000000002,0.3990015100000072
2.4480000000000017,0.40306661000000676
2.4490000000000016,0.40688570772723115
2.4500000000000015,0.4092629800000022
2.451000000000002,0.410945150000003
2.4520000000000017,0.412618417991403
2.4530000000000016,0.41339833200859943
2.454000000000002,0.4127842499999999
2.455000000000002,0.4127360714927085
2.4560000000000017,0.41615099850730514
2.4570000000000016,0.42251682000000845
2.4580000000000015,0.42728112319836536
2.459000000000002,0.43041310680164574
2.4600000000000017,0.4350490600000081
2.4610000000000016,0.43962586000000337
2.462000000000002,0.44152999563187373
2.463000000000002,0.44158631436812645
2.4640000000000017,0.4415982699999995
2.4650000000000016,0.441332344228153
2.4660000000000015,0.4404746257718444
2.467000000000002,0.4390003699999954
2.4680000000000017,0.43642332249049787
2.4690000000000016,0.4339482275094944
2.470000000000002,0.43264203999999884
2.471000000000002,0.4319841899999995
2.4720000000000018,0.43171105826817235
2.4730000000000016,0.4311937399999986
2.4740000000000015,0.4301682099999982
2.475000000000002,0.42882211954608745
2.4760000000000018,0.4272175804539061
2.4770000000000016,0.4251013399999953
2.478000000000002,0.4224417221145722
2.479000000000002,0.4200628678854183
2.4800000000000018,0.41689609999999183
2.4810000000000016,0.4123428920285878
2.4820000000000015,0.40836317797139976
2.483000000000002,0.40563582999999603
2.4840000000000018,0.4034306999999966
2.4850000000000017,0.4015016390861797
2.486000000000002,0.39959250091381354
2.487000000000002,0.3992288400000052
2.4880000000000018,0.4021731981013871
2.4890000000000017,0.4067542118986271
2.4900000000000015,0.4093081700000011
2.491000000000002,0.4100866407288569
2.4920000000000018,0.4113939292711483
2.4930000000000017,0.4110342899999965
2.494000000000002,0.4083994599999977
2.495000000000002,0.4071144369976033
2.4960000000000018,0.4084844130024022
2.4970000000000017,0.4102856799999987
2.4980000000000016,0.40957762821735105
2.499000000000002,0.4061598017826369
2.5000000000000018,0.40017375
2.5010000000000017,0.40017375
2.502000000000002,0.40017375
2.503000000000002,0.40017375
2.504000000000002,0.40017375
2.5050000000000017,0.40017375
2.5060000000000016,0.40017375
2.507000000000002,0.40017375
2.508000000000002,0.40017375
2.5090000000000017,0.40017375
2.510000000000002,0.40017375
2.511000000000002,0.40017375
2.512000000000002,0.40017375
2.5130000000000017,0.40017375
2.5140000000000016,0.40017375
2.515000000000002,0.40017375
2.516000000000002,0.40017375
2.5170000000000017,0.40017375
2.518000000000002,0.40017375
2.519000000000002,0.40017375
2.520000000000002,0.40017375
2.5210000000000017,0.40017375
2.5220000000000016,0.40017375
2.523000000000002,0.40017375
2.524000000000002,0.40017375
2.5250000000000017,0.40017375
2.526000000000002,0.40017375
2.527000000000002,0.40017375
2.528000000000002,0.40017375
2.5290000000000017,0.40017375
2.5300000000000016,0.40017375
2.531000000000002,0.40017375
2.532000000000002,0.40017375
2.5330000000000017,0.40017375
2.534000000000002,0.40017375
2.535000000000002,0.40017375
2.536000000000002,0.40017375
2.5370000000000017,0.40017375
2.5380000000000016,0.40017375
2.539000000000002,0.40017375
2.540000000000002,0.40017375
2.5410000000000017,0.40017375
2.542000000000002,0.40017375
2.543000000000002,0.40017375
2.544000000000002,0.40017375
2.5450000000000017,0.40017375
2.5460000000000016,0.40017375
2.547000000000002,0.40017375
2.548000000000002,0.40017375
2.5490000000000017,0.40017375
2.550000000000002,0.40017375
2.551000000000002,0.40017375
2.552000000000002,0.40017375
2.5530000000000017,0.40017375
2.5540000000000016,0.40017375
2.555000000000002,0.40017375
2.556000000000002,0.40017375
2.5570000000000017,0.40017375
2.558000000000002,0.40017375
2.559000000000002,0.40017375
2.560000000000002,0.40017375
2.5610000000000017,0.40017375
2.5620000000000016,0.40017375
2.563000000000002,0.40017375
2.564000000000002,0.40017375
2.5650000000000017,0.40017375
2.566000000000002,0.40017375
2.567000000000002,0.40017375
2.568000000000002,0.40017375
2.5690000000000017,0.40017375
2.5700000000000016,0.40017375
2.571000000000002,0.40017375
2.572000000000002,0.40017375
2.5730000000000017,0.40017375
2.574000000000002,0.40017375
2.575000000000002,0.40017375
2.576000000000002,0.40017375
2.5770000000000017,0.40017375
2.5780000000000016,0.40017375
2.579000000000002,0.40017375
2.580000000000002,0.40017375
2.5810000000000017,0.40017375
2.582000000000002,0.40017375
2.583000000000002,0.40017375
2.584000000000002,0.40017375
2.5850000000000017,0.40017375
2.5860000000000016,0.40017375
2.587000000000002,0.40017375
2.588000000000002,0.40017375
2.5890000000000017,0.40017375
2.590000000000002,0.40017375
2.591000000000002,0.40017375
2.592000000000002,0.40017375
2.5930000000000017,0.40017375
2.5940000000000016,0.40017375
2.595000000000002,0.40017375
2.596000000000002,0.40017375
2.5970000000000018,0.40017375
2.598000000000002,0.40017375
2.599000000000002,0.40017375
