wave,r
0.4,0.7697958408689827
0.401,0.7699533725951481
0.402,0.7702128874048519
0.403,0.76999974
0.404,0.769748932508075
0.405,0.7698825
0.406,0.7699171899195016
0.40700000000000003,0.7699091400804984
0.40800000000000003,0.7698736805572889
0.40900000000000003,0.7699294094427112
0.41000000000000003,0.76994652
0.41100000000000003,0.769925590209298
0.41200000000000003,0.76984793
0.41300000000000003,0.769824390297397
0.41400000000000003,0.76985413
0.41500000000000004,0.7699409113297734
0.41600000000000004,0.7700738886702266
0.41700000000000004,0.77009648
0.41800000000000004,0.7700687102776972
0.41900000000000004,0.77023023
0.42000000000000004,0.7703759704612954
0.42100000000000004,0.7704221
0.42200000000000004,0.7702800019234615
0.42300000000000004,0.7704723480765385
0.42400000000000004,0.7706157004922901
0.42500000000000004,0.7706649295077099
0.42600000000000005,0.7705821999999999
0.42700000000000005,0.7706972417361826
0.42800000000000005,0.77087086
0.42900000000000005,0.7709387512946742
0.43000000000000005,0.7710682187053258
0.43100000000000005,0.7711371197550049
0.43200000000000005,0.7711126202449952
0.43300000000000005,0.77110577
0.43400000000000005,0.7711501107670923
0.43500000000000005,0.77122682
0.43600000000000005,0.7713001401453972
0.43700000000000006,0.7713146798546029
0.43800000000000006,0.7713709516086679
0.43900000000000006,0.7715318183913321
0.44000000000000006,0.77156508
0.44100000000000006,0.771644889201908
0.44200000000000006,0.77176273
0.44300000000000006,0.771797180349893
0.44400000000000006,0.771832169650107
0.44500000000000006,0.7718598801102978
0.44600000000000006,0.7718709098897022
0.44700000000000006,0.77194011
0.44800000000000006,0.7719803995971041
0.44900000000000007,0.77197939
0.45000000000000007,0.7720695705221895
0.45100000000000007,0.7721217894778105
0.45200000000000007,0.7721589806234875
0.45300000000000007,0.7722213293765126
0.45400000000000007,0.77229202
0.45500000000000007,0.7723751691685083
0.45600000000000007,0.77247447
0.4570000000000001,0.7724843003820963
0.4580000000000001,0.77252251
0.4590000000000001,0.7725767500827984
0.4600000000000001,0.7725850299172017
0.4610000000000001,0.77268088
0.4620000000000001,0.7727543692651074
0.4630000000000001,0.77271372
0.4640000000000001,0.7728832408635914
0.4650000000000001,0.7729696
0.4660000000000001,0.7729601312539749
0.4670000000000001,0.7730855287460251
0.4680000000000001,0.7731452603861922
0.4690000000000001,0.7731838796138077
0.4700000000000001,0.77326244
0.4710000000000001,0.7732839006430936
0.4720000000000001,0.77334821
0.4730000000000001,0.7734854200077999
0.4740000000000001,0.7734861999922
0.4750000000000001,0.7735630910650787
0.4760000000000001,0.7736695989349213
0.4770000000000001,0.77368265
0.4780000000000001,0.7737671108362916
0.4790000000000001,0.77385074
0.4800000000000001,0.7738941900184997
0.4810000000000001,0.7738960399815004
0.4820000000000001,0.7739552911067779
0.4830000000000001,0.7740659688932221
0.4840000000000001,0.77417159
0.4850000000000001,0.7742066396495034
0.4860000000000001,0.77422416
0.4870000000000001,0.7742746506877862
0.4880000000000001,0.7743434293122138
0.4890000000000001,0.7744308710025799
0.4900000000000001,0.77453112899742
0.4910000000000001,0.77454394
0.4920000000000001,0.7745869795696043
0.4930000000000001,0.77464753
0.4940000000000001,0.774714710600794
0.4950000000000001,0.77477479
0.4960000000000001,0.7748209802819943
0.4970000000000001,0.7748491797180057
0.4980000000000001,0.77493495
0.4990000000000001,0.7750073692758073
0.5000000000000001,0.77507222
0.5010000000000001,0.7751633507797157
0.5020000000000001,0.7752413219454027
0.5030000000000001,0.7753061687030649
0.5040000000000001,0.7753534895267953
0.5050000000000001,0.77541882
0.5060000000000001,0.7754867114327284
0.5070000000000001,0.7755583478509074
0.5080000000000001,0.7756521681235812
0.5090000000000001,0.77570438
0.5100000000000001,0.7757443806592066
0.5110000000000001,0.7758103022673093
0.5120000000000001,0.7759236677326906
0.5130000000000001,0.7760054491821918
0.5140000000000001,0.77603954
0.5150000000000001,0.776208940955419
0.5160000000000001,0.7763044817129143
0.5170000000000001,0.7763615788580571
0.5180000000000001,0.7764568890468905
0.5190000000000001,0.7765395008446085
0.5200000000000001,0.7766239618931053
0.5210000000000001,0.7767186171603421
0.5220000000000001,0.776799379192384
0.5230000000000001,0.77688706
0.5240000000000001,0.7769764105406054
0.5250000000000001,0.777030471727331
0.5260000000000001,0.7771168382726691
0.5270000000000001,0.7771912792555926
0.5280000000000001,0.77720606
0.5290000000000001,0.777317581799018
0.5300000000000001,0.7774075315377231
0.5310000000000001,0.7774587889748512
0.5320000000000001,0.7775201793860939
0.5330000000000001,0.7775771605847058
0.5340000000000001,0.7776356314495275
0.5350000000000001,0.7777081078257086
0.5360000000000001,0.7777827392536851
0.5370000000000001,0.77782649
0.5380000000000001,0.7778251204577092
0.5390000000000001,0.77787089160042
0.5400000000000001,0.7779242389330534
0.5410000000000001,0.7779788994533946
0.5420000000000001,0.77801448
0.5430000000000001,0.7780601406293686
0.5440000000000002,0.7780916090559472
0.5450000000000002,0.7780885100620006
0.5460000000000002,0.77816528
0.5470000000000002,0.7782096301162011
0.5480000000000002,0.7782212515663374
0.5490000000000002,0.7782995684336628
0.5500000000000002,0.7783586994086941
0.5510000000000002,0.77841049
0.5520000000000002,0.7784672401675033
0.5530000000000002,0.7784839904595771
0.5540000000000002,0.7784993096936154
0.5550000000000002,0.7785225497675977
0.5560000000000002,0.7785738706747067
0.5570000000000002,0.7786413413411329
0.5580000000000002,0.7787083979883006
0.5590000000000002,0.7787281896041961
0.5600000000000002,0.77876735
0.5610000000000002,0.7788203406824068
0.5620000000000002,0.7788885802813889
0.5630000000000002,0.7789026497186113
0.5640000000000002,0.7789189798366984
0.5650000000000002,0.77894664
0.5660000000000002,0.7790282409798098
0.5670000000000002,0.7790772314447277
0.5680000000000002,0.7791253890368481
0.5690000000000002,0.7792020392334924
0.5700000000000002,0.7793091510431105
0.5710000000000002,0.7794134619455028
0.5720000000000002,0.7795107370817459
0.5730000000000002,0.7796141489658793
0.5740000000000002,0.77974141
0.5750000000000002,0.7798644306586067
0.5760000000000002,0.7799302916617336
0.5770000000000002,0.7800133783382664
0.5780000000000002,0.7800496196375963
0.5790000000000002,0.7800113000000001
0.5800000000000002,0.7801127993741938
0.5810000000000002,0.7800815051561422
0.5820000000000002,0.7799200432292386
0.5830000000000002,0.77960432
0.5840000000000002,0.7798258127853278
0.5850000000000002,0.780104340578171
0.5860000000000002,0.7801332491327434
0.5870000000000002,0.7798698526340526
0.5880000000000002,0.77968246
0.5890000000000002,0.7795947790939819
0.5900000000000002,0.779504194442178
0.5910000000000002,0.7799856003718815
0.5920000000000002,0.7804787750682508
0.5930000000000002,0.7802308794778947
0.5940000000000002,0.7801786700213988
0.5950000000000002,0.7801797399679016
0.5960000000000002,0.7802013795671957
0.5970000000000002,0.78006279
0.5980000000000002,0.7799885300584006
0.5990000000000002,0.7799943732422704
0.6000000000000002,0.7801564867577298
0.6010000000000002,0.7803031185336854
0.6020000000000002,0.78039986
0.6030000000000002,0.7804198914680294
0.6040000000000002,0.7805666926536673
0.6050000000000002,0.7806551482308884
0.6060000000000002,0.7806742198092981
0.6070000000000002,0.7805900596643967
0.6080000000000002,0.7805564997318134
0.6090000000000002,0.7805430904022799
0.6100000000000002,0.7805315901150024
0.6110000000000002,0.78045005
0.6120000000000002,0.7803666592280922
0.6130000000000002,0.7802894681106756
0.6140000000000002,0.7801950018893243
0.6150000000000002,0.7800406215438154
0.6160000000000002,0.77991569
0.6170000000000002,0.7799983639124392
0.6180000000000002,0.7801939856022199
0.6190000000000002,0.7803807262651867
0.6200000000000002,0.78051794
0.6210000000000002,0.7805603702438024
0.6220000000000002,0.780584750160992
0.6230000000000002,0.7805927997585121
0.6240000000000002,0.7805810001180025
0.6250000000000002,0.78054684
0.6260000000000002,0.780511259750295
0.6270000000000002,0.7804862894135294
0.6280000000000002,0.7804667403909805
0.6290000000000002,0.7804280503869039
0.6300000000000002,0.78037107
0.6310000000000002,0.7803252895530223
0.6320000000000002,0.7803029406704665
0.6330000000000002,0.780307889900999
0.6340000000000002,0.78035969
0.6350000000000002,0.7804346107802078
0.6360000000000002,0.7805126314913404
0.6370000000000002,0.7805871985086595
0.6380000000000002,0.7806452494194942
0.6390000000000002,0.78070897
0.6400000000000002,0.7807685702438049
0.6410000000000002,0.7807929509458528
0.6420000000000002,0.7808244793694316
0.6430000000000002,0.7808504097406974
0.6440000000000002,0.780863579904699
0.6450000000000002,0.7808540501965902
0.6460000000000002,0.7808638797051147
0.6470000000000002,0.7808884397543951
0.6480000000000002,0.78089309
0.6490000000000002,0.7809099603159032
0.6500000000000002,0.7809415510667573
0.6510000000000002,0.7809948889332426
0.6520000000000002,0.7811067088817888
0.6530000000000002,0.78122717
0.6540000000000002,0.7813470419668197
0.6550000000000002,0.7814453820437978
0.6560000000000002,0.7815135086374682
0.6570000000000003,0.7815710894241943
0.6580000000000003,0.7816457706640066
0.6590000000000003,0.7817121712349383
0.6600000000000003,0.7817739181475927
0.6610000000000003,0.7818320394187883
0.6620000000000003,0.78188837
0.6630000000000003,0.7819234102516051
0.6640000000000003,0.7819485714966251
0.6650000000000003,0.7819984590022498
0.6660000000000003,0.7820429195553955
0.6670000000000003,0.78208876
0.6680000000000003,0.7821402002561871
0.6690000000000003,0.7821530096157192
0.6700000000000003,0.7821763195337954
0.6710000000000003,0.78221142
0.6720000000000003,0.7822442105441054
0.6730000000000003,0.7822986215009399
0.6740000000000003,0.7823736684990601
0.6750000000000003,0.7824776189604896
0.6760000000000003,0.78256011
0.6770000000000003,0.7825878296816936
0.6780000000000003,0.7825560006524674
0.6790000000000003,0.7825777495650217
0.6800000000000003,0.7826051697257972
0.6810000000000003,0.7826459407874079
0.6820000000000003,0.7827246814483275
0.6830000000000003,0.7827970978275085
0.6840000000000003,0.7828711885181853
0.6850000000000003,0.78295171
0.6860000000000003,0.7830169205567056
0.6870000000000003,0.7830725910597576
0.6880000000000003,0.7831255789402424
0.6890000000000003,0.7832080091756918
0.6900000000000003,0.7833806300000001
0.6910000000000003,0.7836284067796679
0.6920000000000003,0.7839673808438578
0.6930000000000003,0.7839955094374281
0.6940000000000003,0.7838935310198101
0.6950000000000003,0.7836989188876888
0.6960000000000003,0.7835876891168441
0.6970000000000003,0.7835435313247338
0.6980000000000003,0.7835500199350987
0.6990000000000003,0.78360915
0.7000000000000003,0.7836439603594036
0.7010000000000003,0.7836799008821647
0.7020000000000003,0.7837240091178354
0.7030000000000003,0.7837299699403995
0.7040000000000003,0.78376186
0.7050000000000003,0.7838060903636036
0.7060000000000003,0.7838242714927254
0.7070000000000003,0.7838740290048498
0.7080000000000003,0.78393114
0.7090000000000003,0.7839835302944029
0.7100000000000003,0.7840129704375781
0.7110000000000003,0.7840348493436328
0.7120000000000003,0.7840477798706974
0.7130000000000003,0.78403562
0.7140000000000003,0.7840444401139023
0.7150000000000003,0.7840558298479076
0.7160000000000003,0.7840507601013949
0.7170000000000003,0.7840375901317013
0.7180000000000003,0.7840337201090012
0.7190000000000003,0.7840446210145493
0.7200000000000003,0.7840953484781761
0.7210000000000003,0.7841315292763928
0.7220000000000003,0.78415328
0.7230000000000003,0.7841525102002019
0.7240000000000003,0.7841725301597936
0.7250000000000003,0.7841805198402064
0.7260000000000003,0.7841615101901019
0.7270000000000003,0.78414726
0.7280000000000003,0.7841206195630913
0.7290000000000003,0.7840769274555273
0.7300000000000003,0.7839921116963152
0.7310000000000003,0.7838652712684125
0.7320000000000003,0.7837145883185831
0.7330000000000003,0.7835464456776161
0.7340000000000003,0.7833303264835758
0.7350000000000003,0.7830994123091461
0.7360000000000003,0.7828500299999999
0.7370000000000003,0.7825012151910518
0.7380000000000003,0.7820203184144633
0.7390000000000003,0.7814410415855364
0.7400000000000003,0.7807674467359671
0.7410000000000003,0.7803531299999998
0.7420000000000003,0.780105108298983
0.7430000000000003,0.7800200646809661
0.7440000000000003,0.780176096879356
0.7450000000000003,0.7804818700000001
0.7460000000000003,0.7809026249413495
0.7470000000000003,0.7813967594361283
0.7480000000000003,0.7818685658458079
0.7490000000000003,0.7822726959587192
0.7500000000000003,0.78256953
0.7510000000000003,0.782683430153803
0.7520000000000003,0.7826988079115044
0.7530000000000003,0.7826291913923303
0.7540000000000003,0.7824873914180142
0.7550000000000003,0.7823235399999999
0.7560000000000003,0.7821533667599619
0.7570000000000003,0.7819913648600569
0.7580000000000003,0.7818267932914329
0.7590000000000003,0.78169447
0.7600000000000003,0.7816065003725037
0.7610000000000003,0.7816437541936323
0.7620000000000003,0.7818534358063678
0.7630000000000003,0.7822181563527637
0.7640000000000003,0.7827748700000002
0.7650000000000003,0.7834380965345309
0.7660000000000003,0.7840915479754015
0.7670000000000003,0.7846907280163994
0.7680000000000003,0.7851353855534557
0.7690000000000003,0.785514713196632
0.7700000000000004,0.7858343751401431
0.7710000000000004,0.7860913822897856
0.7720000000000004,0.786301607897758
0.7730000000000004,0.78647178
0.7740000000000004,0.7865921312534125
0.7750000000000004,0.786717472226911
0.7760000000000004,0.7868288177730891
0.7770000000000004,0.7869247790403905
0.7780000000000004,0.78701138
0.7790000000000004,0.7870916115272153
0.7800000000000004,0.7871679722276886
0.7810000000000004,0.7872422285148744
0.7820000000000004,0.7873181692405925
0.7830000000000004,0.7873753903171032
0.7840000000000004,0.7874071009083546
0.7850000000000004,0.7874525186374681
0.7860000000000004,0.7875041994831897
0.7870000000000004,0.78756052
0.7880000000000004,0.7876176807296146
0.7890000000000004,0.7876906419490026
0.7900000000000004,0.7877556087006651
0.7910000000000004,0.7877981695743957
0.7920000000000004,0.78782034
0.7930000000000004,0.7878322001119943
0.7940000000000004,0.7878377998320084
0.7950000000000004,0.7878493697685977
0.7960000000000004,0.78784841
0.7970000000000004,0.7878304095350953
0.7980000000000004,0.7877839197842086
0.7990000000000004,0.7877731302157914
0.8000000000000004,0.7877570401609016
0.8010000000000004,0.78772634
0.8020000000000004,0.7876456991493829
0.8030000000000004,0.7875606373055347
0.8040000000000004,0.7874708217963101
0.8050000000000004,0.7873734809734096
0.8060000000000004,0.787330149809898
0.8070000000000004,0.7873111399702015
0.8080000000000004,0.7873096500446978
0.8090000000000004,0.7873769386541866
0.8100000000000004,0.78743768
0.8110000000000004,0.7875021111384115
0.8120000000000004,0.7876159520433182
0.8130000000000004,0.7877181179566818
0.8140000000000004,0.7878117590635907
0.8150000000000004,0.78789598
0.8160000000000004,0.7880005221590216
0.8170000000000004,0.7881084732239388
0.8180000000000004,0.7882159378507074
0.8190000000000004,0.7883015891434915
0.8200000000000004,0.7883794905877058
0.8210000000000004,0.7884382602907855
0.8220000000000004,0.7884527995638219
0.8230000000000004,0.7884752797751955
0.8240000000000004,0.78848678
0.8250000000000004,0.7884830203869039
0.8260000000000004,0.7885217110941563
0.8270000000000004,0.7885764189058437
0.8280000000000004,0.7886515892482925
0.8290000000000004,0.78876925
0.8300000000000004,0.7889048531078311
0.8310000000000004,0.789060245421329
0.8320000000000004,0.7892409563857807
0.8330000000000004,0.7894067800000001
0.8340000000000004,0.7895596613244132
0.8350000000000004,0.7896921013161341
0.8360000000000004,0.7897579080257987
0.8370000000000004,0.7898398591804836
0.8380000000000004,0.78992224
0.8390000000000004,0.7899890507779156
0.8400000000000004,0.7900668418380081
0.8410000000000004,0.7901281087746613
0.8420000000000004,0.7901700695803958
0.8430000000000004,0.7902322412058121
0.8440000000000004,0.7903528231254437
0.8450000000000004,0.7905090953118344
0.8460000000000004,0.7906715267513676
0.8470000000000004,0.7908057000000001
0.8480000000000004,0.7909417714824148
0.8490000000000004,0.7910900113077477
0.8500000000000004,0.7911553986922524
0.8510000000000004,0.791175309800898
0.8520000000000004,0.7911638000000001
0.8530000000000004,0.7911609399808996
0.8540000000000004,0.791159030860057
0.8550000000000004,0.7911876994266286
0.8560000000000004,0.7912753791231912
0.8570000000000004,0.7913779008822089
0.8580000000000004,0.7914661214589271
0.8590000000000004,0.7915390678116094
0.8600000000000004,0.7915962294283886
0.8610000000000004,0.79156703
0.8620000000000004,0.7914735084466844
0.8630000000000004,0.7913181760423582
0.8640000000000004,0.7911202939576416
0.8650000000000004,0.7909503616993169
0.8660000000000004,0.79082859
0.8670000000000004,0.7907943097819978
0.8680000000000004,0.790783409220339
0.8690000000000004,0.790757420519774
0.8700000000000004,0.7906092399999999
0.8710000000000004,0.7903701076640766
0.8720000000000004,0.7901365163867806
0.8730000000000004,0.7899558554198289
0.8740000000000004,0.7898538110204204
0.8750000000000004,0.7896940699999999
0.8760000000000004,0.7894447350391005
0.8770000000000004,0.7889486387292631
0.8780000000000004,0.7882396141804906
0.8790000000000004,0.7874656977391771
0.8800000000000004,0.7867400099999999
0.8810000000000004,0.7864574189426528
0.8820000000000005,0.7864045515860206
0.8830000000000005,0.7865546269983701
0.8840000000000005,0.7868737
0.8850000000000005,0.7870852405775058
0.8860000000000005,0.7871429850529977
0.8870000000000005,0.786895634947002
0.8880000000000005,0.7865207837485373
0.8890000000000005,0.7861357299999999
0.8900000000000005,0.785778516808136
0.8910000000000005,0.7854593273514322
0.8920000000000005,0.7850377084323782
0.8930000000000005,0.7844960154169539
0.8940000000000005,0.7837352696673962
0.8950000000000005,0.7827020041912899
0.8960000000000005,0.7814115687130636
0.8970000000000005,0.7798019760960211
0.8980000000000005,0.7775624399999989
0.8990000000000005,0.7750868540633394
0.9000000000000005,0.7724931999176023
0.9010000000000005,0.7704890800823958
0.9020000000000005,0.7690172347183464
0.9030000000000005,0.7677121199999993
0.9040000000000005,0.7662082420761197
0.9050000000000005,0.7638120311984387
0.9060000000000005,0.7608519792010386
0.9070000000000005,0.7573767047528458
0.9080000000000005,0.7539388851088499
0.9090000000000005,0.7514497899895
0.9100000000000005,0.7499492650157484
0.9110000000000005,0.7500669388227765
0.9120000000000005,0.7515347600000009
0.9130000000000005,0.753602764536792
0.9140000000000005,0.7560564350580482
0.9150000000000005,0.7582250366279696
0.9160000000000005,0.7599949623008239
0.9170000000000005,0.7613275600000002
0.9180000000000005,0.7619398850161493
0.9190000000000005,0.7621906924757762
0.9200000000000005,0.7621925499629996
0.9210000000000005,0.7619535899999997
0.9220000000000005,0.7615767049758495
0.9230000000000005,0.7610742873525057
0.9240000000000005,0.7604419126474938
0.9250000000000005,0.759708587333273
0.9260000000000005,0.7589091099999996
0.9270000000000005,0.758076421820836
0.9280000000000005,0.7572585141043945
0.9290000000000005,0.7567286605970699
0.9300000000000005,0.756498222304323
0.9310000000000005,0.7566215483888843
0.9320000000000005,0.7574604449611526
0.9330000000000005,0.7587085025582727
0.9340000000000005,0.7603838064936658
0.9350000000000005,0.7627211800000012
0.9360000000000005,0.7654807899617011
0.9370000000000005,0.7684769632582714
0.9380000000000005,0.7716398767417318
0.9390000000000005,0.7746324200746023
0.9400000000000005,0.7774674300000014
0.9410000000000005,0.7801263759878612
0.9420000000000005,0.7824257619436038
0.9430000000000005,0.7844905487042657
0.9440000000000005,0.7863718111874128
0.9450000000000005,0.7880368341020417
0.9460000000000005,0.7894470359363038
0.9470000000000005,0.7907438510955459
0.9480000000000005,0.7919356680818622
0.9490000000000005,0.7928700400000004
0.9500000000000005,0.7937439780061805
0.9510000000000005,0.7945445930540781
0.9520000000000005,0.7951972969459226
0.9530000000000005,0.7957319546534468
0.9540000000000005,0.7962033700000002
0.9550000000000005,0.7966167981326815
0.9560000000000005,0.7970234308105597
0.9570000000000005,0.7973837827929606
0.9580000000000005,0.7977085100000002
0.9590000000000005,0.7980442631990321
0.9600000000000005,0.798364166382281
0.9610000000000005,0.7986832804265789
0.9620000000000005,0.7990106267265348
0.9630000000000005,0.7993239200000001
0.9640000000000005,0.7996174727353549
0.9650000000000005,0.7998910086773663
0.9660000000000005,0.8001802542150894
0.9670000000000005,0.8004583072194723
0.9680000000000005,0.8007242724468246
0.9690000000000005,0.8009689553367333
0.9700000000000005,0.8012357919949005
0.9710000000000005,0.8014919148775489
0.9720000000000005,0.8017241400000001
0.9730000000000005,0.8019372217172173
0.9740000000000005,0.8021089424103036
0.9750000000000005,0.8022294575896964
0.9760000000000005,0.802249309801498
0.9770000000000005,0.80230105
0.9780000000000005,0.8023712008667173
0.9790000000000005,0.8024578710370481
0.9800000000000005,0.8024924393086346
0.9810000000000005,0.8024875500489005
0.9820000000000005,0.8024451693640936
0.9830000000000005,0.8023815783370831
0.9840000000000005,0.8022984324943753
0.9850000000000005,0.8021554914294284
0.9860000000000005,0.8018768399999999
0.9870000000000005,0.8016239375364753
0.9880000000000005,0.8013775850947961
0.9890000000000005,0.8011323249052037
0.9900000000000005,0.8008166031572314
0.9910000000000005,0.8004720199999997
0.9920000000000005,0.8001289946605464
0.9930000000000005,0.7998620190694463
0.9940000000000005,0.7994976672870354
0.9950000000000006,0.7990261899999996
0.9960000000000006,0.798421315729357
0.9970000000000006,0.79799425219439
0.9980000000000006,0.7976039717084143
0.9990000000000006,0.7969612564272281
1.0000000000000004,0.7963194299999998
1.0010000000000006,0.7958636299999996
1.0020000000000007,0.7952571499999994
1.0030000000000006,0.7944033099999994
1.0040000000000004,0.7935694243685627
1.0050000000000006,0.7927131099999994
1.0060000000000007,0.7918638599999994
1.0070000000000006,0.7909886199999996
1.0080000000000005,0.7901049899999996
1.0090000000000006,0.7890674760063989
1.0100000000000007,0.7881275399999995
1.0110000000000006,0.7873799799999993
1.0120000000000005,0.7864352499999997
1.0130000000000006,0.7856303499999997
1.0140000000000007,0.7851633267023295
1.0150000000000006,0.78477871
1.0160000000000005,0.7847020000000001
1.0170000000000006,0.7848505400000001
1.0180000000000007,0.78506905
1.0190000000000006,0.7850434825567443
1.0200000000000005,0.78476697
1.0210000000000006,0.7847486700000004
1.0220000000000007,0.7853251100000004
1.0230000000000006,0.7858588100000001
1.0240000000000005,0.7860625400000001
1.0250000000000006,0.7862394500000001
1.0260000000000007,0.7864338200000001
1.0270000000000006,0.7865725800000001
1.0280000000000005,0.7867815500000002
1.0290000000000006,0.7870254500000001
1.0300000000000007,0.7872584500000003
1.0310000000000006,0.7875172500000001
1.0320000000000005,0.787692794040596
1.0330000000000006,0.7877331999999999
1.0340000000000007,0.7878080000000001
1.0350000000000006,0.7879617200000001
1.0360000000000005,0.7881335000000002
1.0370000000000006,0.7884667207059296
1.0380000000000007,0.7887737800000001
1.0390000000000006,0.7888833900000001
1.0400000000000005,0.7890521900000003
1.0410000000000006,0.7894717500000004
1.0420000000000007,0.7898982373512651
1.0430000000000006,0.7902210400000003
1.0440000000000005,0.7905802100000002
1.0450000000000006,0.7910794600000003
1.0460000000000007,0.7915461100000002
1.0470000000000006,0.7918059540155986
1.0480000000000005,0.7921298100000003
1.0490000000000006,0.7925131300000001
1.0500000000000007,0.7927491100000004
1.0510000000000006,0.7932564000000005
1.0520000000000005,0.7939298200000002
1.0530000000000006,0.7943819800000003
1.0540000000000007,0.7946861400000003
1.0550000000000006,0.7949784077792222
1.0560000000000005,0.7952562000000001
1.0570000000000006,0.7954767900000003
1.0580000000000007,0.7957389400000003
1.0590000000000006,0.7961679100000002
1.0600000000000005,0.7966325634706531
1.0610000000000006,0.7969672700000002
1.0620000000000007,0.7972843600000004
1.0630000000000006,0.7977164400000003
1.0640000000000005,0.7982110400000002
1.0650000000000006,0.7987405770462956
1.0660000000000007,0.7991384900000003
1.0670000000000006,0.7994300100000004
1.0680000000000005,0.7998566600000002
1.0690000000000006,0.8003713500000003
1.0700000000000007,0.8007177353614642
1.0710000000000006,0.8008821
1.0720000000000005,0.80091912
1.0730000000000006,0.8009682900000001
1.0740000000000007,0.8010907800000001
1.0750000000000006,0.8012604700000002
1.0760000000000005,0.8015763200000002
1.0770000000000006,0.8019152900000002
1.0780000000000007,0.8021877066173384
1.0790000000000006,0.8024538800000002
1.0800000000000005,0.8027477300000001
1.0810000000000006,0.8030454500000003
1.0820000000000007,0.8034036800000002
1.0830000000000006,0.8037107855204481
1.0840000000000005,0.8039659900000001
1.0850000000000006,0.8042446400000001
1.0860000000000007,0.8044634500000002
1.0870000000000006,0.8047248700000003
1.0880000000000005,0.8050253699500052
1.0890000000000006,0.80517256
1.0900000000000007,0.8051942
1.0910000000000006,0.8054000700000002
1.0920000000000005,0.8057016100000001
1.0930000000000006,0.8059356565953406
1.0940000000000007,0.80601764
1.0950000000000006,0.8059395
1.0960000000000005,0.8059461700000001
1.0970000000000006,0.80604243
1.0980000000000008,0.8061191400000001
1.0990000000000006,0.8062267900000001
1.1000000000000005,0.80632013
1.1010000000000006,0.8063767600000001
1.1020000000000008,0.80649388
1.1030000000000006,0.8064439299999999
1.1040000000000005,0.8062813899999999
1.1050000000000006,0.8060464899999998
1.1060000000000008,0.8058727275262473
1.1070000000000007,0.8057479899999999
1.1080000000000005,0.8055283999999998
1.1090000000000007,0.8052527299999999
1.1100000000000008,0.80507427
1.1110000000000007,0.8050151377222277
1.1120000000000005,0.8048923599999999
1.1130000000000007,0.8047000199999998
1.1140000000000008,0.8044891399999999
1.1150000000000007,0.80433255
1.1160000000000005,0.8043628869663034
1.1170000000000007,0.8043850099999998
1.1180000000000008,0.8042266399999998
1.1190000000000007,0.8040356599999999
1.1200000000000006,0.8038508299999999
1.1210000000000007,0.80370183489951
1.1220000000000008,0.8033548599999998
1.1230000000000007,0.8029508599999998
1.1240000000000006,0.8025469799999998
1.1250000000000007,0.8021041799999996
1.1260000000000008,0.8013552399999992
1.1270000000000007,0.8004275599999994
1.1280000000000006,0.7994295999999992
1.1290000000000007,0.7983397105279463
1.1300000000000008,0.7970449899999985
1.1310000000000007,0.7954708299999989
1.1320000000000006,0.7938235999999991
1.1330000000000007,0.7918857899999987
1.1340000000000008,0.7898205741175862
1.1350000000000007,0.7870617499999982
1.1360000000000006,0.7843184499999979
1.1370000000000007,0.7811654799999979
1.1380000000000008,0.7779767499999963
1.1390000000000007,0.7738975179232053
1.1400000000000006,0.7698287399999971
1.1410000000000007,0.7655687899999972
1.1420000000000008,0.7613292899999968
1.1430000000000007,0.7565540099999968
1.1440000000000006,0.7516735280481922
1.1450000000000007,0.7474428999999975
1.1460000000000008,0.7435510199999967
1.1470000000000007,0.7399201399999977
1.1480000000000006,0.7365068199999982
1.1490000000000007,0.7338536999999987
1.1500000000000008,0.7319623199999986
1.1510000000000007,0.7303965699999992
1.1520000000000006,0.7293106899999996
1.1530000000000007,0.7283810999999997
1.1540000000000008,0.7278268299999996
1.1550000000000007,0.7272323999999994
1.1560000000000006,0.7264577699999994
1.1570000000000007,0.725610946599339
1.1580000000000008,0.7241769399999987
1.1590000000000007,0.7227275399999984
1.1600000000000006,0.7203796499999985
1.1610000000000007,0.7180296799999982
1.1620000000000008,0.7153988255604421
1.1630000000000007,0.7127544299999978
1.1640000000000006,0.7094149599999985
1.1650000000000007,0.7059402499999979
1.1660000000000008,0.7027937199999973
1.1670000000000007,0.6997789814738508
1.1680000000000006,0.6966077099999978
1.1690000000000007,0.6933501999999979
1.1700000000000008,0.6903845099999976
1.1710000000000007,0.6876803599999982
1.1720000000000006,0.6849595020857898
1.1730000000000007,0.6822082399999982
1.1740000000000008,0.6795071399999982
1.1750000000000007,0.6768854299999981
1.1760000000000006,0.6739993699999975
1.1770000000000007,0.6703297499999974
1.1780000000000008,0.666522089999996
1.1790000000000007,0.6619703799999969
1.1800000000000006,0.6573069513118657
1.1810000000000007,0.6511200699999959
1.1820000000000008,0.644945439999995
1.1830000000000007,0.6393378399999963
1.1840000000000006,0.6337506799999977
1.1850000000000007,0.6283901380871875
1.1860000000000008,0.6230710099999972
1.1870000000000007,0.6199015999999982
1.1880000000000006,0.6172781599999994
1.1890000000000007,0.6162908699999998
1.1900000000000008,0.6159648626007397
1.1910000000000007,0.6169206500000015
1.1920000000000006,0.6186398300000016
1.1930000000000007,0.6209690600000018
1.1940000000000008,0.6238182800000023
1.1950000000000007,0.6264127905489473
1.1960000000000006,0.6286481600000013
1.1970000000000007,0.630640690000001
1.1980000000000008,0.632162150000001
1.1990000000000007,0.63327253
1.2000000000000006,0.6332718699999998
1.2010000000000007,0.633064329999999
1.2020000000000008,0.631960029999999
1.2030000000000007,0.6307978734216566
1.2040000000000006,0.6291320899999989
1.2050000000000007,0.6274449199999987
1.2060000000000008,0.6255310199999984
1.2070000000000007,0.6236186599999991
1.2080000000000006,0.6223246973162675
1.2090000000000007,0.6210978599999997
1.2100000000000009,0.6205934299999997
1.2110000000000007,0.6202585100000005
1.2120000000000006,0.6208298200000005
1.2130000000000007,0.621706042377763
1.2140000000000009,0.6238830100000026
1.2150000000000007,0.6267229300000023
1.2160000000000006,0.6302368600000027
1.2170000000000007,0.6341885300000032
1.2180000000000009,0.6390499338596181
1.2190000000000007,0.6448394700000039
1.2200000000000006,0.6506635500000039
1.2210000000000008,0.6564745900000055
1.2220000000000009,0.6626895700000062
1.2230000000000008,0.6696673000000061
1.2240000000000006,0.676407460000004
1.2250000000000008,0.682402550000004
1.2260000000000009,0.6884822200000057
1.2270000000000008,0.694910050000004
1.2280000000000006,0.7011566200000032
1.2290000000000008,0.7060474800000032
1.2300000000000009,0.7108855800000043
1.2310000000000008,0.7157032448225212
1.2320000000000007,0.7204514700000024
1.2330000000000008,0.7240745400000032
1.2340000000000009,0.7275537800000029
1.2350000000000008,0.7307891800000021
1.2360000000000007,0.7339644477942223
1.2370000000000008,0.7364423900000016
1.2380000000000009,0.7387163600000018
1.2390000000000008,0.7409036800000014
1.2400000000000007,0.7430452100000012
1.2410000000000008,0.7448182726937321
1.2420000000000009,0.7463378300000013
1.2430000000000008,0.7477922400000013
1.2440000000000007,0.7492476700000009
1.2450000000000008,0.7505391800000007
1.2460000000000009,0.7516465292650745
1.2470000000000008,0.7528622200000009
1.2480000000000007,0.7542653100000009
1.2490000000000008,0.7556110600000008
1.2500000000000009,0.756749690000001
1.2510000000000008,0.7579329600000013
1.2520000000000007,0.759417410000001
1.2530000000000008,0.7608544200000011
1.254000000000001,0.7620927138816129
1.2550000000000008,0.7633315300000012
1.2560000000000007,0.7646697200000009
1.2570000000000008,0.7660071800000009
1.258000000000001,0.7672845100000011
1.2590000000000008,0.7685422415408468
1.2600000000000007,0.7698576500000008
1.2610000000000008,0.771158640000001
1.262000000000001,0.7722275300000009
1.2630000000000008,0.773279670000001
1.2640000000000007,0.7743873092360771
1.2650000000000008,0.7754483200000009
1.266000000000001,0.7763925800000008
1.2670000000000008,0.7773119200000006
1.2680000000000007,0.7782144000000005
1.2690000000000008,0.7790801834216585
1.270000000000001,0.7798041100000006
1.2710000000000008,0.7804368100000005
1.2720000000000007,0.7810589700000004
1.2730000000000008,0.7816231800000004
1.274000000000001,0.7821040200000003
1.2750000000000008,0.7825048600000003
1.2760000000000007,0.7828967600000002
1.2770000000000008,0.7832599300000003
1.278000000000001,0.7835689800000002
1.2790000000000008,0.7837927300000002
1.2800000000000007,0.7840212600000002
1.2810000000000008,0.7842426900000002
1.282000000000001,0.7844490583501652
1.2830000000000008,0.7846325600000001
1.2840000000000007,0.7848343800000002
1.2850000000000008,0.7850645200000003
1.286000000000001,0.7852777200000002
1.2870000000000008,0.7854979837686233
1.2880000000000007,0.7857356700000001
1.2890000000000008,0.7859607300000001
1.290000000000001,0.7861812100000002
1.2910000000000008,0.7864510400000002
1.2920000000000007,0.7867154835556446
1.2930000000000008,0.7869465900000001
1.294000000000001,0.7871787500000001
1.2950000000000008,0.7873391500000001
1.2960000000000007,0.7874465000000002
1.2970000000000008,0.7875849461553845
1.298000000000001,0.7877848100000001
1.2990000000000008,0.7879170800000002
1.3000000000000007,0.78800088
1.3010000000000008,0.7880550000000001
1.302000000000001,0.7881014900000002
1.3030000000000008,0.7882611200000001
1.3040000000000007,0.7884521500000001
1.3050000000000008,0.7886566845675435
1.306000000000001,0.7890023600000002
1.3070000000000008,0.7892974600000001
1.3080000000000007,0.7894682900000001
1.3090000000000008,0.7896730300000002
1.310000000000001,0.7899565397520251
1.3110000000000008,0.7902540600000003
1.3120000000000007,0.7905721700000002
1.3130000000000008,0.7908791300000001
1.314000000000001,0.7911267300000002
1.3150000000000008,0.7913480178712131
1.3160000000000007,0.7915368700000001
1.3170000000000008,0.7917210500000001
1.318000000000001,0.7918553400000001
1.3190000000000008,0.7919848000000002
1.3200000000000007,0.7921388545945407
1.3210000000000008,0.79227334
1.322000000000001,0.79230499
1.3230000000000008,0.79231966
1.3240000000000007,0.79233313
1.3250000000000008,0.7923587600000002
1.326000000000001,0.7924507900000001
1.3270000000000008,0.79252547
1.3280000000000007,0.7925246986411358
1.3290000000000008,0.7925111099999999
1.330000000000001,0.7923905299999999
1.3310000000000008,0.7922356099999999
1.3320000000000007,0.7921718999999999
1.3330000000000009,0.7921035699150083
1.334000000000001,0.7919027199999997
1.3350000000000009,0.7916144699999997
1.3360000000000007,0.7913542399999998
1.3370000000000009,0.7910705199999997
1.338000000000001,0.7907035766943301
1.3390000000000009,0.7902649599999996
1.3400000000000007,0.7897453899999995
1.3410000000000009,0.7890208999999994
1.342000000000001,0.7882322099999987
1.3430000000000009,0.7870566275582432
1.3440000000000007,0.7857140299999987
1.3450000000000009,0.7839198699999981
1.346000000000001,0.7818573699999968
1.3470000000000009,0.7789416899999971
1.3480000000000008,0.7757349599999973
1.3490000000000009,0.7717913399999962
1.350000000000001,0.767418439999995
1.3510000000000009,0.7618151899999948
1.3520000000000008,0.7559564099999947
1.3530000000000009,0.750010909999996
1.354000000000001,0.743934749999994
1.3550000000000009,0.737213079999994
1.3560000000000008,0.7304785397230236
1.3570000000000009,0.7246757699999952
1.358000000000001,0.7192173599999955
1.3590000000000009,0.7140866499999957
1.3600000000000008,0.7091715299999974
1.3610000000000009,0.7053937532676701
1.362000000000001,0.7020264299999965
1.3630000000000009,0.698974129999998
1.3640000000000008,0.6960056399999983
1.3650000000000009,0.6934344799999977
1.366000000000001,0.6909691765303444
1.3670000000000009,0.6880627299999971
1.3680000000000008,0.6848693499999979
1.3690000000000009,0.6817740199999973
1.370000000000001,0.6787335899999969
1.3710000000000009,0.6752493284261545
1.3720000000000008,0.6714455499999968
1.3730000000000009,0.6679181499999979
1.374000000000001,0.6646965699999972
1.3750000000000009,0.6614699999999971
1.3760000000000008,0.6582800699999974
1.377000000000001,0.6553671999999972
1.378000000000001,0.6528826399999977
1.379000000000001,0.6503853603699605
1.3800000000000008,0.6477890599999978
1.381000000000001,0.645296569999998
1.382000000000001,0.6429932699999972
1.383000000000001,0.6404719899999973
1.3840000000000008,0.6374521814468531
1.385000000000001,0.6344666499999975
1.386000000000001,0.6316301199999967
1.387000000000001,0.628773929999997
1.3880000000000008,0.6260517799999983
1.389000000000001,0.6236074044375542
1.390000000000001,0.6220325799999986
1.391000000000001,0.6208611699999999
1.3920000000000008,0.6207682500000004
1.393000000000001,0.6211605700000014
1.394000000000001,0.622642311825819
1.395000000000001,0.6245529700000025
1.3960000000000008,0.6274107700000027
1.397000000000001,0.6304708700000033
1.398000000000001,0.6335101700000026
1.399000000000001,0.6364582800000025
1.4000000000000008,0.6392476000000022
1.4010000000000007,0.6418501700000012
1.402000000000001,0.6436157200000016
1.403000000000001,0.6449850800000005
1.4040000000000008,0.6456166500000002
1.4050000000000007,0.6459522799999998
1.406000000000001,0.6456927699999996
1.407000000000001,0.6452882282671727
1.4080000000000008,0.6446708999999995
1.4090000000000007,0.6440497599999998
1.410000000000001,0.6437706399999998
1.411000000000001,0.6437053100000005
1.4120000000000008,0.6442719472292777
1.4130000000000007,0.645244240000001
1.414000000000001,0.6467552800000016
1.415000000000001,0.6484949000000021
1.4160000000000008,0.6507667900000023
1.4170000000000007,0.6533185648225193
1.418000000000001,0.6556531800000017
1.419000000000001,0.6577115700000017
1.4200000000000008,0.6595742100000015
1.4210000000000007,0.6611709000000008
1.422000000000001,0.6622741296770335
1.423000000000001,0.6628730900000003
1.4240000000000008,0.6631766599999999
1.4250000000000007,0.6630806899999999
1.426000000000001,0.6628339899999997
1.427000000000001,0.6625122999999997
1.4280000000000008,0.66224253
1.4290000000000007,0.6622331100000001
1.430000000000001,0.6623818166123392
1.431000000000001,0.6628479400000006
1.4320000000000008,0.6635254600000011
1.4330000000000007,0.6647898000000009
1.434000000000001,0.6661728000000015
1.435000000000001,0.6677728270442972
1.4360000000000008,0.6695432700000019
1.4370000000000007,0.6717195500000019
1.438000000000001,0.6738455900000015
1.439000000000001,0.6756536400000016
1.4400000000000008,0.6774477405899425
1.4410000000000007,0.6793116300000016
1.442000000000001,0.6810843300000017
1.443000000000001,0.6825865500000013
1.4440000000000008,0.6840931200000014
1.4450000000000007,0.6857303562763737
1.446000000000001,0.6873843700000019
1.447000000000001,0.689119940000002
1.4480000000000008,0.6909647000000014
1.4490000000000007,0.6932018400000015
1.450000000000001,0.6954845200000024
1.451000000000001,0.6976217000000023
1.4520000000000008,0.6997531100000021
1.4530000000000007,0.7020690361173899
1.454000000000001,0.7043302100000018
1.455000000000001,0.7060772800000015
1.4560000000000008,0.7076668100000013
1.4570000000000007,0.7091289800000012
1.458000000000001,0.7104863242195791
1.459000000000001,0.7114285200000008
1.4600000000000009,0.7122693700000007
1.4610000000000007,0.7130463100000006
1.462000000000001,0.7137967300000008
1.463000000000001,0.7145016095120496
1.4640000000000009,0.7151997700000006
1.4650000000000007,0.7158838500000004
1.466000000000001,0.7165660900000007
1.467000000000001,0.7171871100000007
1.4680000000000009,0.7177954891620842
1.4690000000000007,0.7183811100000005
1.470000000000001,0.7189667200000006
1.471000000000001,0.7196155200000007
1.4720000000000009,0.7202839900000008
1.4730000000000008,0.7211902100000007
1.474000000000001,0.7222052200000012
1.475000000000001,0.723326330000001
1.4760000000000009,0.7244959500000012
1.4770000000000008,0.7258147600000012
1.478000000000001,0.7271501400000011
1.479000000000001,0.728338780000001
1.4800000000000009,0.7294402700000009
1.4810000000000008,0.7304697336006406
1.482000000000001,0.7314057400000008
1.483000000000001,0.7320843900000005
1.4840000000000009,0.7326453300000003
1.4850000000000008,0.7330281100000002
1.486000000000001,0.7332984949595042
1.487000000000001,0.7334480900000001
1.4880000000000009,0.73350167
1.4890000000000008,0.73346704
1.490000000000001,0.7333940299999999
1.491000000000001,0.7332966997330266
1.4920000000000009,0.7332065699999999
1.4930000000000008,0.73313862
1.494000000000001,0.7330634599999999
1.495000000000001,0.73299307
1.4960000000000009,0.7329607632306769
1.4970000000000008,0.7329847200000001
1.498000000000001,0.7330699000000002
1.499000000000001,0.7331835600000001
1.5000000000000009,0.7333007500000001
1.5010000000000008,0.73338968
1.5020000000000011,0.7334401600000001
1.503000000000001,0.7335042400000001
1.504000000000001,0.7336297785171485
1.5050000000000008,0.7338149500000002
1.5060000000000011,0.7340747700000003
1.507000000000001,0.7343806600000005
1.508000000000001,0.7347797800000004
1.5090000000000008,0.7352609580371967
1.5100000000000011,0.7358413300000007
1.511000000000001,0.7365117700000009
1.512000000000001,0.7372933600000009
1.5130000000000008,0.7380992800000006
1.5140000000000011,0.7389135785701438
1.515000000000001,0.7396698000000007
1.516000000000001,0.7403193100000005
1.5170000000000008,0.7409077300000004
1.5180000000000011,0.7414016100000005
1.519000000000001,0.7418018199790025
1.520000000000001,0.7419799000000001
1.5210000000000008,0.74209493
1.5220000000000011,0.74213403
1.523000000000001,0.7421308199999999
1.524000000000001,0.7420476699999999
1.5250000000000008,0.7419587999999999
1.5260000000000011,0.7418721299999999
1.527000000000001,0.7417930399999999
1.528000000000001,0.7417251499999999
1.5290000000000008,0.74165231
1.5300000000000011,0.7416502200000001
1.531000000000001,0.7417022000000001
1.532000000000001,0.7418223148935108
1.5330000000000008,0.7419712500000001
1.5340000000000011,0.7422117000000003
1.535000000000001,0.7424778900000003
1.536000000000001,0.7428095300000004
1.5370000000000008,0.7432110337406265
1.5380000000000011,0.7438484400000008
1.539000000000001,0.7445222100000006
1.540000000000001,0.7452566600000008
1.5410000000000008,0.746114020000001
1.5420000000000011,0.7472532460773934
1.543000000000001,0.748381670000001
1.544000000000001,0.749513920000001
1.5450000000000008,0.7507221100000011
1.5460000000000012,0.7520293000000013
1.547000000000001,0.7532615667733239
1.548000000000001,0.7542924900000009
1.5490000000000008,0.7553303800000006
1.5500000000000012,0.756353080000001
1.551000000000001,0.7572839300000008
1.552000000000001,0.7580071100000008
1.5530000000000008,0.7587091900000005
1.5540000000000012,0.7593461300000006
1.555000000000001,0.7599325656884316
1.556000000000001,0.7603894500000005
1.5570000000000008,0.7608469100000005
1.5580000000000012,0.7613222000000005
1.559000000000001,0.7617858600000005
1.560000000000001,0.7622281772262778
1.5610000000000008,0.7627004400000005
1.5620000000000012,0.7632163800000007
1.563000000000001,0.7636894600000004
1.564000000000001,0.7640635400000003
1.5650000000000008,0.7644645199020101
1.5660000000000012,0.7649431800000005
1.567000000000001,0.7653921200000005
1.568000000000001,0.7657735300000004
1.5690000000000008,0.7661729500000004
1.5700000000000012,0.7666170155934412
1.571000000000001,0.7670189700000003
1.572000000000001,0.7672982200000004
1.5730000000000008,0.7675741900000003
1.5740000000000012,0.7678551100000003
1.575000000000001,0.7681294100000003
1.576000000000001,0.7683856500000003
1.5770000000000008,0.7685988500000001
1.5780000000000012,0.7687165800249977
1.579000000000001,0.7688168300000001
1.580000000000001,0.7689142800000001
1.5810000000000008,0.7690486900000001
1.5820000000000012,0.7692253600000002
1.583000000000001,0.7693689579082094
1.584000000000001,0.7694480400000001
1.5850000000000009,0.7695711900000002
1.5860000000000012,0.7697875500000002
1.587000000000001,0.7699749500000002
1.588000000000001,0.7701007574192582
1.5890000000000009,0.7702310100000002
1.5900000000000012,0.7703592200000001
1.591000000000001,0.7704860600000001
1.592000000000001,0.7706000800000001
1.5930000000000009,0.7707100989981003
1.5940000000000012,0.7708535200000002
1.595000000000001,0.7710198800000002
1.596000000000001,0.7712085800000003
1.5970000000000009,0.7713793500000001
1.5980000000000012,0.7715250300000002
1.599000000000001,0.7716754100000001
1.600000000000001,0.7718179800000001
1.6010000000000009,0.77190673
1.6020000000000012,0.77192354
1.603000000000001,0.7719071499999999
1.604000000000001,0.7718281699999998
1.6050000000000009,0.7716169399999997
1.6060000000000012,0.7712579403349658
1.607000000000001,0.7706612899999992
1.608000000000001,0.769818309999999
1.6090000000000009,0.7687231299999988
1.6100000000000012,0.7673417899999981
1.611000000000001,0.7656848922587719
1.612000000000001,0.7638074799999973
1.6130000000000009,0.7614483799999983
1.6140000000000012,0.758714909999997
1.615000000000001,0.7560206699999971
1.616000000000001,0.7533789541715801
1.6170000000000009,0.7505592699999974
1.6180000000000012,0.7476233199999973
1.619000000000001,0.7451801299999977
1.620000000000001,0.7430947999999985
1.6210000000000009,0.7413015993200665
1.6220000000000012,0.7396708699999985
1.623000000000001,0.7385901799999993
1.624000000000001,0.7378172899999995
1.6250000000000009,0.7373263799999996
1.6260000000000012,0.7369592199999997
1.6270000000000011,0.7367469099999998
1.628000000000001,0.7365907399999999
1.629000000000001,0.7364610876812318
1.6300000000000012,0.7363378999999998
1.6310000000000011,0.7361481199999997
1.632000000000001,0.7359186399999996
1.633000000000001,0.7356517899999998
1.6340000000000012,0.7353807346995297
1.6350000000000011,0.7350277299999995
1.636000000000001,0.7346442299999996
1.637000000000001,0.7342071499999996
1.6380000000000012,0.7337648899999993
1.6390000000000011,0.7331352229667026
1.640000000000001,0.732473309999999
1.641000000000001,0.7315992099999993
1.6420000000000012,0.7306848799999986
1.6430000000000011,0.7296812499999988
1.644000000000001,0.7286590722177771
1.645000000000001,0.7273824199999989
1.6460000000000012,0.7260891199999986
1.6470000000000011,0.7249738599999985
1.648000000000001,0.723869619999999
1.649000000000001,0.722739819999999
1.6500000000000012,0.7216249099999988
1.6510000000000011,0.7207664799999991
1.652000000000001,0.7199183099999991
1.653000000000001,0.7190792599999992
1.6540000000000012,0.7182572499999993
1.6550000000000011,0.7176651399999994
1.656000000000001,0.7170786299999994
1.657000000000001,0.7165194751694826
1.6580000000000013,0.7159711699999994
1.6590000000000011,0.7155011299999995
1.660000000000001,0.7150179099999994
1.661000000000001,0.7144499999999996
1.6620000000000013,0.7139010514388555
1.6630000000000011,0.7134154399999995
1.664000000000001,0.7129088599999995
1.665000000000001,0.7123569799999995
1.6660000000000013,0.7117699999999991
1.6670000000000011,0.7110662603739619
1.668000000000001,0.710220159999999
1.669000000000001,0.7090685399999989
1.6700000000000013,0.7078604099999982
1.6710000000000012,0.7065384399999982
1.672000000000001,0.7049383900049978
1.673000000000001,0.702885749999998
1.6740000000000013,0.7006398399999972
1.6750000000000012,0.6981124899999962
1.676000000000001,0.6947335599999951
1.677000000000001,0.6903359299999942
1.6780000000000013,0.6850795099999932
1.6790000000000012,0.6789662199999905
1.680000000000001,0.6704443216648235
1.681000000000001,0.6598609699999893
1.6820000000000013,0.6478567099999827
1.6830000000000012,0.6348385199999821
1.684000000000001,0.618740259999984
1.685000000000001,0.6007790695640273
1.6860000000000013,0.5835747099999776
1.6870000000000012,0.566744029999977
1.688000000000001,0.5495332499999845
1.689000000000001,0.5321480599999882
1.6900000000000013,0.5187462301829646
1.6910000000000012,0.5066271999999872
1.692000000000001,0.49702408999999
1.693000000000001,0.4880288199999952
1.6940000000000013,0.48266538999999375
1.6950000000000012,0.47794797174181985
1.696000000000001,0.4740033999999958
1.697000000000001,0.4701295799999963
1.6980000000000013,0.46684231999999637
1.6990000000000012,0.463569999999996
1.700000000000001,0.459975269999996
1.701000000000001,0.45637851999999707
1.7020000000000013,0.4537042699999965
1.7030000000000012,0.45108744698829917
1.704000000000001,0.4493573299999983
1.705000000000001,0.4477864799999996
1.7060000000000013,0.4473755699999996
1.7070000000000012,0.4471011800000005
1.708000000000001,0.44746718091090926
1.709000000000001,0.4477762900000001
1.7100000000000013,0.4478641999999997
1.7110000000000012,0.44765579999999866
1.712000000000001,0.44665148999999843
1.713000000000001,0.4452620989391046
1.7140000000000013,0.4430893699999964
1.7150000000000012,0.44039517999999606
1.716000000000001,0.436850429999996
1.717000000000001,0.4332366599999959
1.7180000000000013,0.4295491987461207
1.7190000000000012,0.4255780899999953
1.720000000000001,0.42130463999999584
1.721000000000001,0.4175680899999964
1.7220000000000013,0.4142936799999963
1.7230000000000012,0.4114991099999973
1.724000000000001,0.4090271899999984
1.725000000000001,0.4075602599999992
1.7260000000000013,0.40663435999999986
1.7270000000000012,0.4065460600000003
1.728000000000001,0.40680793000000115
1.729000000000001,0.4081016500000014
1.7300000000000013,0.4097240300000039
1.7310000000000012,0.4126596743595678
1.732000000000001,0.4159032700000042
1.733000000000001,0.4197211600000035
1.7340000000000013,0.4236435600000071
1.7350000000000012,0.42896813000000605
1.736000000000001,0.4344289069423125
1.737000000000001,0.4401983300000066
1.7380000000000013,0.446092960000008
1.7390000000000012,0.453296870000008
1.740000000000001,0.4604932700000075
1.741000000000001,0.46724755457154993
1.7420000000000013,0.4742390800000105
1.7430000000000012,0.48213649000000847
1.744000000000001,0.48979729000000755
1.745000000000001,0.49658978000000603
1.7460000000000013,0.5033851004679619
1.7470000000000012,0.5101382700000079
1.748000000000001,0.516092240000004
1.749000000000001,0.5206453200000033
1.7500000000000013,0.5244433900000037
1.7510000000000012,0.5272585700000019
1.7520000000000011,0.5286471199999999
1.753000000000001,0.5285998599999985
1.7540000000000013,0.5268255892710685
1.7550000000000012,0.5237182999999942
1.7560000000000011,0.5193952299999944
1.757000000000001,0.514354049999993
1.7580000000000013,0.5080283899999908
1.7590000000000012,0.5011098883601569
1.7600000000000011,0.4950934899999936
1.761000000000001,0.4893114899999949
1.7620000000000013,0.48469283999999313
1.7630000000000012,0.48026629999999865
1.7640000000000011,0.4790486417658221
1.765000000000001,0.47816241000000304
1.7660000000000013,0.480935450000004
1.7670000000000012,0.4839362500000072
1.7680000000000011,0.4893110100000063
1.769000000000001,0.4950281882821778
1.7700000000000014,0.5030529500000107
1.7710000000000012,0.5110673300000105
1.7720000000000011,0.5189039100000108
1.773000000000001,0.5269896400000078
1.7740000000000014,0.5356783300000107
1.7750000000000012,0.5437473100000091
1.7760000000000011,0.5505685800000073
1.777000000000001,0.5572094900000071
1.7780000000000014,0.5635845700000071
1.7790000000000012,0.5689001700000047
1.7800000000000011,0.5730939500000038
1.781000000000001,0.5766018600000034
1.7820000000000014,0.5795876460903936
1.7830000000000013,0.5814485500000013
1.7840000000000011,0.5826878500000005
1.785000000000001,0.58305085
1.7860000000000014,0.5830640799999995
1.7870000000000013,0.5827537400269969
1.7880000000000011,0.5823540099999995
1.789000000000001,0.5819517399999997
1.7900000000000014,0.5815480400000002
1.7910000000000013,0.5816127700000001
1.7920000000000011,0.5817123000469954
1.793000000000001,0.5823904900000006
1.7940000000000014,0.583081420000001
1.7950000000000013,0.583836730000001
1.7960000000000012,0.5845500200000009
1.797000000000001,0.5853792170802928
1.7980000000000014,0.5862787400000009
1.7990000000000013,0.5869046400000006
1.8000000000000012,0.5875363300000007
1.801000000000001,0.5881848900000005
1.8020000000000014,0.5886602400000002
1.8030000000000013,0.5888062100000001
1.8040000000000012,0.5888860799999999
1.805000000000001,0.5887424419458049
1.8060000000000014,0.5882618999999992
1.8070000000000013,0.5876568599999987
1.8080000000000012,0.5867295299999988
1.809000000000001,0.5856070499999986
1.8100000000000014,0.5840019161453832
1.8110000000000013,0.5823633699999977
1.8120000000000012,0.5806164099999974
1.813000000000001,0.5787067999999981
1.8140000000000014,0.5766013299999969
1.8150000000000013,0.5742407460583911
1.8160000000000012,0.5720463399999973
1.817000000000001,0.5700699099999978
1.8180000000000014,0.5681255499999974
1.8190000000000013,0.5661929799999976
1.8200000000000012,0.5644565736406338
1.821000000000001,0.5635492199999993
1.8220000000000014,0.5629370200000001
1.8230000000000013,0.5629905500000005
1.8240000000000012,0.5634940900000008
1.825000000000001,0.5642988700000016
1.8260000000000014,0.5656536200000022
1.8270000000000013,0.5671080400000026
1.8280000000000012,0.5690194431886832
1.829000000000001,0.5708513300000018
1.8300000000000014,0.572433290000002
1.8310000000000013,0.5739180400000016
1.8320000000000012,0.5751252200000014
1.833000000000001,0.5761742632166791
1.8340000000000014,0.5768064300000003
1.8350000000000013,0.5770428200000002
1.8360000000000012,0.5771982099999998
1.837000000000001,0.57701695
1.8380000000000014,0.5769830933856614
1.8390000000000013,0.5772218700000006
1.8400000000000012,0.5776227100000012
1.841000000000001,0.5787624100000015
1.8420000000000014,0.5801203800000029
1.8430000000000013,0.5819562664113611
1.8440000000000012,0.584117710000003
1.845000000000001,0.5867742300000037
1.8460000000000014,0.5901670500000052
1.8470000000000013,0.5935370300000048
1.8480000000000012,0.5971394200000041
1.849000000000001,0.6008327600000046
1.8500000000000014,0.6050646300000055
1.8510000000000013,0.6092419000000051
1.8520000000000012,0.613087770000005
1.853000000000001,0.6168585400000035
1.8540000000000014,0.6209017600000056
1.8550000000000013,0.6251731500000052
1.8560000000000012,0.6290977388311209
1.857000000000001,0.6324860500000037
1.8580000000000014,0.6358279600000042
1.8590000000000013,0.638999520000004
1.8600000000000012,0.6419715300000022
1.861000000000001,0.6439893362633758
1.8620000000000014,0.6458519700000024
1.8630000000000013,0.6473336800000014
1.8640000000000012,0.6485699400000008
1.865000000000001,0.6492586100000001
1.8660000000000014,0.6493661892420759
1.8670000000000013,0.6491465599999986
1.8680000000000012,0.6480718899999988
1.869000000000001,0.6469321299999982
1.8700000000000014,0.6452051399999975
1.8710000000000013,0.643407879726025
1.8720000000000012,0.6410894399999969
1.873000000000001,0.6387469199999981
1.8740000000000014,0.6366772099999974
1.8750000000000013,0.6347562699999978
1.8760000000000012,0.633068029999998
1.8770000000000011,0.6315971599999985
1.8780000000000014,0.6304817799999997
1.8790000000000013,0.6302444172042794
1.8800000000000012,0.630116460000001
1.8810000000000011,0.6308684900000009
1.8820000000000014,0.6316458000000017
1.8830000000000013,0.6327262500000016
1.8840000000000012,0.6338879586201396
1.8850000000000011,0.6351741600000016
1.8860000000000015,0.6365314700000017
1.8870000000000013,0.6376045900000011
1.8880000000000012,0.6383405900000007
1.8890000000000011,0.6389057634826523
1.8900000000000015,0.63897467
1.8910000000000013,0.6389990399999994
1.8920000000000012,0.6385409799999995
1.8930000000000011,0.6380920999999993
1.8940000000000015,0.6375377154384553
1.8950000000000014,0.6369774299999993
1.8960000000000012,0.6365011299999994
1.8970000000000011,0.6360590499999994
1.8980000000000015,0.6356441399999995
1.8990000000000014,0.6352466299999996
1.9000000000000012,0.63494062
1.9010000000000011,0.6349091499999999
1.9020000000000015,0.6348451999999999
1.9030000000000014,0.6348121799999998
1.9040000000000012,0.6347491699999998
1.9050000000000011,0.6345630299999998
1.9060000000000015,0.6343245499999993
1.9070000000000014,0.6338782910748917
1.9080000000000013,0.6332890399999991
1.9090000000000011,0.6325337899999989
1.9100000000000015,0.6315559699999982
1.9110000000000014,0.6304314699999979
1.9120000000000013,0.6288599702039779
1.9130000000000011,0.6273620099999985
1.9140000000000015,0.6259353199999981
1.9150000000000014,0.624503079999998
1.9160000000000013,0.6230226199999981
1.9170000000000011,0.621577164545544
1.9180000000000015,0.6204282599999986
1.9190000000000014,0.6194522399999988
1.9200000000000013,0.6185484499999989
1.9210000000000012,0.6177405699999993
1.9220000000000015,0.6170243116258364
1.9230000000000014,0.6165360199999993
1.9240000000000013,0.6160135299999994
1.9250000000000012,0.6154621199999994
1.9260000000000015,0.6149138199999992
1.9270000000000014,0.6143774399999992
1.9280000000000013,0.6138411799999993
1.9290000000000012,0.6132644999999993
1.9300000000000015,0.6126700604319559
1.9310000000000014,0.6120743799999993
1.9320000000000013,0.6114652799999992
1.9330000000000012,0.6108695299999993
1.9340000000000015,0.6102861199999994
1.9350000000000014,0.6097910184911506
1.9360000000000013,0.6095759299999998
1.9370000000000012,0.6093895400000001
1.9380000000000015,0.6095141200000003
1.9390000000000014,0.6096757100000004
1.9400000000000013,0.6100433732336771
1.9410000000000012,0.6104843600000006
1.9420000000000015,0.6110185400000009
1.9430000000000014,0.6116153600000007
1.9440000000000013,0.6121355900000005
1.9450000000000012,0.6125756659924013
1.9460000000000015,0.61288315
1.9470000000000014,0.61285341
1.9480000000000013,0.6128206799999998
1.9490000000000012,0.6125752899999998
1.9500000000000015,0.6123710299999998
1.9510000000000014,0.6122341199999999
1.9520000000000013,0.6121423200000001
1.9530000000000012,0.6122432018658137
1.9540000000000015,0.6124618600000007
1.9550000000000014,0.6129037100000009
1.9560000000000013,0.613575760000001
1.9570000000000012,0.6143080000000012
1.9580000000000015,0.6152220693380676
1.9590000000000014,0.6161154500000012
1.9600000000000013,0.6170086300000011
1.9610000000000012,0.6178209200000006
1.9620000000000015,0.6182728400000006
1.9630000000000014,0.6186514721367868
1.9640000000000013,0.61875957
1.9650000000000012,0.6187791199999998
1.9660000000000015,0.6186184899999996
1.9670000000000014,0.6183295799999996
1.9680000000000013,0.618015321425857
1.9690000000000012,0.6176598699999996
1.9700000000000015,0.6172814999999993
1.9710000000000014,0.6168350599999993
1.9720000000000013,0.6164178799999995
1.9730000000000012,0.6160868399999997
1.9740000000000015,0.6157800599999997
1.9750000000000014,0.6156080999999998
1.9760000000000013,0.6154550899999999
1.9770000000000012,0.61538565
1.9780000000000015,0.6153622900000001
1.9790000000000014,0.6154326800000002
1.9800000000000013,0.6155796600000001
1.9810000000000012,0.6156733616928307
1.9820000000000015,0.6156902899999999
1.9830000000000014,0.6155915899999995
1.9840000000000013,0.6152226899999993
1.9850000000000012,0.6147171299999987
1.9860000000000015,0.6135821939136067
1.9870000000000014,0.6124213299999977
1.9880000000000013,0.6109165499999982
1.9890000000000012,0.6093374499999978
1.9900000000000015,0.6074187199999969
1.9910000000000014,0.605385323339663
1.9920000000000013,0.6034927399999976
1.9930000000000012,0.6017282599999981
1.9940000000000015,0.6000242199999976
1.9950000000000014,0.5984302199999981
1.9960000000000013,0.5970463983821601
1.9970000000000012,0.5961235199999988
1.9980000000000016,0.5952235499999993
1.9990000000000014,0.5946811999999994
2.0000000000000013,0.5941800499999997
2.0010000000000012,0.5940213730033993
2.0020000000000016,0.5939514069966005
2.0030000000000014,0.5941765300000005
2.0040000000000013,0.5944901330983805
2.0050000000000012,0.5947211169016199
2.0060000000000016,0.5948875500000004
2.0070000000000014,0.5950611200000003
2.0080000000000013,0.5952312571565689
2.0090000000000012,0.5954028228434315
2.0100000000000016,0.5955957200000005
2.0110000000000015,0.595840426327735
2.0120000000000013,0.596203703672266
2.0130000000000012,0.5966428500000011
2.0140000000000016,0.5974488583343345
2.0150000000000015,0.5983322016656681
2.0160000000000013,0.5995880400000018
2.0170000000000012,0.6009355800000018
2.0180000000000016,0.6022965477484525
2.0190000000000015,0.6036740322515518
2.0200000000000014,0.6050703500000019
2.0210000000000012,0.6064757656938626
2.0220000000000016,0.6076327043061405
2.0230000000000015,0.6082872700000007
2.0240000000000014,0.6088225208168366
2.0250000000000012,0.6088306891831634
2.0260000000000016,0.608751299999999
2.0270000000000015,0.6081345099999987
2.0280000000000014,0.6074765357974193
2.0290000000000012,0.6064581899999986
2.0300000000000016,0.6053921599999981
2.0310000000000015,0.6043548197830418
2.0320000000000014,0.603352650216955
2.0330000000000013,0.6023655499999988
2.0340000000000016,0.6014506702889411
2.0350000000000015,0.6007535597110567
2.0360000000000014,0.6003311299999997
2.0370000000000013,0.6001076358808242
2.0380000000000016,0.6003664441191765
2.0390000000000015,0.6006344600000006
2.0400000000000014,0.6011322700000008
2.0410000000000013,0.6016794263907229
2.0420000000000016,0.6026433336092796
2.0430000000000015,0.6036084300000011
2.0440000000000014,0.6044514404379133
2.0450000000000013,0.6052558195620885
2.0460000000000016,0.6060492400000014
2.0470000000000015,0.6067773594561096
2.0480000000000014,0.607271920543892
2.0490000000000013,0.6075586100000004
2.0500000000000016,0.6078671200000005
2.0510000000000015,0.6082049262193786
2.0520000000000014,0.6085652700000006
2.0530000000000013,0.6089526400000006
2.0540000000000016,0.6093752349620085
2.0550000000000015,0.6099248550379933
2.0560000000000014,0.6104637400000008
2.0570000000000013,0.6110805356348737
2.0580000000000016,0.6117368843651279
2.0590000000000015,0.6125162800000011
2.0600000000000014,0.6133161376314746
2.0610000000000013,0.6140924523685274
2.0620000000000016,0.6148668500000015
2.0630000000000015,0.6157336800000012
2.0640000000000014,0.6166762862247559
2.0650000000000013,0.617438533775246
2.0660000000000016,0.617974520000001
2.0670000000000015,0.6185538207368536
2.0680000000000014,0.6191611892631482
2.0690000000000013,0.6196384400000001
2.0700000000000016,0.6196984082833433
2.0710000000000015,0.6196812417166566
2.0720000000000014,0.6192279499999993
2.0730000000000013,0.6187175499999988
2.0740000000000016,0.6178829947905193
2.0750000000000015,0.6169308999999983
2.0760000000000014,0.615621979999998
2.0770000000000013,0.6141298083123358
2.0780000000000016,0.6126129316876602
2.0790000000000015,0.6111199899999981
2.0800000000000014,0.609694106434711
2.0810000000000013,0.608358453565285
2.0820000000000016,0.607255879999999
2.0830000000000015,0.6066653876234746
2.0840000000000014,0.606241622376524
2.0850000000000013,0.6064759500000004
2.0860000000000016,0.6068319700000018
2.0870000000000015,0.6078046490241968
2.0880000000000014,0.6088948909758064
2.0890000000000013,0.6107577700000025
2.0900000000000016,0.6126969144801073
2.0910000000000015,0.6147417155198991
2.0920000000000014,0.6168054300000028
2.0930000000000013,0.6188981128244375
2.0940000000000016,0.620926357175568
2.0950000000000015,0.6225016700000015
2.0960000000000014,0.623596430000001
2.0970000000000013,0.6243688702809721
2.0980000000000016,0.62457168
2.0990000000000015,0.6245537399999992
2.1000000000000014,0.623962938410317
2.1010000000000013,0.6233470415896811
2.1020000000000016,0.6224417099999987
2.1030000000000015,0.6216971659478101
2.1040000000000014,0.6214566440521893
2.1050000000000013,0.6213671000000008
2.1060000000000016,0.6220439437212573
2.1070000000000015,0.6229811562787457
2.1080000000000014,0.6245086800000025
2.1090000000000013,0.6263184000000034
2.1100000000000017,0.6288338239292188
2.1110000000000015,0.6317731160707902
2.1120000000000014,0.6348514600000044
2.1130000000000013,0.6380785540172006
2.1140000000000017,0.6415187259828086
2.1150000000000015,0.6452292200000045
2.1160000000000014,0.6485609643361371
2.1170000000000013,0.6512043256638711
2.1180000000000017,0.6537556100000027
2.1190000000000015,0.6557951000000023
2.1200000000000014,0.6575385795340939
2.1210000000000013,0.6580339204659075
2.1220000000000017,0.6583605999999987
2.1230000000000016,0.6577000960937799
2.1240000000000014,0.6568610339062175
2.1250000000000013,0.6553813199999978
2.1260000000000017,0.6537018591021759
2.1270000000000016,0.6514928808978171
2.1280000000000014,0.6490684699999968
2.1290000000000013,0.646673800770843
2.1300000000000017,0.6442815092291506
2.1310000000000016,0.6418839099999959
2.1320000000000014,0.6395786399999965
2.1330000000000013,0.6376125567506481
2.1340000000000017,0.636180063249348
2.1350000000000016,0.6348950299999985
2.1360000000000015,0.6340404539782032
2.1370000000000013,0.6332802360217945
2.1380000000000017,0.6329214599999995
2.1390000000000016,0.6326236828664269
2.1400000000000015,0.6327523471335735
2.1410000000000013,0.6329510200000006
2.1420000000000017,0.6333465600000009
2.1430000000000016,0.6338479138832247
2.1440000000000015,0.6346867461167779
2.1450000000000014,0.6356146300000014
2.1460000000000017,0.6366602739412136
2.1470000000000016,0.63779968605879
2.1480000000000015,0.639170230000002
2.1490000000000014,0.6407071028674283
2.1500000000000017,0.6421357771325756
2.1510000000000016,0.6434184900000021
2.1520000000000015,0.6446197600000019
2.1530000000000014,0.6456699549805036
2.1540000000000017,0.6466066200000011
2.1550000000000016,0.6472123300000009
2.1560000000000015,0.6477374497850431
2.1570000000000014,0.6478353002149572
2.1580000000000017,0.6478699999999995
2.1590000000000016,0.6475914317236546
2.1600000000000015,0.6472086682763442
2.1610000000000014,0.6461095199999984
2.1620000000000017,0.6449663458388301
2.1630000000000016,0.6436247341611657
2.1640000000000015,0.6421120199999971
2.1650000000000014,0.6399353099999967
2.1660000000000017,0.6374745650099938
2.1670000000000016,0.6348246649899981
2.1680000000000015,0.6320077799999954
2.1690000000000014,0.6285468518316291
2.1700000000000017,0.6245651681683604
2.1710000000000016,0.6206998199999932
2.1720000000000015,0.6168701071835566
2.1730000000000014,0.6127419428164305
2.1740000000000017,0.6082325599999927
2.1750000000000016,0.6040889599999939
2.1760000000000015,0.6006731815778371
2.1770000000000014,0.597296539999996
2.1780000000000017,0.5943198799999954
2.1790000000000016,0.5916934560707839
2.1800000000000015,0.5904541639292124
2.1810000000000014,0.5893324599999998
2.1820000000000017,0.5892328028784244
2.1830000000000016,0.5892615871215757
2.1840000000000015,0.5900604700000012
2.1850000000000014,0.590966169537094
2.1860000000000017,0.5921615404629098
2.1870000000000016,0.5934427400000023
2.1880000000000015,0.5947243600000016
2.1890000000000014,0.5959569136912631
2.1900000000000017,0.5970938263087405
2.1910000000000016,0.5981172900000014
2.1920000000000015,0.5988920849330143
2.1930000000000014,0.5994414150669874
2.1940000000000017,0.5999262300000008
2.1950000000000016,0.6003333772875432
2.1960000000000015,0.6008062527124582
2.1970000000000014,0.6013461400000009
2.1980000000000017,0.6020247900000019
2.1990000000000016,0.6030569553824634
2.2000000000000015,0.6041107800000016
2.2010000000000014,0.6053564500000016
2.2020000000000017,0.6065323827314554
2.2030000000000016,0.607559697268548
2.2040000000000015,0.6085301600000009
2.2050000000000014,0.6092355363737263
2.2060000000000017,0.609899273626276
2.2070000000000016,0.6104282100000007
2.2080000000000015,0.6108171073075381
2.2090000000000014,0.6105901826924611
2.2100000000000017,0.6101506899999984
2.2110000000000016,0.6092872599999981
2.2120000000000015,0.6082198479014176
2.2130000000000014,0.6068988620985784
2.2140000000000017,0.605402229999997
2.2150000000000016,0.6036963987132544
2.2160000000000015,0.60188353128674
2.2170000000000014,0.6001710299999978
2.2180000000000017,0.5984961259238121
2.2190000000000016,0.5965553640761819
2.2200000000000015,0.5943254799999969
2.2210000000000014,0.5920029299999967
2.2220000000000018,0.5894836535456411
2.2230000000000016,0.586819109999996
2.2240000000000015,0.5838105099999961
2.2250000000000014,0.5809074281443667
2.2260000000000018,0.5781888718556235
2.2270000000000016,0.5753665599999944
2.2280000000000015,0.5722355262497453
2.2290000000000014,0.5692980237502455
2.2300000000000018,0.5670760899999959
2.2310000000000016,0.5647656775234912
2.2320000000000015,0.5622409124765009
2.2330000000000014,0.5598584399999977
2.2340000000000018,0.5582262899999972
2.2350000000000017,0.5566399939742026
2.2360000000000015,0.5550797360257925
2.2370000000000014,0.5535417799999981
2.2380000000000018,0.5521511244801018
2.2390000000000017,0.550795925519894
2.2400000000000015,0.5494238699999981
2.2410000000000014,0.5480064928244326
2.2420000000000018,0.5464347371755618
2.2430000000000017,0.5446587799999969
2.2440000000000015,0.5423199499999962
2.2450000000000014,0.5394716626454658
2.2460000000000018,0.5362981173545229
2.2470000000000017,0.5326229299999914
2.2480000000000016,0.527747996637662
2.2490000000000014,0.5213143733623179
2.2500000000000018,0.5144329099999861
2.2510000000000017,0.5066172880733706
2.2520000000000016,0.49749802192660103
2.2530000000000014,0.4858146599999845
2.254000000000002,0.47418689009096243
2.2550000000000017,0.4621877999090003
2.2560000000000016,0.4493715799999729
2.2570000000000014,0.4341368099999738
2.258000000000002,0.4193851171975385
2.2590000000000017,0.4057570928024191
2.2600000000000016,0.3916865299999725
2.2610000000000015,0.3762176890321695
2.262000000000002,0.36130801096777754
2.2630000000000017,0.3486863699999774
2.2640000000000016,0.3359307860147762
2.2650000000000015,0.32299093398518364
2.266000000000002,0.3104973699999821
2.2670000000000017,0.3004363199999827
2.2680000000000016,0.29072840346829126
2.2690000000000015,0.28136308653167963
2.270000000000002,0.272462989999988
2.2710000000000017,0.26571238758547333
2.2720000000000016,0.2597882424145082
2.2730000000000015,0.2548640999999944
2.274000000000002,0.2506698513777203
2.2750000000000017,0.24808362862227168
2.2760000000000016,0.2465329499999992
2.2770000000000015,0.24607217000000084
2.278000000000002,0.24654366285071586
2.2790000000000017,0.24792197000000404
2.2800000000000016,0.2501997400000055
2.2810000000000015,0.25330508811838276
2.282000000000002,0.2572862718816314
2.2830000000000017,0.26121697000000704
2.2840000000000016,0.2651986135023062
2.2850000000000015,0.26933363649770664
2.286000000000002,0.2736338100000066
2.2870000000000017,0.27735270088782693
2.2880000000000016,0.28016157911218176
2.2890000000000015,0.2825742400000019
2.290000000000002,0.28402594000000164
2.2910000000000017,0.28497096044491044
2.2920000000000016,0.28457540955508837
2.2930000000000015,0.2836650599999965
2.294000000000002,0.28104103978303885
2.2950000000000017,0.2782388702169524
2.2960000000000016,0.2744139099999924
2.2970000000000015,0.2701445888322236
2.298000000000002,0.2639329111677544
2.2990000000000017,0.2576082599999869
2.3000000000000016,0.250246439999986
2.3010000000000015,0.2423602786161266
2.302000000000002,0.23161769999998125
2.3030000000000017,0.22105012999998125
2.3040000000000016,0.21049014094579377
2.3050000000000015,0.19989959905417334
2.306000000000002,0.18888483999998185
2.3070000000000017,0.17866773239850983
2.3080000000000016,0.17219171760147
2.3090000000000015,0.1669433399999988
2.310000000000002,0.16605338647570594
2.3110000000000017,0.16671814352429642
2.3120000000000016,0.1720528800000124
2.3130000000000015,0.17904054000001463
2.314000000000002,0.19002755590083914
2.3150000000000017,0.20198656409920335
2.3160000000000016,0.21356843000002015
2.3170000000000015,0.22490846434214876
2.318000000000002,0.2355518856578891
2.3190000000000017,0.24532990000001134
2.3200000000000016,0.2517239165247023
2.3210000000000015,0.2561891634753116
2.322000000000002,0.2585384200000016
2.3230000000000017,0.25945272999999947
2.3240000000000016,0.2591288121557825
2.3250000000000015,0.2579503699999984
2.326000000000002,0.2567517199999979
2.3270000000000017,0.25557265974804955
2.3280000000000016,0.2550701402519489
2.3290000000000015,0.25521168000000144
2.330000000000002,0.25628807155769256
2.3310000000000017,0.25830364844231546
2.3320000000000016,0.2607781900000054
2.3330000000000015,0.2638130853709308
2.334000000000002,0.2668667946290801
2.3350000000000017,0.26992682000000423
2.3360000000000016,0.2722946700000026
2.3370000000000015,0.2737655299330144
2.338000000000002,0.2743648600669878
2.3390000000000017,0.2736270699999971
2.3400000000000016,0.27201260914016695
2.3410000000000015,0.2689040108598234
2.342000000000002,0.26489364999998993
2.3430000000000017,0.2592448481773556
2.3440000000000016,0.25372662182262723
2.3450000000000015,0.2480941699999924
2.346000000000002,0.2423926599999897
2.3470000000000018,0.23659021817717452
2.3480000000000016,0.2317719899999961
2.3490000000000015,0.22882611999999736
2.350000000000002,0.22685360667366625
2.3510000000000018,0.22732034332633566
2.3520000000000016,0.22860356000000667
2.3530000000000015,0.23235260102680208
2.354000000000002,0.2369628689732143
2.3550000000000018,0.24428020000001244
2.3560000000000016,0.25128727702560627
2.3570000000000015,0.2583575329744157
2.358000000000002,0.2651068600000106
2.3590000000000018,0.2710724800000091
2.3600000000000017,0.276183984554093
2.3610000000000015,0.27852952544591436
2.362000000000002,0.28050767999999976
2.3630000000000018,0.2803889580653861
2.3640000000000017,0.2798696119346123
2.3650000000000015,0.27718147999999626
2.366000000000002,0.2744076668706176
2.3670000000000018,0.2703763731293663
2.3680000000000017,0.26679276999999657
2.3690000000000015,0.26421352999999675
2.370000000000002,0.2618017325584855
2.3710000000000018,0.260427317441509
2.3720000000000017,0.25911679999999937
2.3730000000000016,0.25876873756748553
2.374000000000002,0.2581444124325123
2.3750000000000018,0.25703912999999773
2.3760000000000017,0.2557604665326902
2.3770000000000016,0.2537257934673035
2.378000000000002,0.2515242999999943
2.379000000000002,0.2483422322955361
2.3800000000000017,0.24536518770445465
2.3810000000000016,0.24282124999999588
2.382000000000002,0.2405103299999972
2.383000000000002,0.23924236130073842
2.3840000000000017,0.23835536869925883
2.3850000000000016,0.23940718000000244
2.386000000000002,0.24078063395921523
2.387000000000002,0.24422022604079852
2.3880000000000017,0.24745411000000542
2.3890000000000016,0.25050379044291593
2.390000000000002,0.25330821955709404
2.391000000000002,0.2550638600000028
2.3920000000000017,0.25665775000000085
2.3930000000000016,0.25713592836632715
2.394000000000002,0.25741959163367384
2.395000000000002,0.2563601399999985
2.3960000000000017,0.25551815468806166
2.3970000000000016,0.2550650353119369
2.398000000000002,0.25481483000000116
2.399000000000002,0.2554633622555504
2.4000000000000017,0.25638591774445246
2.4010000000000016,0.25857854000000446
2.4020000000000015,0.26106364000000726
2.403000000000002,0.265146051758832
2.4040000000000017,0.26895297000000556
2.4050000000000016,0.27207267000000496
2.406000000000002,0.27486240064187456
2.407000000000002,0.27626881935813113
2.4080000000000017,0.2771124799999969
2.4090000000000016,0.27537624823434953
2.4100000000000015,0.27315859176564355
2.411000000000002,0.26825063999999144
2.4120000000000017,0.26342637146569836
2.4130000000000016,0.2581410285342852
2.414000000000002,0.253207769999993
2.415000000000002,0.24927633999999435
2.4160000000000017,0.2460840337562485
2.4170000000000016,0.245921596243751
2.4180000000000015,0.24632275000000456
2.419000000000002,0.24973697373825804
2.4200000000000017,0.25327435626175293
2.4210000000000016,0.25825408000000843
2.422000000000002,0.26301396105079977
2.423000000000002,0.2678244689492195
2.4240000000000017,0.27174360000000186
2.4250000000000016,0.27281240000000034
2.4260000000000015,0.2730050807319271
2.427000000000002,0.26960011999999284
2.4280000000000017,0.26558336999998783
2.4290000000000016,0.2587422521225636
2.430000000000002,0.25136347787741015
2.431000000000002,0.24126433999998356
2.4320000000000017,0.23201778405417714
2.4330000000000016,0.2245583259457997
2.4340000000000015,0.21748701999999248
2.435000000000002,0.21183146448409615
2.4360000000000017,0.2074763055158884
2.4370000000000016,0.2064706699999997
2.438000000000002,0.2062969800000046
2.439000000000002,0.20888940196461195
2.4400000000000017,0.21190904803539878
2.4410000000000016,0.21655838000000951
2.4420000000000015,0.22191842057389638
2.443000000000002,0.22882415942612816
2.4440000000000017,0.23567584000001235
2.4450000000000016,0.24262405010299085
2.446000000000002,0.24972507989703438
2.447000000000002,0.2570563300000106
2.4480000000000017,0.2630331200000068
2.4490000000000016,0.2668369352964751
2.4500000000000015,0.2697899000000019
2.451000000000002,0.27122322000000104
2.4520000000000017,0.2718067847100566
2.4530000000000016,0.27095388528994074
2.454000000000002,0.2690642499999942
2.455000000000002,0.2657865618076317
2.4560000000000017,0.2625046381923552
2.4570000000000016,0.2590911999999941
2.4580000000000015,0.25575686638471795
2.459000000000002,0.25262071361527083
2.4600000000000017,0.2507507499999987
2.4610000000000016,0.25000088999999953
2.462000000000002,0.2497635765486908
2.463000000000002,0.25002906345131026
2.4640000000000017,0.25107509000000383
2.4650000000000016,0.2532230244411185
2.4660000000000015,0.2573674355588944
2.467000000000002,0.26265958000001033
2.4680000000000017,0.2684578061047893
2.4690000000000016,0.2748188538952305
2.470000000000002,0.2818947100000134
2.471000000000002,0.2894468600000128
2.4720000000000018,0.29668076953205824
2.4730000000000016,0.3037760900000083
2.4740000000000015,0.31001800000000757
2.475000000000002,0.3157139994341206
2.4760000000000018,0.3193083405658938
2.4770000000000016,0.3222076900000009
2.478000000000002,0.3227199913077385
2.479000000000002,0.3227330686922616
2.4800000000000018,0.3218399599999979
2.4810000000000016,0.32069123662167237
2.4820000000000015,0.3186574533783213
2.483000000000002,0.31654914999999745
2.4840000000000018,0.3151071099999984
2.4850000000000017,0.314215305344933
2.486000000000002,0.3154687546550714
2.487000000000002,0.3172930800000068
2.4880000000000018,0.32110847420216654
2.4890000000000017,0.32545049579784696
2.4900000000000015,0.3315018100000079
2.491000000000002,0.33742586240352923
2.4920000000000018,0.3422498975964901
2.4930000000000017,0.3467979400000054
2.494000000000002,0.35082105000000624
2.495000000000002,0.3543151361897634
2.4960000000000018,0.3549770338102392
2.4970000000000017,0.3561050000000022
2.4980000000000016,0.3573643370645872
2.499000000000002,0.35743498293541304
2.5000000000000018,0.35584953
2.5010000000000017,0.35584953
2.502000000000002,0.35584953
2.503000000000002,0.35584953
2.504000000000002,0.35584953
2.5050000000000017,0.35584953
2.5060000000000016,0.35584953
2.507000000000002,0.35584953
2.508000000000002,0.35584953
2.5090000000000017,0.35584953
2.510000000000002,0.35584953
2.511000000000002,0.35584953
2.512000000000002,0.35584953
2.5130000000000017,0.35584953
2.5140000000000016,0.35584953
2.515000000000002,0.35584953
2.516000000000002,0.35584953
2.5170000000000017,0.35584953
2.518000000000002,0.35584953
2.519000000000002,0.35584953
2.520000000000002,0.35584953
2.5210000000000017,0.35584953
2.5220000000000016,0.35584953
2.523000000000002,0.35584953
2.524000000000002,0.35584953
2.5250000000000017,0.35584953
2.526000000000002,0.35584953
2.527000000000002,0.35584953
2.528000000000002,0.35584953
2.5290000000000017,0.35584953
2.5300000000000016,0.35584953
2.531000000000002,0.35584953
2.532000000000002,0.35584953
2.5330000000000017,0.35584953
2.534000000000002,0.35584953
2.535000000000002,0.35584953
2.536000000000002,0.35584953
2.5370000000000017,0.35584953
2.5380000000000016,0.35584953
2.539000000000002,0.35584953
2.540000000000002,0.35584953
2.5410000000000017,0.35584953
2.542000000000002,0.35584953
2.543000000000002,0.35584953
2.544000000000002,0.35584953
2.5450000000000017,0.35584953
2.5460000000000016,0.35584953
2.547000000000002,0.35584953
2.548000000000002,0.35584953
2.5490000000000017,0.35584953
2.550000000000002,0.35584953
2.551000000000002,0.35584953
2.552000000000002,0.35584953
2.5530000000000017,0.35584953
2.5540000000000016,0.35584953
2.555000000000002,0.35584953
2.556000000000002,0.35584953
2.5570000000000017,0.35584953
2.558000000000002,0.35584953
2.559000000000002,0.35584953
2.560000000000002,0.35584953
2.5610000000000017,0.35584953
2.5620000000000016,0.35584953
2.563000000000002,0.35584953
2.564000000000002,0.35584953
2.5650000000000017,0.35584953
2.566000000000002,0.35584953
2.567000000000002,0.35584953
2.568000000000002,0.35584953
2.5690000000000017,0.35584953
2.5700000000000016,0.35584953
2.571000000000002,0.35584953
2.572000000000002,0.35584953
2.5730000000000017,0.35584953
2.574000000000002,0.35584953
2.575000000000002,0.35584953
2.576000000000002,0.35584953
2.5770000000000017,0.35584953
2.5780000000000016,0.35584953
2.579000000000002,0.35584953
2.580000000000002,0.35584953
2.5810000000000017,0.35584953
2.582000000000002,0.35584953
2.583000000000002,0.35584953
2.584000000000002,0.35584953
2.5850000000000017,0.35584953
2.5860000000000016,0.35584953
2.587000000000002,0.35584953
2.588000000000002,0.35584953
2.5890000000000017,0.35584953
2.590000000000002,0.35584953
2.591000000000002,0.35584953
2.592000000000002,0.35584953
2.5930000000000017,0.35584953
2.5940000000000016,0.35584953
2.595000000000002,0.35584953
2.596000000000002,0.35584953
2.5970000000000018,0.35584953
2.598000000000002,0.35584953
2.599000000000002,0.35584953
