wave,r
0.4,0.55753618
0.401,0.55753618
0.402,0.55753618
0.403,0.55753618
0.404,0.55753618
0.405,0.55753618
0.406,0.5575358940388179
0.40700000000000003,0.5289397759611806
0.40800000000000003,0.5389173504966926
0.40900000000000003,0.5909670195033102
0.41000000000000003,0.5941527499999987
0.41100000000000003,0.5697470340571592
0.41200000000000003,0.57747209
0.41300000000000003,0.5969456925037746
0.41400000000000003,0.59019607
0.41500000000000004,0.5900262558360833
0.41600000000000004,0.5896098641639167
0.41700000000000004,0.60722452
0.41800000000000004,0.6018304739404603
0.41900000000000004,0.6049248600000023
0.42000000000000004,0.6461513151623494
0.42100000000000004,0.66466755
0.42200000000000004,0.6446038694312106
0.42300000000000004,0.6285469905687876
0.42400000000000004,0.6221156636568261
0.42500000000000004,0.6094813463431724
0.42600000000000005,0.6103357099999996
0.42700000000000005,0.6051269939271616
0.42800000000000005,0.6245197100000014
0.42900000000000005,0.6507747952897937
0.43000000000000005,0.6403037747102052
0.43100000000000005,0.6476474528998424
0.43200000000000005,0.6549374371001584
0.43300000000000005,0.6621329200000006
0.43400000000000005,0.6720980972002283
0.43500000000000005,0.6778181200000003
0.43600000000000005,0.683294577311453
0.43700000000000006,0.6700257226885453
0.43800000000000006,0.676246864004121
0.43900000000000006,0.6986472759958815
0.44000000000000006,0.7085076599999993
0.44100000000000006,0.6955835892407068
0.44200000000000006,0.6755861000000006
0.44300000000000006,0.6883021690450197
0.44400000000000006,0.7012066709549817
0.44500000000000006,0.6982699279892413
0.44600000000000006,0.7190688520107611
0.44700000000000006,0.7364768399999998
0.44800000000000006,0.7321860629077707
0.44900000000000007,0.7320935100000002
0.45000000000000007,0.7351016570026597
0.45100000000000007,0.7308019229973398
0.45200000000000007,0.7215291433370331
0.45300000000000007,0.7168628466629665
0.45400000000000007,0.7292308200000022
0.45500000000000007,0.7491525807823933
0.45600000000000007,0.7637304699999998
0.4570000000000001,0.7598629316951829
0.4580000000000001,0.7570324500000013
0.4590000000000001,0.7685399015100707
0.4600000000000001,0.7856909084899313
0.4610000000000001,0.7688286899999996
0.4620000000000001,0.7626177121097786
0.4630000000000001,0.7591322700000008
0.4640000000000001,0.7660298688490157
0.4650000000000001,0.8049147699999994
0.4660000000000001,0.7939692833496281
0.4670000000000001,0.7473042466503641
0.4680000000000001,0.7301622012684765
0.4690000000000001,0.7482890487315265
0.4700000000000001,0.7845996600000029
0.4710000000000001,0.810801591692684
0.4720000000000001,0.8189708600000001
0.4730000000000001,0.8207550682034354
0.4740000000000001,0.8155754117965637
0.4750000000000001,0.8185417260499791
0.4760000000000001,0.8201467239500212
0.4770000000000001,0.8143984700000007
0.4780000000000001,0.8257542178715217
0.4790000000000001,0.8305413700000018
0.4800000000000001,0.8472795270373602
0.4810000000000001,0.8569832629626418
0.4820000000000001,0.8628109148755007
0.4830000000000001,0.8452984651244955
0.4840000000000001,0.8272898199999982
0.4850000000000001,0.8113783991142071
0.4860000000000001,0.7799553900000001
0.4870000000000001,0.7810088801594998
0.4880000000000001,0.8090248298405064
0.4890000000000001,0.8299588856161886
0.4900000000000001,0.8385205043838133
0.4910000000000001,0.8388781499999998
0.4920000000000001,0.8365137236442632
0.4930000000000001,0.8386439099999998
0.4940000000000001,0.8365096182058183
0.4950000000000001,0.8393302000000014
0.4960000000000001,0.8524785906352889
0.4970000000000001,0.8675421193647144
0.4980000000000001,0.8416748599999956
0.4990000000000001,0.8018191285573099
0.5000000000000001,0.8244426300000018
0.5010000000000001,0.8410078098734011
0.5020000000000001,0.8629947267469638
0.5030000000000001,0.8708862921686925
0.5040000000000001,0.8554541243263424
0.5050000000000001,0.8394625800000014
0.5060000000000001,0.85277672126724
0.5070000000000001,0.8863400830991475
0.5080000000000001,0.8685473758849567
0.5090000000000001,0.8525102700000011
0.5100000000000001,0.8625221152663544
0.5110000000000001,0.8730478720983127
0.5120000000000001,0.8396527879016799
0.5130000000000001,0.8273552129715276
0.5140000000000001,0.8419053600000006
0.5150000000000001,0.846500387855857
0.5160000000000001,0.845285590257085
0.5170000000000001,0.8312941598286069
0.5180000000000001,0.8371761411762128
0.5190000000000001,0.865837702479025
0.5200000000000001,0.8670856456107198
0.5210000000000001,0.8703661815839214
0.5220000000000001,0.9005986376673585
0.5230000000000001,0.915032029999996
0.5240000000000001,0.8787780795540924
0.5250000000000001,0.8587337435096589
0.5260000000000001,0.8514092264903396
0.5270000000000001,0.866995834129344
0.5280000000000001,0.8901350499999989
0.5290000000000001,0.8800212442769424
0.5300000000000001,0.8757348896490159
0.5310000000000001,0.8647231902339869
0.5320000000000001,0.8377988692463878
0.5330000000000001,0.8100407401948024
0.5340000000000001,0.8130598673296321
0.5350000000000001,0.798426349005547
0.5360000000000001,0.7871419128433549
0.5370000000000001,0.7960043000000041
0.5380000000000001,0.8319210602441042
0.5390000000000001,0.827944750354878
0.5400000000000001,0.7999565797634084
0.5410000000000001,0.8042209273500742
0.5420000000000001,0.7994076000000027
0.5430000000000001,0.8238727377706138
0.5440000000000002,0.8472612683440871
0.5450000000000002,0.8380689038668375
0.5460000000000002,0.8355465499999961
0.5470000000000002,0.800361027079762
0.5480000000000002,0.7460695786470516
0.5490000000000002,0.7205019313529427
0.5500000000000002,0.7383937210734138
0.5510000000000002,0.758228300000004
0.5520000000000002,0.7930824122948488
0.5530000000000002,0.8103121458272126
0.5540000000000002,0.8358397194485306
0.5550000000000002,0.8605477129202335
0.5560000000000002,0.8868158901559995
0.5570000000000002,0.8738315070647442
0.5580000000000002,0.8616847444028777
0.5590000000000002,0.8544726642386414
0.5600000000000002,0.8433518999999983
0.5610000000000002,0.8277678001126975
0.5620000000000002,0.8047796087358514
0.5630000000000002,0.8087164012641499
0.5640000000000002,0.8146525006386074
0.5650000000000002,0.8030301899999971
0.5660000000000002,0.7899598033611287
0.5670000000000002,0.7666285816640169
0.5680000000000002,0.7673507155573221
0.5690000000000002,0.8230033334628442
0.5700000000000002,0.860004673281734
0.5710000000000002,0.8673322336765112
0.5720000000000002,0.8440160594852215
0.5730000000000002,0.8393834663203256
0.5740000000000002,0.8614836900000006
0.5750000000000002,0.8637368848009492
0.5760000000000002,0.8712171164687443
0.5770000000000002,0.885540553531262
0.5780000000000002,0.9135129602732075
0.5790000000000002,0.9130593499999983
0.5800000000000002,0.9051883519435203
0.5810000000000002,0.9097850669779495
0.5820000000000002,0.8990176653480301
0.5830000000000002,0.8695800300000053
0.5840000000000002,0.8936269882056898
0.5850000000000002,0.9414463441097918
0.5860000000000002,0.9286518338353059
0.5870000000000002,0.9071962045588875
0.5880000000000002,0.9096211199999984
0.5890000000000002,0.9025017644017852
0.5900000000000002,0.8849428940683988
0.5910000000000002,0.899078507287739
0.5920000000000002,0.9002788579990801
0.5930000000000002,0.8873136349799504
0.5940000000000002,0.8908116545628728
0.5950000000000002,0.8955397981556931
0.5960000000000002,0.8953777632436324
0.5970000000000002,0.9179979600000048
0.5980000000000002,0.9393202443916405
0.5990000000000002,0.9187593789444376
0.6000000000000002,0.8967066010555527
0.6010000000000002,0.8926455206072054
0.6020000000000002,0.9106460200000007
0.6030000000000002,0.9142815671648387
0.6040000000000002,0.8859985761109928
0.6050000000000002,0.8752022759260012
0.6060000000000002,0.8963152488638922
0.6070000000000002,0.9143147132124335
0.6080000000000002,0.9226359412548388
0.6090000000000002,0.9301986831177455
0.6100000000000002,0.9363173188140773
0.6110000000000002,0.9041418999999948
0.6120000000000002,0.8812190367244683
0.6130000000000002,0.8878917372323147
0.6140000000000002,0.9072533527676938
0.6150000000000002,0.927207870454708
0.6160000000000002,0.9178351199999946
0.6170000000000002,0.8934350775167753
0.6180000000000002,0.8943114563023898
0.6190000000000002,0.9131882024650811
0.6200000000000002,0.9107959299999974
0.6210000000000002,0.8988844581037821
0.6220000000000002,0.9026944857763083
0.6230000000000002,0.8889833013355307
0.6240000000000002,0.8928675311524238
0.6250000000000002,0.9109582300000014
0.6260000000000002,0.9174145323353446
0.6270000000000002,0.9096488280968997
0.6280000000000002,0.9272520579354073
0.6290000000000002,0.9288009845139454
0.6300000000000002,0.9084637199999931
0.6310000000000002,0.8774752217869108
0.6320000000000002,0.8785645673196343
0.6330000000000002,0.8853053251814533
0.6340000000000002,0.8934389400000006
0.6350000000000002,0.8959843840773434
0.6360000000000002,0.9053921126428962
0.6370000000000002,0.9145242573571079
0.6380000000000002,0.9148091071532716
0.6390000000000002,0.9215505700000027
0.6400000000000002,0.934017887519755
0.6410000000000002,0.9507690070928423
0.6420000000000002,0.9390054352714337
0.6430000000000002,0.9132382476746695
0.6440000000000002,0.902078504954851
0.6450000000000002,0.9075741454669295
0.6460000000000002,0.9208474917996139
0.6470000000000002,0.9124183942974835
0.6480000000000002,0.921362580000005
0.6490000000000002,0.9437292434134298
0.6500000000000002,0.9280703844452167
0.6510000000000002,0.9022926455547717
0.6520000000000002,0.8988073248487476
0.6530000000000002,0.8988050200000014
0.6540000000000002,0.9053928343002462
0.6550000000000002,0.9206070841091919
0.6560000000000002,0.9104107239272012
0.6570000000000003,0.9012840112669102
0.6580000000000003,0.9015841082945834
0.6590000000000003,0.90341335356362
0.6600000000000003,0.8945915346545648
0.6610000000000003,0.8898657472566437
0.6620000000000003,0.8825001100000023
0.6630000000000003,0.8929357343175875
0.6640000000000003,0.8973675933868327
0.6650000000000003,0.9051471544087815
0.6660000000000003,0.9069744117286178
0.6670000000000003,0.8912674799999997
0.6680000000000003,0.8897120228276616
0.6690000000000003,0.9038534057585161
0.6700000000000003,0.8951514940519385
0.6710000000000003,0.9006155700000077
0.6720000000000003,0.9234676601604005
0.6730000000000003,0.9194832622257054
0.6740000000000003,0.893594547774283
0.6750000000000003,0.8787351585916817
0.6760000000000003,0.8990588800000023
0.6770000000000003,0.906050511246822
0.6780000000000003,0.8951755055398228
0.6790000000000003,0.8946934996401179
0.6800000000000003,0.9112000649309541
0.6810000000000003,0.9173670705014042
0.6820000000000003,0.9144169121134885
0.6830000000000003,0.8965225868297533
0.6840000000000003,0.8951313778142778
0.6850000000000003,0.8954448100000003
0.6860000000000003,0.8971634136670357
0.6870000000000003,0.8935302664983413
0.6880000000000003,0.8973551835016608
0.6890000000000003,0.9050738028130303
0.6900000000000003,0.9156173499999938
0.6910000000000003,0.8968054242198368
0.6920000000000003,0.8800173845426769
0.6930000000000003,0.8955021403048883
0.6940000000000003,0.9174672503476097
0.6950000000000003,0.9245313462000573
0.6960000000000003,0.9071515137639088
0.6970000000000003,0.8978397093541296
0.6980000000000003,0.9089888985019732
0.6990000000000003,0.9050312
0.7000000000000003,0.9051321356847559
0.7010000000000003,0.9017007572015132
0.7020000000000003,0.9055608327984894
0.7030000000000003,0.9117624179836816
0.7040000000000003,0.9013004300000028
0.7050000000000003,0.9139417625572318
0.7060000000000003,0.9330687576181165
0.7070000000000003,0.9233226949212506
0.7080000000000003,0.9242144199999952
0.7090000000000003,0.9097388137322284
0.7100000000000003,0.8771127161352937
0.7110000000000003,0.8784194807970606
0.7120000000000003,0.8951286229039628
0.7130000000000003,0.9078130099999989
0.7140000000000003,0.9044382209274208
0.7150000000000003,0.9125309563086866
0.7160000000000003,0.9204079124608797
0.7170000000000003,0.915143782643925
0.7180000000000003,0.8872278705255014
0.7190000000000003,0.8732810830910516
0.7200000000000003,0.8924356353634374
0.7210000000000003,0.9043700113168173
0.7220000000000003,0.9123600700000024
0.7230000000000003,0.9197002323450227
0.7240000000000003,0.9169344718669202
0.7250000000000003,0.9010278181330692
0.7260000000000003,0.8772256980227735
0.7270000000000003,0.877790810000004
0.7280000000000003,0.8899466663027285
0.7290000000000003,0.8985767119364034
0.7300000000000003,0.8996412587090649
0.7310000000000003,0.9058203082084839
0.7320000000000003,0.9070917274269723
0.7330000000000003,0.8998347109877529
0.7340000000000003,0.9068840985183761
0.7350000000000003,0.9213022958158203
0.7360000000000003,0.9131120399999944
0.7370000000000003,0.896056996340263
0.7380000000000003,0.894691104623016
0.7390000000000003,0.8974222553769858
0.7400000000000003,0.893431409909798
0.7410000000000003,0.8922609700000005
0.7420000000000003,0.8934463913601108
0.7430000000000003,0.8850146829557526
0.7440000000000003,0.8861132080294989
0.7450000000000003,0.9037282500000045
0.7460000000000003,0.9170227603483012
0.7470000000000003,0.9110577541577929
0.7480000000000003,0.9132656437633125
0.7490000000000003,0.9140756619002383
0.7500000000000003,0.8954667399999996
0.7510000000000003,0.8942298778269607
0.7520000000000003,0.9050120401937877
0.7530000000000003,0.8980184998708041
0.7540000000000003,0.8918368218166164
0.7550000000000003,0.8998383900000014
0.7560000000000003,0.9040911383460859
0.7570000000000003,0.9140084424808789
0.7580000000000003,0.9209729207122095
0.7590000000000003,0.9127733099999996
0.7600000000000003,0.9117193830261303
0.7610000000000003,0.9120220683174685
0.7620000000000003,0.9159379416825341
0.7630000000000003,0.9115504438766371
0.7640000000000003,0.89727312
0.7650000000000003,0.8974231160990229
0.7660000000000003,0.9000326227802571
0.7670000000000003,0.8894586314798223
0.7680000000000003,0.8978132364501679
0.7690000000000003,0.8893795505195002
0.7700000000000004,0.8764319098517098
0.7710000000000004,0.8839244952224419
0.7720000000000004,0.8952786364574337
0.7730000000000004,0.895916999999999
0.7740000000000004,0.893066651756618
0.7750000000000004,0.894242347622296
0.7760000000000004,0.8971234623777058
0.7770000000000004,0.8909875813606112
0.7780000000000004,0.88574785
0.7790000000000004,0.8857542513294185
0.7800000000000004,0.9018207885987769
0.7810000000000004,0.920107414267493
0.7820000000000004,0.9120416806626034
0.7830000000000004,0.89981839831518
0.7840000000000004,0.8916500819085046
0.7850000000000004,0.8917455071372432
0.7860000000000004,0.9003893435590746
0.7870000000000004,0.9188464300000029
0.7880000000000004,0.9275327151076993
0.7890000000000004,0.9200437176046198
0.7900000000000004,0.9202972049302536
0.7910000000000004,0.9144786581866796
0.7920000000000004,0.9166190000000013
0.7930000000000004,0.9201277831799367
0.7940000000000004,0.9067867802300831
0.7950000000000004,0.8996415329012265
0.7960000000000004,0.9245219199999972
0.7970000000000004,0.9182488295303861
0.7980000000000004,0.8942023357395702
0.7990000000000004,0.8934893142604294
0.8000000000000004,0.8955013598789996
0.8010000000000004,0.8904693100000053
0.8020000000000004,0.9023610696097932
0.8030000000000004,0.9053217661967877
0.8040000000000004,0.8988616592021377
0.8050000000000004,0.8920654779618769
0.8060000000000004,0.8916078381995872
0.8070000000000004,0.9054277423748861
0.8080000000000004,0.9165464864376826
0.8090000000000004,0.9141188185614848
0.8100000000000004,0.9045592500000004
0.8110000000000004,0.9055253668089719
0.8120000000000004,0.9152062166169385
0.8130000000000004,0.9225370633830672
0.8140000000000004,0.9308635367350706
0.8150000000000004,0.915527159999997
0.8160000000000004,0.9086647877416768
0.8170000000000004,0.9070516625459695
0.8180000000000004,0.8984698616360153
0.8190000000000004,0.9031548631473334
0.8200000000000004,0.914531765089553
0.8210000000000004,0.9200405437777097
0.8220000000000004,0.916729429333432
0.8230000000000004,0.9173518337747758
0.8240000000000004,0.9232349399999988
0.8250000000000004,0.9199670213881147
0.8260000000000004,0.9221056712901459
0.8270000000000004,0.916170178709849
0.8280000000000004,0.9076037056652533
0.8290000000000004,0.9017873999999981
0.8300000000000004,0.8962873126871306
0.8310000000000004,0.9049215729914525
0.8320000000000004,0.9103546213390356
0.8330000000000004,0.9118052099999976
0.8340000000000004,0.9062505509022117
0.8350000000000004,0.9133406292716364
0.8360000000000004,0.9133042110925453
0.8370000000000004,0.9119596634458684
0.8380000000000004,0.9134403499999978
0.8390000000000004,0.9084285031642684
0.8400000000000004,0.921744816330887
0.8410000000000004,0.9312891791127487
0.8420000000000004,0.924783055064448
0.8430000000000004,0.9232763079153814
0.8440000000000004,0.9290675391637376
0.8450000000000004,0.9195257262543834
0.8460000000000004,0.9106021484711806
0.8470000000000004,0.9068258999999981
0.8480000000000004,0.9026073937065422
0.8490000000000004,0.9159777921087159
0.8500000000000004,0.9165832278912847
0.8510000000000004,0.9159272965595653
0.8520000000000004,0.9105935099999997
0.8530000000000004,0.9097507135237733
0.8540000000000004,0.9171031908369621
0.8550000000000004,0.9277977561086994
0.8560000000000004,0.9214981229997276
0.8570000000000004,0.9104890487176905
0.8580000000000004,0.9193605955990191
0.8590000000000004,0.917140546601469
0.8600000000000004,0.9072670087376709
0.8610000000000004,0.9126509399999994
0.8620000000000004,0.9110890647763457
0.8630000000000004,0.905567022142319
0.8640000000000004,0.9161741378576905
0.8650000000000004,0.9269529722116263
0.8660000000000004,0.923565089999999
0.8670000000000004,0.9212006268207681
0.8680000000000004,0.9210413067163583
0.8690000000000004,0.908931852189085
0.8700000000000004,0.9087150099999995
0.8710000000000004,0.9076119183208836
0.8720000000000004,0.9084442108705613
0.8730000000000004,0.9194877386941698
0.8740000000000004,0.9144856200259985
0.8750000000000004,0.9056072200000028
0.8760000000000004,0.9118688300247986
0.8770000000000004,0.9078713025459707
0.8780000000000004,0.9036228349693496
0.8790000000000004,0.8973329128996265
0.8800000000000004,0.897313830000004
0.8810000000000004,0.906372658307383
0.8820000000000005,0.9027880275389216
0.8830000000000005,0.9015408449422488
0.8840000000000005,0.910897850000004
0.8850000000000005,0.9198350657714595
0.8860000000000005,0.9234121927742902
0.8870000000000005,0.9260509072257121
0.8880000000000005,0.9192608079028757
0.8890000000000005,0.906108739999998
0.8900000000000005,0.9016040754833075
0.8910000000000005,0.8971526700770982
0.8920000000000005,0.9014885732819379
0.8930000000000005,0.9132139127451334
0.8940000000000005,0.9140892323754224
0.8950000000000005,0.9113270279227081
0.8960000000000005,0.9212231631159493
0.8970000000000005,0.9148350438860745
0.8980000000000005,0.8985568300000008
0.8990000000000005,0.9002944643572428
0.9000000000000005,0.8987299988516412
0.9010000000000005,0.8876725811483491
0.9020000000000005,0.8850547961761605
0.9030000000000005,0.8889639400000022
0.9040000000000005,0.8939337654773534
0.9050000000000005,0.8907079381040982
0.9060000000000005,0.8976447412639399
0.9070000000000005,0.9000041264070653
0.9080000000000005,0.9008491872002734
0.9090000000000005,0.9035691269080539
0.9100000000000005,0.9019145296379172
0.9110000000000005,0.9104425647165987
0.9120000000000005,0.9112666199999966
0.9130000000000005,0.9034617918302387
0.9140000000000005,0.9076447382861865
0.9150000000000005,0.9092542778092103
0.9160000000000005,0.8898945036019262
0.9170000000000005,0.8851065000000087
0.9180000000000005,0.9046562515319226
0.9190000000000005,0.9027328477021138
0.9200000000000005,0.8996966507246059
0.9210000000000005,0.9011056400000016
0.9220000000000005,0.9038413561111629
0.9230000000000005,0.9074525234208658
0.9240000000000005,0.9136235665791397
0.9250000000000005,0.9166066901694032
0.9260000000000005,0.9035464499999925
0.9270000000000005,0.8900018901973039
0.9280000000000005,0.8900219178713112
0.9290000000000005,0.8999509614191336
0.9300000000000005,0.8951884376281738
0.9310000000000005,0.881222500146208
0.9320000000000005,0.8942371150630538
0.9330000000000005,0.9069902674054363
0.9340000000000005,0.8962373450725459
0.9350000000000005,0.8907437300000005
0.9360000000000005,0.891905445120455
0.9370000000000005,0.8994174596134187
0.9380000000000005,0.9053981303865872
0.9390000000000005,0.8978219757642539
0.9400000000000005,0.8901526900000054
0.9410000000000005,0.8999052099016992
0.9420000000000005,0.900399937910299
0.9430000000000005,0.8889969480597918
0.9440000000000005,0.8987877020882259
0.9450000000000005,0.8937619448438432
0.9460000000000005,0.8832464628050577
0.9470000000000005,0.8793867157924085
0.9480000000000005,0.8795853280126604
0.9490000000000005,0.887616870000003
0.9500000000000005,0.894292831783015
0.9510000000000005,0.8884711515883338
0.9520000000000005,0.8835505684116607
0.9530000000000005,0.8820766347386466
0.9540000000000005,0.8789731300000014
0.9550000000000005,0.882235889036592
0.9560000000000005,0.8851876071450424
0.9570000000000005,0.8844257752366377
0.9580000000000005,0.8873766700000001
0.9590000000000005,0.8876406265900643
0.9600000000000005,0.8842995954586241
0.9610000000000005,0.8790725268120567
0.9620000000000005,0.8813521672013451
0.9630000000000005,0.8767262699999945
0.9640000000000005,0.8667698864466307
0.9650000000000005,0.870414803397936
0.9660000000000005,0.8825280677347201
0.9670000000000005,0.8864214010683127
0.9680000000000005,0.8821692887478834
0.9690000000000005,0.8740440925717674
0.9700000000000005,0.8666726811423391
0.9710000000000005,0.861332406804265
0.9720000000000005,0.8627153000000063
0.9730000000000005,0.8739728997787013
0.9740000000000005,0.8809504379054786
0.9750000000000005,0.8713457120945107
0.9760000000000005,0.8596364270932649
0.9770000000000005,0.8573290700000012
0.9780000000000005,0.8596039921733402
0.9790000000000005,0.8528213481283907
0.9800000000000005,0.8467589612477342
0.9810000000000005,0.8423559540297381
0.9820000000000005,0.8387169915122157
0.9830000000000005,0.8398681817534122
0.9840000000000005,0.8394558523698813
0.9850000000000005,0.8426024585328722
0.9860000000000005,0.8508394400000014
0.9870000000000005,0.8534002038160369
0.9880000000000005,0.8507817254561781
0.9890000000000005,0.8440545345438144
0.9900000000000005,0.8367836627088234
0.9910000000000005,0.8376762900000058
0.9920000000000005,0.8480192981163827
0.9930000000000005,0.8509251076676181
0.9940000000000005,0.8535140282215904
0.9950000000000006,0.8481826799999935
0.9960000000000006,0.8364965590324812
0.9970000000000006,0.8214000716223179
0.9980000000000006,0.8194811875665207
0.9990000000000006,0.8351592632139722
1.0000000000000004,0.8538692000000048
1.0010000000000006,0.8648009299999987
1.0020000000000007,0.8628295699999946
1.0030000000000006,0.8546324999999969
1.0040000000000004,0.8497233488991002
1.0050000000000006,0.8301123399999955
1.0060000000000007,0.8233011400000072
1.0070000000000006,0.8341850599999985
1.0080000000000005,0.8306304199999964
1.0090000000000006,0.8227523956424401
1.0100000000000007,0.8315088200000073
1.0110000000000006,0.8422657300000012
1.0120000000000005,0.8439445499999964
1.0130000000000006,0.8356683299999884
1.0140000000000007,0.8183006167713123
1.0150000000000006,0.8047753000000056
1.0160000000000005,0.8131678100000126
1.0170000000000006,0.8414391900000099
1.0180000000000007,0.8636443000000037
1.0190000000000006,0.8689228421457886
1.0200000000000005,0.8687077199999943
1.0210000000000006,0.8560517399999884
1.0220000000000007,0.8387006499999922
1.0230000000000006,0.8269418499999974
1.0240000000000005,0.8231356700000041
1.0250000000000006,0.8322702099999983
1.0260000000000007,0.8298477499999924
1.0270000000000006,0.8185503499999957
1.0280000000000005,0.8088633400000004
1.0290000000000006,0.8097153300000085
1.0300000000000007,0.8290209800000067
1.0310000000000006,0.8390446899999948
1.0320000000000005,0.8311749000229959
1.0330000000000006,0.8274751300000074
1.0340000000000007,0.8386623900000106
1.0350000000000006,0.8546034699999997
1.0360000000000005,0.8540888999999959
1.0370000000000006,0.8445756539906022
1.0380000000000007,0.8470155600000082
1.0390000000000006,0.8593583700000029
1.0400000000000005,0.8659741899999989
1.0410000000000006,0.8634271599999981
1.0420000000000007,0.8605493177842198
1.0430000000000006,0.8544272800000002
1.0440000000000005,0.854760770000003
1.0450000000000006,0.8614247999999998
1.0460000000000007,0.8610694399999955
1.0470000000000006,0.8544303239116048
1.0480000000000005,0.8523135199999996
1.0490000000000006,0.8513714099999987
1.0500000000000007,0.8483493899999984
1.0510000000000006,0.8460510400000012
1.0520000000000005,0.8478873400000013
1.0530000000000006,0.8508260799999994
1.0540000000000007,0.849848989999998
1.0550000000000006,0.8467722178452147
1.0560000000000005,0.8452506700000019
1.0570000000000006,0.8494609600000071
1.0580000000000007,0.8602104800000028
1.0590000000000006,0.8643426299999969
1.0600000000000005,0.8574148650354924
1.0610000000000006,0.8492652200000005
1.0620000000000007,0.8499103200000048
1.0630000000000006,0.8570566799999982
1.0640000000000005,0.8543381099999972
1.0650000000000006,0.8477795758534107
1.0660000000000007,0.8401622199999942
1.0670000000000006,0.8336029599999975
1.0680000000000005,0.8296898000000007
1.0690000000000006,0.8308534000000009
1.0700000000000007,0.8322669686431369
1.0710000000000006,0.8290205599999999
1.0720000000000005,0.8288524700000012
1.0730000000000006,0.8316472800000019
1.0740000000000007,0.8345159299999996
1.0750000000000006,0.8337674099999975
1.0760000000000005,0.8300555899999977
1.0770000000000006,0.826644600000002
1.0780000000000007,0.8295836412388773
1.0790000000000006,0.8312960300000014
1.0800000000000005,0.8334018599999986
1.0810000000000006,0.830100830000001
1.0820000000000007,0.8316340400000051
1.0830000000000006,0.839240221796824
1.0840000000000005,0.8442581900000008
1.0850000000000006,0.8460350599999947
1.0860000000000007,0.8382295399999906
1.0870000000000006,0.8275906999999971
1.0880000000000005,0.8234991991500825
1.0890000000000006,0.8291787500000032
1.0900000000000007,0.8339832399999997
1.0910000000000006,0.8334923399999998
1.0920000000000005,0.8331481799999976
1.0930000000000006,0.8277633784801487
1.0940000000000007,0.8154351699999901
1.0950000000000006,0.8006426699999905
1.0960000000000005,0.7862886199999954
1.0970000000000006,0.7793825300000027
1.0980000000000008,0.7833417100000069
1.0990000000000006,0.791049240000006
1.1000000000000005,0.7999765300000028
1.1010000000000006,0.8062582600000034
1.1020000000000008,0.8114768899999982
1.1030000000000006,0.8088209599999966
1.1040000000000005,0.8035950700000007
1.1050000000000006,0.8052875999999995
1.1060000000000008,0.8046638958554101
1.1070000000000007,0.798722449999998
1.1080000000000005,0.7956610299999975
1.1090000000000007,0.7920566800000044
1.1100000000000008,0.7987238800000005
1.1110000000000007,0.7993565511958763
1.1120000000000005,0.79366851
1.1130000000000007,0.7935746899999975
1.1140000000000008,0.7896860199999967
1.1150000000000007,0.7847495700000015
1.1160000000000005,0.7869649684601553
1.1170000000000007,0.7936838900000045
1.1180000000000008,0.8005756100000108
1.1190000000000007,0.812732640000005
1.1200000000000006,0.8203050499999986
1.1210000000000007,0.8174273877662216
1.1220000000000008,0.8134464000000008
1.1230000000000007,0.8145443800000015
1.1240000000000006,0.8169321399999993
1.1250000000000007,0.8150802900000029
1.1260000000000008,0.8194578900000005
1.1270000000000007,0.8199391999999975
1.1280000000000006,0.8163555899999992
1.1290000000000007,0.8152165655244541
1.1300000000000008,0.8243718100000068
1.1310000000000007,0.8320272600000017
1.1320000000000006,0.834595740000001
1.1330000000000007,0.8367793600000005
1.1340000000000008,0.8376481066813242
1.1350000000000007,0.8270149199999965
1.1360000000000006,0.821786340000001
1.1370000000000007,0.8232546399999989
1.1380000000000008,0.8215661600000062
1.1390000000000007,0.8285004665693473
1.1400000000000006,0.8370122899999972
1.1410000000000007,0.8327664699999946
1.1420000000000008,0.8245713100000025
1.1430000000000007,0.8284250500000031
1.1440000000000006,0.8331437181331895
1.1450000000000007,0.8275374800000035
1.1460000000000008,0.8326437500000099
1.1470000000000007,0.8437175800000005
1.1480000000000006,0.8445880999999952
1.1490000000000007,0.8373531099999965
1.1500000000000008,0.8319557299999963
1.1510000000000007,0.8278512999999964
1.1520000000000006,0.8223631399999966
1.1530000000000007,0.814607679999999
1.1540000000000008,0.8131846799999891
1.1550000000000007,0.7969190499999925
1.1560000000000006,0.7858089800000094
1.1570000000000007,0.800036330004002
1.1580000000000008,0.8032363699999936
1.1590000000000007,0.7960178300000064
1.1600000000000006,0.8055318600000041
1.1610000000000007,0.8116534899999895
1.1620000000000008,0.7960611199659893
1.1630000000000007,0.7765607799999945
1.1640000000000006,0.7683228300000068
1.1650000000000007,0.7834961400000001
1.1660000000000008,0.78358889
1.1670000000000007,0.7836120076882312
1.1680000000000006,0.7905111299999934
1.1690000000000007,0.7806507899999829
1.1700000000000008,0.7549918300000092
1.1710000000000007,0.7653960000000016
1.1720000000000006,0.7679314464553559
1.1730000000000007,0.7774081800000079
1.1740000000000008,0.7892739799999999
1.1750000000000007,0.7890486699999973
1.1760000000000006,0.7850829399999963
1.1770000000000007,0.779599959999993
1.1780000000000008,0.7690600199999958
1.1790000000000007,0.7644346999999977
1.1800000000000006,0.7608797512718689
1.1810000000000007,0.7530924700000096
1.1820000000000008,0.7675054700000101
1.1830000000000007,0.7789113500000003
1.1840000000000006,0.7794355800000009
1.1850000000000007,0.7814402291150987
1.1860000000000008,0.7954313799999932
1.1870000000000007,0.7878487699999972
1.1880000000000006,0.7836580900000036
1.1890000000000007,0.7891463599999967
1.1900000000000008,0.7842118934466512
1.1910000000000007,0.7822926000000024
1.1920000000000006,0.7851057599999992
1.1930000000000007,0.7839366199999971
1.1940000000000008,0.7795416099999994
1.1950000000000007,0.7789262515358458
1.1960000000000006,0.779790879999995
1.1970000000000007,0.7722938099999971
1.1980000000000008,0.7679368900000011
1.1990000000000007,0.7691965700000013
1.2000000000000006,0.7712679499999989
1.2010000000000007,0.7696111200000026
1.2020000000000008,0.7726618599999988
1.2030000000000007,0.771293779283065
1.2040000000000006,0.7619866100000028
1.2050000000000007,0.7661835000000042
1.2060000000000008,0.7724392400000017
1.2070000000000007,0.7744767099999949
1.2080000000000006,0.7667768209708996
1.2090000000000007,0.7621865300000088
1.2100000000000009,0.775290070000006
1.2110000000000007,0.7820867300000037
1.2120000000000006,0.7862787799999932
1.2130000000000007,0.7761262052574659
1.2140000000000009,0.7490128300000025
1.2150000000000007,0.7518699200000097
1.2160000000000006,0.7666085400000071
1.2170000000000007,0.7772796200000035
1.2180000000000009,0.7825642315388505
1.2190000000000007,0.7637333899999954
1.2200000000000006,0.7568766500000057
1.2210000000000008,0.7653052799999959
1.2220000000000009,0.7606975400000082
1.2230000000000008,0.7699459800000131
1.2240000000000006,0.7847330000000002
1.2250000000000008,0.7849837499999932
1.2260000000000009,0.7748979900000006
1.2270000000000008,0.7755655599999994
1.2280000000000006,0.7747389699999977
1.2290000000000008,0.7712321900000049
1.2300000000000009,0.7786411000000059
1.2310000000000008,0.785250414470555
1.2320000000000007,0.7880951199999932
1.2330000000000008,0.7778327499999929
1.2340000000000009,0.769856810000004
1.2350000000000008,0.7744656199999974
1.2360000000000007,0.7706912112718659
1.2370000000000008,0.7611039299999982
1.2380000000000009,0.7584865100000079
1.2390000000000008,0.7673503200000042
1.2400000000000007,0.7737504200000008
1.2410000000000008,0.7748912059214088
1.2420000000000009,0.775988939999996
1.2430000000000008,0.7715439799999931
1.2440000000000007,0.7637680199999907
1.2450000000000008,0.7497414899999918
1.2460000000000009,0.7374318609628935
1.2470000000000008,0.7444782300000018
1.2480000000000007,0.7472078199999967
1.2490000000000008,0.7424353399999948
1.2500000000000009,0.7345231799999915
1.2510000000000008,0.7249047199999932
1.2520000000000007,0.7172373500000058
1.2530000000000008,0.7259781400000118
1.254000000000001,0.7391656802429781
1.2550000000000008,0.7416681099999906
1.2560000000000007,0.7310926900000022
1.2570000000000008,0.734396100000009
1.258000000000001,0.7480056900000003
1.2590000000000008,0.7483892656284395
1.2600000000000007,0.7515455500000017
1.2610000000000008,0.7540944800000016
1.262000000000001,0.7558352400000024
1.2630000000000008,0.7585015899999941
1.2640000000000007,0.751928687290267
1.2650000000000008,0.7426692199999984
1.266000000000001,0.7407944199999921
1.2670000000000008,0.7319447999999995
1.2680000000000007,0.7311675500000073
1.2690000000000008,0.7421049862563834
1.270000000000001,0.7424137600000031
1.2710000000000008,0.7459476600000075
1.2720000000000007,0.7542809799999994
1.2730000000000008,0.7533918599999955
1.274000000000001,0.7482999000000016
1.2750000000000008,0.7500537599999996
1.2760000000000007,0.7495471800000012
1.2770000000000008,0.7514103700000003
1.278000000000001,0.7518988299999892
1.2790000000000008,0.7397869800000062
1.2800000000000007,0.7491655900000076
1.2810000000000008,0.7605085400000051
1.282000000000001,0.7662689148435146
1.2830000000000008,0.7651173499999936
1.2840000000000007,0.7555141999999915
1.2850000000000008,0.7427498099999983
1.286000000000001,0.7409007500000007
1.2870000000000008,0.7416966819618032
1.2880000000000007,0.7408162999999997
1.2890000000000008,0.7401567099999921
1.290000000000001,0.7280859399999988
1.2910000000000008,0.726668300000012
1.2920000000000007,0.7401741994100672
1.2930000000000008,0.7409632199999939
1.294000000000001,0.731744229999996
1.2950000000000008,0.7272373399999874
1.2960000000000007,0.7130919099999775
1.2970000000000008,0.6793072584651254
1.298000000000001,0.6456748200000048
1.2990000000000008,0.6510144500000147
1.3000000000000007,0.6730232800000064
1.3010000000000008,0.6826409700000025
1.302000000000001,0.685382659999995
1.3030000000000008,0.6809226299999985
1.3040000000000007,0.67883295000001
1.3050000000000008,0.6937695827737387
1.306000000000001,0.7158973200000014
1.3070000000000008,0.7174726699999948
1.3080000000000007,0.7115951800000027
1.3090000000000008,0.715669810000007
1.310000000000001,0.7262406909878967
1.3110000000000008,0.7214505699999891
1.3120000000000007,0.7092092599999917
1.3130000000000008,0.7000006999999998
1.314000000000001,0.6998826300000099
1.3150000000000008,0.711102797983211
1.3160000000000007,0.7241811799999965
1.3170000000000008,0.7203109899999904
1.318000000000001,0.7095022199999916
1.3190000000000008,0.700081109999991
1.3200000000000007,0.689977050405951
1.3210000000000008,0.7066463200000243
1.322000000000001,0.7339000100000015
1.3230000000000008,0.7351859799999984
1.3240000000000007,0.7326509400000046
1.3250000000000008,0.739654359999999
1.326000000000001,0.7385410099999803
1.3270000000000008,0.7207047299999779
1.3280000000000007,0.6958886635826406
1.3290000000000008,0.6943244900000224
1.330000000000001,0.7195828000000178
1.3310000000000008,0.7395990500000034
1.3320000000000007,0.7433829300000043
1.3330000000000009,0.7482945949415103
1.334000000000001,0.753044009999994
1.3350000000000009,0.7462540299999962
1.3360000000000007,0.7419648800000007
1.3370000000000009,0.7427646500000027
1.338000000000001,0.7457106753974633
1.3390000000000009,0.7458802499999988
1.3400000000000007,0.7444835900000014
1.3410000000000009,0.746672810000002
1.342000000000001,0.7488945699999964
1.3430000000000009,0.7456005494020571
1.3440000000000007,0.7441155300000017
1.3450000000000009,0.7467933900000029
1.346000000000001,0.7500779000000015
1.3470000000000009,0.7513785399999999
1.3480000000000008,0.7512315499999961
1.3490000000000009,0.745375099999996
1.350000000000001,0.7407008400000048
1.3510000000000009,0.746077950000003
1.3520000000000008,0.7494295799999993
1.3530000000000009,0.7485689500000003
1.354000000000001,0.7490458499999989
1.3550000000000009,0.7478254999999955
1.3560000000000008,0.7427163984011544
1.3570000000000009,0.7352004100000027
1.358000000000001,0.7381941100000076
1.3590000000000009,0.7466858600000058
1.3600000000000008,0.7531344900000009
1.3610000000000009,0.7544457848825111
1.362000000000001,0.7537946099999988
1.3630000000000009,0.7527140399999998
1.3640000000000008,0.7523924099999966
1.3650000000000009,0.7471696099999936
1.366000000000001,0.7399555514058518
1.3670000000000009,0.7362548700000038
1.3680000000000008,0.7405321600000032
1.3690000000000009,0.7453874900000071
1.370000000000001,0.7533821500000044
1.3710000000000009,0.7584381444005641
1.3720000000000008,0.7552260199999961
1.3730000000000009,0.750750719999996
1.374000000000001,0.7446889900000024
1.3750000000000009,0.7474702600000123
1.3760000000000008,0.761175810000006
1.377000000000001,0.7679329499999976
1.378000000000001,0.765788499999995
1.379000000000001,0.7602179811018838
1.3800000000000008,0.7538289999999993
1.381000000000001,0.7530686300000007
1.382000000000001,0.753822089999997
1.383000000000001,0.7511419099999995
1.3840000000000008,0.7506767698780159
1.385000000000001,0.755675550000007
1.386000000000001,0.7635890800000026
1.387000000000001,0.7658679499999933
1.3880000000000008,0.7598359599999935
1.389000000000001,0.7500995036456274
1.390000000000001,0.7345513700000013
1.391000000000001,0.7356762300000239
1.3920000000000008,0.7624954600000154
1.393000000000001,0.779890360000005
1.394000000000001,0.7855558734486611
1.395000000000001,0.7838932899999986
1.3960000000000008,0.7824032900000014
1.397000000000001,0.7840113000000012
1.398000000000001,0.7849969899999977
1.399000000000001,0.7823316499999988
1.4000000000000008,0.7809536499999982
1.4010000000000007,0.7788144899999976
1.402000000000001,0.7751390299999866
1.403000000000001,0.7631096199999825
1.4040000000000008,0.7433466899999965
1.4050000000000007,0.7382628900000116
1.406000000000001,0.7555193300000228
1.407000000000001,0.7760635572272839
1.4080000000000008,0.7831358299999988
1.4090000000000007,0.7813575900000014
1.410000000000001,0.7833845599999999
1.411000000000001,0.7832347799999992
1.4120000000000008,0.7824182933696633
1.4130000000000007,0.7828519899999985
1.414000000000001,0.7805721799999981
1.415000000000001,0.778447630000001
1.4160000000000008,0.7795770799999966
1.4170000000000007,0.7757188358244151
1.418000000000001,0.7705588299999944
1.419000000000001,0.7641589599999943
1.4200000000000008,0.757655799999999
1.4210000000000007,0.7564640600000014
1.422000000000001,0.7586963967663257
1.423000000000001,0.7574602999999973
1.4240000000000008,0.7544628399999995
1.4250000000000007,0.7538207799999992
1.426000000000001,0.7526115799999995
1.427000000000001,0.752236429999997
1.4280000000000008,0.7495015899999983
1.4290000000000007,0.7468987700000039
1.430000000000001,0.7527462477922272
1.431000000000001,0.7595241700000067
1.4320000000000008,0.7669903600000051
1.4330000000000007,0.7727733900000027
1.434000000000001,0.7766991900000053
1.435000000000001,0.78272301021098
1.4360000000000008,0.7839251199999956
1.4370000000000007,0.7789624299999974
1.438000000000001,0.7760457400000004
1.439000000000001,0.7764370399999988
1.4400000000000008,0.7750277709269061
1.4410000000000007,0.773346130000003
1.442000000000001,0.7767050900000021
1.443000000000001,0.7785604000000014
1.4440000000000008,0.7800830000000014
1.4450000000000007,0.781746463653636
1.446000000000001,0.7818448499999988
1.447000000000001,0.7807825199999913
1.4480000000000008,0.7729269299999905
1.4490000000000007,0.7586407100000023
1.450000000000001,0.7620680900000171
1.451000000000001,0.7774894200000063
1.4520000000000008,0.783197100000002
1.4530000000000007,0.7854161397360249
1.454000000000001,0.7832134999999957
1.455000000000001,0.779302539999998
1.4560000000000008,0.7770784499999966
1.4570000000000007,0.7733294999999925
1.458000000000001,0.7647895104819454
1.459000000000001,0.7592943299999949
1.4600000000000009,0.7534846699999908
1.4610000000000007,0.7431383699999966
1.462000000000001,0.7392222300000024
1.463000000000001,0.7413928729357087
1.4640000000000009,0.7466441400000037
1.4650000000000007,0.7507476200000006
1.466000000000001,0.7518068600000039
1.467000000000001,0.755351960000007
1.4680000000000009,0.7616676884271625
1.4690000000000007,0.7620352499999985
1.470000000000001,0.7596279400000056
1.471000000000001,0.7646105900000065
1.4720000000000009,0.7705393400000004
1.4730000000000008,0.7709650400000003
1.474000000000001,0.7715179900000031
1.475000000000001,0.774360840000002
1.4760000000000009,0.7765837899999984
1.4770000000000008,0.7747908199999974
1.478000000000001,0.771941359999999
1.479000000000001,0.7708302699999983
1.4800000000000009,0.7687682499999967
1.4810000000000008,0.7649651813368646
1.482000000000001,0.762578550000004
1.483000000000001,0.7661912400000043
1.4840000000000009,0.7709810099999979
1.4850000000000008,0.7686484499999984
1.486000000000001,0.7660832428287179
1.487000000000001,0.7667115300000001
1.4880000000000009,0.7667979599999996
1.4890000000000008,0.7660789499999981
1.490000000000001,0.7632676399999974
1.491000000000001,0.760829093854612
1.4920000000000009,0.7578760399999943
1.4930000000000008,0.7514440999999948
1.494000000000001,0.7437146899999926
1.495000000000001,0.7370014199999992
1.4960000000000009,0.7361585142905702
1.4970000000000008,0.7396280200000006
1.498000000000001,0.7402584599999991
1.499000000000001,0.7392635900000007
1.5000000000000009,0.7401593300000021
1.5010000000000008,0.7425422100000024
1.5020000000000011,0.7452477800000034
1.503000000000001,0.7477601200000042
1.504000000000001,0.7524872645275485
1.5050000000000008,0.7539325399999988
1.5060000000000011,0.7526108000000017
1.507000000000001,0.7540643800000014
1.508000000000001,0.7553797399999992
1.5090000000000008,0.7544924217638216
1.5100000000000011,0.7517100599999958
1.511000000000001,0.7480447299999982
1.512000000000001,0.7462974799999975
1.5130000000000008,0.7441154699999971
1.5140000000000011,0.7398389676502305
1.515000000000001,0.7353758199999985
1.516000000000001,0.7339810699999976
1.5170000000000008,0.7312596399999927
1.5180000000000011,0.7229641699999946
1.519000000000001,0.7180442919877961
1.520000000000001,0.7241066700000066
1.5210000000000008,0.7316427200000026
1.5220000000000011,0.7346779099999992
1.523000000000001,0.7339794599999996
1.524000000000001,0.7335106699999985
1.5250000000000008,0.7317084099999955
1.5260000000000011,0.7267603299999956
1.527000000000001,0.7228937699999932
1.528000000000001,0.7167735099999935
1.5290000000000008,0.709441129999996
1.5300000000000011,0.7034251099999955
1.531000000000001,0.6994028099999984
1.532000000000001,0.6978728174392538
1.5330000000000008,0.6954472099999967
1.5340000000000011,0.6904832699999942
1.535000000000001,0.6852966500000006
1.536000000000001,0.6858611700000035
1.5370000000000008,0.6897967341425904
1.5380000000000011,0.6962381600000087
1.539000000000001,0.704025450000004
1.540000000000001,0.7085753099999992
1.5410000000000008,0.707675809999994
1.5420000000000011,0.7009343641445785
1.543000000000001,0.6919055599999903
1.544000000000001,0.6808533699999902
1.5450000000000008,0.6698406899999926
1.5460000000000012,0.6614545599999941
1.547000000000001,0.656155519904004
1.548000000000001,0.6534882199999942
1.5490000000000008,0.6469591899999936
1.5500000000000012,0.6373119999999927
1.551000000000001,0.6307018999999932
1.552000000000001,0.6245319799999923
1.5530000000000008,0.6176657099999999
1.5540000000000012,0.6175707600000068
1.555000000000001,0.6236445444255648
1.556000000000001,0.6314888000000052
1.5570000000000008,0.6372586500000004
1.5580000000000012,0.6375781299999939
1.559000000000001,0.6320420499999923
1.560000000000001,0.6233411023857599
1.5610000000000008,0.6217649600000094
1.5620000000000012,0.6323133700000206
1.563000000000001,0.6477739200000109
1.564000000000001,0.6600391899999931
1.5650000000000008,0.6523295609628973
1.5660000000000012,0.6286984699999953
1.567000000000001,0.6251590300000252
1.568000000000001,0.647863920000018
1.5690000000000008,0.6681307000000033
1.5700000000000012,0.6718903640336015
1.571000000000001,0.6702949399999953
1.572000000000001,0.6660714699999826
1.5730000000000008,0.650405289999982
1.5740000000000012,0.6234449099999725
1.575000000000001,0.5986690499999966
1.576000000000001,0.595590290000022
1.5770000000000008,0.6154003700000259
1.5780000000000012,0.6444740575872605
1.579000000000001,0.6608499299999954
1.580000000000001,0.656640109999994
1.5810000000000008,0.6498400599999952
1.5820000000000012,0.6443374799999874
1.583000000000001,0.6348500225607404
1.584000000000001,0.6318756300000065
1.5850000000000009,0.639124930000004
1.5860000000000012,0.6436261499999987
1.587000000000001,0.6426396999999956
1.588000000000001,0.6386618377862172
1.5890000000000009,0.6317101699999911
1.5900000000000012,0.6217558999999891
1.591000000000001,0.6119703699999897
1.592000000000001,0.6026221499999903
1.5930000000000009,0.5939562065943335
1.5940000000000012,0.5869731899999928
1.595000000000001,0.580519679999996
1.596000000000001,0.5769047099999991
1.5970000000000009,0.576090339999999
1.5980000000000012,0.574941579999996
1.599000000000001,0.571353909999999
1.600000000000001,0.5704615700000033
1.6010000000000009,0.5741741099999994
1.6020000000000012,0.5735712599999917
1.603000000000001,0.5672995999999951
1.604000000000001,0.5617508899999987
1.6050000000000009,0.5602498699999958
1.6060000000000012,0.5554556699629855
1.607000000000001,0.5398552999999655
1.608000000000001,0.5087143199999513
1.6090000000000009,0.4538748599999587
1.6100000000000012,0.40739471000001715
1.611000000000001,0.4228712096280732
1.612000000000001,0.4536674899999752
1.6130000000000009,0.43133863999994476
1.6140000000000012,0.3484367699998815
1.615000000000001,0.2416690999999704
1.616000000000001,0.21498994791518042
1.6170000000000009,0.2998228100000888
1.6180000000000012,0.39979619000006333
1.619000000000001,0.45685557000002003
1.620000000000001,0.47489798000000666
1.6210000000000009,0.4823957902189843
1.6220000000000012,0.4881053299999569
1.623000000000001,0.4557881999999439
1.624000000000001,0.39260509999996523
1.6250000000000009,0.35349803999998697
1.6260000000000012,0.33881226000000736
1.6270000000000011,0.3443639600000329
1.628000000000001,0.36903208000001625
1.629000000000001,0.3873427316448125
1.6300000000000012,0.3629591799999114
1.6310000000000011,0.2964622399999374
1.632000000000001,0.24008758000002625
1.633000000000001,0.2637411100000918
1.6340000000000012,0.36711443537557503
1.6350000000000011,0.4634681900000589
1.636000000000001,0.5165292000000032
1.637000000000001,0.5194221699999616
1.6380000000000012,0.48485454999995753
1.6390000000000011,0.44659338611634813
1.640000000000001,0.4515421700000407
1.641000000000001,0.48821524000001715
1.6420000000000012,0.5075247899999953
1.6430000000000011,0.5040568099999558
1.644000000000001,0.46423249243171494
1.645000000000001,0.38563060999995685
1.6460000000000012,0.3370467100000605
1.6470000000000011,0.3824206900001077
1.648000000000001,0.46324301000002704
1.649000000000001,0.4936854500000057
1.6500000000000012,0.5000863100000618
1.6510000000000011,0.5464519900000796
1.652000000000001,0.6181678200000538
1.653000000000001,0.6665247700000207
1.6540000000000012,0.6898894300000072
1.6550000000000011,0.696365300000002
1.656000000000001,0.6980644500000052
1.657000000000001,0.70279531733927
1.6580000000000013,0.7068687100000004
1.6590000000000011,0.7072749099999949
1.660000000000001,0.7026261699999913
1.661000000000001,0.6946965499999932
1.6620000000000013,0.6870752441785833
1.6630000000000011,0.68811703000001
1.664000000000001,0.6971390800000022
1.665000000000001,0.6996928999999957
1.6660000000000013,0.6948088399999903
1.6670000000000011,0.6875632545585365
1.668000000000001,0.6801891299999928
1.669000000000001,0.672082479999997
1.6700000000000013,0.6686617700000017
1.6710000000000012,0.669924140000001
1.672000000000001,0.6708193704769533
1.673000000000001,0.6676239999999916
1.6740000000000013,0.6580703899999828
1.6750000000000012,0.6425382499999762
1.676000000000001,0.6211027499999836
1.677000000000001,0.6063160900000051
1.6780000000000013,0.6109399800000176
1.6790000000000012,0.6267359900000108
1.680000000000001,0.6364591382081778
1.681000000000001,0.634941219999996
1.6820000000000013,0.6304351099999893
1.6830000000000012,0.6224294299999953
1.684000000000001,0.6182776100000077
1.685000000000001,0.6268423313898723
1.6860000000000013,0.6388562300000158
1.6870000000000012,0.6506978900000145
1.688000000000001,0.6615907500000052
1.689000000000001,0.6674996000000011
1.6900000000000013,0.6687779321667849
1.6910000000000012,0.66826111
1.692000000000001,0.6682546700000025
1.693000000000001,0.6704572400000013
1.6940000000000013,0.67200726000001
1.6950000000000012,0.679534397286281
1.696000000000001,0.6902638100000047
1.697000000000001,0.6944876900000042
1.6980000000000013,0.6982886799999992
1.6990000000000012,0.6975728899999948
1.700000000000001,0.6928486799999951
1.701000000000001,0.6884518900000047
1.7020000000000013,0.6927813900000126
1.7030000000000012,0.7022328298360149
1.704000000000001,0.700931189999988
1.705000000000001,0.6901757099999943
1.7060000000000013,0.6837529500000028
1.7070000000000012,0.6858580100000032
1.708000000000001,0.6882669572652884
1.709000000000001,0.7010396100000135
1.7100000000000013,0.7161643500000047
1.7110000000000012,0.7196753599999993
1.712000000000001,0.7192101500000061
1.713000000000001,0.7246918518298228
1.7140000000000013,0.7341600700000088
1.7150000000000012,0.7407030500000051
1.716000000000001,0.7452633400000015
1.717000000000001,0.746585849999996
1.7180000000000013,0.7429757710078946
1.7190000000000012,0.7351200599999971
1.720000000000001,0.7324934000000038
1.721000000000001,0.735912680000003
1.7220000000000013,0.7385699700000024
1.7230000000000012,0.7403457199999969
1.724000000000001,0.7375840499999922
1.725000000000001,0.7305210200000015
1.7260000000000013,0.7322318000000095
1.7270000000000012,0.7394188000000051
1.728000000000001,0.7432929900000018
1.729000000000001,0.74525207
1.7300000000000013,0.7452565999999984
1.7310000000000012,0.7440509723907601
1.732000000000001,0.7433748799999995
1.733000000000001,0.7429367300000024
1.7340000000000013,0.7455878900000037
1.7350000000000012,0.7483426300000022
1.736000000000001,0.750313143717628
1.737000000000001,0.750150319999995
1.7380000000000013,0.7456242399999956
1.7390000000000012,0.741671739999998
1.740000000000001,0.7398292399999987
1.741000000000001,0.7386063322907697
1.7420000000000013,0.7391903400000028
1.7430000000000012,0.7413599499999998
1.744000000000001,0.7411182499999992
1.745000000000001,0.7404121199999959
1.7460000000000013,0.7358219490170924
1.7470000000000012,0.7275810799999909
1.748000000000001,0.7207784699999901
1.749000000000001,0.7096785299999895
1.7500000000000013,0.6977593899999941
1.7510000000000012,0.6933463199999932
1.7520000000000011,0.6882630600000015
1.753000000000001,0.6893205000000052
1.7540000000000013,0.6951769591890811
1.7550000000000012,0.6951688499999985
1.7560000000000011,0.694098170000001
1.757000000000001,0.6950377199999989
1.7580000000000013,0.6940307599999923
1.7590000000000012,0.6882961453414589
1.7600000000000011,0.6823495599999952
1.761000000000001,0.6780971899999885
1.7620000000000013,0.6676794299999858
1.7630000000000012,0.658562779999997
1.7640000000000011,0.6558290433736597
1.765000000000001,0.6515134599999965
1.7660000000000013,0.648423020000001
1.7670000000000012,0.6492068199999969
1.7680000000000011,0.6468887899999981
1.769000000000001,0.6451427346055376
1.7700000000000014,0.6473746899999989
1.7710000000000012,0.64657896999999
1.7720000000000011,0.6390713999999816
1.773000000000001,0.6253133999999835
1.7740000000000014,0.6067199099999718
1.7750000000000012,0.5855500099999699
1.7760000000000011,0.5629960299999704
1.777000000000001,0.5363678899999714
1.7780000000000014,0.5106785899999825
1.7790000000000012,0.49753353000000144
1.7800000000000011,0.4988213500000061
1.781000000000001,0.5043124599999949
1.7820000000000014,0.4996939274222477
1.7830000000000013,0.4924681500000008
1.7840000000000011,0.49319598000000586
1.785000000000001,0.49847436000000916
1.7860000000000014,0.5067067100000037
1.7870000000000013,0.5094933204339417
1.7880000000000011,0.4966976599999794
1.789000000000001,0.4781618099999985
1.7900000000000014,0.4764648100000124
1.7910000000000013,0.48575437000000665
1.7920000000000011,0.4907378916478405
1.793000000000001,0.5026010300000107
1.7940000000000014,0.514592289999994
1.7950000000000013,0.51005511999999
1.7960000000000012,0.5025663400000002
1.797000000000001,0.5027639702369766
1.7980000000000014,0.5023440099999886
1.7990000000000013,0.4938337499999914
1.8000000000000012,0.48606801000000255
1.801000000000001,0.4883765300000066
1.8020000000000014,0.49434799000000856
1.8030000000000013,0.4998619600000061
1.8040000000000012,0.5053757400000097
1.805000000000001,0.514219189374077
1.8060000000000014,0.5294129300000119
1.8070000000000013,0.5383577899999944
1.8080000000000012,0.53415208999999
1.809000000000001,0.525125149999995
1.8100000000000014,0.5194472413858494
1.8110000000000013,0.5108610999999831
1.8120000000000012,0.4981734799999865
1.813000000000001,0.48806353999999813
1.8140000000000014,0.48591661000000386
1.8150000000000013,0.4888008015808456
1.8160000000000012,0.481256689999975
1.817000000000001,0.46252193999998265
1.8180000000000014,0.44686687000000047
1.8190000000000013,0.44721949000002886
1.8200000000000012,0.4688927626727603
1.821000000000001,0.4986939100000298
1.8220000000000014,0.5255366600000332
1.8230000000000013,0.5469156500000126
1.8240000000000012,0.5582724800000011
1.825000000000001,0.5592967899999928
1.8260000000000014,0.552791239999982
1.8270000000000013,0.5412507099999833
1.8280000000000012,0.5286545912768621
1.829000000000001,0.5198673599999919
1.8300000000000014,0.5125458799999912
1.8310000000000013,0.505942939999998
1.8320000000000012,0.5044096700000057
1.833000000000001,0.5086344681891835
1.8340000000000014,0.5106163599999947
1.8350000000000013,0.5066059199999813
1.8360000000000012,0.4924967899999709
1.837000000000001,0.4706285599999791
1.8380000000000014,0.4518211807378981
1.8390000000000013,0.4408634299999847
1.8400000000000012,0.42936494999998026
1.841000000000001,0.41154342999998045
1.8420000000000014,0.39392438999997825
1.8430000000000013,0.37991658078090407
1.8440000000000012,0.3654596199999816
1.845000000000001,0.3488913799999851
1.8460000000000014,0.3354776799999886
1.8470000000000013,0.3281632999999927
1.8480000000000012,0.32270410999998606
1.849000000000001,0.3101381399999743
1.8500000000000014,0.28697674999996436
1.8510000000000013,0.26023327999997
1.8520000000000012,0.23770459999997826
1.853000000000001,0.2213725099999919
1.8540000000000014,0.21225372999999798
1.8550000000000013,0.21073999000000515
1.8560000000000012,0.2146157872842741
1.857000000000001,0.21678863000000112
1.8580000000000014,0.21779510000000052
1.8590000000000013,0.21819596999999877
1.8600000000000012,0.21728580000000336
1.861000000000001,0.22034528593241479
1.8620000000000014,0.22720461000000447
1.8630000000000013,0.23007605999999814
1.8640000000000012,0.22839792000000161
1.865000000000001,0.2298422800000112
1.8660000000000014,0.239917972430772
1.8670000000000013,0.2508908500000045
1.8680000000000012,0.2542490099999976
1.869000000000001,0.2520916799999965
1.8700000000000014,0.24895996999999512
1.8710000000000013,0.245298736123383
1.8720000000000012,0.24778736000001786
1.873000000000001,0.2611762300000151
1.8740000000000014,0.2781462700000153
1.8750000000000013,0.2896332400000016
1.8760000000000012,0.2908450099999943
1.8770000000000011,0.2865592199999982
1.8780000000000014,0.28523716000000254
1.8790000000000013,0.28716090398661087
1.8800000000000012,0.2940007700000194
1.8810000000000011,0.30853060000001836
1.8820000000000014,0.32512546000001863
1.8830000000000013,0.3371100700000078
1.8840000000000012,0.34296537232776775
1.8850000000000011,0.3433886499999982
1.8860000000000015,0.34171703000000514
1.8870000000000013,0.34502938000001465
1.8880000000000012,0.35444400000000875
1.8890000000000011,0.3623663277672316
1.8900000000000015,0.3610657999999814
1.8910000000000013,0.34910839999998533
1.8920000000000012,0.33807527999999387
1.8930000000000011,0.33349567999999463
1.8940000000000015,0.3286252470432884
1.8950000000000014,0.3288505400000152
1.8960000000000012,0.3402360700000123
1.8970000000000011,0.34948479999999893
1.8980000000000015,0.34867617000000256
1.8990000000000014,0.35060275000001756
1.9000000000000012,0.3637535300000124
1.9010000000000011,0.37307711999999593
1.9020000000000015,0.36941369999998247
1.9030000000000014,0.35812207999999957
1.9040000000000012,0.35780728000002293
1.9050000000000011,0.3784539700000297
1.9060000000000015,0.40525779000003204
1.9070000000000014,0.4258707394360858
1.9080000000000013,0.4469651000000188
1.9090000000000011,0.4638987500000037
1.9100000000000015,0.46722295999999236
1.9110000000000014,0.4623044699999968
1.9120000000000013,0.4599041629237188
1.9130000000000011,0.4694334000000153
1.9140000000000015,0.4832552100000052
1.9150000000000014,0.48718089000000236
1.9160000000000013,0.4889927500000106
1.9170000000000011,0.4969329959754108
1.9180000000000015,0.5011259899999985
1.9190000000000014,0.49999927999999394
1.9200000000000013,0.4954408699999905
1.9210000000000012,0.48833065999999115
1.9220000000000015,0.48031133193279474
1.9230000000000014,0.47758901000000753
1.9240000000000013,0.4832370900000105
1.9250000000000012,0.49275360000001023
1.9260000000000015,0.501951520000006
1.9270000000000014,0.5058383899999983
1.9280000000000013,0.5047476300000028
1.9290000000000012,0.5072881599999987
1.9300000000000015,0.506045000337945
1.9310000000000014,0.49074837999997634
1.9320000000000013,0.47298472999998
1.9330000000000012,0.45796092999998445
1.9340000000000015,0.4439552099999963
1.9350000000000014,0.44120205685432423
1.9360000000000013,0.4481706000000121
1.9370000000000012,0.4571914700000103
1.9380000000000015,0.46495530000000873
1.9390000000000014,0.4715031100000108
1.9400000000000013,0.479610679243086
1.9410000000000012,0.4906633800000202
1.9420000000000015,0.5058341000000272
1.9430000000000014,0.5233476800000187
1.9440000000000013,0.5374351100000081
1.9450000000000012,0.5434851549955082
1.9460000000000015,0.5419473099999947
1.9470000000000014,0.5386111099999965
1.9480000000000013,0.5364022899999975
1.9490000000000012,0.5342041899999969
1.9500000000000015,0.5314404400000027
1.9510000000000014,0.5331295700000142
1.9520000000000013,0.542173980000012
1.9530000000000012,0.5511671680642011
1.9540000000000015,0.5575478100000066
1.9550000000000014,0.5618100199999918
1.9560000000000013,0.55566256999998
1.9570000000000012,0.5406402899999835
1.9580000000000015,0.5282328077652118
1.9590000000000014,0.5210104599999901
1.9600000000000013,0.5136223999999944
1.9610000000000012,0.5093343300000114
1.9620000000000015,0.5179125700000283
1.9630000000000014,0.536113049952032
1.9640000000000013,0.5564060800000236
1.9650000000000012,0.5740970400000129
1.9660000000000015,0.5857631000000135
1.9670000000000014,0.5944814700000084
1.9680000000000013,0.5999269954474622
1.9690000000000012,0.5991386799999892
1.9700000000000015,0.5893701899999805
1.9710000000000014,0.576785449999988
1.9720000000000013,0.5691022299999909
1.9730000000000012,0.5622965699999839
1.9740000000000015,0.5477638199999744
1.9750000000000014,0.5312951199999869
1.9760000000000013,0.5214317399999924
1.9770000000000012,0.5157229300000021
1.9780000000000015,0.5172876100000177
1.9790000000000014,0.5305722400000216
1.9800000000000013,0.5467019700000183
1.9810000000000012,0.5604261828297338
1.9820000000000015,0.5747544800000237
1.9830000000000014,0.5900653600000151
1.9840000000000013,0.6014127700000083
1.9850000000000012,0.6075534800000034
1.9860000000000015,0.6106673882981766
1.9870000000000014,0.6146503700000073
1.9880000000000013,0.6193425100000034
1.9890000000000012,0.6224534500000004
1.9900000000000015,0.6228881499999958
1.9910000000000014,0.620194649350061
1.9920000000000013,0.6167951799999987
1.9930000000000012,0.6157680200000034
1.9940000000000015,0.6188195900000102
1.9950000000000014,0.6254226000000099
1.9960000000000013,0.6329580164583638
1.9970000000000012,0.6363913999999948
1.9980000000000016,0.6324788299999916
1.9990000000000014,0.6261256899999894
2.0000000000000013,0.6181757999999865
2.0010000000000012,0.6080221908868105
2.0020000000000016,0.5976310591131618
2.0030000000000014,0.5837840999999784
2.0040000000000013,0.5675873340661717
2.0050000000000012,0.5546279959337996
2.0060000000000016,0.5422803799999742
2.0070000000000014,0.5277820199999875
2.0080000000000013,0.5208106318766187
2.0090000000000012,0.5157293981233699
2.0100000000000016,0.5073424600000039
2.0110000000000015,0.5095525337652641
2.0120000000000013,0.520190186234769
2.0130000000000012,0.5257713200000055
2.0140000000000016,0.5298370870366044
2.0150000000000015,0.5371074529634182
2.0160000000000013,0.5433782900000032
2.0170000000000012,0.5456814199999981
2.0180000000000016,0.5442802811207729
2.0190000000000015,0.5423914888792214
2.0200000000000014,0.5440250600000077
2.0210000000000012,0.5498746749810165
2.0220000000000016,0.5607244850190124
2.0230000000000015,0.5706499800000079
2.0240000000000014,0.5765869069786044
2.0250000000000012,0.5766566930213957
2.0260000000000016,0.565024499999965
2.0270000000000015,0.5452460599999688
2.0280000000000014,0.5277121933866351
2.0290000000000012,0.5126500099999866
2.0300000000000016,0.502592679999992
2.0310000000000015,0.49808567013696436
2.0320000000000014,0.4929870398630197
2.0330000000000013,0.4980646100000197
2.0340000000000016,0.5128662542651624
2.0350000000000015,0.5224089057348673
2.0360000000000014,0.5171062899999755
2.0370000000000013,0.49877504252948096
2.0380000000000016,0.48750033747048904
2.0390000000000015,0.4934669400000107
2.0400000000000014,0.5014841600000091
2.0410000000000013,0.5083111789212299
2.0420000000000016,0.5205003910788024
2.0430000000000015,0.5356361900000132
2.0440000000000014,0.5455580314817042
2.0450000000000013,0.5460728485182968
2.0460000000000016,0.5498959400000233
2.0470000000000015,0.5629943090952032
2.0480000000000014,0.5767852609048397
2.0490000000000013,0.5934227100000211
2.0500000000000016,0.6092546000000166
2.0510000000000015,0.6186436010999041
2.0520000000000014,0.6224726399999994
2.0530000000000013,0.6220055199999963
2.0540000000000016,0.6192422665786816
2.0550000000000015,0.6176080534213133
2.0560000000000014,0.6173105800000045
2.0570000000000013,0.6206638141791717
2.0580000000000016,0.6271056058208454
2.0590000000000015,0.6315541300000029
2.0600000000000014,0.6337046222485498
2.0610000000000013,0.6333271077514492
2.0620000000000016,0.6312347099999963
2.0630000000000015,0.6291800699999951
2.0640000000000014,0.6255032280993715
2.0650000000000013,0.6181842219006088
2.0660000000000016,0.6080724599999903
2.0670000000000015,0.6025565465566909
2.0680000000000014,0.6039221134433134
2.0690000000000013,0.6073266300000013
2.0700000000000016,0.6083163827884398
2.0710000000000015,0.6067442672115553
2.0720000000000014,0.605074350000003
2.0730000000000013,0.6073179200000072
2.0740000000000016,0.6127619996930417
2.0750000000000015,0.6195589300000016
2.0760000000000014,0.6208011499999864
2.0770000000000013,0.6105772401779443
2.0780000000000016,0.59347901982201
2.0790000000000015,0.5800428999999857
2.0800000000000014,0.5693129854118973
2.0810000000000013,0.5567671045880637
2.0820000000000016,0.545994819999988
2.0830000000000015,0.5392665043111452
2.0840000000000014,0.5438096156888691
2.0850000000000013,0.5583339300000199
2.0860000000000016,0.5732690700000235
2.0870000000000015,0.5864606957008749
2.0880000000000014,0.5958177042991541
2.0890000000000013,0.5980209099999957
2.0900000000000016,0.5947356978504235
2.0910000000000015,0.5907142021495642
2.0920000000000014,0.5870369099999972
2.0930000000000013,0.5849249564547085
2.0940000000000016,0.5844895035452903
2.0950000000000015,0.5821185099999946
2.0960000000000014,0.5780512099999956
2.0970000000000013,0.5747288901229876
2.0980000000000016,0.574530120000002
2.0990000000000015,0.5760227399999988
2.1000000000000014,0.5751088071755646
2.1010000000000013,0.5748805628244348
2.1020000000000016,0.5768423699999972
2.1030000000000015,0.5752256411507609
2.1040000000000014,0.569737148849222
2.1050000000000013,0.564433520000001
2.1060000000000016,0.5651910926434838
2.1070000000000015,0.5729175273565403
2.1080000000000014,0.5781036600000045
2.1090000000000013,0.5814121400000103
2.1100000000000017,0.5891454897630554
2.1110000000000015,0.59404312023696
2.1120000000000014,0.5897197699999778
2.1130000000000013,0.5730924611317534
2.1140000000000017,0.5558037788682005
2.1150000000000015,0.5499836800000036
2.1160000000000014,0.5526977571355832
2.1170000000000013,0.5590691128644367
2.1180000000000017,0.5646956600000123
2.1190000000000015,0.5738789999999971
2.1200000000000014,0.5716883751929406
2.1210000000000013,0.5587403048070193
2.1220000000000017,0.562026080000012
2.1230000000000016,0.5687517072555617
2.1240000000000014,0.5766242627444629
2.1250000000000013,0.5896859200000094
2.1260000000000017,0.596805166468719
2.1270000000000016,0.6046698535313055
2.1280000000000014,0.6138166799999981
2.1290000000000013,0.6124099537832232
2.1300000000000017,0.5951477862167308
2.1310000000000016,0.5889756699999908
2.1320000000000014,0.5838738099999811
2.1330000000000013,0.5731969345071019
2.1340000000000017,0.5760420054929056
2.1350000000000016,0.5873716500000071
2.1360000000000015,0.5913738102239448
2.1370000000000013,0.5848760497760351
2.1380000000000017,0.5813366200000093
2.1390000000000016,0.5865612093961131
2.1400000000000015,0.5818551706038722
2.1410000000000013,0.5742009899999909
2.1420000000000017,0.5673339999999829
2.1430000000000016,0.5576989231733664
2.1440000000000015,0.5584306568266357
2.1450000000000014,0.5670003900000161
2.1460000000000017,0.579114616232765
2.1470000000000016,0.5862769437672573
2.1480000000000015,0.5793706200000108
2.1490000000000014,0.5875611272585546
2.1500000000000017,0.5929337127414598
2.1510000000000016,0.5856093200000164
2.1520000000000015,0.5948322400000098
2.1530000000000014,0.6003492283011782
2.1540000000000017,0.5865656700000001
2.1550000000000016,0.5866426200000094
2.1560000000000015,0.5919249459867869
2.1570000000000014,0.5821848140131828
2.1580000000000017,0.5707717499999941
2.1590000000000016,0.5674856291501719
2.1600000000000015,0.5686771308498318
2.1610000000000014,0.554920319999961
2.1620000000000017,0.5256411898260183
2.1630000000000016,0.5153394501739498
2.1640000000000015,0.5236055300000212
2.1650000000000014,0.5395532800000005
2.1660000000000017,0.5398956388022086
2.1670000000000016,0.5206836611977317
2.1680000000000015,0.5159902000000104
2.1690000000000014,0.5238158292001484
2.1700000000000017,0.5139078307998252
2.1710000000000016,0.48706247999996627
2.1720000000000015,0.46807047703260457
2.1730000000000014,0.4749408029674168
2.1740000000000017,0.49118303999998963
2.1750000000000016,0.4853512599999511
2.1760000000000015,0.457830082117747
2.1770000000000014,0.4269834199999629
2.1780000000000017,0.399160059999978
2.1790000000000016,0.3867766517756702
2.1800000000000015,0.4024944082243786
2.1810000000000014,0.3957883099999484
2.1820000000000017,0.35709626196953126
2.1830000000000016,0.31071595803032453
2.1840000000000015,0.29599255000006536
2.1850000000000014,0.34501702064394474
2.1860000000000017,0.4079234593562508
2.1870000000000016,0.4341053100000169
2.1880000000000015,0.44358969000000564
2.1890000000000014,0.44782505745047074
2.1900000000000017,0.41429956254942507
2.1910000000000016,0.3415490399999583
2.1920000000000015,0.3180636292852542
2.1930000000000014,0.38705648071496024
2.1940000000000017,0.45732915000002045
2.1950000000000016,0.4688293370675922
2.1960000000000015,0.4724000129324189
2.1970000000000014,0.49839813000002997
2.1980000000000017,0.5208813000000471
2.1990000000000016,0.5473610598200427
2.2000000000000015,0.5626592599999888
2.2010000000000014,0.5542277700000057
2.2020000000000017,0.5584597124395276
2.2030000000000016,0.5680841075605023
2.2040000000000015,0.5637946100000018
2.2050000000000014,0.5651016598390405
2.2060000000000017,0.5702000501609776
2.2070000000000016,0.5711752800000196
2.2080000000000015,0.582230168910226
2.2090000000000014,0.5872192710897896
2.2100000000000017,0.590675890000011
2.2110000000000016,0.5968416900000029
2.2120000000000015,0.5984550309718135
2.2130000000000014,0.6033647490282017
2.2140000000000017,0.6117499500000121
2.2150000000000016,0.6185557773835261
2.2160000000000015,0.6202296126164791
2.2170000000000014,0.6128793999999992
2.2180000000000017,0.6122984455338916
2.2190000000000016,0.6112537844661052
2.2200000000000015,0.5992239099999817
2.2210000000000014,0.5854676399999925
2.2220000000000018,0.5798829893150715
2.2230000000000016,0.5817761400000021
2.2240000000000015,0.5833231199999959
2.2250000000000014,0.5802589394271036
2.2260000000000018,0.5734532105728721
2.2270000000000016,0.5769709299999973
2.2280000000000015,0.5754866685492797
2.2290000000000014,0.5689721614507002
2.2300000000000018,0.5715106700000033
2.2310000000000016,0.5733924116796703
2.2320000000000015,0.5772092083203417
2.2330000000000014,0.583773910000009
2.2340000000000018,0.5905268800000194
2.2350000000000017,0.601482563883233
2.2360000000000015,0.6074213961167855
2.2370000000000014,0.6070039900000068
2.2380000000000018,0.6120773909408096
2.2390000000000017,0.6106867990591861
2.2400000000000015,0.6049846400000101
2.2410000000000014,0.6126067482833633
2.2420000000000018,0.6249895817166806
2.2430000000000017,0.6271495799999731
2.2440000000000015,0.6070117999999813
2.2450000000000014,0.5930298528304425
2.2460000000000018,0.5983581571695764
2.2470000000000017,0.5948466099999816
2.2480000000000016,0.5844745087482447
2.2490000000000014,0.5809619912517443
2.2500000000000018,0.5798866200000199
2.2510000000000017,0.591064981860644
2.2520000000000016,0.6010835881393871
2.2530000000000014,0.6024504300000022
2.254000000000002,0.6040752068716202
2.2550000000000017,0.6006439231283691
2.2560000000000016,0.5934354699999966
2.2570000000000014,0.5915434400000119
2.258000000000002,0.5982379813397213
2.2590000000000017,0.591551378660258
2.2600000000000016,0.5829781300000118
2.2610000000000015,0.5896188551569705
2.262000000000002,0.5907704248430335
2.2630000000000017,0.5856936599999972
2.2640000000000016,0.5841174413657264
2.2650000000000015,0.5838310986342727
2.266000000000002,0.5797581099999864
2.2670000000000017,0.5721549399999748
2.2680000000000016,0.5579402427974193
2.2690000000000015,0.5447682172025398
2.270000000000002,0.5496199700000323
2.2710000000000017,0.5678148714447243
2.2720000000000016,0.5760293185553012
2.2730000000000015,0.5776458999999943
2.274000000000002,0.5733676367196462
2.2750000000000017,0.5672348332803347
2.2760000000000016,0.5631029599999897
2.2770000000000015,0.5573116499999976
2.278000000000002,0.5559232988351138
2.2790000000000017,0.5607839200000025
2.2800000000000016,0.5622136599999931
2.2810000000000015,0.5583453203279259
2.282000000000002,0.5530485996720553
2.2830000000000017,0.5395845799999822
2.2840000000000016,0.5295987461887522
2.2850000000000015,0.5233606338112284
2.286000000000002,0.5188278000000034
2.2870000000000017,0.5206720827284658
2.2880000000000016,0.5277993672715564
2.2890000000000015,0.538465560000018
2.290000000000002,0.5519600500000191
2.2910000000000017,0.5627007610168064
2.2920000000000016,0.5688109289832125
2.2930000000000015,0.5734432900000037
2.294000000000002,0.5761973630813834
2.2950000000000017,0.5759281769186159
2.2960000000000016,0.5777370300000082
2.2970000000000015,0.5823798282693589
2.298000000000002,0.5902625217306692
2.2990000000000017,0.5979336499999918
2.3000000000000016,0.5932946799999698
2.3010000000000015,0.5762835511128632
2.302000000000002,0.5653107800000017
2.3030000000000017,0.5662325000000114
2.3040000000000016,0.5725947716116931
2.3050000000000015,0.5822108883883367
2.306000000000002,0.5863795299999917
2.3070000000000017,0.581676945765837
2.3080000000000016,0.575534604234144
2.3090000000000015,0.5740532900000052
2.310000000000002,0.5779071106858709
2.3110000000000017,0.5829139693141469
2.3120000000000016,0.5800112499999738
2.3130000000000015,0.5652396099999828
2.314000000000002,0.5523104072935529
2.3150000000000017,0.5594833427064726
2.3160000000000016,0.5766443000000123
2.3170000000000015,0.5835737469176171
2.318000000000002,0.5840429230823845
2.3190000000000017,0.5860492000000064
2.3200000000000016,0.5896867807318571
2.3210000000000015,0.5917940992681495
2.322000000000002,0.5949968700000139
2.3230000000000017,0.6028033500000162
2.3240000000000016,0.6119377890271073
2.3250000000000015,0.6181280599999995
2.326000000000002,0.6178280699999908
2.3270000000000017,0.6126904529594004
2.3280000000000016,0.6079200470405847
2.3290000000000015,0.6080533900000019
2.330000000000002,0.6094312892491396
2.3310000000000017,0.6043237807508399
2.3320000000000016,0.5970166899999962
2.3330000000000015,0.5949010179884013
2.334000000000002,0.5942809020115966
2.3350000000000017,0.596267760000012
2.3360000000000016,0.6030153600000108
2.3370000000000015,0.6090858915516969
2.338000000000002,0.6136014084483191
2.3390000000000017,0.6154412599999969
2.3400000000000016,0.613686647587482
2.3410000000000015,0.613362522412517
2.342000000000002,0.6150043599999981
2.3430000000000017,0.6139509203549214
2.3440000000000016,0.6092544696450639
2.3450000000000015,0.6034620999999967
2.346000000000002,0.6009949400000014
2.3470000000000018,0.6018187009889023
2.3480000000000016,0.6026285899999989
2.3490000000000015,0.6018022299999982
2.350000000000002,0.6005023353769239
2.3510000000000018,0.6001561046230748
2.3520000000000016,0.6032056200000071
2.3530000000000015,0.607235014304144
2.354000000000002,0.6101780556958665
2.3550000000000018,0.6109731199999963
2.3560000000000016,0.6088777909078118
2.3570000000000015,0.6047868690921755
2.358000000000002,0.6017621200000041
2.3590000000000018,0.6040945100000099
2.3600000000000017,0.6096534979854062
2.3610000000000015,0.6117333520146002
2.362000000000002,0.6113342600000012
2.3630000000000018,0.6120146280303954
2.3640000000000017,0.6129949319696075
2.3650000000000015,0.6130275699999975
2.366000000000002,0.6112121837852391
2.3670000000000018,0.6093500362147534
2.3680000000000017,0.6074067399999961
2.3690000000000015,0.6045312299999964
2.370000000000002,0.6018767156728627
2.3710000000000018,0.600533444327132
2.3720000000000017,0.6014514600000003
2.3730000000000016,0.6016008190031974
2.374000000000002,0.6003908509967982
2.3750000000000018,0.5964931799999917
2.3760000000000017,0.5918903572155602
2.3770000000000016,0.5938625127844461
2.378000000000002,0.5998548300000016
2.379000000000002,0.6008054179594007
2.3800000000000017,0.596185012040585
2.3810000000000016,0.5919209100000024
2.382000000000002,0.593204920000008
2.383000000000002,0.596782804756046
2.3840000000000017,0.5950303652439486
2.3850000000000016,0.590474959999997
2.386000000000002,0.5888019702429488
2.387000000000002,0.5875043997570462
2.3880000000000017,0.5857590400000009
2.3890000000000016,0.586237305178967
2.390000000000002,0.5879890948210392
2.391000000000002,0.5892248700000022
2.3920000000000017,0.5904509399999998
2.3930000000000016,0.5903516034523032
2.394000000000002,0.5863861265476829
2.395000000000002,0.5807521899999939
2.3960000000000017,0.5773315018926141
2.3970000000000016,0.5727504281073718
2.398000000000002,0.5685023100000094
2.399000000000002,0.573804371520715
2.4000000000000017,0.5856195784793218
2.4010000000000016,0.5924789300000021
2.4020000000000015,0.5936676899999991
2.403000000000002,0.5931457221967793
2.4040000000000017,0.5910213000000002
2.4050000000000016,0.5910952100000061
2.406000000000002,0.5945361693421398
2.407000000000002,0.5985295906578761
2.4080000000000017,0.6009437399999991
2.4090000000000016,0.6004620373795176
2.4100000000000015,0.5964358326204698
2.411000000000002,0.5910089000000002
2.4120000000000017,0.5911064895460997
2.4130000000000016,0.5966019504539174
2.414000000000002,0.6014721400000065
2.415000000000002,0.6050834700000026
2.4160000000000017,0.6065985823015364
2.4170000000000016,0.6045215976984573
2.4180000000000015,0.6000227899999946
2.419000000000002,0.5959327069336091
2.4200000000000017,0.593402043066383
2.4210000000000016,0.5914688099999962
2.422000000000002,0.5893693401539628
2.423000000000002,0.5862708798460249
2.4240000000000017,0.5810744799999861
2.4250000000000016,0.5732418299999896
2.4260000000000015,0.5674122429586954
2.427000000000002,0.560337779999976
2.4280000000000017,0.5468133099999833
2.4290000000000016,0.5374092545160835
2.430000000000002,0.5291544154838872
2.431000000000002,0.5126017299999964
2.4320000000000017,0.51057828228457
2.4330000000000016,0.527301127715482
2.4340000000000015,0.53914046
2.435000000000002,0.5391525280503758
2.4360000000000017,0.5304330319495932
2.4370000000000016,0.5107575699999404
2.438000000000002,0.4771685299999542
2.439000000000002,0.45138357242352084
2.4400000000000017,0.45480780757649136
2.4410000000000016,0.46734556999999716
2.4420000000000015,0.46574839635268717
2.443000000000002,0.43951192364721964
2.4440000000000017,0.4082217500000137
2.4450000000000016,0.41595887992209496
2.446000000000002,0.46515810007807984
2.447000000000002,0.49435215999996773
2.4480000000000017,0.47620942999992766
2.4490000000000016,0.43548008289366197
2.4500000000000015,0.40530902000002733
2.451000000000002,0.4258178800000853
2.4520000000000017,0.47383945767150987
2.4530000000000016,0.5012161723285752
2.454000000000002,0.5104239600000039
2.455000000000002,0.5125942652089688
2.4560000000000017,0.5177463547910518
2.4570000000000016,0.5287363500000183
2.4580000000000015,0.539043718030415
2.459000000000002,0.5521240219696314
2.4600000000000017,0.5623640399999993
2.4610000000000016,0.5619742299999896
2.462000000000002,0.5560881481783594
2.463000000000002,0.5536699318216309
2.4640000000000017,0.554736970000001
2.4650000000000016,0.5553162130053979
2.4660000000000015,0.5547462669946003
2.467000000000002,0.5530066499999958
2.4680000000000017,0.5506203486142728
2.4690000000000016,0.5479064913857188
2.470000000000002,0.548312190000006
2.471000000000002,0.5516598200000017
2.4720000000000018,0.5526086175272473
2.4730000000000016,0.5526838900000002
2.4740000000000015,0.5528835699999955
2.475000000000002,0.5495877817066537
2.4760000000000018,0.5472048482933367
2.4770000000000016,0.5502945200000057
2.478000000000002,0.5534548450919834
2.479000000000002,0.5543057649080201
2.4800000000000018,0.553324939999994
2.4810000000000016,0.5499305925704795
2.4820000000000015,0.5459562974295082
2.483000000000002,0.541814569999987
2.4840000000000018,0.5345141899999858
2.4850000000000017,0.5265161170725832
2.486000000000002,0.5250868429274117
2.487000000000002,0.5283195999999973
2.4880000000000018,0.5268095402199536
2.4890000000000017,0.5253117397800418
2.4900000000000015,0.5338203300000125
2.491000000000002,0.5432013046950617
2.4920000000000018,0.5435482553049398
2.4930000000000017,0.5415453899999962
2.494000000000002,0.5386801999999792
2.495000000000002,0.5270220977304276
2.4960000000000018,0.5141994022695212
2.4970000000000017,0.5097492299999844
2.4980000000000016,0.5009512052079408
2.499000000000002,0.4900032847920204
2.5000000000000018,0.48792526
2.5010000000000017,0.48792526
2.502000000000002,0.48792526
2.503000000000002,0.48792526
2.504000000000002,0.48792526
2.5050000000000017,0.48792526
2.5060000000000016,0.48792526
2.507000000000002,0.48792526
2.508000000000002,0.48792526
2.5090000000000017,0.48792526
2.510000000000002,0.48792526
2.511000000000002,0.48792526
2.512000000000002,0.48792526
2.5130000000000017,0.48792526
2.5140000000000016,0.48792526
2.515000000000002,0.48792526
2.516000000000002,0.48792526
2.5170000000000017,0.48792526
2.518000000000002,0.48792526
2.519000000000002,0.48792526
2.520000000000002,0.48792526
2.5210000000000017,0.48792526
2.5220000000000016,0.48792526
2.523000000000002,0.48792526
2.524000000000002,0.48792526
2.5250000000000017,0.48792526
2.526000000000002,0.48792526
2.527000000000002,0.48792526
2.528000000000002,0.48792526
2.5290000000000017,0.48792526
2.5300000000000016,0.48792526
2.531000000000002,0.48792526
2.532000000000002,0.48792526
2.5330000000000017,0.48792526
2.534000000000002,0.48792526
2.535000000000002,0.48792526
2.536000000000002,0.48792526
2.5370000000000017,0.48792526
2.5380000000000016,0.48792526
2.539000000000002,0.48792526
2.540000000000002,0.48792526
2.5410000000000017,0.48792526
2.542000000000002,0.48792526
2.543000000000002,0.48792526
2.544000000000002,0.48792526
2.5450000000000017,0.48792526
2.5460000000000016,0.48792526
2.547000000000002,0.48792526
2.548000000000002,0.48792526
2.5490000000000017,0.48792526
2.550000000000002,0.48792526
2.551000000000002,0.48792526
2.552000000000002,0.48792526
2.5530000000000017,0.48792526
2.5540000000000016,0.48792526
2.555000000000002,0.48792526
2.556000000000002,0.48792526
2.5570000000000017,0.48792526
2.558000000000002,0.48792526
2.559000000000002,0.48792526
2.560000000000002,0.48792526
2.5610000000000017,0.48792526
2.5620000000000016,0.48792526
2.563000000000002,0.48792526
2.564000000000002,0.48792526
2.5650000000000017,0.48792526
2.566000000000002,0.48792526
2.567000000000002,0.48792526
2.568000000000002,0.48792526
2.5690000000000017,0.48792526
2.5700000000000016,0.48792526
2.571000000000002,0.48792526
2.572000000000002,0.48792526
2.5730000000000017,0.48792526
2.574000000000002,0.48792526
2.575000000000002,0.48792526
2.576000000000002,0.48792526
2.5770000000000017,0.48792526
2.5780000000000016,0.48792526
2.579000000000002,0.48792526
2.580000000000002,0.48792526
2.5810000000000017,0.48792526
2.582000000000002,0.48792526
2.583000000000002,0.48792526
2.584000000000002,0.48792526
2.5850000000000017,0.48792526
2.5860000000000016,0.48792526
2.587000000000002,0.48792526
2.588000000000002,0.48792526
2.5890000000000017,0.48792526
2.590000000000002,0.48792526
2.591000000000002,0.48792526
2.592000000000002,0.48792526
2.5930000000000017,0.48792526
2.5940000000000016,0.48792526
2.595000000000002,0.48792526
2.596000000000002,0.48792526
2.5970000000000018,0.48792526
2.598000000000002,0.48792526
2.599000000000002,0.48792526
