wave,r
0.4,0.6805732025567489
0.401,0.6833181076124479
0.402,0.6860793523875522
0.403,0.6887577200000001
0.404,0.6913823237539625
0.405,0.69397986
0.406,0.6965399052431953
0.40700000000000003,0.699064224756805
0.40800000000000003,0.7014707525623489
0.40900000000000003,0.7037269874376513
0.41000000000000003,0.7061099400000002
0.41100000000000003,0.7084551265481346
0.41200000000000003,0.7106986
0.41300000000000003,0.7128649005418947
0.41400000000000003,0.7149190900000001
0.41500000000000004,0.7169415003151938
0.41600000000000004,0.7189730196848064
0.41700000000000004,0.72095734
0.41800000000000004,0.7228982205911942
0.41900000000000004,0.7247674500000001
0.42000000000000004,0.7265569779843203
0.42100000000000004,0.72835541
0.42200000000000004,0.7301087570638588
0.42300000000000004,0.7318151429361414
0.42400000000000004,0.7335125962413752
0.42500000000000004,0.735136733758625
0.42600000000000005,0.7367168100000001
0.42700000000000005,0.7382818655524446
0.42800000000000005,0.7398371100000001
0.42900000000000005,0.7413727749241016
0.43000000000000005,0.7428651850758985
0.43100000000000005,0.7443041945248096
0.43200000000000005,0.7457566754751905
0.43300000000000005,0.7471777800000001
0.43400000000000005,0.748560983713663
0.43500000000000005,0.7499323500000001
0.43600000000000005,0.7512511129160417
0.43700000000000006,0.7525427170839585
0.43800000000000006,0.7538288927158457
0.43900000000000006,0.7551004772841544
0.44000000000000006,0.7563719700000001
0.44100000000000006,0.7576096576231238
0.44200000000000006,0.7587830400000001
0.44300000000000006,0.7599687119760605
0.44400000000000006,0.7611663180239396
0.44500000000000006,0.7623379909187816
0.44600000000000006,0.7634298690812185
0.44700000000000006,0.7645344700000001
0.44800000000000006,0.765655028794412
0.44900000000000007,0.7667589800000001
0.45000000000000007,0.7677652303274936
0.45100000000000007,0.7687979796725066
0.45200000000000007,0.7698382798507031
0.45300000000000007,0.770823350149297
0.45400000000000007,0.7717886
0.45500000000000007,0.772747450411496
0.45600000000000007,0.7736975
0.4570000000000001,0.7746225092285077
0.4580000000000001,0.7755453600000001
0.4590000000000001,0.7764542189095219
0.4600000000000001,0.7773451710904782
0.4610000000000001,0.77825171
0.4620000000000001,0.7790959415576845
0.4630000000000001,0.7798959600000002
0.4640000000000001,0.7807105278820212
0.4650000000000001,0.78149873
0.4660000000000001,0.7822777076447471
0.4670000000000001,0.7830421823552529
0.4680000000000001,0.7837597771673567
0.4690000000000001,0.7844765128326434
0.4700000000000001,0.7851883800000001
0.4710000000000001,0.7858880272424277
0.4720000000000001,0.78661227
0.4730000000000001,0.7872796162427752
0.4740000000000001,0.787903893757225
0.4750000000000001,0.7885494266887663
0.4760000000000001,0.7892183033112339
0.4770000000000001,0.78983438
0.4780000000000001,0.7903891259628404
0.4790000000000001,0.7909854100000001
0.4800000000000001,0.7915267353756925
0.4810000000000001,0.7920643046243075
0.4820000000000001,0.7926449851288976
0.4830000000000001,0.7931578748711026
0.4840000000000001,0.7936571200000001
0.4850000000000001,0.7941709148620515
0.4860000000000001,0.79469585
0.4870000000000001,0.7951780645745086
0.4880000000000001,0.7956355154254916
0.4890000000000001,0.7960875044125117
0.4900000000000001,0.7965287555874883
0.4910000000000001,0.79697245
0.4920000000000001,0.7974260354641454
0.4930000000000001,0.7978844
0.4940000000000001,0.7982954441436586
0.4950000000000001,0.79870981
0.4960000000000001,0.799130983853923
0.4970000000000001,0.7995163761460772
0.4980000000000001,0.79988134
0.4990000000000001,0.8002425963874361
0.5000000000000001,0.80060422
0.5010000000000001,0.800940633594872
0.5020000000000001,0.8013001215686216
0.5030000000000001,0.8016857422875856
0.5040000000000001,0.8020727561298614
0.5050000000000001,0.80242079
0.5060000000000001,0.8027499364728763
0.5070000000000001,0.8030735802906855
0.5080000000000001,0.8033897836759368
0.5090000000000001,0.80370617
0.5100000000000001,0.8040190330345304
0.5110000000000001,0.8043224855977761
0.5120000000000001,0.8046023744022239
0.5130000000000001,0.8049151868718688
0.5140000000000001,0.80524713
0.5150000000000001,0.8055425328741576
0.5160000000000001,0.805829948661467
0.5170000000000001,0.8061186642256888
0.5180000000000001,0.8064072071145713
0.5190000000000001,0.8066801427710277
0.5200000000000001,0.8069572458863057
0.5210000000000001,0.8072515611705415
0.5220000000000001,0.8075673568420368
0.5230000000000001,0.80787414
0.5240000000000001,0.8081953532062321
0.5250000000000001,0.8085159755821767
0.5260000000000001,0.8087950844178233
0.5270000000000001,0.8090832771180712
0.5280000000000001,0.80939382
0.5290000000000001,0.8097174856672567
0.5300000000000001,0.810000849161842
0.5310000000000001,0.8103062438921055
0.5320000000000001,0.8106261468009681
0.5330000000000001,0.8109282929176292
0.5340000000000001,0.8112200561020949
0.5350000000000001,0.8115251608468578
0.5360000000000001,0.8118432768188364
0.5370000000000001,0.81214631
0.5380000000000001,0.812455653148463
0.5390000000000001,0.8127704993889306
0.5400000000000001,0.813083463740713
0.5410000000000001,0.8133853669809699
0.5420000000000001,0.81366777
0.5430000000000001,0.8139462559411029
0.5440000000000002,0.8142433110883456
0.5450000000000002,0.8145213044401445
0.5460000000000002,0.81479359
0.5470000000000002,0.8150560320796209
0.5480000000000002,0.8152639943152274
0.5490000000000002,0.8154797556847726
0.5500000000000002,0.8157073877236773
0.5510000000000002,0.81593275
0.5520000000000002,0.8161565121857437
0.5530000000000002,0.8163750865744713
0.5540000000000002,0.8165942356170192
0.5550000000000002,0.816824017702177
0.5560000000000002,0.8170524221536216
0.5570000000000002,0.817267784099395
0.5580000000000002,0.8174727538509076
0.5590000000000002,0.8177011554319544
0.5600000000000002,0.81794119
0.5610000000000002,0.8181849724510245
0.5620000000000002,0.8184300755429783
0.5630000000000002,0.8187072244570217
0.5640000000000002,0.8189698473737738
0.5650000000000002,0.8192099300000001
0.5660000000000002,0.8194721957054572
0.5670000000000002,0.819757468902655
0.5680000000000002,0.8200542240648968
0.5690000000000002,0.8203500470417705
0.5700000000000002,0.8206480129427295
0.5710000000000002,0.8209422855871207
0.5720000000000002,0.8212216416193191
0.5730000000000002,0.8214712675037501
0.5740000000000002,0.82169306
0.5750000000000002,0.8219158625064251
0.5760000000000002,0.8221665058755652
0.5770000000000002,0.8224602841244351
0.5780000000000002,0.8227541970608706
0.5790000000000002,0.8230441800000001
0.5800000000000002,0.8233365455290553
0.5810000000000002,0.8236129979085046
0.5820000000000002,0.8238766147276636
0.5830000000000002,0.82413059
0.5840000000000002,0.824380162802628
0.5850000000000002,0.8246604259447028
0.5860000000000002,0.8249576610829459
0.5870000000000002,0.8252501470751415
0.5880000000000002,0.8255248700000001
0.5890000000000002,0.8257896926536531
0.5900000000000002,0.8260550582105896
0.5910000000000002,0.8263287445262737
0.5920000000000002,0.8265860674267743
0.5930000000000002,0.8268549431066311
0.5940000000000002,0.8271656075278236
0.5950000000000002,0.8275419987082647
0.5960000000000002,0.8279192924541248
0.5970000000000002,0.8282886700000001
0.5980000000000002,0.8286501232323324
0.5990000000000002,0.8289733557361707
0.6000000000000002,0.8292601642638294
0.6010000000000002,0.829550977091871
0.6020000000000002,0.8299027700000001
0.6030000000000002,0.8302300030952618
0.6040000000000002,0.8305395294876257
0.6050000000000002,0.8308557836749163
0.6060000000000002,0.831207036487465
0.6070000000000002,0.8315841639833399
0.6080000000000002,0.8319824980451979
0.6090000000000002,0.8323847579322035
0.6100000000000002,0.8327166966806336
0.6110000000000002,0.8330504300000001
0.6120000000000002,0.8334193838702388
0.6130000000000002,0.8338064074145035
0.6140000000000002,0.8341771325854966
0.6150000000000002,0.8345510362609627
0.6160000000000002,0.8349375700000001
0.6170000000000002,0.8352833469522697
0.6180000000000002,0.8356309610037499
0.6190000000000002,0.8359977526641669
0.6200000000000002,0.8363884700000002
0.6210000000000002,0.8367941440424405
0.6220000000000002,0.8371983879938004
0.6230000000000002,0.8375980780092995
0.6240000000000002,0.838008575895018
0.6250000000000002,0.8384369000000002
0.6260000000000002,0.838850083690174
0.6270000000000002,0.8392191004727764
0.6280000000000002,0.839568193018149
0.6290000000000002,0.8399384562973631
0.6300000000000002,0.8403292900000001
0.6310000000000002,0.8407118976540174
0.6320000000000002,0.8410945985189741
0.6330000000000002,0.8415006918781188
0.6340000000000002,0.8419304500000001
0.6350000000000002,0.8423385636812368
0.6360000000000002,0.8427066873501061
0.6370000000000002,0.8430741926498941
0.6380000000000002,0.8434870758711588
0.6390000000000002,0.8438800600000002
0.6400000000000002,0.8442744039286788
0.6410000000000002,0.8446672711735415
0.6420000000000002,0.8450397225509725
0.6430000000000002,0.8454084963122631
0.6440000000000002,0.8457755436842369
0.6450000000000002,0.8461439673072347
0.6460000000000002,0.8465093290391481
0.6470000000000002,0.8469006960863218
0.6480000000000002,0.8472981500000001
0.6490000000000002,0.8476676333528336
0.6500000000000002,0.8480029164633416
0.6510000000000002,0.8483260835366586
0.6520000000000002,0.8486452068087682
0.6530000000000002,0.8489437100000001
0.6540000000000002,0.8492311254480546
0.6550000000000002,0.8495035278674067
0.6560000000000002,0.8497657747550623
0.6570000000000003,0.8500674969827698
0.6580000000000003,0.8503500827496275
0.6590000000000003,0.8506250461758913
0.6600000000000003,0.8509338407361633
0.6610000000000003,0.8512716866215325
0.6620000000000003,0.8515822300000001
0.6630000000000003,0.8518327519824397
0.6640000000000003,0.85203099680186
0.6650000000000003,0.8522577254654268
0.6660000000000003,0.8525134874423744
0.6670000000000003,0.85276794
0.6680000000000003,0.8529743643495826
0.6690000000000003,0.8531918434756263
0.6700000000000003,0.8534114356081561
0.6710000000000003,0.8535864400000001
0.6720000000000003,0.8537794923419234
0.6730000000000003,0.8540136852437903
0.6740000000000003,0.8542758747562098
0.6750000000000003,0.8545103676550766
0.6760000000000003,0.85469115
0.6770000000000003,0.8548545218943379
0.6780000000000003,0.8550439554339283
0.6790000000000003,0.8552250863773811
0.6800000000000003,0.8554095581552816
0.6810000000000003,0.85560292198902
0.6820000000000003,0.8558018231838409
0.6830000000000003,0.8559610152242388
0.6840000000000003,0.8561170068801688
0.6850000000000003,0.85629463
0.6860000000000003,0.8564687415109151
0.6870000000000003,0.8566198325522979
0.6880000000000003,0.856747447447702
0.6890000000000003,0.8568673688007881
0.6900000000000003,0.8570257400000001
0.6910000000000003,0.8572151737216374
0.6920000000000003,0.8574012540857957
0.6930000000000003,0.8575374472761362
0.6940000000000003,0.8576633887405875
0.6950000000000003,0.8577941113268134
0.6960000000000003,0.857926792040698
0.6970000000000003,0.858028826938953
0.6980000000000003,0.8581579287089742
0.6990000000000003,0.85829878
0.7000000000000003,0.8584159012487125
0.7010000000000003,0.858540772547498
0.7020000000000003,0.8586681474525019
0.7030000000000003,0.8588032086493865
0.7040000000000003,0.85895407
0.7050000000000003,0.8590502716570166
0.7060000000000003,0.8591331232668367
0.7070000000000003,0.859242017822109
0.7080000000000003,0.85937864
0.7090000000000003,0.8594510603689037
0.7100000000000003,0.8594879513613319
0.7110000000000003,0.8595560179580021
0.7120000000000003,0.8596672388877779
0.7130000000000003,0.85976344
0.7140000000000003,0.8598380108869178
0.7150000000000003,0.8599267013409329
0.7160000000000003,0.8599713991060447
0.7170000000000003,0.8599869598443984
0.7180000000000003,0.8600022804578046
0.7190000000000003,0.8600480608761563
0.7200000000000003,0.8600918686857657
0.7210000000000003,0.8601014598081981
0.7220000000000003,0.86006147
0.7230000000000003,0.8600320796167962
0.7240000000000003,0.8599937587720492
0.7250000000000003,0.8599323612279508
0.7260000000000003,0.8598463508601085
0.7270000000000003,0.8597753
0.7280000000000003,0.859712179400388
0.7290000000000003,0.8596522188468576
0.7300000000000003,0.8596137807687615
0.7310000000000003,0.8595361107767077
0.7320000000000003,0.8594279888722888
0.7330000000000003,0.8593152174155292
0.7340000000000003,0.8591859938767061
0.7350000000000003,0.8590168416915338
0.7360000000000003,0.8588159099999999
0.7370000000000003,0.858616348202882
0.7380000000000003,0.858436636398944
0.7390000000000003,0.858256583601056
0.7400000000000003,0.85805619200392
0.7410000000000003,0.8578312999999999
0.7420000000000003,0.8576067656023559
0.7430000000000003,0.8573868832446377
0.7440000000000003,0.8571617045035748
0.7450000000000003,0.8568980699999998
0.7460000000000003,0.856615007115071
0.7470000000000003,0.8563265144164791
0.7480000000000003,0.8560473383752811
0.7490000000000003,0.855812012353247
0.7500000000000003,0.8555939799999999
0.7510000000000003,0.8553684875347506
0.7520000000000003,0.8551219637882105
0.7530000000000003,0.8549149041411928
0.7540000000000003,0.8547493816552165
0.7550000000000003,0.85462111
0.7560000000000003,0.8545412991572422
0.7570000000000003,0.8544991612641368
0.7580000000000003,0.8544809803636035
0.7590000000000003,0.85447192
0.7600000000000003,0.8544710903159032
0.7610000000000003,0.8545026811919523
0.7620000000000003,0.8545622788080477
0.7630000000000003,0.8546152094706947
0.7640000000000003,0.85466313
0.7650000000000003,0.8547089706115123
0.7660000000000003,0.8547701236067197
0.7670000000000003,0.8548903475955203
0.7680000000000003,0.8550487184162842
0.7690000000000003,0.855222231698717
0.7700000000000004,0.8553921035940203
0.7710000000000004,0.8555718046089696
0.7720000000000004,0.8557460282577652
0.7730000000000004,0.8559264500000001
0.7740000000000004,0.8561362018257183
0.7750000000000004,0.8563187732960682
0.7760000000000004,0.8564835767039319
0.7770000000000004,0.856643858397184
0.7780000000000004,0.85680848
0.7790000000000004,0.8569513022566226
0.7800000000000004,0.8570641330343484
0.7810000000000004,0.8571652779771012
0.7820000000000004,0.8573275183775838
0.7830000000000004,0.8574727211092111
0.7840000000000004,0.8575836418465077
0.7850000000000004,0.8576759672302385
0.7860000000000004,0.8577741990176805
0.7870000000000004,0.85789371
0.7880000000000004,0.8580356815384308
0.7890000000000004,0.8581895245990702
0.7900000000000004,0.8583428269339534
0.7910000000000004,0.8584604888233883
0.7920000000000004,0.85853702
0.7930000000000004,0.8586175414543273
0.7940000000000004,0.8586902578185092
0.7950000000000004,0.8587461688817888
0.7960000000000004,0.85878927
0.7970000000000004,0.8588606707606077
0.7980000000000004,0.8589367316343347
0.7990000000000004,0.8590184483656654
0.8000000000000004,0.8591160790236902
0.8010000000000004,0.85921913
0.8020000000000004,0.8592881002902057
0.8030000000000004,0.8593171206044699
0.8040000000000004,0.8593372695970202
0.8050000000000004,0.8594010493621936
0.8060000000000004,0.8594711404441044
0.8070000000000004,0.859515550520774
0.8080000000000004,0.859541589218839
0.8090000000000004,0.859556909693597
0.8100000000000004,0.85956365
0.8110000000000004,0.8595633499588995
0.8120000000000004,0.8595592399570017
0.8130000000000004,0.8595570900429983
0.8140000000000004,0.859567109899799
0.8150000000000004,0.85959476
0.8160000000000004,0.8596146705340054
0.8170000000000004,0.8596413712713364
0.8180000000000004,0.8596837491524424
0.8190000000000004,0.8597440693967939
0.8200000000000004,0.8598128005108052
0.8210000000000004,0.8598638803431828
0.8220000000000004,0.8598810394852258
0.8230000000000004,0.8598641201692034
0.8240000000000004,0.85986781
0.8250000000000004,0.8598818800489004
0.8260000000000004,0.8598867700571977
0.8270000000000004,0.8598896299428023
0.8280000000000004,0.8598650102462025
0.8290000000000004,0.85983199
0.8300000000000004,0.8598139892869929
0.8310000000000004,0.8597783388003599
0.8320000000000004,0.85973835079976
0.8330000000000004,0.85970294
0.8340000000000004,0.8596709394748947
0.8350000000000004,0.8596184289116544
0.8360000000000004,0.8595640116325184
0.8370000000000004,0.8595258603815076
0.8380000000000004,0.8595143
0.8390000000000004,0.8595010001085023
0.8400000000000004,0.8595118513928304
0.8410000000000004,0.8595582790714464
0.8420000000000004,0.8596125794569945
0.8430000000000004,0.859674990588906
0.8440000000000004,0.8597338809167542
0.8450000000000004,0.8597797186248688
0.8460000000000004,0.8598114293657937
0.8470000000000004,0.85986358
0.8480000000000004,0.8599319506705068
0.8490000000000004,0.8599990015151394
0.8500000000000004,0.8600747584848607
0.8510000000000004,0.8601320394271943
0.8520000000000004,0.86016965
0.8530000000000004,0.8602017800774016
0.8540000000000004,0.8602095200431978
0.8550000000000004,0.8602109599712014
0.8560000000000004,0.8602128599809998
0.8570000000000004,0.8602078597692977
0.8580000000000004,0.8601847888318584
0.8590000000000004,0.8601263817522123
0.8600000000000004,0.8600274309895198
0.8610000000000004,0.85990185
0.8620000000000004,0.8598087391649916
0.8630000000000004,0.8597252377886884
0.8640000000000004,0.8596146722113115
0.8650000000000004,0.8594523116236161
0.8660000000000004,0.8592839799999998
0.8670000000000004,0.8590916951457512
0.8680000000000004,0.8588489817087145
0.8690000000000004,0.8585726055275236
0.8700000000000004,0.8582650399999999
0.8710000000000004,0.8579298263819637
0.8720000000000004,0.8575680220429978
0.8730000000000004,0.857170171935503
0.8740000000000004,0.8567625940757814
0.8750000000000004,0.8563652599999998
0.8760000000000004,0.8559838459713193
0.8770000000000004,0.8555809770223487
0.8780000000000004,0.8551483886517672
0.8790000000000004,0.8546847746361461
0.8800000000000004,0.8541910599999998
0.8810000000000004,0.8536706492799357
0.8820000000000005,0.8531346460800958
0.8830000000000005,0.8525921808493082
0.8840000000000005,0.8520466099999998
0.8850000000000005,0.8514680237497372
0.8860000000000005,0.8508429967635291
0.8870000000000005,0.8501811732364702
0.8880000000000005,0.8495206866048658
0.8890000000000005,0.8488723599999997
0.8900000000000005,0.8481803423138459
0.8910000000000005,0.8474117258650063
0.8920000000000005,0.8466072260899952
0.8930000000000005,0.845813817934079
0.8940000000000005,0.8450308320725203
0.8950000000000005,0.844238083494025
0.8960000000000005,0.8434127847589616
0.8970000000000005,0.842600468123162
0.8980000000000005,0.8417981299999997
0.8990000000000005,0.8409801613066127
0.9000000000000005,0.8401108230764766
0.9010000000000005,0.8392646469235227
0.9020000000000005,0.8384409582368819
0.9030000000000005,0.8376093499999997
0.9040000000000005,0.8367844635442352
0.9050000000000005,0.8359616763083842
0.9060000000000005,0.8351719557944098
0.9070000000000005,0.8344497772217718
0.9080000000000005,0.8337578733176328
0.9090000000000005,0.833089637334633
0.9100000000000005,0.8324563689980498
0.9110000000000005,0.8318727058366163
0.9120000000000005,0.8313116399999998
0.9130000000000005,0.8308169156196121
0.9140000000000005,0.830378877095545
0.9150000000000005,0.8299487286029696
0.9160000000000005,0.8295756037312371
0.9170000000000005,0.8292677399999999
0.9180000000000005,0.8290294365645717
0.9190000000000005,0.8288576651531423
0.9200000000000005,0.8286675838016379
0.9210000000000005,0.82853961
0.9220000000000005,0.8285011099958
0.9230000000000005,0.8285006905459782
0.9240000000000005,0.8285279894540218
0.9250000000000005,0.8285791294885949
0.9260000000000005,0.82864666
0.9270000000000005,0.8287204509131184
0.9280000000000005,0.8288117627376632
0.9290000000000005,0.8289030181748913
0.9300000000000005,0.828992959100591
0.9310000000000005,0.8291066909060092
0.9320000000000005,0.8291972921766912
0.9330000000000005,0.8293061267349633
0.9340000000000005,0.8294372573773738
0.9350000000000005,0.82952267
0.9360000000000005,0.8295533103391034
0.9370000000000005,0.8295872210311588
0.9380000000000005,0.8296387789688413
0.9390000000000005,0.8296369300185003
0.9400000000000005,0.82959402
0.9410000000000005,0.8295480587219872
0.9420000000000005,0.8294841545036747
0.9430000000000005,0.8293009436642167
0.9440000000000005,0.8290724222852228
0.9450000000000005,0.8288150372545724
0.9460000000000005,0.8285404944702763
0.9470000000000005,0.828264008294585
0.9480000000000005,0.8278813438266763
0.9490000000000005,0.8273966299999997
0.9500000000000005,0.8268381338761385
0.9510000000000005,0.8262257464999396
0.9520000000000005,0.8255507435000596
0.9530000000000005,0.8247553779536791
0.9540000000000005,0.8238342999999997
0.9550000000000005,0.822883410860608
0.9560000000000005,0.8219264385537718
0.9570000000000005,0.8208782309641512
0.9580000000000005,0.8197038199999993
0.9590000000000005,0.8184866179966793
0.9600000000000005,0.817286283944502
0.9610000000000005,0.8159835090832452
0.9620000000000005,0.8145380144549883
0.9630000000000005,0.8130765599999992
0.9640000000000005,0.8116349445512903
0.9650000000000005,0.810090069645117
0.9660000000000005,0.8084115735699205
0.9670000000000005,0.8067336867788669
0.9680000000000005,0.8050525626274254
0.9690000000000005,0.803315304100794
0.9700000000000005,0.8015203438488067
0.9710000000000005,0.7997410655855548
0.9720000000000005,0.7980253699999991
0.9730000000000005,0.7963254332371316
0.9740000000000005,0.7946491484430613
0.9750000000000005,0.7930713015569368
0.9760000000000005,0.7915018956940562
0.9770000000000005,0.7899753499999992
0.9780000000000005,0.7885497672050434
0.9790000000000005,0.787270272647667
0.9800000000000005,0.7860251949015543
0.9810000000000005,0.7849240410115096
0.9820000000000005,0.7839407201544011
0.9830000000000005,0.7829561640089991
0.9840000000000005,0.7821566139865003
0.9850000000000005,0.7814680968851373
0.9860000000000005,0.7808815799999997
0.9870000000000005,0.7804256053841536
0.9880000000000005,0.7799640217975279
0.9890000000000005,0.7795538982024717
0.9900000000000005,0.7792615329236291
0.9910000000000005,0.7790958299999999
0.9920000000000005,0.7788427466643666
0.9930000000000005,0.7786759677774111
0.9940000000000005,0.7786018814817258
0.9950000000000006,0.77855539
0.9960000000000006,0.7785425796154961
0.9970000000000006,0.7785041303839808
0.9980000000000006,0.7785233294240288
0.9990000000000006,0.7786697685355708
1.0000000000000004,0.7788364300000001
1.0010000000000006,0.7790573800000001
1.0020000000000007,0.7792782800000001
1.0030000000000006,0.7794861200000001
1.0040000000000004,0.7797228376892312
1.0050000000000006,0.7799997300000002
1.0060000000000007,0.7802853000000002
1.0070000000000006,0.7805393300000002
1.0080000000000005,0.7809227700000002
1.0090000000000006,0.781324367022298
1.0100000000000007,0.7816945900000002
1.0110000000000006,0.7820943000000002
1.0120000000000005,0.7824663500000002
1.0130000000000006,0.7829136800000003
1.0140000000000007,0.7834241489531049
1.0150000000000006,0.7838612800000003
1.0160000000000005,0.7842925200000003
1.0170000000000006,0.7847800300000002
1.0180000000000007,0.7852596000000003
1.0190000000000006,0.7857616597940208
1.0200000000000005,0.7863238500000003
1.0210000000000006,0.7869129200000003
1.0220000000000007,0.7873787900000003
1.0230000000000006,0.7878069300000003
1.0240000000000005,0.7883250100000002
1.0250000000000006,0.7888137100000003
1.0260000000000007,0.7892915000000004
1.0270000000000006,0.7898277600000002
1.0280000000000005,0.7902979300000003
1.0290000000000006,0.7907480600000002
1.0300000000000007,0.7912392600000003
1.0310000000000006,0.7917637800000004
1.0320000000000005,0.7922652933226679
1.0330000000000006,0.7927985200000003
1.0340000000000007,0.7932817900000003
1.0350000000000006,0.7937335400000003
1.0360000000000005,0.7942112700000002
1.0370000000000006,0.7946055876842317
1.0380000000000007,0.7949824300000004
1.0390000000000006,0.7954046100000002
1.0400000000000005,0.7957924000000002
1.0410000000000006,0.7962759100000003
1.0420000000000007,0.7967839891920812
1.0430000000000006,0.7972143900000004
1.0440000000000005,0.7976396100000003
1.0450000000000006,0.7980240000000002
1.0460000000000007,0.7983083700000002
1.0470000000000006,0.7986522556114392
1.0480000000000005,0.7990219000000001
1.0490000000000006,0.7993710600000001
1.0500000000000007,0.7997086600000002
1.0510000000000006,0.8000797000000002
1.0520000000000005,0.8004520500000001
1.0530000000000006,0.8007440000000002
1.0540000000000007,0.8010692000000001
1.0550000000000006,0.8013966349655035
1.0560000000000005,0.8016462900000001
1.0570000000000006,0.8019595700000002
1.0580000000000007,0.8022998600000002
1.0590000000000006,0.8026705400000002
1.0600000000000005,0.8030190893350666
1.0610000000000006,0.8034124400000002
1.0620000000000007,0.8037648800000002
1.0630000000000006,0.8040702900000002
1.0640000000000005,0.8043989500000001
1.0650000000000006,0.8047293069643038
1.0660000000000007,0.8050768400000003
1.0670000000000006,0.8054264200000002
1.0680000000000005,0.8057580600000002
1.0690000000000006,0.8061088900000002
1.0700000000000007,0.8064952113678635
1.0710000000000006,0.8068631900000002
1.0720000000000005,0.8072460300000001
1.0730000000000006,0.8076074100000002
1.0740000000000007,0.8079430500000002
1.0750000000000006,0.8082969800000003
1.0760000000000005,0.8086997300000002
1.0770000000000006,0.8090148600000002
1.0780000000000007,0.8092841776002402
1.0790000000000006,0.8095601800000001
1.0800000000000005,0.8097855400000001
1.0810000000000006,0.8100030400000001
1.0820000000000007,0.8102372300000003
1.0830000000000006,0.8105433310808922
1.0840000000000005,0.8108541400000001
1.0850000000000006,0.8110882000000001
1.0860000000000007,0.8113676300000003
1.0870000000000006,0.8116816300000003
1.0880000000000005,0.8119518529777023
1.0890000000000006,0.8122139000000003
1.0900000000000007,0.8124696600000001
1.0910000000000006,0.8126928800000001
1.0920000000000005,0.8129310000000002
1.0930000000000006,0.8131780352964706
1.0940000000000007,0.8134089700000001
1.0950000000000006,0.8136404800000001
1.0960000000000005,0.8138647100000002
1.0970000000000006,0.8140485300000001
1.0980000000000008,0.8142248400000002
1.0990000000000006,0.8144248100000001
1.1000000000000005,0.8146125100000001
1.1010000000000006,0.8148071800000001
1.1020000000000008,0.8150183000000002
1.1030000000000006,0.8152262600000001
1.1040000000000005,0.8154619300000001
1.1050000000000006,0.8156240600000001
1.1060000000000008,0.8157742719318068
1.1070000000000007,0.81589359
1.1080000000000005,0.8159399
1.1090000000000007,0.8160076100000001
1.1100000000000008,0.81610417
1.1110000000000007,0.8161487606489352
1.1120000000000005,0.81615525
1.1130000000000007,0.81616461
1.1140000000000008,0.81615782
1.1150000000000007,0.81610423
1.1160000000000005,0.8160230581171882
1.1170000000000007,0.8159309599999999
1.1180000000000008,0.8157921399999999
1.1190000000000007,0.8156281699999999
1.1200000000000006,0.8153989299999999
1.1210000000000007,0.8151440854844514
1.1220000000000008,0.8148205899999997
1.1230000000000007,0.8144344099999997
1.1240000000000006,0.8140023899999997
1.1250000000000007,0.8135787199999996
1.1260000000000008,0.8130153399999994
1.1270000000000007,0.8123732799999995
1.1280000000000006,0.8116640999999994
1.1290000000000007,0.8108206032296763
1.1300000000000008,0.8098528999999991
1.1310000000000007,0.8087674999999992
1.1320000000000006,0.8076041299999994
1.1330000000000007,0.806249859999999
1.1340000000000008,0.8047546880231965
1.1350000000000007,0.8031349199999988
1.1360000000000006,0.8013510699999988
1.1370000000000007,0.7994967099999987
1.1380000000000008,0.7975046599999982
1.1390000000000007,0.7954890315628426
1.1400000000000006,0.7934185899999986
1.1410000000000007,0.7912487399999986
1.1420000000000008,0.7890209599999984
1.1430000000000007,0.7867101399999983
1.1440000000000006,0.7842627847355249
1.1450000000000007,0.7818176199999983
1.1460000000000008,0.7793146399999976
1.1470000000000007,0.7767423399999983
1.1480000000000006,0.7741894099999982
1.1490000000000007,0.7715970299999984
1.1500000000000008,0.7690256199999976
1.1510000000000007,0.7664192899999983
1.1520000000000006,0.7638958699999989
1.1530000000000007,0.7613788799999983
1.1540000000000008,0.7589263299999984
1.1550000000000007,0.7565151999999984
1.1560000000000006,0.7541820399999984
1.1570000000000007,0.7519111759624021
1.1580000000000008,0.7496707999999982
1.1590000000000007,0.7474847399999985
1.1600000000000006,0.7453521499999985
1.1610000000000007,0.7432616899999986
1.1620000000000008,0.7411991678592127
1.1630000000000007,0.7391777599999987
1.1640000000000006,0.7372079499999991
1.1650000000000007,0.7352787299999988
1.1660000000000008,0.7333869299999983
1.1670000000000007,0.7315077279202068
1.1680000000000006,0.7296907299999987
1.1690000000000007,0.7278542499999988
1.1700000000000008,0.7260226599999984
1.1710000000000007,0.7241822499999988
1.1720000000000006,0.7223370745175471
1.1730000000000007,0.7205099499999987
1.1740000000000008,0.7186899199999988
1.1750000000000007,0.7168567799999987
1.1760000000000006,0.7150080799999988
1.1770000000000007,0.7131953799999988
1.1780000000000008,0.7113791699999984
1.1790000000000007,0.7095697499999988
1.1800000000000006,0.7078032565083483
1.1810000000000007,0.7060683399999989
1.1820000000000008,0.7043701399999985
1.1830000000000007,0.7026894699999989
1.1840000000000006,0.7010485499999993
1.1850000000000007,0.699441693869612
1.1860000000000008,0.6978803899999987
1.1870000000000007,0.696332629999999
1.1880000000000006,0.694851219999999
1.1890000000000007,0.6934053299999992
1.1900000000000008,0.6920374167913197
1.1910000000000007,0.6907215099999989
1.1920000000000006,0.6894712999999993
1.1930000000000007,0.6882522099999993
1.1940000000000008,0.6871583499999991
1.1950000000000007,0.6861452913058685
1.1960000000000006,0.6852148799999994
1.1970000000000007,0.6843869699999996
1.1980000000000008,0.6836692699999994
1.1990000000000007,0.6830382299999996
1.2000000000000006,0.6824774699999997
1.2010000000000007,0.6820360399999996
1.2020000000000008,0.6817081599999998
1.2030000000000007,0.6814641838666132
1.2040000000000006,0.68130285
1.2050000000000007,0.6812557
1.2060000000000008,0.6813041000000001
1.2070000000000007,0.6814640200000002
1.2080000000000006,0.6817204780651938
1.2090000000000007,0.6821011300000004
1.2100000000000009,0.6826189800000005
1.2110000000000007,0.6832072700000007
1.2120000000000006,0.6839308100000006
1.2130000000000007,0.6846999930816925
1.2140000000000009,0.6855377000000007
1.2150000000000007,0.6864451800000007
1.2160000000000006,0.6874020100000007
1.2170000000000007,0.6884222000000007
1.2180000000000009,0.6894910431156893
1.2190000000000007,0.6906404500000007
1.2200000000000006,0.6917719800000007
1.2210000000000008,0.692956270000001
1.2220000000000009,0.694123210000001
1.2230000000000008,0.6952945000000009
1.2240000000000006,0.6964607200000008
1.2250000000000008,0.6976300500000008
1.2260000000000009,0.6988045000000012
1.2270000000000008,0.6999961100000007
1.2280000000000006,0.7011493400000007
1.2290000000000008,0.7022894000000008
1.2300000000000009,0.703431130000001
1.2310000000000008,0.7045599111578851
1.2320000000000007,0.7056714900000007
1.2330000000000008,0.7067741200000008
1.2340000000000009,0.7078247100000009
1.2350000000000008,0.7088139700000007
1.2360000000000007,0.7097364388081199
1.2370000000000008,0.7106245200000005
1.2380000000000009,0.7114787100000006
1.2390000000000008,0.7122683500000004
1.2400000000000007,0.7129907000000004
1.2410000000000008,0.7136924198280178
1.2420000000000009,0.7143475400000006
1.2430000000000008,0.7149651100000005
1.2440000000000007,0.7155506600000003
1.2450000000000008,0.7160958600000004
1.2460000000000009,0.7165828413018702
1.2470000000000008,0.7170574100000003
1.2480000000000007,0.7175035500000003
1.2490000000000008,0.7179294200000003
1.2500000000000009,0.7183328300000004
1.2510000000000008,0.7187100600000004
1.2520000000000007,0.7190685300000003
1.2530000000000008,0.7193928400000003
1.254000000000001,0.7196957794470555
1.2550000000000008,0.7199902500000003
1.2560000000000007,0.7202775500000003
1.2570000000000008,0.7205476800000002
1.258000000000001,0.7208308600000002
1.2590000000000008,0.721103638452155
1.2600000000000007,0.7213881600000002
1.2610000000000008,0.7216763500000002
1.262000000000001,0.7219774100000004
1.2630000000000008,0.7222959400000002
1.2640000000000007,0.7226076988241178
1.2650000000000008,0.7229353200000003
1.266000000000001,0.7232407900000002
1.2670000000000008,0.7235224800000002
1.2680000000000007,0.7238202700000003
1.2690000000000008,0.7241134306839319
1.270000000000001,0.7244135700000003
1.2710000000000008,0.7247291800000003
1.2720000000000007,0.7250562300000002
1.2730000000000008,0.7253770200000004
1.274000000000001,0.7257153400000004
1.2750000000000008,0.7260770200000003
1.2760000000000007,0.7264444800000002
1.2770000000000008,0.7268575400000004
1.278000000000001,0.7273306800000003
1.2790000000000008,0.7277645500000003
1.2800000000000007,0.7282267800000003
1.2810000000000008,0.7286508100000003
1.282000000000001,0.7290440594960508
1.2830000000000008,0.7294390200000003
1.2840000000000007,0.7298306800000002
1.2850000000000008,0.7302046400000003
1.286000000000001,0.7305709700000004
1.2870000000000008,0.730917191991801
1.2880000000000007,0.7312371100000002
1.2890000000000008,0.7315640400000002
1.290000000000001,0.7318903800000003
1.2910000000000008,0.7322030100000002
1.2920000000000007,0.7325040398970104
1.2930000000000008,0.7327677000000001
1.294000000000001,0.7330113100000002
1.2950000000000008,0.7332405400000003
1.2960000000000007,0.7334489800000001
1.2970000000000008,0.7336373111668835
1.298000000000001,0.7337720400000001
1.2990000000000008,0.7338559
1.3000000000000007,0.73392802
1.3010000000000008,0.73397505
1.302000000000001,0.73397136
1.3030000000000008,0.73393416
1.3040000000000007,0.7338629999999999
1.3050000000000008,0.7337422844505549
1.306000000000001,0.7335867899999999
1.3070000000000008,0.7334094599999997
1.3080000000000007,0.7331775399999998
1.3090000000000008,0.7329033599999998
1.310000000000001,0.7325767530546942
1.3110000000000008,0.7322072999999997
1.3120000000000007,0.7317860699999995
1.3130000000000008,0.7313369499999997
1.314000000000001,0.7307841199999995
1.3150000000000008,0.7301631620957899
1.3160000000000007,0.7294796099999993
1.3170000000000008,0.7287074899999992
1.318000000000001,0.7278915599999992
1.3190000000000008,0.7270384399999992
1.3200000000000007,0.726126111232876
1.3210000000000008,0.7251442099999991
1.322000000000001,0.7241213899999988
1.3230000000000008,0.7229935499999992
1.3240000000000007,0.7217812499999992
1.3250000000000008,0.7205235399999987
1.326000000000001,0.7191982899999985
1.3270000000000008,0.7178158799999987
1.3280000000000007,0.7163800320757914
1.3290000000000008,0.7149007899999986
1.330000000000001,0.7133763999999986
1.3310000000000008,0.7117925899999985
1.3320000000000007,0.7101700899999985
1.3330000000000009,0.7085001607099274
1.334000000000001,0.7068072599999985
1.3350000000000009,0.7050161399999983
1.3360000000000007,0.7031500299999983
1.3370000000000009,0.7012693299999982
1.338000000000001,0.6993312938036176
1.3390000000000009,0.6973158699999982
1.3400000000000007,0.6952911599999987
1.3410000000000009,0.6932427899999981
1.342000000000001,0.6911585299999977
1.3430000000000009,0.6890651293400643
1.3440000000000007,0.6869592699999986
1.3450000000000009,0.6848531399999981
1.346000000000001,0.6827341899999977
1.3470000000000009,0.6806015399999981
1.3480000000000008,0.6784442699999985
1.3490000000000009,0.6762584399999981
1.350000000000001,0.674094439999998
1.3510000000000009,0.6719061699999981
1.3520000000000008,0.6697418099999981
1.3530000000000009,0.6675728599999986
1.354000000000001,0.6654656499999981
1.3550000000000009,0.6633547499999982
1.3560000000000008,0.6613093400399945
1.3570000000000009,0.6593097399999983
1.358000000000001,0.6573781399999984
1.3590000000000009,0.6554959399999983
1.3600000000000008,0.6536747199999988
1.3610000000000009,0.6519224712408743
1.362000000000001,0.6502348799999982
1.3630000000000009,0.6486071299999989
1.3640000000000008,0.647007519999999
1.3650000000000009,0.6454664499999987
1.366000000000001,0.6439835082941691
1.3670000000000009,0.6425490999999988
1.3680000000000008,0.6411468399999991
1.3690000000000009,0.6397624599999988
1.370000000000001,0.6384146799999988
1.3710000000000009,0.637085992868712
1.3720000000000008,0.6357575699999988
1.3730000000000009,0.6344149099999992
1.374000000000001,0.6330827499999988
1.3750000000000009,0.6317236999999987
1.3760000000000008,0.6303564299999987
1.377000000000001,0.6289273499999984
1.378000000000001,0.6274989199999986
1.379000000000001,0.625961921174881
1.3800000000000008,0.6243736699999984
1.381000000000001,0.6226538399999985
1.382000000000001,0.6208821499999979
1.383000000000001,0.6189579399999983
1.3840000000000008,0.6169780717018283
1.385000000000001,0.614795089999998
1.386000000000001,0.6124854099999972
1.387000000000001,0.6100187299999971
1.3880000000000008,0.6074141299999981
1.389000000000001,0.6046065507579219
1.390000000000001,0.6016356899999965
1.391000000000001,0.598496139999997
1.3920000000000008,0.5951706199999969
1.393000000000001,0.5916597799999966
1.394000000000001,0.5879348024977463
1.395000000000001,0.5840525599999965
1.3960000000000008,0.5800029599999962
1.397000000000001,0.5757549999999951
1.398000000000001,0.571368399999996
1.399000000000001,0.5668193099999959
1.4000000000000008,0.5621379599999957
1.4010000000000007,0.5573247099999966
1.402000000000001,0.5523610099999944
1.403000000000001,0.5472724399999953
1.4040000000000008,0.5420607899999964
1.4050000000000007,0.5366806999999963
1.406000000000001,0.5311618399999937
1.407000000000001,0.5254852964943452
1.4080000000000008,0.5197502399999961
1.4090000000000007,0.513865349999996
1.410000000000001,0.5079329599999933
1.411000000000001,0.5018903599999947
1.4120000000000008,0.4958734357344221
1.4130000000000007,0.4897307799999959
1.414000000000001,0.48363792999999455
1.415000000000001,0.47749912999999466
1.4160000000000008,0.47148307999999467
1.4170000000000007,0.465470141293867
1.418000000000001,0.45955585999999476
1.419000000000001,0.45369326999999493
1.4200000000000008,0.44797977999999505
1.4210000000000007,0.44238969999999633
1.422000000000001,0.43691180778921535
1.423000000000001,0.4316447999999955
1.4240000000000008,0.4265361699999967
1.4250000000000007,0.42160203999999685
1.426000000000001,0.416888479999995
1.427000000000001,0.4123688299999953
1.4280000000000008,0.40812554999999734
1.4290000000000007,0.4041095699999974
1.430000000000001,0.40024950868312825
1.431000000000001,0.396636339999997
1.4320000000000008,0.39323827999999716
1.4330000000000007,0.39003294999999805
1.434000000000001,0.38707670999999755
1.435000000000001,0.3843268293910585
1.4360000000000008,0.38182073999999794
1.4370000000000007,0.3795046199999981
1.438000000000001,0.3774097899999983
1.439000000000001,0.3754716799999984
1.4400000000000008,0.373748622305768
1.4410000000000007,0.3721719999999988
1.442000000000001,0.37078138999999855
1.443000000000001,0.369504509999999
1.4440000000000008,0.3684101399999991
1.4450000000000007,0.36740128088591056
1.446000000000001,0.3665254099999991
1.447000000000001,0.3657257299999993
1.4480000000000008,0.36505415999999963
1.4490000000000007,0.36443346999999965
1.450000000000001,0.3639009899999994
1.451000000000001,0.36341747999999957
1.4520000000000008,0.36301636999999964
1.4530000000000007,0.3626478882791719
1.454000000000001,0.36233067999999974
1.455000000000001,0.3620583699999998
1.4560000000000008,0.3618261199999998
1.4570000000000007,0.3616271899999999
1.458000000000001,0.3614778388311167
1.459000000000001,0.36136614999999994
1.4600000000000009,0.36129164999999996
1.4610000000000007,0.36126012
1.462000000000001,0.36126006000000005
1.463000000000001,0.3612989461113889
1.4640000000000009,0.3613816500000001
1.4650000000000007,0.3615062200000001
1.466000000000001,0.36167324000000023
1.467000000000001,0.3618775900000003
1.4680000000000009,0.36212194556444377
1.4690000000000007,0.3623991900000002
1.470000000000001,0.3627112500000004
1.471000000000001,0.36307040000000046
1.4720000000000009,0.36347780000000035
1.4730000000000008,0.36393064000000036
1.474000000000001,0.3644268800000006
1.475000000000001,0.3649803400000005
1.4760000000000009,0.36555055000000053
1.4770000000000008,0.36616197000000056
1.478000000000001,0.3667853200000006
1.479000000000001,0.36743128000000064
1.4800000000000009,0.36810932000000063
1.4810000000000008,0.36881499269173135
1.482000000000001,0.3695419100000008
1.483000000000001,0.3702961200000007
1.4840000000000009,0.37107062000000074
1.4850000000000008,0.3718740300000006
1.486000000000001,0.37268030307769323
1.487000000000001,0.37351108000000094
1.4880000000000009,0.3743487300000006
1.4890000000000008,0.37519130000000056
1.490000000000001,0.37604168000000093
1.491000000000001,0.37689939422857804
1.4920000000000009,0.3777714700000008
1.4930000000000008,0.3786522400000006
1.494000000000001,0.379541840000001
1.495000000000001,0.38045749000000084
1.4960000000000009,0.38136594915408534
1.4970000000000008,0.38227400000000084
1.498000000000001,0.38319057000000084
1.499000000000001,0.38410085000000077
1.5000000000000009,0.38498729000000076
1.5010000000000008,0.38588065000000077
1.5020000000000011,0.38675681000000117
1.503000000000001,0.3876128500000008
1.504000000000001,0.388472734337567
1.5050000000000008,0.3893161100000007
1.5060000000000011,0.3901509900000009
1.507000000000001,0.39098331000000086
1.508000000000001,0.3917963200000007
1.5090000000000008,0.3925925074722533
1.5100000000000011,0.39336723000000084
1.511000000000001,0.39412636000000084
1.512000000000001,0.3948816100000008
1.5130000000000008,0.39561185000000043
1.5140000000000011,0.3963180693780629
1.515000000000001,0.39699641000000074
1.516000000000001,0.39764789000000056
1.5170000000000008,0.3982969800000006
1.5180000000000011,0.3989213400000007
1.519000000000001,0.3995175103829623
1.520000000000001,0.4000997500000005
1.5210000000000008,0.40064886000000044
1.5220000000000011,0.40115845000000067
1.523000000000001,0.4016592200000004
1.524000000000001,0.4021364700000004
1.5250000000000008,0.4026050600000004
1.5260000000000011,0.4030654700000004
1.527000000000001,0.40348995000000043
1.528000000000001,0.40389511000000033
1.5290000000000008,0.40427727000000024
1.5300000000000011,0.40462917000000037
1.531000000000001,0.40495592000000036
1.532000000000001,0.40526809742125813
1.5330000000000008,0.4055423100000002
1.5340000000000011,0.4057796000000002
1.535000000000001,0.4059921800000002
1.536000000000001,0.40617758000000015
1.5370000000000008,0.40633772252774736
1.5380000000000011,0.40646300000000013
1.539000000000001,0.4065753200000001
1.540000000000001,0.4066607400000001
1.5410000000000008,0.40673348000000004
1.5420000000000011,0.40678506484151594
1.543000000000001,0.40682667
1.544000000000001,0.40685022
1.5450000000000008,0.40687093
1.5460000000000012,0.40687767
1.547000000000001,0.4068837193950605
1.548000000000001,0.40687954
1.5490000000000008,0.40687668
1.5500000000000012,0.40686813
1.551000000000001,0.40686518
1.552000000000001,0.40685657
1.5530000000000008,0.40686485
1.5540000000000012,0.40688729
1.555000000000001,0.40690821171682834
1.556000000000001,0.40692538000000006
1.5570000000000008,0.40696505000000005
1.5580000000000012,0.40701279000000007
1.559000000000001,0.40706813000000003
1.560000000000001,0.40714800815618446
1.5610000000000008,0.40722957000000004
1.5620000000000012,0.40730205000000014
1.563000000000001,0.4073997700000001
1.564000000000001,0.4075141300000001
1.5650000000000008,0.4076340680061995
1.5660000000000012,0.4077878000000002
1.567000000000001,0.4079709400000002
1.568000000000001,0.40818870000000024
1.5690000000000008,0.4084284600000002
1.5700000000000012,0.4086728455614442
1.571000000000001,0.40894213000000035
1.572000000000001,0.40922034000000035
1.5730000000000008,0.40951523000000023
1.5740000000000012,0.4098466300000004
1.575000000000001,0.4101872400000004
1.576000000000001,0.41054708000000045
1.5770000000000008,0.41093245000000034
1.5780000000000012,0.41132648308369213
1.579000000000001,0.4117573200000005
1.580000000000001,0.41222808000000044
1.5810000000000008,0.4127237500000005
1.5820000000000012,0.41326180000000073
1.583000000000001,0.4138270584721535
1.584000000000001,0.41441178000000056
1.5850000000000009,0.41503686000000056
1.5860000000000012,0.4156892900000009
1.587000000000001,0.4163665200000008
1.588000000000001,0.4170730293490658
1.5890000000000009,0.41781184000000066
1.5900000000000012,0.4185898300000009
1.591000000000001,0.41940075000000093
1.592000000000001,0.420242580000001
1.5930000000000009,0.42111948230976975
1.5940000000000012,0.4220325100000011
1.595000000000001,0.42298374000000105
1.596000000000001,0.4239499000000011
1.5970000000000009,0.42494962000000086
1.5980000000000012,0.42597130000000116
1.599000000000001,0.42701402000000116
1.600000000000001,0.42806759000000094
1.6010000000000009,0.429152040000001
1.6020000000000012,0.4302473700000015
1.603000000000001,0.431353990000001
1.604000000000001,0.432469610000001
1.6050000000000009,0.433600960000001
1.6060000000000012,0.4347442650874926
1.607000000000001,0.4358951400000013
1.608000000000001,0.43705034000000104
1.6090000000000009,0.4382321800000011
1.6100000000000012,0.4394030300000013
1.611000000000001,0.4405681464883525
1.612000000000001,0.4417330300000013
1.6130000000000009,0.44290018000000075
1.6140000000000012,0.4440714700000013
1.615000000000001,0.4452410000000013
1.616000000000001,0.4464088432156797
1.6170000000000009,0.4475743200000011
1.6180000000000012,0.4487600300000013
1.619000000000001,0.44995305000000135
1.620000000000001,0.45114255000000103
1.6210000000000009,0.4523552887261284
1.6220000000000012,0.45354223000000154
1.623000000000001,0.45471770000000095
1.624000000000001,0.455873100000001
1.6250000000000009,0.457021060000001
1.6260000000000012,0.45815066000000143
1.6270000000000011,0.4592538200000014
1.628000000000001,0.46035713000000095
1.629000000000001,0.46144675005199587
1.6300000000000012,0.46254727000000145
1.6310000000000011,0.4636492700000012
1.632000000000001,0.46473458000000123
1.633000000000001,0.46582508000000095
1.6340000000000012,0.46689786486051515
1.6350000000000011,0.46794647000000117
1.636000000000001,0.4689989700000012
1.637000000000001,0.47004879000000116
1.6380000000000012,0.4710923100000012
1.6390000000000011,0.47213573565743533
1.640000000000001,0.4731535000000011
1.641000000000001,0.4741601300000009
1.6420000000000012,0.47515535000000125
1.6430000000000011,0.47612834000000104
1.644000000000001,0.4770973530986911
1.645000000000001,0.4780651000000008
1.6460000000000012,0.47901371000000126
1.6470000000000011,0.47995871000000123
1.648000000000001,0.48085669000000075
1.649000000000001,0.48173222000000077
1.6500000000000012,0.4825812000000011
1.6510000000000011,0.48339507000000087
1.652000000000001,0.4841775900000008
1.653000000000001,0.4849350800000007
1.6540000000000012,0.48566961000000075
1.6550000000000011,0.4863644200000008
1.656000000000001,0.4870477600000007
1.657000000000001,0.48771140610638997
1.6580000000000013,0.4883724700000007
1.6590000000000011,0.48902050000000064
1.660000000000001,0.4896404400000007
1.661000000000001,0.4902566400000005
1.6620000000000013,0.49084019551844876
1.6630000000000011,0.49139538000000055
1.664000000000001,0.49190888000000044
1.665000000000001,0.4924120900000004
1.6660000000000013,0.4928399600000005
1.6670000000000011,0.4932171022857718
1.668000000000001,0.4935214500000002
1.669000000000001,0.4937791200000001
1.6700000000000013,0.49393341000000013
1.6710000000000012,0.49400231
1.672000000000001,0.4939948307479252
1.673000000000001,0.4939135599999998
1.6740000000000013,0.49371566999999966
1.6750000000000012,0.4934293899999996
1.676000000000001,0.49303769999999947
1.677000000000001,0.49254032999999936
1.6780000000000013,0.49192654999999924
1.6790000000000012,0.4912070899999991
1.680000000000001,0.49038963631736743
1.681000000000001,0.48945280999999907
1.6820000000000013,0.4884110399999985
1.6830000000000012,0.4872713399999986
1.684000000000001,0.48602160999999877
1.685000000000001,0.4846406045585428
1.6860000000000013,0.48318618999999796
1.6870000000000012,0.48162477999999787
1.688000000000001,0.4800222799999985
1.689000000000001,0.4783124299999985
1.6900000000000013,0.4766245687861193
1.6910000000000012,0.4748845699999978
1.692000000000001,0.4731979099999981
1.693000000000001,0.47148438999999853
1.6940000000000013,0.46986755999999796
1.6950000000000012,0.46831587516848117
1.696000000000001,0.46686589999999856
1.697000000000001,0.4655282799999987
1.6980000000000013,0.4643193199999988
1.6990000000000012,0.4632501299999989
1.700000000000001,0.4623141599999991
1.701000000000001,0.4615195099999993
1.7020000000000013,0.4608721399999993
1.7030000000000012,0.4603520554094586
1.704000000000001,0.4600061499999997
1.705000000000001,0.4597391199999999
1.7060000000000013,0.4596150199999999
1.7070000000000012,0.4595446
1.708000000000001,0.4595804565353465
1.709000000000001,0.4596458100000001
1.7100000000000013,0.4597883200000002
1.7110000000000012,0.45994353000000027
1.712000000000001,0.46016452000000024
1.713000000000001,0.46035234121787844
1.7140000000000013,0.46057457000000024
1.7150000000000012,0.46074060000000017
1.716000000000001,0.4608925900000001
1.717000000000001,0.46097615000000003
1.7180000000000013,0.4610291347015299
1.7190000000000012,0.4609953199999999
1.720000000000001,0.46088677999999983
1.721000000000001,0.46071323999999975
1.7220000000000013,0.4604554499999996
1.7230000000000012,0.46014672999999956
1.724000000000001,0.45975842999999955
1.725000000000001,0.45934685999999963
1.7260000000000013,0.4588785799999993
1.7270000000000012,0.4583859999999993
1.728000000000001,0.45787658999999953
1.729000000000001,0.45730155999999944
1.7300000000000013,0.4566882599999991
1.7310000000000012,0.45600445368963016
1.732000000000001,0.4552413499999991
1.733000000000001,0.45445578999999925
1.7340000000000013,0.4535984099999989
1.7350000000000012,0.45274817999999906
1.736000000000001,0.4518733618958094
1.737000000000001,0.450992319999999
1.7380000000000013,0.450086089999999
1.7390000000000012,0.449197619999999
1.740000000000001,0.4482982199999991
1.741000000000001,0.44742431739026
1.7420000000000013,0.44655352999999887
1.7430000000000012,0.4457289899999991
1.744000000000001,0.44492580999999914
1.745000000000001,0.44416111999999935
1.7460000000000013,0.4434192941825808
1.7470000000000012,0.44275786999999917
1.748000000000001,0.4421301799999995
1.749000000000001,0.44159128999999964
1.7500000000000013,0.44115495999999943
1.7510000000000012,0.4407240699999995
1.7520000000000011,0.44034504999999957
1.753000000000001,0.4400021399999997
1.7540000000000013,0.43970451014098544
1.7550000000000012,0.4394059199999997
1.7560000000000011,0.43915476999999975
1.757000000000001,0.4388813099999997
1.7580000000000013,0.43860029999999955
1.7590000000000012,0.4383043582701726
1.7600000000000011,0.4379870599999996
1.761000000000001,0.4376431399999996
1.7620000000000013,0.4372737699999994
1.7630000000000012,0.43689044999999954
1.7640000000000011,0.436514887556244
1.765000000000001,0.43611570999999955
1.7660000000000013,0.43572219999999945
1.7670000000000012,0.4353504499999995
1.7680000000000011,0.43495654999999955
1.769000000000001,0.4345534203129683
1.7700000000000014,0.43415370999999947
1.7710000000000012,0.4337193699999995
1.7720000000000011,0.4333458499999995
1.773000000000001,0.4329892399999997
1.7740000000000014,0.4326982499999997
1.7750000000000012,0.43243664999999976
1.7760000000000011,0.43227079999999984
1.777000000000001,0.43216965
1.7780000000000014,0.4321613900000001
1.7790000000000012,0.43224144000000014
1.7800000000000011,0.4324136100000003
1.781000000000001,0.4326853500000004
1.7820000000000014,0.4330296340705936
1.7830000000000013,0.43347034000000056
1.7840000000000011,0.4339721200000006
1.785000000000001,0.4345470700000007
1.7860000000000014,0.43518835000000095
1.7870000000000013,0.4359169181251884
1.7880000000000011,0.43669817000000094
1.789000000000001,0.43756488000000077
1.7900000000000014,0.4384441700000013
1.7910000000000013,0.43938777000000123
1.7920000000000011,0.4403090178752134
1.793000000000001,0.44124389000000086
1.7940000000000014,0.4421930900000013
1.7950000000000013,0.44315520000000125
1.7960000000000012,0.4441230900000011
1.797000000000001,0.44510957135186585
1.7980000000000014,0.44606680000000126
1.7990000000000013,0.4470104000000011
1.8000000000000012,0.447951820000001
1.801000000000001,0.448850540000001
1.8020000000000014,0.4497346000000013
1.8030000000000013,0.450637730000001
1.8040000000000012,0.4515329600000009
1.805000000000001,0.4524018742335775
1.8060000000000014,0.45324421000000104
1.8070000000000013,0.454041420000001
1.8080000000000012,0.4547984000000009
1.809000000000001,0.4555344000000006
1.8100000000000014,0.4562470695040506
1.8110000000000013,0.4569421100000009
1.8120000000000012,0.45762846000000096
1.813000000000001,0.4583192200000007
1.8140000000000014,0.4590402800000009
1.8150000000000013,0.4597052834996509
1.8160000000000012,0.46033129000000084
1.817000000000001,0.4609471900000006
1.8180000000000014,0.4615160200000008
1.8190000000000013,0.46211606000000083
1.8200000000000012,0.46273666793920687
1.821000000000001,0.4633316100000006
1.8220000000000014,0.46390575000000095
1.8230000000000013,0.4645185800000007
1.8240000000000012,0.4651098500000007
1.825000000000001,0.4657730800000008
1.8260000000000014,0.46649635000000117
1.8270000000000013,0.4672551800000011
1.8280000000000012,0.46807586578942206
1.829000000000001,0.468933760000001
1.8300000000000014,0.4698209500000012
1.8310000000000013,0.4707078600000012
1.8320000000000012,0.47162563000000135
1.833000000000001,0.47261548919908125
1.8340000000000014,0.4736074800000014
1.8350000000000013,0.4746358100000014
1.8360000000000012,0.4756777000000013
1.837000000000001,0.47669446000000115
1.8380000000000014,0.47772015743025853
1.8390000000000013,0.47872153000000134
1.8400000000000012,0.47971803000000107
1.841000000000001,0.48065692000000104
1.8420000000000014,0.48158687000000133
1.8430000000000013,0.4824486738196191
1.8440000000000012,0.48327437000000084
1.845000000000001,0.4840305400000008
1.8460000000000014,0.484748270000001
1.8470000000000013,0.4854007400000008
1.8480000000000012,0.48596358000000056
1.849000000000001,0.4864626800000005
1.8500000000000014,0.48690474000000056
1.8510000000000013,0.4873170300000003
1.8520000000000012,0.4875867400000003
1.853000000000001,0.48779383000000004
1.8540000000000014,0.48787721999999994
1.8550000000000013,0.4878224999999999
1.8560000000000012,0.48770435051994776
1.857000000000001,0.4875095499999997
1.8580000000000014,0.48722344999999945
1.8590000000000013,0.4868239799999994
1.8600000000000012,0.4863834699999994
1.861000000000001,0.48585206163483585
1.8620000000000014,0.4852684099999988
1.8630000000000013,0.4845340499999991
1.8640000000000012,0.4837394399999989
1.865000000000001,0.48275598999999875
1.8660000000000014,0.4815824873502632
1.8670000000000013,0.4803270699999982
1.8680000000000012,0.4789717799999983
1.869000000000001,0.47744294999999815
1.8700000000000014,0.47577818999999766
1.8710000000000013,0.47402760505849195
1.8720000000000012,0.4720716799999972
1.873000000000001,0.469982709999998
1.8740000000000014,0.4677223599999969
1.8750000000000013,0.46539920999999657
1.8760000000000012,0.46280872999999634
1.8770000000000011,0.46007430999999605
1.8780000000000014,0.4571153199999958
1.8790000000000013,0.45396419166982827
1.8800000000000012,0.4505808899999952
1.8810000000000011,0.4469760699999958
1.8820000000000014,0.4431808899999936
1.8830000000000013,0.43906008999999413
1.8840000000000012,0.4346620527497196
1.8850000000000011,0.42998954999999445
1.8860000000000015,0.4249811199999919
1.8870000000000013,0.41977399999999143
1.8880000000000012,0.4142865799999937
1.8890000000000011,0.408594279230071
1.8900000000000015,0.40263884999999044
1.8910000000000013,0.39651008999999154
1.8920000000000012,0.3901742099999912
1.8930000000000011,0.38356294999999263
1.8940000000000015,0.376915044790511
1.8950000000000014,0.3699961899999909
1.8960000000000012,0.36316135999999066
1.8970000000000011,0.3561725599999908
1.8980000000000015,0.3492485899999907
1.8990000000000014,0.3422297799999908
1.9000000000000012,0.33533957999999076
1.9010000000000011,0.32839193999999255
1.9020000000000015,0.32168131999998967
1.9030000000000014,0.31504955999999157
1.9040000000000012,0.30871626999999324
1.9050000000000011,0.3026335499999935
1.9060000000000015,0.29679354999999136
1.9070000000000014,0.2912376049265
1.9080000000000013,0.2859868699999944
1.9090000000000011,0.28094556999999465
1.9100000000000015,0.2761405999999929
1.9110000000000014,0.27157631999999415
1.9120000000000013,0.26721863022897235
1.9130000000000011,0.2631209199999957
1.9140000000000015,0.25927698999999516
1.9150000000000014,0.25563755999999543
1.9160000000000013,0.25221991999999577
1.9170000000000011,0.24904550744125253
1.9180000000000015,0.2460346999999963
1.9190000000000014,0.2432346599999965
1.9200000000000013,0.24060829999999675
1.9210000000000012,0.23817039999999748
1.9220000000000015,0.2359304439955971
1.9230000000000014,0.23387786999999752
1.9240000000000013,0.23203174999999818
1.9250000000000012,0.2303898499999984
1.9260000000000015,0.22893547999999805
1.9270000000000014,0.22768043999999835
1.9280000000000013,0.22660110999999902
1.9290000000000012,0.22573057999999924
1.9300000000000015,0.2250491803649628
1.9310000000000014,0.22455282999999962
1.9320000000000013,0.2242542699999998
1.9330000000000012,0.22410741000000003
1.9340000000000015,0.2241421000000003
1.9350000000000014,0.22432664659634088
1.9360000000000013,0.22469261000000065
1.9370000000000012,0.22518802000000088
1.9380000000000015,0.22584791000000104
1.9390000000000014,0.22661799000000124
1.9400000000000013,0.22754792700630055
1.9410000000000012,0.22855817000000148
1.9420000000000015,0.2296695700000019
1.9430000000000014,0.2309054400000017
1.9440000000000013,0.23220517000000185
1.9450000000000012,0.2335973807789239
1.9460000000000015,0.23505685000000245
1.9470000000000014,0.23662499000000248
1.9480000000000013,0.23821485000000187
1.9490000000000012,0.23989934000000185
1.9500000000000015,0.24157719000000263
1.9510000000000014,0.24327663000000269
1.9520000000000013,0.24501039000000233
1.9530000000000012,0.24676689913808827
1.9540000000000015,0.2485582800000028
1.9550000000000014,0.2503548900000025
1.9560000000000013,0.2522167900000024
1.9570000000000012,0.2540184900000024
1.9580000000000015,0.2557988510009028
1.9590000000000014,0.2576088600000024
1.9600000000000013,0.25941244000000246
1.9610000000000012,0.2612396800000024
1.9620000000000015,0.2630929900000029
1.9630000000000014,0.2649407652224805
1.9640000000000013,0.2668152700000025
1.9650000000000012,0.26867196000000204
1.9660000000000015,0.2705348700000028
1.9670000000000014,0.2723609500000028
1.9680000000000013,0.2741754285521471
1.9690000000000012,0.275958000000002
1.9700000000000015,0.2777512400000028
1.9710000000000014,0.27953297000000277
1.9720000000000013,0.2813215000000024
1.9730000000000012,0.28313148000000193
1.9740000000000015,0.28489649000000267
1.9750000000000014,0.2866280100000023
1.9760000000000013,0.2883731700000023
1.9770000000000012,0.2900854300000023
1.9780000000000015,0.29182023000000235
1.9790000000000014,0.2935859900000024
1.9800000000000013,0.2953591300000024
1.9810000000000012,0.29714896353964804
1.9820000000000015,0.2988843600000026
1.9830000000000014,0.3005515600000021
1.9840000000000013,0.3021549600000021
1.9850000000000012,0.30375096000000174
1.9860000000000015,0.3052839922717753
1.9870000000000014,0.3068067100000024
1.9880000000000013,0.3083663600000016
1.9890000000000012,0.3098385300000016
1.9900000000000015,0.31126770000000215
1.9910000000000014,0.3126191348565164
1.9920000000000013,0.31390643000000157
1.9930000000000012,0.31509265000000125
1.9940000000000015,0.3162194200000017
1.9950000000000014,0.3173089000000014
1.9960000000000013,0.3183082500649948
1.9970000000000012,0.3192363400000011
1.9980000000000016,0.3200601600000009
1.9990000000000014,0.32077989000000084
2.0000000000000013,0.3214240400000008
2.0010000000000012,0.3219978085292947
2.0020000000000016,0.3224831014707066
2.0030000000000014,0.3229042000000004
2.0040000000000013,0.3232191706998603
2.0050000000000012,0.3234261693001402
2.0060000000000016,0.3235465900000001
2.0070000000000014,0.32356589999999985
2.0080000000000013,0.32346505940511877
2.0090000000000012,0.3232591105948808
2.0100000000000016,0.3229559399999993
2.0110000000000015,0.3225500078564279
2.0120000000000013,0.3220285721435705
2.0130000000000012,0.321409169999999
2.0140000000000016,0.320678747288541
2.0150000000000015,0.31985163271145645
2.0160000000000013,0.3188939399999986
2.0170000000000012,0.3178719599999985
2.0180000000000016,0.31676251188362137
2.0190000000000015,0.31558134811637495
2.0200000000000014,0.3143326599999982
2.0210000000000012,0.3130134387652453
2.0220000000000016,0.31160109123475094
2.0230000000000015,0.3101200799999979
2.0240000000000014,0.3085571657268527
2.0250000000000012,0.30691443427314363
2.0260000000000016,0.3052321999999969
2.0270000000000015,0.3034961199999968
2.0280000000000014,0.3017258670252948
2.0290000000000012,0.29989787999999756
2.0300000000000016,0.29805978999999666
2.0310000000000015,0.2961716495600849
2.0320000000000014,0.2942672504399092
2.0330000000000013,0.29233344999999744
2.0340000000000016,0.29041428720555573
2.0350000000000015,0.28848634279443824
2.0360000000000014,0.2866065799999975
2.0370000000000013,0.2847356091841609
2.0380000000000016,0.282827450815834
2.0390000000000015,0.2809055099999974
2.0400000000000014,0.2789654999999974
2.0410000000000013,0.2770195134093158
2.0420000000000016,0.2750536065906789
2.0430000000000015,0.2731592099999975
2.0440000000000014,0.2712997759838011
2.0450000000000013,0.26945961401619484
2.0460000000000016,0.26764633999999676
2.0470000000000015,0.26583641808737957
2.0480000000000014,0.26401729191261475
2.0490000000000013,0.26223113999999764
2.0500000000000016,0.2604663999999969
2.0510000000000015,0.25872164447554985
2.0520000000000014,0.2570349299999978
2.0530000000000013,0.25536345999999777
2.0540000000000016,0.25370611563686996
2.0550000000000015,0.2520624843631249
2.0560000000000014,0.2504345199999979
2.0570000000000013,0.24884937454009018
2.0580000000000016,0.2472947754599057
2.0590000000000015,0.24577342999999802
2.0600000000000014,0.24429420606478536
2.0610000000000013,0.2428548539352108
2.0620000000000016,0.24143607999999753
2.0630000000000015,0.24004539999999816
2.0640000000000014,0.23868797665866673
2.0650000000000013,0.23735456334132973
2.0660000000000016,0.23604681999999777
2.0670000000000015,0.2347978870975785
2.0680000000000014,0.23356886290241768
2.0690000000000013,0.23237630999999845
2.0700000000000016,0.2312184959768028
2.0710000000000015,0.23007826402319367
2.0720000000000014,0.22899955999999863
2.0730000000000013,0.2279737299999987
2.0740000000000016,0.22698874540045844
2.0750000000000015,0.22604274999999877
2.0760000000000014,0.22513104999999883
2.0770000000000013,0.2242535665986793
2.0780000000000016,0.2234195534013185
2.0790000000000015,0.222619619999999
2.0800000000000014,0.22186605605178844
2.0810000000000013,0.22112657394820923
2.0820000000000016,0.2204118999999988
2.0830000000000015,0.21971998347030486
2.0840000000000014,0.21905468652969307
2.0850000000000013,0.21845159999999927
2.0860000000000016,0.21790700999999907
2.0870000000000015,0.21737878903619193
2.0880000000000014,0.21686915096380652
2.0890000000000013,0.21638939999999934
2.0900000000000016,0.2159183174255142
2.0910000000000015,0.21549257257448445
2.0920000000000014,0.2151288499999996
2.0930000000000013,0.2148151527944408
2.0940000000000016,0.21454309720555848
2.0950000000000015,0.21432223999999975
2.0960000000000014,0.21414154999999982
2.0970000000000013,0.21400597913408648
2.0980000000000016,0.2138973199999999
2.0990000000000015,0.21382324
2.1000000000000014,0.21381934068786243
2.1010000000000013,0.2138262193121376
2.1020000000000016,0.21385176000000017
2.1030000000000015,0.21394945203359347
2.1040000000000014,0.21406978796640688
2.1050000000000013,0.2142207600000003
2.1060000000000016,0.2144236632723459
2.1070000000000015,0.2146563867276548
2.1080000000000014,0.2149224000000004
2.1090000000000013,0.21522333000000046
2.1100000000000017,0.21557690713557348
2.1110000000000015,0.21594826286442764
2.1120000000000014,0.2163461100000006
2.1130000000000013,0.21679292770146025
2.1140000000000017,0.217269942298541
2.1150000000000015,0.21776450000000072
2.1160000000000014,0.21830681248350414
2.1170000000000013,0.21883164751649747
2.1180000000000017,0.21936931000000076
2.1190000000000015,0.21993114000000075
2.1200000000000014,0.2204911385212967
2.1210000000000013,0.22107635147870514
2.1220000000000017,0.2217279800000012
2.1230000000000016,0.2224174130683875
2.1240000000000014,0.22314809693161478
2.1250000000000013,0.22392505000000104
2.1260000000000017,0.22471034089982134
2.1270000000000016,0.22551933910018118
2.1280000000000014,0.2263498500000011
2.1290000000000013,0.22718254575884925
2.1300000000000017,0.22804013424115305
2.1310000000000016,0.22892852000000158
2.1320000000000014,0.22982389000000167
2.1330000000000013,0.23076347414417225
2.1340000000000017,0.23170491585583022
2.1350000000000016,0.23265530000000167
2.1360000000000015,0.23360789517696615
2.1370000000000013,0.23455966482303683
2.1380000000000017,0.23550963000000166
2.1390000000000016,0.23645377648070542
2.1400000000000015,0.23741858351929757
2.1410000000000013,0.2383880900000013
2.1420000000000017,0.23937227000000183
2.1430000000000016,0.2404047847540509
2.1440000000000015,0.24145232524595237
2.1450000000000014,0.2425226400000014
2.1460000000000017,0.24357375578884394
2.1470000000000016,0.24463164421115935
2.1480000000000015,0.24572444000000143
2.1490000000000014,0.24681274300040124
2.1500000000000017,0.24794274699960175
2.1510000000000016,0.249059080000002
2.1520000000000015,0.25018910000000194
2.1530000000000014,0.25129846906309533
2.1540000000000017,0.252404030000002
2.1550000000000016,0.253523980000002
2.1560000000000015,0.25464638253849414
2.1570000000000014,0.25577176746150937
2.1580000000000017,0.256906990000002
2.1590000000000016,0.2580313321565705
2.1600000000000015,0.259152897843433
2.1610000000000014,0.2602929200000015
2.1620000000000017,0.2614101694031211
2.1630000000000016,0.2625042005968823
2.1640000000000015,0.26360354000000147
2.1650000000000014,0.26466960000000145
2.1660000000000017,0.26574289002299717
2.1670000000000016,0.2668431199770062
2.1680000000000015,0.2679265700000014
2.1690000000000014,0.26901207625475027
2.1700000000000017,0.27007462374525254
2.1710000000000016,0.2710942000000018
2.1720000000000015,0.27208698829534256
2.1730000000000014,0.27306994170466053
2.1740000000000017,0.2740914200000018
2.1750000000000016,0.2751356700000019
2.1760000000000015,0.2762013534316584
2.1770000000000014,0.27732405000000143
2.1780000000000017,0.27842259000000197
2.1790000000000016,0.27951841813637446
2.1800000000000015,0.2805997818636289
2.1810000000000014,0.28168175000000145
2.1820000000000017,0.28275148673365497
2.1830000000000016,0.28381882326634833
2.1840000000000015,0.2848556600000014
2.1850000000000014,0.28589131005599
2.1860000000000017,0.2868918699440131
2.1870000000000016,0.2878664400000018
2.1880000000000015,0.28886908000000133
2.1890000000000014,0.28987324916816753
2.1900000000000017,0.29086493083183557
2.1910000000000016,0.2918616200000017
2.1920000000000015,0.29284343826534853
2.1930000000000014,0.2938260917346545
2.1940000000000017,0.2948151500000018
2.1950000000000016,0.2958080584083199
2.1960000000000015,0.2967921415916831
2.1970000000000014,0.29777926000000127
2.1980000000000017,0.2987570500000017
2.1990000000000016,0.299709261924809
2.2000000000000015,0.3006285100000013
2.2010000000000014,0.30156735000000123
2.2020000000000017,0.30250185940712004
2.2030000000000016,0.3033959305928827
2.2040000000000015,0.30429202000000116
2.2050000000000014,0.3051496406228767
2.2060000000000017,0.3059558693771261
2.2070000000000016,0.30677819000000145
2.2080000000000015,0.30760557947010725
2.2090000000000014,0.3084002805298952
2.2100000000000017,0.30918586000000126
2.2110000000000016,0.30990267000000116
2.2120000000000015,0.31056950152569585
2.2130000000000014,0.31118475847430604
2.2140000000000017,0.311775950000001
2.2150000000000016,0.3123314954029203
2.2160000000000015,0.3128855245970814
2.2170000000000014,0.31344369000000066
2.2180000000000017,0.31395687689362206
2.2190000000000016,0.3144258131063794
2.2200000000000015,0.31483564000000047
2.2210000000000014,0.3151670700000004
2.2220000000000018,0.3154383525517452
2.2230000000000016,0.31566387000000024
2.2240000000000015,0.3158387500000002
2.2250000000000014,0.31598523969606096
2.2260000000000018,0.31608220030393935
2.2270000000000016,0.3160906699999999
2.2280000000000015,0.31601665334133144
2.2290000000000014,0.315850066658668
2.2300000000000018,0.31561907999999944
2.2310000000000016,0.3153184798560281
2.2320000000000015,0.3149170401439706
2.2330000000000014,0.3144456999999993
2.2340000000000018,0.31387543999999884
2.2350000000000017,0.31321306305638746
2.2360000000000015,0.31244362694361016
2.2370000000000014,0.3115864699999987
2.2380000000000018,0.3106113211417699
2.2390000000000017,0.30952273885822673
2.2400000000000015,0.30831524999999826
2.2410000000000014,0.30701461499299904
2.2420000000000018,0.3055645450069958
2.2430000000000017,0.3039576999999977
2.2440000000000015,0.30225660999999754
2.2450000000000014,0.30043695566786327
2.2460000000000018,0.2984936343321298
2.2470000000000017,0.29645198999999617
2.2480000000000016,0.29430617442911056
2.2490000000000014,0.2920504655708825
2.2500000000000018,0.2896826599999956
2.2510000000000017,0.28720025781243347
2.2520000000000016,0.2846783821875587
2.2530000000000014,0.28210690999999655
2.254000000000002,0.2795195980743809
2.2550000000000017,0.27690034192561097
2.2560000000000016,0.2742401999999952
2.2570000000000014,0.2715640099999952
2.258000000000002,0.2688452351159725
2.2590000000000017,0.2661963948840192
2.2600000000000016,0.2635947799999954
2.2610000000000015,0.26104065057688064
2.262000000000002,0.2585464194231106
2.2630000000000017,0.2560880499999957
2.2640000000000016,0.25365624116676283
2.2650000000000015,0.2512679088332298
2.266000000000002,0.24892353999999592
2.2670000000000017,0.24662921999999604
2.2680000000000016,0.24440258532393158
2.2690000000000015,0.24215582467606142
2.270000000000002,0.23994466999999603
2.2710000000000017,0.23771077262947043
2.2720000000000016,0.2354370673705225
2.2730000000000015,0.23324730999999713
2.274000000000002,0.2310796794591048
2.2750000000000017,0.22897427054088867
2.2760000000000016,0.22689607999999648
2.2770000000000015,0.2249106299999965
2.278000000000002,0.22294816624637154
2.2790000000000017,0.22114645999999688
2.2800000000000016,0.2193891299999973
2.2810000000000015,0.21787671534192946
2.282000000000002,0.2165301346580658
2.2830000000000017,0.21537473999999832
2.2840000000000016,0.2144231934323123
2.2850000000000015,0.21365751656768533
2.286000000000002,0.21309905999999926
2.2870000000000017,0.21268197340931785
2.2880000000000016,0.21251606659068162
2.2890000000000015,0.21243392000000008
2.290000000000002,0.21249695000000035
2.2910000000000017,0.21269861759948056
2.2920000000000016,0.2129746124005203
2.2930000000000015,0.21327148000000035
2.294000000000002,0.2135176430263951
2.2950000000000017,0.21374790697360563
2.2960000000000016,0.21391474000000013
2.2970000000000015,0.213995323555289
2.298000000000002,0.21403087644471114
2.2990000000000017,0.21396651999999958
2.3000000000000016,0.21373481999999946
2.3010000000000015,0.21343134034796477
2.302000000000002,0.2130028199999991
2.3030000000000017,0.212483149999999
2.3040000000000016,0.21192001604678962
2.3050000000000015,0.2112804839532084
2.306000000000002,0.21056642999999872
2.3070000000000017,0.2098474388862216
2.3080000000000016,0.20913630111377618
2.3090000000000015,0.20838230999999907
2.310000000000002,0.20770433377824327
2.3110000000000017,0.20704211622175436
2.3120000000000016,0.20642972999999895
2.3130000000000015,0.20583292999999933
2.314000000000002,0.20533306685262878
2.3150000000000017,0.20490159314736967
2.3160000000000016,0.20453035999999944
2.3170000000000015,0.20422378895320903
2.318000000000002,0.2040133210467902
2.3190000000000017,0.2038785099999999
2.3200000000000016,0.2038109931673666
2.3210000000000015,0.20384266683263352
2.322000000000002,0.20394248000000034
2.3230000000000017,0.20412740000000035
2.3240000000000016,0.20433438954204627
2.3250000000000015,0.20462981000000044
2.326000000000002,0.20495994000000065
2.3270000000000017,0.2053237409548097
2.3280000000000016,0.20573328904519156
2.3290000000000015,0.2062049700000006
2.330000000000002,0.20666947870226055
2.3310000000000017,0.20715650129774138
2.3320000000000016,0.20765777000000102
2.3330000000000015,0.20823820198760332
2.334000000000002,0.2087580780123985
2.3350000000000017,0.2092684700000009
2.3360000000000016,0.2097680400000008
2.3370000000000015,0.21021978704559163
2.338000000000002,0.21069024295441002
2.3390000000000017,0.21117657000000079
2.3400000000000016,0.21160835236152836
2.3410000000000015,0.21203196763847293
2.342000000000002,0.21245743000000072
2.3430000000000017,0.21286218963907283
2.3440000000000016,0.21325858036092843
2.3450000000000015,0.21364583000000048
2.346000000000002,0.2140040800000006
2.3470000000000018,0.21432649427657288
2.3480000000000016,0.21466926000000044
2.3490000000000015,0.21501084000000045
2.350000000000002,0.2153396627004606
2.3510000000000018,0.2156666672995407
2.3520000000000016,0.21594265000000049
2.3530000000000015,0.21620498205758884
2.354000000000002,0.21642555794241194
2.3550000000000018,0.2165872800000003
2.3560000000000016,0.21675154501599703
2.3570000000000015,0.2169017049840034
2.358000000000002,0.21699877000000012
2.3590000000000018,0.21705441000000011
2.3600000000000017,0.21712470173465312
2.3610000000000015,0.21714204826534697
2.362000000000002,0.2171846300000001
2.3630000000000018,0.2172519335572886
2.3640000000000017,0.2172875064427115
2.3650000000000015,0.21730357
2.366000000000002,0.21731379904319134
2.3670000000000018,0.21730423095680862
2.3680000000000017,0.21730962000000006
2.3690000000000015,0.21735153999999998
2.370000000000002,0.2173387251769645
2.3710000000000018,0.2172904948230353
2.3720000000000017,0.21727303999999983
2.3730000000000016,0.2171734921105779
2.374000000000002,0.21719459788942214
2.3750000000000018,0.21733037000000016
2.3760000000000017,0.2174169125844833
2.3770000000000016,0.21754275741551707
2.378000000000002,0.2176461200000001
2.379000000000002,0.2177057793431315
2.3800000000000017,0.21779921065686875
2.3810000000000016,0.21795776000000017
2.382000000000002,0.21804851000000017
2.383000000000002,0.21812755200659872
2.3840000000000017,0.21814761799340135
2.3850000000000016,0.21809800999999993
2.386000000000002,0.21805017753149367
2.387000000000002,0.21802549246850625
2.3880000000000017,0.21789800999999967
2.3890000000000016,0.21771529448910176
2.390000000000002,0.21746018551089735
2.391000000000002,0.21711517999999924
2.3920000000000017,0.21669297999999917
2.3930000000000016,0.21621856377024504
2.394000000000002,0.21565626622975295
2.395000000000002,0.21496915999999872
2.3960000000000017,0.21424673917816306
2.3970000000000016,0.21343852082183443
2.398000000000002,0.21260529999999844
2.399000000000002,0.21173457448610125
2.4000000000000017,0.2107794355138958
2.4010000000000016,0.20977459999999806
2.4020000000000015,0.20868855999999777
2.403000000000002,0.20744419443655393
2.4040000000000017,0.20628861999999795
2.4050000000000016,0.20512797999999793
2.406000000000002,0.2039662228904197
2.407000000000002,0.20289512710957602
2.4080000000000017,0.2016790199999976
2.4090000000000016,0.20033431116976397
2.4100000000000015,0.19904600883023205
2.411000000000002,0.19769675999999764
2.4120000000000017,0.19636691140771637
2.4130000000000016,0.19508098859227962
2.414000000000002,0.19377257999999764
2.415000000000002,0.1924520999999976
2.4160000000000017,0.19111062489001981
2.4170000000000016,0.18975952510997598
2.4180000000000015,0.18840644999999814
2.419000000000002,0.18701946328134153
2.4200000000000017,0.18565227671865422
2.4210000000000016,0.18432047999999757
2.422000000000002,0.18294087989301852
2.423000000000002,0.18153981010697587
2.4240000000000017,0.18011654999999738
2.4250000000000016,0.1786403699999975
2.4260000000000015,0.1772343406029376
2.427000000000002,0.1758594199999975
2.4280000000000017,0.17444604999999752
2.4290000000000016,0.17306298665566655
2.430000000000002,0.17162954334432834
2.431000000000002,0.1701018799999975
2.4320000000000017,0.16870111558188144
2.4330000000000016,0.16735693441811436
2.4340000000000015,0.16600737999999832
2.435000000000002,0.16472996555788627
2.4360000000000017,0.16338554444210898
2.4370000000000016,0.16200287999999757
2.438000000000002,0.16063892999999752
2.439000000000002,0.15923259145670657
2.4400000000000017,0.15794715854328883
2.4410000000000016,0.15671105999999782
2.4420000000000015,0.1554825176104761
2.443000000000002,0.15435862238951992
2.4440000000000017,0.15312656999999777
2.4450000000000016,0.1518837556248732
2.446000000000002,0.15074000437512275
2.447000000000002,0.149512919999998
2.4480000000000017,0.1483885799999982
2.4490000000000016,0.14736915254974312
2.4500000000000015,0.14619464999999848
2.451000000000002,0.14505731999999819
2.4520000000000017,0.14403555712857247
2.4530000000000016,0.14290684287142402
2.454000000000002,0.14186252999999846
2.455000000000002,0.14100284187462306
2.4560000000000017,0.14002158812537302
2.4570000000000016,0.13904597999999846
2.4580000000000015,0.1381673843961194
2.459000000000002,0.13731134560387756
2.4600000000000017,0.1365571599999985
2.4610000000000016,0.13571504999999842
2.462000000000002,0.13482083447010423
2.463000000000002,0.13396553552989238
2.4640000000000017,0.13304067999999847
2.4650000000000016,0.13218662012897295
2.4660000000000015,0.1313879098710246
2.467000000000002,0.13064175999999883
2.4680000000000017,0.12999278474205037
2.4690000000000016,0.1292402052579473
2.470000000000002,0.12848290999999873
2.471000000000002,0.1277710499999986
2.4720000000000018,0.1269931409309058
2.4730000000000016,0.12630244999999923
2.4740000000000015,0.12572022999999918
2.475000000000002,0.12512605776944483
2.4760000000000018,0.12450375223055268
2.4770000000000016,0.12397820999999934
2.478000000000002,0.12360015141471627
2.479000000000002,0.1232142985852822
2.4800000000000018,0.12289419999999929
2.4810000000000016,0.12249876566986531
2.4820000000000015,0.12205546433013331
2.483000000000002,0.1217616699999997
2.4840000000000018,0.12159242999999949
2.4850000000000017,0.1213012115016992
2.486000000000002,0.1210162284982998
2.487000000000002,0.12083001999999954
2.4880000000000018,0.12057442257348534
2.4890000000000017,0.12060015742651474
2.4900000000000015,0.12091012000000044
2.491000000000002,0.12124421295640939
2.4920000000000018,0.12157377704359193
2.4930000000000017,0.1217918500000002
2.494000000000002,0.12194463999999948
2.495000000000002,0.12164929973405317
2.4960000000000018,0.1216466402659468
2.4970000000000017,0.1221789100000009
2.4980000000000016,0.12268640767546583
2.499000000000002,0.12326316232453621
2.5000000000000018,0.12336158
2.5010000000000017,0.12336158
2.502000000000002,0.12336158
2.503000000000002,0.12336158
2.504000000000002,0.12336158
2.5050000000000017,0.12336158
2.5060000000000016,0.12336158
2.507000000000002,0.12336158
2.508000000000002,0.12336158
2.5090000000000017,0.12336158
2.510000000000002,0.12336158
2.511000000000002,0.12336158
2.512000000000002,0.12336158
2.5130000000000017,0.12336158
2.5140000000000016,0.12336158
2.515000000000002,0.12336158
2.516000000000002,0.12336158
2.5170000000000017,0.12336158
2.518000000000002,0.12336158
2.519000000000002,0.12336158
2.520000000000002,0.12336158
2.5210000000000017,0.12336158
2.5220000000000016,0.12336158
2.523000000000002,0.12336158
2.524000000000002,0.12336158
2.5250000000000017,0.12336158
2.526000000000002,0.12336158
2.527000000000002,0.12336158
2.528000000000002,0.12336158
2.5290000000000017,0.12336158
2.5300000000000016,0.12336158
2.531000000000002,0.12336158
2.532000000000002,0.12336158
2.5330000000000017,0.12336158
2.534000000000002,0.12336158
2.535000000000002,0.12336158
2.536000000000002,0.12336158
2.5370000000000017,0.12336158
2.5380000000000016,0.12336158
2.539000000000002,0.12336158
2.540000000000002,0.12336158
2.5410000000000017,0.12336158
2.542000000000002,0.12336158
2.543000000000002,0.12336158
2.544000000000002,0.12336158
2.5450000000000017,0.12336158
2.5460000000000016,0.12336158
2.547000000000002,0.12336158
2.548000000000002,0.12336158
2.5490000000000017,0.12336158
2.550000000000002,0.12336158
2.551000000000002,0.12336158
2.552000000000002,0.12336158
2.5530000000000017,0.12336158
2.5540000000000016,0.12336158
2.555000000000002,0.12336158
2.556000000000002,0.12336158
2.5570000000000017,0.12336158
2.558000000000002,0.12336158
2.559000000000002,0.12336158
2.560000000000002,0.12336158
2.5610000000000017,0.12336158
2.5620000000000016,0.12336158
2.563000000000002,0.12336158
2.564000000000002,0.12336158
2.5650000000000017,0.12336158
2.566000000000002,0.12336158
2.567000000000002,0.12336158
2.568000000000002,0.12336158
2.5690000000000017,0.12336158
2.5700000000000016,0.12336158
2.571000000000002,0.12336158
2.572000000000002,0.12336158
2.5730000000000017,0.12336158
2.574000000000002,0.12336158
2.575000000000002,0.12336158
2.576000000000002,0.12336158
2.5770000000000017,0.12336158
2.5780000000000016,0.12336158
2.579000000000002,0.12336158
2.580000000000002,0.12336158
2.5810000000000017,0.12336158
2.582000000000002,0.12336158
2.583000000000002,0.12336158
2.584000000000002,0.12336158
2.5850000000000017,0.12336158
2.5860000000000016,0.12336158
2.587000000000002,0.12336158
2.588000000000002,0.12336158
2.5890000000000017,0.12336158
2.590000000000002,0.12336158
2.591000000000002,0.12336158
2.592000000000002,0.12336158
2.5930000000000017,0.12336158
2.5940000000000016,0.12336158
2.595000000000002,0.12336158
2.596000000000002,0.12336158
2.5970000000000018,0.12336158
2.598000000000002,0.12336158
2.599000000000002,0.12336158
