wave,r
0.4,0.24003512188006243
0.401,0.240540082293654
0.402,0.23876944770634587
0.403,0.23770407999999998
0.404,0.23726737436705633
0.405,0.23596026
0.406,0.234682061247775
0.40700000000000003,0.23380683875222494
0.40800000000000003,0.23358794326893464
0.40900000000000003,0.2339148367310654
0.41000000000000003,0.2345048
0.41100000000000003,0.2352237528104719
0.41200000000000003,0.23637007
0.41300000000000003,0.2385308623819763
0.41400000000000003,0.24076906000000012
0.41500000000000004,0.24289917008489842
0.41600000000000004,0.2449076599151018
0.41700000000000004,0.24660097
0.41800000000000004,0.24847380127168742
0.41900000000000004,0.25039172000000004
0.42000000000000004,0.2516534048309517
0.42100000000000004,0.2521365
0.42200000000000004,0.25210228541139174
0.42300000000000004,0.2516434245886082
0.42400000000000004,0.25052241703895917
0.42500000000000004,0.2492263129610407
0.42600000000000005,0.2477306599999999
0.42700000000000005,0.2460837679635203
0.42800000000000005,0.24488011999999998
0.42900000000000005,0.24424765016369673
0.43000000000000005,0.24426401983630328
0.43100000000000005,0.24526177145457106
0.43200000000000005,0.24840722854542927
0.43300000000000005,0.25367272000000046
0.43400000000000005,0.2612382333957666
0.43500000000000005,0.2715778100000007
0.43600000000000005,0.28412332982400423
0.43700000000000006,0.2991057301759974
0.43800000000000006,0.3164702155311903
0.43900000000000006,0.3350233344688118
0.44000000000000006,0.35435283000000106
0.44100000000000006,0.3737155363729375
0.44200000000000006,0.39224884000000093
0.44300000000000006,0.4093715024202524
0.44400000000000006,0.42461352757974935
0.44500000000000006,0.4376807992561154
0.44600000000000006,0.4486064107438858
0.44700000000000006,0.45793003000000043
0.44800000000000006,0.46582363106398983
0.44900000000000007,0.4724689700000003
0.45000000000000007,0.47832500331143407
0.45100000000000007,0.48365614668856655
0.45200000000000007,0.48876034088828246
0.45300000000000007,0.49384916911171806
0.45400000000000007,0.49887535000000055
0.45500000000000007,0.5041045577079232
0.45600000000000007,0.5096912400000003
0.4570000000000001,0.5155667711429889
0.4580000000000001,0.5216810700000006
0.4590000000000001,0.5278735812192759
0.4600000000000001,0.5339955087807248
0.4610000000000001,0.5400974800000004
0.4620000000000001,0.5462311486633137
0.4630000000000001,0.5522609900000006
0.4640000000000001,0.5578761013172874
0.4650000000000001,0.5630078300000002
0.4660000000000001,0.5679061275051503
0.4670000000000001,0.5726566424948504
0.4680000000000001,0.5770383319566612
0.4690000000000001,0.5812339980433394
0.4700000000000001,0.5852071600000004
0.4710000000000001,0.5889442964925354
0.4720000000000001,0.5925935500000002
0.4730000000000001,0.5960934544841107
0.4740000000000001,0.5995418655158898
0.4750000000000001,0.6031229261905765
0.4760000000000001,0.6067419838094242
0.4770000000000001,0.6102744900000002
0.4780000000000001,0.6136811742728576
0.4790000000000001,0.6171084600000003
0.4800000000000001,0.6205492362341756
0.4810000000000001,0.6241726537658251
0.4820000000000001,0.6280125164796708
0.4830000000000001,0.63166048352033
0.4840000000000001,0.6352511000000004
0.4850000000000001,0.6389248032629679
0.4860000000000001,0.6427668300000005
0.4870000000000001,0.646650647974541
0.4880000000000001,0.6504481020254599
0.4890000000000001,0.6541480178613431
0.4900000000000001,0.6579341521386577
0.4910000000000001,0.6616953600000004
0.4920000000000001,0.6653843131104693
0.4930000000000001,0.6689767800000004
0.4940000000000001,0.6724513530438698
0.4950000000000001,0.6757557400000004
0.4960000000000001,0.678910110313694
0.4970000000000001,0.6819414796863067
0.4980000000000001,0.6846476800000003
0.4990000000000001,0.6872769337074632
0.5000000000000001,0.6898835300000002
0.5010000000000001,0.6920226999118986
0.5020000000000001,0.6940138867796614
0.5030000000000001,0.695906542146893
0.5040000000000001,0.6975653634118343
0.5050000000000001,0.6989074900000001
0.5060000000000001,0.7001675662568874
0.5070000000000001,0.7014804106146694
0.5080000000000001,0.7027318849705498
0.5090000000000001,0.7038264300000001
0.5100000000000001,0.7047953093508936
0.5110000000000001,0.7057303991550339
0.5120000000000001,0.7066881508449663
0.5130000000000001,0.7076659702218024
0.5140000000000001,0.7086055900000001
0.5150000000000001,0.7094322480140605
0.5160000000000001,0.7102336544802761
0.5170000000000001,0.7110496636798161
0.5180000000000001,0.7119177513191133
0.5190000000000001,0.7128363389627898
0.5200000000000001,0.7137326176135195
0.5210000000000001,0.7146132935797211
0.5220000000000001,0.7155109510234207
0.5230000000000001,0.7164177300000001
0.5240000000000001,0.7173473297514977
0.5250000000000001,0.7183224800107997
0.5260000000000001,0.7193230199892006
0.5270000000000001,0.7202012412178124
0.5280000000000001,0.7210844800000001
0.5290000000000001,0.7220764998079982
0.5300000000000001,0.7230668984190792
0.5310000000000001,0.7240142010539474
0.5320000000000001,0.7248989211528117
0.5330000000000001,0.7257384182171822
0.5340000000000001,0.7265601358242089
0.5350000000000001,0.727351346263687
0.5360000000000001,0.7281334921785437
0.5370000000000001,0.7289413200000001
0.5380000000000001,0.7296745272826458
0.5390000000000001,0.7304027931300436
0.5400000000000001,0.7311737945799711
0.5410000000000001,0.7318615231227313
0.5420000000000001,0.7325400100000001
0.5430000000000001,0.7331949016484177
0.5440000000000002,0.7337773225273737
0.5450000000000002,0.7343838678690787
0.5460000000000002,0.7349973300000001
0.5470000000000002,0.7355535046230463
0.5480000000000002,0.736015811475741
0.5490000000000002,0.7365895985242591
0.5500000000000002,0.7372321435745358
0.5510000000000002,0.73777807
0.5520000000000002,0.7382072846784936
0.5530000000000002,0.7386751357543124
0.5540000000000002,0.7392002794971252
0.5550000000000002,0.7396241957608576
0.5560000000000002,0.7400188444853448
0.5570000000000002,0.7404673806460678
0.5580000000000002,0.7409996840308984
0.5590000000000002,0.7414902301891019
0.5600000000000002,0.7419931900000001
0.5610000000000002,0.7425087755206553
0.5620000000000002,0.7430608445106197
0.5630000000000002,0.7437863754893805
0.5640000000000002,0.7445088527752279
0.5650000000000002,0.7451334600000001
0.5660000000000002,0.7457386990980911
0.5670000000000002,0.7461936029830509
0.5680000000000002,0.7466263713446328
0.5690000000000002,0.7471628746349465
0.5700000000000002,0.7476306049859499
0.5710000000000002,0.7481292004850758
0.5720000000000002,0.7486534542723865
0.5730000000000002,0.7491248252863058
0.5740000000000002,0.7496956600000002
0.5750000000000002,0.7505009301549017
0.5760000000000002,0.7515164179974804
0.5770000000000002,0.7524162920025201
0.5780000000000002,0.7531931322316225
0.5790000000000002,0.7538476600000001
0.5800000000000002,0.754374095793658
0.5810000000000002,0.7546637728501575
0.5820000000000002,0.754758778099895
0.5830000000000002,0.75475991
0.5840000000000002,0.7548303025570257
0.5850000000000002,0.755086007560022
0.5860000000000002,0.7554640086599671
0.5870000000000002,0.7558489361507231
0.5880000000000002,0.7562452600000001
0.5890000000000002,0.7566267839000781
0.5900000000000002,0.7570167934693266
0.5910000000000002,0.7574657710204491
0.5920000000000002,0.7579629350283503
0.5930000000000002,0.7585102354044541
0.5940000000000002,0.7590506785683717
0.5950000000000002,0.7594790971474428
0.5960000000000002,0.7598775520309203
0.5970000000000002,0.7602364400000001
0.5980000000000002,0.7605379830393304
0.5990000000000002,0.7608419143460262
0.6000000000000002,0.7610592156539739
0.6010000000000002,0.7612077585145852
0.6020000000000002,0.7614265700000001
0.6030000000000002,0.7616810228807577
0.6040000000000002,0.7619690997018149
0.6050000000000002,0.7622924935321235
0.6060000000000002,0.7626427964969651
0.6070000000000002,0.7629079819294193
0.6080000000000002,0.7631009245893705
0.6090000000000002,0.7633303931159442
0.6100000000000002,0.7636097672062442
0.6110000000000002,0.7639318100000001
0.6120000000000002,0.7642251318864189
0.6130000000000002,0.764413775078197
0.6140000000000002,0.7646676849218031
0.6150000000000002,0.7649596270805709
0.6160000000000002,0.7652134900000002
0.6170000000000002,0.7654768251224512
0.6180000000000002,0.7657329472971353
0.6190000000000002,0.7659761851352432
0.6200000000000002,0.7662351100000001
0.6210000000000002,0.7665662227638277
0.6220000000000002,0.766842603559422
0.6230000000000002,0.7670205746608669
0.6240000000000002,0.767275747448249
0.6250000000000002,0.76746726
0.6260000000000002,0.7676714732818658
0.6270000000000002,0.7679996575134245
0.6280000000000002,0.7682501049910505
0.6290000000000002,0.7684778577224772
0.6300000000000002,0.76869982
0.6310000000000002,0.76888192420059
0.6320000000000002,0.7690919536991151
0.6330000000000002,0.769336695105151
0.6340000000000002,0.76956236
0.6350000000000002,0.7696861620594206
0.6360000000000002,0.7698921047156114
0.6370000000000002,0.7701278852843887
0.6380000000000002,0.7702393488853889
0.6390000000000002,0.7704877900000001
0.6400000000000002,0.7707824723526471
0.6410000000000002,0.771017735280036
0.6420000000000002,0.771193736479976
0.6430000000000002,0.7713719582177821
0.6440000000000002,0.7715719322692227
0.6450000000000002,0.7717988550757463
0.6460000000000002,0.7720526423863807
0.6470000000000002,0.7722819377070541
0.6480000000000002,0.77247387
0.6490000000000002,0.7726852925481256
0.6500000000000002,0.7729401033912644
0.6510000000000002,0.7731096666087357
0.6520000000000002,0.7731529495671956
0.6530000000000002,0.77328801
0.6540000000000002,0.7734933554300544
0.6550000000000002,0.7737648584967752
0.6560000000000002,0.7740480843354832
0.6570000000000003,0.774228688193982
0.6580000000000003,0.7743740115813158
0.6590000000000003,0.774532143321034
0.6600000000000003,0.7746981950184492
0.6610000000000003,0.7749311876700534
0.6620000000000003,0.77514207
0.6630000000000003,0.7752688515533311
0.6640000000000003,0.7754241831972402
0.6650000000000003,0.7755307578685066
0.6660000000000003,0.7756553287542876
0.6670000000000003,0.77589411
0.6680000000000003,0.7760394219467027
0.6690000000000003,0.776136757079946
0.6700000000000003,0.7762839170567706
0.6710000000000003,0.7765389100000001
0.6720000000000003,0.776730181384014
0.6730000000000003,0.7768685822827087
0.6740000000000003,0.7769827177172913
0.6750000000000003,0.7770013198139981
0.6760000000000003,0.7771255400000001
0.6770000000000003,0.7773410711879237
0.6780000000000003,0.7774598642108895
0.6790000000000003,0.7776002271927404
0.6800000000000003,0.777780288199382
0.6810000000000003,0.7779729412147122
0.6820000000000003,0.7780944122648868
0.6830000000000003,0.7782076566026699
0.6840000000000003,0.7783496971591716
0.6850000000000003,0.77854389
0.6860000000000003,0.7787600818870188
0.6870000000000003,0.7789487827966882
0.6880000000000003,0.7790886172033119
0.6890000000000003,0.7792130687554876
0.6900000000000003,0.77936423
0.6910000000000003,0.7795011416772168
0.6920000000000003,0.7795850025642719
0.6930000000000003,0.7796704782904855
0.6940000000000003,0.779830868396084
0.6950000000000003,0.7800147510282103
0.6960000000000003,0.7801175714161293
0.6970000000000003,0.7801883778758062
0.6980000000000003,0.7802874990087802
0.6990000000000003,0.78039944
0.7000000000000003,0.7804426009077091
0.7010000000000003,0.7805333711957522
0.7020000000000003,0.7805931588042478
0.7030000000000003,0.7805898200334003
0.7040000000000003,0.78068238
0.7050000000000003,0.7808693141794419
0.7060000000000003,0.7810782842714865
0.7070000000000003,0.7812206671523424
0.7080000000000003,0.78136957
0.7090000000000003,0.7815247211551115
0.7100000000000003,0.7816402304875757
0.7110000000000003,0.7816646092686366
0.7120000000000003,0.7817506791392829
0.7130000000000003,0.78186703
0.7140000000000003,0.7819980423800477
0.7150000000000003,0.7822360479355033
0.7160000000000003,0.7825005647096646
0.7170000000000003,0.7827303977016772
0.7180000000000003,0.7828901411337114
0.7190000000000003,0.783003511319534
0.7200000000000003,0.783069488020699
0.7210000000000003,0.7831111591665917
0.7220000000000003,0.7831938900000001
0.7230000000000003,0.7833741316093161
0.7240000000000003,0.7835350608153674
0.7250000000000003,0.7835758291846326
0.7260000000000003,0.7836187495707958
0.7270000000000003,0.7837854600000002
0.7280000000000003,0.7840549924420489
0.7290000000000003,0.7842991949101545
0.7300000000000003,0.7844628667265637
0.7310000000000003,0.784533139297293
0.7320000000000003,0.784588161499015
0.7330000000000003,0.7847380619991001
0.7340000000000003,0.78483801700135
0.7350000000000003,0.7848853495266905
0.7360000000000003,0.78494
0.7370000000000003,0.7850784110490105
0.7380000000000003,0.7851833110311588
0.7390000000000003,0.7852348689688413
0.7400000000000003,0.7852789795588956
0.7410000000000003,0.7853564000000001
0.7420000000000003,0.7854233407594077
0.7430000000000003,0.7854613098980051
0.7440000000000003,0.7854579100679966
0.7450000000000003,0.78534919
0.7460000000000003,0.7853242213542136
0.7470000000000003,0.7854596414685266
0.7480000000000003,0.7855330677972102
0.7490000000000003,0.7855566697639953
0.7500000000000003,0.78552741
0.7510000000000003,0.7854837199897998
0.7520000000000003,0.7854826991831408
0.7530000000000003,0.7854554705445728
0.7540000000000003,0.7853895406593067
0.7550000000000003,0.78533834
0.7560000000000003,0.7853285109141543
0.7570000000000003,0.7853742186287686
0.7580000000000003,0.7854264389555895
0.7590000000000003,0.78538507
0.7600000000000003,0.785301209104691
0.7610000000000003,0.7852116789940402
0.7620000000000003,0.7851613810059598
0.7630000000000003,0.7851572000418003
0.7640000000000003,0.78513134
0.7650000000000003,0.7850787595946919
0.7660000000000003,0.7850382288699564
0.7670000000000003,0.7850005607533623
0.7680000000000003,0.7849296307093071
0.7690000000000003,0.7848228793580936
0.7700000000000004,0.7847586911073446
0.7710000000000004,0.7848140583389831
0.7720000000000004,0.784839029750295
0.7730000000000004,0.7846906199999999
0.7740000000000004,0.784449818614086
0.7750000000000004,0.7843112289498421
0.7760000000000004,0.7842587210501579
0.7770000000000004,0.7842022805644057
0.7780000000000004,0.78417957
0.7790000000000004,0.7841530388889888
0.7800000000000004,0.7840974866242687
0.7810000000000004,0.7839849622504874
0.7820000000000004,0.7838198516511165
0.7830000000000004,0.7837518505608057
0.7840000000000004,0.7838079299774011
0.7850000000000004,0.7838068000338984
0.7860000000000004,0.7836981410866217
0.7870000000000004,0.78355271
0.7880000000000004,0.7835229014788296
0.7890000000000004,0.7836707819778012
0.7900000000000004,0.7837367086814659
0.7910000000000004,0.7837183501836018
0.7920000000000004,0.78370881
0.7930000000000004,0.7836650594302285
0.7940000000000004,0.7836365708546572
0.7950000000000004,0.7836572495863958
0.7960000000000004,0.78373462
0.7970000000000004,0.7838255811259113
0.7980000000000004,0.7839381722017119
0.7990000000000004,0.7840482577982881
0.8000000000000004,0.7841174593079931
0.8010000000000004,0.7842263600000001
0.8020000000000004,0.7843697113870278
0.8030000000000004,0.7845084133328335
0.8040000000000004,0.7846195077781111
0.8050000000000004,0.784799458200482
0.8060000000000004,0.78502101198362
0.8070000000000004,0.7852193740779961
0.8080000000000004,0.7854232738830059
0.8090000000000004,0.7856758149491496
0.8100000000000004,0.7859649700000001
0.8110000000000004,0.7862137617029171
0.8120000000000004,0.7863840542888285
0.8130000000000004,0.7865984957111716
0.8140000000000004,0.7868606973779738
0.8150000000000004,0.7870765900000001
0.8160000000000004,0.7874020969130693
0.8170000000000004,0.787747749222739
0.8180000000000004,0.7880551738515075
0.8190000000000004,0.7883746568051682
0.8200000000000004,0.788700883880239
0.8210000000000004,0.789088909364732
0.8220000000000004,0.7895571459529025
0.8230000000000004,0.7899913756577134
0.8240000000000004,0.7903129500000001
0.8250000000000004,0.7906290345687458
0.8260000000000004,0.7910859094528221
0.8270000000000004,0.7915585505471784
0.8280000000000004,0.79196041598136
0.8290000000000004,0.7923358700000002
0.8300000000000004,0.7927837477628777
0.8310000000000004,0.793171890304485
0.8320000000000004,0.7935153731303436
0.8330000000000004,0.7939024600000002
0.8340000000000004,0.7944194746563468
0.8350000000000004,0.7948851088531576
0.8360000000000004,0.7953277667202642
0.8370000000000004,0.795784055437109
0.8380000000000004,0.7962387200000002
0.8390000000000004,0.7966374238236766
0.8400000000000004,0.7970197921283937
0.8410000000000004,0.7974240719144045
0.8420000000000004,0.7978070361703619
0.8430000000000004,0.7981290231203313
0.8440000000000004,0.7984410570532475
0.8450000000000004,0.7987937194201291
0.8460000000000004,0.7991325832227324
0.8470000000000004,0.7994827600000001
0.8480000000000004,0.7998295430500306
0.8490000000000004,0.800134544625215
0.8500000000000004,0.8003658053747851
0.8510000000000004,0.8004943687143872
0.8520000000000004,0.8004935399999998
0.8530000000000004,0.8003574576497529
0.8540000000000004,0.8001224302693865
0.8550000000000004,0.7997980764870756
0.8560000000000004,0.799425723723537
0.8570000000000004,0.7991115986875869
0.8580000000000004,0.7989803593752312
0.8590000000000004,0.7989491209371531
0.8600000000000004,0.7989584799063981
0.8610000000000004,0.7990696400000001
0.8620000000000004,0.7993160521696218
0.8630000000000004,0.7995330124711012
0.8640000000000004,0.7996565675288989
0.8650000000000004,0.7998396181694818
0.8660000000000004,0.8000248100000001
0.8670000000000004,0.8002256856516566
0.8680000000000004,0.8005082729545524
0.8690000000000004,0.800940091363632
0.8700000000000004,0.8013500000000002
0.8710000000000004,0.8017838657626579
0.8720000000000004,0.802360134688266
0.8730000000000004,0.8030945479676018
0.8740000000000004,0.8038585123603476
0.8750000000000004,0.8046185400000003
0.8760000000000004,0.8053929274239489
0.8770000000000004,0.8061353164856759
0.8780000000000004,0.8066848390095498
0.8790000000000004,0.8070549962984631
0.8800000000000004,0.8073294200000001
0.8810000000000004,0.807486123061047
0.8820000000000005,0.8076391754084297
0.8830000000000005,0.8078488058073582
0.8840000000000005,0.8081456400000002
0.8850000000000005,0.8086008466895672
0.8860000000000005,0.8092698067695295
0.8870000000000005,0.8101082832304711
0.8880000000000005,0.8109764413184136
0.8890000000000005,0.8118280800000004
0.8900000000000005,0.8128238407475155
0.8910000000000005,0.8138985869317539
0.8920000000000005,0.8147963120454981
0.8930000000000005,0.8155520524426249
0.8940000000000005,0.8162960480115805
0.8950000000000005,0.817097205628619
0.8960000000000005,0.8178786365570725
0.8970000000000005,0.818509933687074
0.8980000000000005,0.8190165200000002
0.8990000000000005,0.8195062358532588
0.9000000000000005,0.8200915612349509
0.9010000000000005,0.8206533087650497
0.9020000000000005,0.8210982055510558
0.9030000000000005,0.8214401600000002
0.9040000000000005,0.8218197884186844
0.9050000000000005,0.8222407216331186
0.9060000000000005,0.8226284922445879
0.9070000000000005,0.8229892263926641
0.9080000000000005,0.8234312545973461
0.9090000000000005,0.8238909876338185
0.9100000000000005,0.8242726785492728
0.9110000000000005,0.8246153565732317
0.9120000000000005,0.8250617400000002
0.9130000000000005,0.8254386227984561
0.9140000000000005,0.8257184680284988
0.9150000000000005,0.8259860846476678
0.9160000000000005,0.8263548563122634
0.9170000000000005,0.8266458500000001
0.9180000000000005,0.8269805371462429
0.9190000000000005,0.8273378492806361
0.9200000000000005,0.827603574685547
0.9210000000000005,0.8280049600000002
0.9220000000000005,0.828364793085131
0.9230000000000005,0.8286733073979043
0.9240000000000005,0.8290432026020961
0.9250000000000005,0.8292189782422825
0.9260000000000005,0.8293783700000003
0.9270000000000005,0.8296959443249867
0.9280000000000005,0.8301284368072598
0.9290000000000005,0.8303553454618271
0.9300000000000005,0.8306022875305754
0.9310000000000005,0.8309874540019402
0.9320000000000005,0.8313876457467128
0.9330000000000005,0.8316749813799311
0.9340000000000005,0.8319562043755439
0.9350000000000005,0.8322595400000001
0.9360000000000005,0.8325327029380294
0.9370000000000005,0.8328265059171633
0.9380000000000005,0.8331223640828368
0.9390000000000005,0.8333810574130742
0.9400000000000005,0.8336424800000002
0.9410000000000005,0.8340203824818249
0.9420000000000005,0.8341444705312735
0.9430000000000005,0.8341621796458177
0.9440000000000005,0.8344381472402725
0.9450000000000005,0.8346986225457256
0.9460000000000005,0.8349531948753564
0.9470000000000005,0.8351969626869659
0.9480000000000005,0.8355110868587373
0.9490000000000005,0.8359482300000001
0.9500000000000005,0.8361334797776977
0.9510000000000005,0.8361112527738891
0.9520000000000005,0.836249947226111
0.9530000000000005,0.8367397751016513
0.9540000000000005,0.83704758
0.9550000000000005,0.8371354323712238
0.9560000000000005,0.8372539998611072
0.9570000000000005,0.8375827034259289
0.9580000000000005,0.8378601100000002
0.9590000000000005,0.8380677716963171
0.9600000000000005,0.8382374022852859
0.9610000000000005,0.8383516665720715
0.9620000000000005,0.8384157993586874
0.9630000000000005,0.8385480600000002
0.9640000000000005,0.8387427314782296
0.9650000000000005,0.8388905591174443
0.9660000000000005,0.8391944739217041
0.9670000000000005,0.8393974879698798
0.9680000000000005,0.8395291629015291
0.9690000000000005,0.8398193120038998
0.9700000000000005,0.8399195069941503
0.9710000000000005,0.8399864386613867
0.9720000000000005,0.8401771800000002
0.9730000000000005,0.8405361834004341
0.9740000000000005,0.840876224651414
0.9750000000000005,0.8411087953485862
0.9760000000000005,0.8411497495904959
0.9770000000000005,0.8411946300000003
0.9780000000000005,0.8416339817750356
0.9790000000000005,0.8418114757606119
0.9800000000000005,0.8416701628262585
0.9810000000000005,0.841579200909609
0.9820000000000005,0.8419234237998382
0.9830000000000005,0.842303404181591
0.9840000000000005,0.8425124837276137
0.9850000000000005,0.8426461186636734
0.9860000000000005,0.8430081000000001
0.9870000000000005,0.8431783889187892
0.9880000000000005,0.8430702668589256
0.9890000000000005,0.8429132131410743
0.9900000000000005,0.8430978081539816
0.9910000000000005,0.8434281300000003
0.9920000000000005,0.8437509548710489
0.9930000000000005,0.8439945040392981
0.9940000000000005,0.8441291473071347
0.9950000000000006,0.8441522100000001
0.9960000000000006,0.8444023121118213
0.9970000000000006,0.8446134930958452
0.9980000000000006,0.8447682853562323
0.9990000000000006,0.8453837538451773
1.0000000000000004,0.8455781900000001
1.0010000000000006,0.84571832
1.0020000000000007,0.8457580200000001
1.0030000000000006,0.8459351700000003
1.0040000000000004,0.8464375848225177
1.0050000000000006,0.8465858100000001
1.0060000000000007,0.8466700300000001
1.0070000000000006,0.8467976999999999
1.0080000000000005,0.84681869
1.0090000000000006,0.8468632311578843
1.0100000000000007,0.84707481
1.0110000000000006,0.8470562699999997
1.0120000000000005,0.84665775
1.0130000000000006,0.8466416600000001
1.0140000000000007,0.8468460195640437
1.0150000000000006,0.8468797200000001
1.0160000000000005,0.8470145500000001
1.0170000000000006,0.84718919
1.0180000000000007,0.8471715999999998
1.0190000000000006,0.8468228348765122
1.0200000000000005,0.8468449100000001
1.0210000000000006,0.84702235
1.0220000000000007,0.8471007900000002
1.0230000000000006,0.8473357
1.0240000000000005,0.8473607299999999
1.0250000000000006,0.84711808
1.0260000000000007,0.84713012
1.0270000000000006,0.84721112
1.0280000000000005,0.8472684000000003
1.0290000000000006,0.84755778
1.0300000000000007,0.8476451599999999
1.0310000000000006,0.8475067599999999
1.0320000000000005,0.8474045519558044
1.0330000000000006,0.8475241100000002
1.0340000000000007,0.8477361200000001
1.0350000000000006,0.8478288100000001
1.0360000000000005,0.8480544100000001
1.0370000000000006,0.8482066971032896
1.0380000000000007,0.84817773
1.0390000000000006,0.8482602800000001
1.0400000000000005,0.8484338500000002
1.0410000000000006,0.8486357300000001
1.0420000000000007,0.8487808554874514
1.0430000000000006,0.8490268600000004
1.0440000000000005,0.8496006700000001
1.0450000000000006,0.84982085
1.0460000000000007,0.8497439600000001
1.0470000000000006,0.849924251970803
1.0480000000000005,0.8499639599999999
1.0490000000000006,0.84975165
1.0500000000000007,0.8498299700000002
1.0510000000000006,0.8500355500000001
1.0520000000000005,0.8502185300000001
1.0530000000000006,0.8505432600000001
1.0540000000000007,0.8507115800000001
1.0550000000000006,0.8508667412528748
1.0560000000000005,0.85097927
1.0570000000000006,0.85098445
1.0580000000000007,0.85098147
1.0590000000000006,0.85090053
1.0600000000000005,0.8509458911208879
1.0610000000000006,0.8509571
1.0620000000000007,0.8509809400000001
1.0630000000000006,0.85107458
1.0640000000000005,0.85112637
1.0650000000000006,0.8512069519418058
1.0660000000000007,0.8512747900000001
1.0670000000000006,0.8513625900000001
1.0680000000000005,0.85155302
1.0690000000000006,0.85162127
1.0700000000000007,0.8516017219548045
1.0710000000000006,0.85159707
1.0720000000000005,0.85151792
1.0730000000000006,0.8514656399999999
1.0740000000000007,0.8513361800000001
1.0750000000000006,0.8514811999999999
1.0760000000000005,0.85148889
1.0770000000000006,0.85140926
1.0780000000000007,0.851396494159584
1.0790000000000006,0.85133809
1.0800000000000005,0.85125941
1.0810000000000006,0.8512023099999999
1.0820000000000007,0.8510435799999999
1.0830000000000006,0.8507958437046294
1.0840000000000005,0.8505328899999999
1.0850000000000006,0.8501784799999998
1.0860000000000007,0.8499496599999999
1.0870000000000006,0.8498254999999997
1.0880000000000005,0.8495701855314467
1.0890000000000006,0.8492461399999999
1.0900000000000007,0.8490028999999999
1.0910000000000006,0.8488149599999998
1.0920000000000005,0.8484687799999999
1.0930000000000006,0.8483094759304068
1.0940000000000007,0.8480212099999996
1.0950000000000006,0.8474391099999997
1.0960000000000005,0.8469130399999996
1.0970000000000006,0.8462094099999994
1.0980000000000008,0.8452377299999994
1.0990000000000006,0.8444921399999995
1.1000000000000005,0.8438209299999997
1.1010000000000006,0.8429879499999995
1.1020000000000008,0.8421749499999994
1.1030000000000006,0.8413833999999996
1.1040000000000005,0.8405058999999997
1.1050000000000006,0.8395357699999995
1.1060000000000008,0.8387567273492647
1.1070000000000007,0.8380302199999994
1.1080000000000005,0.8369554899999992
1.1090000000000007,0.8357783599999992
1.1100000000000008,0.8344690199999988
1.1110000000000007,0.8326499844805505
1.1120000000000005,0.8306947899999989
1.1130000000000007,0.828308109999998
1.1140000000000008,0.8253809199999977
1.1150000000000007,0.8220334599999974
1.1160000000000005,0.8182198013658611
1.1170000000000007,0.8134297699999973
1.1180000000000008,0.809239919999996
1.1190000000000007,0.8047308899999972
1.1200000000000006,0.8006425499999985
1.1210000000000007,0.7973035938956083
1.1220000000000008,0.7945682999999989
1.1230000000000007,0.7926841399999991
1.1240000000000006,0.7914023399999996
1.1250000000000007,0.7906795699999998
1.1260000000000008,0.7902776599999995
1.1270000000000007,0.7898116699999995
1.1280000000000006,0.7892034599999992
1.1290000000000007,0.788047388249174
1.1300000000000008,0.7864298799999986
1.1310000000000007,0.7848421899999986
1.1320000000000006,0.7826304399999994
1.1330000000000007,0.7810586099999989
1.1340000000000008,0.7794235039756019
1.1350000000000007,0.7785632599999996
1.1360000000000006,0.77807736
1.1370000000000007,0.7780993600000005
1.1380000000000008,0.7787566800000009
1.1390000000000007,0.7798037652914714
1.1400000000000006,0.7812388500000013
1.1410000000000007,0.7830165000000012
1.1420000000000008,0.7848465400000012
1.1430000000000007,0.7867469200000012
1.1440000000000006,0.7885844662453766
1.1450000000000007,0.7900726800000007
1.1460000000000008,0.7912855700000008
1.1470000000000007,0.7922129600000004
1.1480000000000006,0.7928478700000001
1.1490000000000007,0.7930401000000001
1.1500000000000008,0.79321742
1.1510000000000007,0.7931856499999999
1.1520000000000006,0.79304922
1.1530000000000007,0.7929669600000001
1.1540000000000008,0.7931112100000003
1.1550000000000007,0.7936194500000007
1.1560000000000006,0.794652040000001
1.1570000000000007,0.7961256619918022
1.1580000000000008,0.798045580000002
1.1590000000000007,0.8003220000000016
1.1600000000000006,0.8027902200000017
1.1610000000000007,0.8053707500000018
1.1620000000000008,0.8079915809459073
1.1630000000000007,0.8105010400000016
1.1640000000000006,0.812855780000001
1.1650000000000007,0.8150558500000014
1.1660000000000008,0.8171309200000016
1.1670000000000007,0.8190173413578653
1.1680000000000006,0.820774670000001
1.1690000000000007,0.8223274400000009
1.1700000000000008,0.8236646700000011
1.1710000000000007,0.8249165400000008
1.1720000000000006,0.8260797936746332
1.1730000000000007,0.8270339400000005
1.1740000000000008,0.8279014200000006
1.1750000000000007,0.8286569100000003
1.1760000000000006,0.8291960400000004
1.1770000000000007,0.8297362900000005
1.1780000000000008,0.8303836600000004
1.1790000000000007,0.8309260000000004
1.1800000000000006,0.8313714152764726
1.1810000000000007,0.8318241800000002
1.1820000000000008,0.8322209700000003
1.1830000000000007,0.8326312300000003
1.1840000000000006,0.8330327900000002
1.1850000000000007,0.8334613229117092
1.1860000000000008,0.8338904400000003
1.1870000000000007,0.8342574800000002
1.1880000000000006,0.8345274900000003
1.1890000000000007,0.8348162200000002
1.1900000000000008,0.8351360880131989
1.1910000000000007,0.8354774700000004
1.1920000000000006,0.8358339100000002
1.1930000000000007,0.8361952900000003
1.1940000000000008,0.8365993500000004
1.1950000000000007,0.8370385360813922
1.1960000000000006,0.8373637800000001
1.1970000000000007,0.8376045800000003
1.1980000000000008,0.8378606400000003
1.1990000000000007,0.8380495300000002
1.2000000000000006,0.8382731100000003
1.2010000000000007,0.8385589100000003
1.2020000000000008,0.8387575100000001
1.2030000000000007,0.8389143967823218
1.2040000000000006,0.83898222
1.2050000000000007,0.83899456
1.2060000000000008,0.83901626
1.2070000000000007,0.8390699
1.2080000000000006,0.839146271030897
1.2090000000000007,0.8392565800000001
1.2100000000000009,0.8393451600000001
1.2110000000000007,0.8394101300000001
1.2120000000000006,0.8395093100000001
1.2130000000000007,0.8396937115598442
1.2140000000000009,0.8398971600000001
1.2150000000000007,0.84000504
1.2160000000000006,0.8400436
1.2170000000000007,0.84004897
1.2180000000000009,0.8400785270442955
1.2190000000000007,0.8401628700000001
1.2200000000000006,0.8402543700000001
1.2210000000000008,0.8403425200000001
1.2220000000000009,0.8404238200000002
1.2230000000000008,0.8404968400000001
1.2240000000000006,0.8405789100000001
1.2250000000000008,0.8407046200000001
1.2260000000000009,0.84087998
1.2270000000000008,0.84094107
1.2280000000000006,0.84096247
1.2290000000000008,0.84104437
1.2300000000000009,0.84105557
1.2310000000000008,0.8409979199880011
1.2320000000000007,0.8408978
1.2330000000000008,0.8407500399999999
1.2340000000000009,0.8405735499999999
1.2350000000000008,0.84049606
1.2360000000000007,0.8404861667813219
1.2370000000000008,0.84045398
1.2380000000000009,0.84052598
1.2390000000000008,0.84053904
1.2400000000000007,0.84051901
1.2410000000000008,0.8405212797730227
1.2420000000000009,0.84053183
1.2430000000000008,0.84048474
1.2440000000000007,0.84043801
1.2450000000000008,0.84047419
1.2460000000000009,0.8404291345055493
1.2470000000000008,0.84040916
1.2480000000000007,0.84044701
1.2490000000000008,0.84051096
1.2500000000000009,0.84057391
1.2510000000000008,0.84061533
1.2520000000000007,0.84064531
1.2530000000000008,0.8406494900000001
1.254000000000001,0.8407155290940905
1.2550000000000008,0.8407064699999999
1.2560000000000007,0.84060967
1.2570000000000008,0.8405352799999999
1.258000000000001,0.8403654699999998
1.2590000000000008,0.8402394608569143
1.2600000000000007,0.8401480299999999
1.2610000000000008,0.8400451499999999
1.262000000000001,0.8399555099999999
1.2630000000000008,0.8398563299999999
1.2640000000000007,0.8397562000129987
1.2650000000000008,0.8395820899999998
1.266000000000001,0.8394889199999999
1.2670000000000008,0.8393931399999999
1.2680000000000007,0.83928162
1.2690000000000008,0.8392015780041995
1.270000000000001,0.8390638799999999
1.2710000000000008,0.8388862599999999
1.2720000000000007,0.8387819499999999
1.2730000000000008,0.8386784199999999
1.274000000000001,0.83860153
1.2750000000000008,0.8385848999999997
1.2760000000000007,0.8383614399999999
1.2770000000000008,0.83816743
1.278000000000001,0.8380870799999998
1.2790000000000008,0.8378557599999998
1.2800000000000007,0.83767939
1.2810000000000008,0.8376510099999998
1.282000000000001,0.8374613149145083
1.2830000000000008,0.8371104599999999
1.2840000000000007,0.8368679899999998
1.2850000000000008,0.8365837899999998
1.286000000000001,0.83637351
1.2870000000000008,0.8363418683371663
1.2880000000000007,0.8364252400000001
1.2890000000000008,0.8365921400000002
1.290000000000001,0.8366761799999999
1.2910000000000008,0.8366002399999998
1.2920000000000007,0.8363932007039294
1.2930000000000008,0.8360802499999997
1.294000000000001,0.8357979699999998
1.2950000000000008,0.8354915399999998
1.2960000000000007,0.8351874899999999
1.2970000000000008,0.8349769910498949
1.298000000000001,0.8347540499999998
1.2990000000000008,0.8345443599999999
1.3000000000000007,0.8343331199999998
1.3010000000000008,0.8340727699999998
1.302000000000001,0.8337890499999996
1.3030000000000008,0.8334295699999997
1.3040000000000007,0.8330546599999996
1.3050000000000008,0.8326144286321364
1.306000000000001,0.8321007499999994
1.3070000000000008,0.8315104199999994
1.3080000000000007,0.8308892799999994
1.3090000000000008,0.8301156199999995
1.310000000000001,0.8292476868903103
1.3110000000000008,0.8284165899999991
1.3120000000000007,0.827409679999999
1.3130000000000008,0.8262554399999992
1.314000000000001,0.8250994099999989
1.3150000000000008,0.8237894909918998
1.3160000000000007,0.822457609999999
1.3170000000000008,0.821300209999999
1.318000000000001,0.8202252999999993
1.3190000000000008,0.8193483399999995
1.3200000000000007,0.8187073540985896
1.3210000000000008,0.8181784199999996
1.322000000000001,0.8177884799999998
1.3230000000000008,0.8175833199999999
1.3240000000000007,0.81739193
1.3250000000000008,0.8174051599999999
1.326000000000001,0.8172687299999999
1.3270000000000008,0.8171840899999998
1.3280000000000007,0.8169045563143682
1.3290000000000008,0.8164676999999997
1.330000000000001,0.8160802699999996
1.3310000000000008,0.8156093399999995
1.3320000000000007,0.8151600999999996
1.3330000000000009,0.8147731488581137
1.334000000000001,0.8142617299999995
1.3350000000000009,0.8136691999999994
1.3360000000000007,0.8131121999999995
1.3370000000000009,0.8125901799999996
1.338000000000001,0.8121293060873908
1.3390000000000009,0.8116155899999996
1.3400000000000007,0.8110917199999996
1.3410000000000009,0.8106085699999995
1.342000000000001,0.8100649699999994
1.3430000000000009,0.8095620802889707
1.3440000000000007,0.8091782299999998
1.3450000000000009,0.8088507099999998
1.346000000000001,0.8086353499999998
1.3470000000000009,0.80848211
1.3480000000000008,0.80844259
1.3490000000000009,0.80842656
1.350000000000001,0.8084459300000001
1.3510000000000009,0.8085343200000003
1.3520000000000008,0.8087980200000001
1.3530000000000009,0.8089492300000001
1.354000000000001,0.80913413
1.3550000000000009,0.80918407
1.3560000000000008,0.809191924939506
1.3570000000000009,0.8090413199999997
1.358000000000001,0.8087848399999996
1.3590000000000009,0.8084533199999996
1.3600000000000008,0.8080097999999998
1.3610000000000009,0.8074972614208573
1.362000000000001,0.8069114699999993
1.3630000000000009,0.8062748899999995
1.3640000000000008,0.8055463999999994
1.3650000000000009,0.8047751199999992
1.366000000000001,0.8039381137006291
1.3670000000000009,0.8030163599999992
1.3680000000000008,0.8020884999999993
1.3690000000000009,0.8011535999999992
1.370000000000001,0.8002951699999994
1.3710000000000009,0.7996309464223572
1.3720000000000008,0.7991397399999997
1.3730000000000009,0.7987440199999999
1.374000000000001,0.7986345300000001
1.3750000000000009,0.7987699500000002
1.3760000000000008,0.7989822000000005
1.377000000000001,0.7996344600000003
1.378000000000001,0.7998374100000002
1.379000000000001,0.8001344660833916
1.3800000000000008,0.7999952999999996
1.381000000000001,0.7995468999999994
1.382000000000001,0.7988510099999988
1.383000000000001,0.797740459999999
1.3840000000000008,0.796658440609938
1.385000000000001,0.7952645399999989
1.386000000000001,0.7940336499999989
1.387000000000001,0.7930511199999992
1.3880000000000008,0.7923953499999999
1.389000000000001,0.7922890306319367
1.390000000000001,0.7925943700000009
1.391000000000001,0.793403570000001
1.3920000000000008,0.7945408800000012
1.393000000000001,0.7958822300000012
1.394000000000001,0.7972609221307884
1.395000000000001,0.7984566700000009
1.3960000000000008,0.7994875900000007
1.397000000000001,0.8002303800000006
1.398000000000001,0.8007209300000002
1.399000000000001,0.8009868900000001
1.4000000000000008,0.80105323
1.4010000000000007,0.8010880899999999
1.402000000000001,0.80090028
1.403000000000001,0.8008832299999998
1.4040000000000008,0.8008167700000001
1.4050000000000007,0.8009081500000002
1.406000000000001,0.8010346300000003
1.407000000000001,0.8013362779472057
1.4080000000000008,0.8018157500000004
1.4090000000000007,0.8022911000000005
1.410000000000001,0.8029267200000006
1.411000000000001,0.8035125700000005
1.4120000000000008,0.8041617817318272
1.4130000000000007,0.8046791000000003
1.414000000000001,0.8051973000000004
1.415000000000001,0.8056115500000002
1.4160000000000008,0.8058266600000001
1.4170000000000007,0.8059391287531248
1.418000000000001,0.8059247099999998
1.419000000000001,0.8057133599999997
1.4200000000000008,0.8053474399999996
1.4210000000000007,0.8048322799999995
1.422000000000001,0.804138249403059
1.423000000000001,0.803289119999999
1.4240000000000008,0.8021502499999991
1.4250000000000007,0.800852479999999
1.426000000000001,0.7994238699999984
1.427000000000001,0.7978801699999984
1.4280000000000008,0.7964537099999991
1.4290000000000007,0.7951635699999993
1.430000000000001,0.7940520374082585
1.431000000000001,0.7932261199999996
1.4320000000000008,0.79275835
1.4330000000000007,0.79270351
1.434000000000001,0.7927061900000004
1.435000000000001,0.7931979412818719
1.4360000000000008,0.7933107600000002
1.4370000000000007,0.7935718899999997
1.438000000000001,0.7933608899999997
1.439000000000001,0.7929472299999993
1.4400000000000008,0.7921721475082485
1.4410000000000007,0.7909604899999989
1.442000000000001,0.7896971699999981
1.443000000000001,0.7880245999999986
1.4440000000000008,0.7865398499999986
1.4450000000000007,0.7848721667683218
1.446000000000001,0.7834920899999984
1.447000000000001,0.7820838099999989
1.4480000000000008,0.7810907999999996
1.4490000000000007,0.7803537199999997
1.450000000000001,0.7799202799999999
1.451000000000001,0.7798368300000003
1.4520000000000008,0.7800436600000005
1.4530000000000007,0.7805030909759029
1.454000000000001,0.7811128500000007
1.455000000000001,0.7818467000000007
1.4560000000000008,0.7826526200000008
1.4570000000000007,0.7835132500000008
1.458000000000001,0.7844035250774932
1.459000000000001,0.7852543000000008
1.4600000000000009,0.7860694500000006
1.4610000000000007,0.7867695700000006
1.462000000000001,0.7873534600000005
1.463000000000001,0.7878255927867218
1.4640000000000009,0.7882593900000003
1.4650000000000007,0.7886178500000002
1.466000000000001,0.7889605200000005
1.467000000000001,0.7893582000000003
1.4680000000000009,0.789749760843916
1.4690000000000007,0.7902191300000003
1.470000000000001,0.7907458500000005
1.471000000000001,0.7912895100000007
1.4720000000000009,0.7919295400000006
1.4730000000000008,0.7925078300000005
1.474000000000001,0.7931336800000005
1.475000000000001,0.7936190400000005
1.4760000000000009,0.7940958100000002
1.4770000000000008,0.7943649300000001
1.478000000000001,0.79451448
1.479000000000001,0.7945223499999999
1.4800000000000009,0.7943457399999998
1.4810000000000008,0.7941076420117985
1.482000000000001,0.7937277599999996
1.483000000000001,0.7933134999999996
1.4840000000000009,0.7928010799999996
1.4850000000000008,0.7922640999999995
1.486000000000001,0.791651127582241
1.487000000000001,0.7910269499999992
1.4880000000000009,0.7903535999999995
1.4890000000000008,0.7896757699999996
1.490000000000001,0.7890477199999995
1.491000000000001,0.7885363611358859
1.4920000000000009,0.7880951199999998
1.4930000000000008,0.7878052599999998
1.494000000000001,0.7876375899999999
1.495000000000001,0.78756183
1.4960000000000009,0.7876121949635037
1.4970000000000008,0.7876687000000001
1.498000000000001,0.78777754
1.499000000000001,0.7878156899999998
1.5000000000000009,0.7877451799999999
1.5010000000000008,0.7876629799999998
1.5020000000000011,0.7874375599999995
1.503000000000001,0.7871436499999998
1.504000000000001,0.7868497032986698
1.5050000000000008,0.7864826899999997
1.5060000000000011,0.7860726699999996
1.507000000000001,0.7856629499999994
1.508000000000001,0.7852041099999997
1.5090000000000008,0.7848127897960203
1.5100000000000011,0.7846107499999998
1.511000000000001,0.7844229299999999
1.512000000000001,0.78430766
1.5130000000000008,0.78434652
1.5140000000000011,0.7843198826637335
1.515000000000001,0.7843079000000001
1.516000000000001,0.7843565300000002
1.5170000000000008,0.7844890999999999
1.5180000000000011,0.7845467900000002
1.519000000000001,0.7846299916798322
1.520000000000001,0.78463334
1.5210000000000008,0.78459239
1.5220000000000011,0.7845370799999999
1.523000000000001,0.7844568499999999
1.524000000000001,0.7843414499999999
1.5250000000000008,0.7841862999999998
1.5260000000000011,0.7839794799999996
1.527000000000001,0.7836843099999998
1.528000000000001,0.7834548399999998
1.5290000000000008,0.7832266099999999
1.5300000000000011,0.7830122699999997
1.531000000000001,0.7828139699999997
1.532000000000001,0.7826375241165882
1.5330000000000008,0.7824786899999999
1.5340000000000011,0.7823274099999998
1.535000000000001,0.7822515399999997
1.536000000000001,0.7820683699999997
1.5370000000000008,0.7818073364533544
1.5380000000000011,0.7815718699999996
1.539000000000001,0.7813050699999998
1.540000000000001,0.7810273199999997
1.5410000000000008,0.7807680399999998
1.5420000000000011,0.7805165851454852
1.543000000000001,0.7801748499999996
1.544000000000001,0.7798254499999997
1.5450000000000008,0.7794597099999997
1.5460000000000012,0.7790256699999996
1.547000000000001,0.7786128912778718
1.548000000000001,0.7781966899999997
1.5490000000000008,0.7778403199999998
1.5500000000000012,0.7775292399999997
1.551000000000001,0.7772047499999997
1.552000000000001,0.7769259199999997
1.5530000000000008,0.7766135299999998
1.5540000000000012,0.7762470799999995
1.555000000000001,0.7758522134056589
1.556000000000001,0.7753862699999996
1.5570000000000008,0.7748961399999995
1.5580000000000012,0.7744188299999994
1.559000000000001,0.7739278699999995
1.560000000000001,0.773422308125187
1.5610000000000008,0.7729035599999995
1.5620000000000012,0.7723370799999992
1.563000000000001,0.7717872899999996
1.564000000000001,0.7712756399999995
1.5650000000000008,0.770712196344365
1.5660000000000012,0.7701113799999992
1.567000000000001,0.7694904199999993
1.568000000000001,0.7688715499999994
1.5690000000000008,0.7682211999999994
1.5700000000000012,0.7675368284371554
1.571000000000001,0.766858339999999
1.572000000000001,0.7659960399999989
1.5730000000000008,0.7650186399999993
1.5740000000000012,0.7640450599999988
1.575000000000001,0.7629640699999989
1.576000000000001,0.761942679999999
1.5770000000000008,0.7610242399999992
1.5780000000000012,0.760167220441955
1.579000000000001,0.7593716399999991
1.580000000000001,0.7585767499999994
1.5810000000000008,0.7578175099999993
1.5820000000000012,0.7570785899999992
1.583000000000001,0.7564662140665926
1.584000000000001,0.7559068799999995
1.5850000000000009,0.7553833699999997
1.5860000000000012,0.7549670299999993
1.587000000000001,0.7544572399999994
1.588000000000001,0.7539022554984496
1.5890000000000009,0.7533255199999993
1.5900000000000012,0.7526029299999991
1.591000000000001,0.751769719999999
1.592000000000001,0.7508693299999989
1.5930000000000009,0.7498723696960296
1.5940000000000012,0.7487557499999987
1.595000000000001,0.7475674199999985
1.596000000000001,0.7462736399999984
1.5970000000000009,0.7449089299999989
1.5980000000000012,0.7435997099999986
1.599000000000001,0.7422993199999987
1.600000000000001,0.741067469999999
1.6010000000000009,0.7398800299999989
1.6020000000000012,0.7386211799999984
1.603000000000001,0.7374202599999988
1.604000000000001,0.7360712899999987
1.6050000000000009,0.7345470199999986
1.6060000000000012,0.7329100214168559
1.607000000000001,0.7309241899999976
1.608000000000001,0.7287894499999978
1.6090000000000009,0.7263858299999976
1.6100000000000012,0.7236218999999968
1.611000000000001,0.7207083623217643
1.612000000000001,0.7176315799999966
1.6130000000000009,0.714497629999998
1.6140000000000012,0.711534019999997
1.615000000000001,0.7088078899999971
1.616000000000001,0.7062048503039668
1.6170000000000009,0.7038281599999979
1.6180000000000012,0.7015031599999972
1.619000000000001,0.6990120399999971
1.620000000000001,0.6964076799999974
1.6210000000000009,0.6935272680411935
1.6220000000000012,0.6904295699999957
1.623000000000001,0.687219919999997
1.624000000000001,0.683892549999997
1.6250000000000009,0.6805744799999971
1.6260000000000012,0.6772964599999958
1.6270000000000011,0.6741195899999958
1.628000000000001,0.6709852799999974
1.629000000000001,0.6679412019877983
1.6300000000000012,0.6648610799999954
1.6310000000000011,0.6614284499999957
1.632000000000001,0.657657739999995
1.633000000000001,0.6531631899999951
1.6340000000000012,0.647658173813611
1.6350000000000011,0.6411963099999917
1.636000000000001,0.6337126499999903
1.637000000000001,0.6249894499999895
1.6380000000000012,0.6155697699999892
1.6390000000000011,0.6058370632706628
1.640000000000001,0.5963337999999908
1.641000000000001,0.5880721799999943
1.6420000000000012,0.5816213499999948
1.6430000000000011,0.5776878599999985
1.644000000000001,0.5762973590500936
1.645000000000001,0.5776630000000033
1.6460000000000012,0.5812643200000068
1.6470000000000011,0.5864154100000079
1.648000000000001,0.592300470000005
1.649000000000001,0.5979539200000044
1.6500000000000012,0.6027687200000046
1.6510000000000011,0.6061841800000021
1.652000000000001,0.6080883700000005
1.653000000000001,0.608443919999999
1.6540000000000012,0.6073543999999971
1.6550000000000011,0.604763089999996
1.656000000000001,0.6011315599999949
1.657000000000001,0.5964909550094938
1.6580000000000013,0.590841049999993
1.6590000000000011,0.5845746999999925
1.660000000000001,0.5778856899999923
1.661000000000001,0.5709729799999941
1.6620000000000013,0.5643838174702461
1.6630000000000011,0.5585585199999947
1.664000000000001,0.553812089999997
1.665000000000001,0.5504274399999982
1.6660000000000013,0.5484561899999993
1.6670000000000011,0.5479754080781917
1.668000000000001,0.5486452600000014
1.669000000000001,0.5501437800000017
1.6700000000000013,0.552166460000003
1.6710000000000012,0.5544421100000024
1.672000000000001,0.5566054236686354
1.673000000000001,0.5588012300000021
1.6740000000000013,0.5612129000000028
1.6750000000000012,0.563709320000003
1.676000000000001,0.5664554800000033
1.677000000000001,0.5694455500000033
1.6780000000000013,0.5724711400000033
1.6790000000000012,0.5754433900000032
1.680000000000001,0.5782942308449178
1.681000000000001,0.5808026800000018
1.6820000000000013,0.5828288200000021
1.6830000000000012,0.5843707900000013
1.684000000000001,0.5854346200000006
1.685000000000001,0.5860685404609542
1.6860000000000013,0.58637315
1.6870000000000012,0.5863733899999998
1.688000000000001,0.5862482799999998
1.689000000000001,0.5860803099999999
1.6900000000000013,0.5858997280581939
1.6910000000000012,0.58583295
1.692000000000001,0.5858295
1.693000000000001,0.5858367100000001
1.6940000000000013,0.5859360100000002
1.6950000000000012,0.5861094426567345
1.696000000000001,0.5864449700000006
1.697000000000001,0.5870752900000011
1.6980000000000013,0.5880300400000015
1.6990000000000012,0.5893760900000018
1.700000000000001,0.590945780000002
1.701000000000001,0.5927624100000021
1.7020000000000013,0.5947033200000025
1.7030000000000012,0.596512250839918
1.704000000000001,0.5982206500000014
1.705000000000001,0.5994696000000005
1.7060000000000013,0.6001498700000003
1.7070000000000012,0.6004021799999996
1.708000000000001,0.6000428544345555
1.709000000000001,0.5991871999999989
1.7100000000000013,0.598004459999998
1.7110000000000012,0.5965087399999979
1.712000000000001,0.5949007899999982
1.713000000000001,0.5932991301659817
1.7140000000000013,0.5918083199999984
1.7150000000000012,0.5905750999999989
1.716000000000001,0.5895808299999993
1.717000000000001,0.5889704199999998
1.7180000000000013,0.5887286941725823
1.7190000000000012,0.5886017100000001
1.720000000000001,0.5886710900000001
1.721000000000001,0.5887984
1.7220000000000013,0.5887844599999998
1.7230000000000012,0.5886660199999997
1.724000000000001,0.5883585799999994
1.725000000000001,0.5878802499999993
1.7260000000000013,0.5871869899999992
1.7270000000000012,0.5865839099999991
1.728000000000001,0.5858982199999996
1.729000000000001,0.5853691699999996
1.7300000000000013,0.5849230899999994
1.7310000000000012,0.5845306758504145
1.732000000000001,0.5841891799999996
1.733000000000001,0.5839289999999998
1.7340000000000013,0.58370763
1.7350000000000012,0.5836682900000002
1.736000000000001,0.583847829321068
1.737000000000001,0.5839410400000002
1.7380000000000013,0.5841443500000001
1.7390000000000012,0.5842235700000001
1.740000000000001,0.5843034399999999
1.741000000000001,0.5841977105729426
1.7420000000000013,0.5840142399999996
1.7430000000000012,0.5836598899999993
1.744000000000001,0.5830945399999994
1.745000000000001,0.5824714299999993
1.7460000000000013,0.5817251346295361
1.7470000000000012,0.5809709399999989
1.748000000000001,0.5801511999999993
1.749000000000001,0.5794461999999992
1.7500000000000013,0.5786554199999991
1.7510000000000012,0.5779526799999991
1.7520000000000011,0.577325049999999
1.753000000000001,0.5765733099999995
1.7540000000000013,0.5759911586141379
1.7550000000000012,0.5754772999999993
1.7560000000000011,0.5749785299999998
1.757000000000001,0.5747501299999997
1.7580000000000013,0.5745937199999996
1.7590000000000012,0.5743562923157681
1.7600000000000011,0.5740794499999997
1.761000000000001,0.5737408999999997
1.7620000000000013,0.5733612799999992
1.7630000000000012,0.5728552899999994
1.7640000000000011,0.5722925662723722
1.765000000000001,0.5717262599999993
1.7660000000000013,0.5710563699999992
1.7670000000000012,0.5704323599999992
1.7680000000000011,0.5698770299999992
1.769000000000001,0.5691611315898403
1.7700000000000014,0.5684186199999989
1.7710000000000012,0.567543629999999
1.7720000000000011,0.566779019999999
1.773000000000001,0.5660373599999994
1.7740000000000014,0.5653352699999992
1.7750000000000012,0.5647129399999993
1.7760000000000011,0.5641102199999993
1.777000000000001,0.5635404599999994
1.7780000000000014,0.5629672399999992
1.7790000000000012,0.5624204899999995
1.7800000000000011,0.5619028199999995
1.781000000000001,0.5613726399999994
1.7820000000000014,0.5608813952644729
1.7830000000000013,0.5604340399999995
1.7840000000000011,0.5600020299999996
1.785000000000001,0.5596458299999995
1.7860000000000014,0.5591891999999993
1.7870000000000013,0.5587263201699825
1.7880000000000011,0.5582280199999994
1.789000000000001,0.5576310799999995
1.7900000000000014,0.5570797299999992
1.7910000000000013,0.5565370299999992
1.7920000000000011,0.5559943842645729
1.793000000000001,0.5554096699999995
1.7940000000000014,0.5548981399999996
1.7950000000000013,0.5545380699999995
1.7960000000000012,0.5541801499999995
1.797000000000001,0.553787389276072
1.7980000000000014,0.5534905799999995
1.7990000000000013,0.5531852199999998
1.8000000000000012,0.5529376899999997
1.801000000000001,0.5526685099999997
1.8020000000000014,0.5524285399999994
1.8030000000000013,0.5520878399999996
1.8040000000000012,0.5516913499999996
1.805000000000001,0.5512607204909504
1.8060000000000014,0.5507656299999992
1.8070000000000013,0.5502014799999991
1.8080000000000012,0.5495439799999994
1.809000000000001,0.5489535899999994
1.8100000000000014,0.548311347851214
1.8110000000000013,0.5476898599999992
1.8120000000000012,0.5470907099999993
1.813000000000001,0.5465766799999996
1.8140000000000014,0.5460728999999994
1.8150000000000013,0.5456194153484646
1.8160000000000012,0.5453374399999994
1.817000000000001,0.5448877799999994
1.8180000000000014,0.5443366799999994
1.8190000000000013,0.5438632399999992
1.8200000000000012,0.5433020561183876
1.821000000000001,0.5429751299999998
1.8220000000000014,0.5427961899999997
1.8230000000000013,0.54259562
1.8240000000000012,0.5425579499999997
1.825000000000001,0.5423135799999995
1.8260000000000014,0.5419571999999995
1.8270000000000013,0.5416977399999998
1.8280000000000012,0.5415128068843117
1.829000000000001,0.5416816499999998
1.8300000000000014,0.5414982399999995
1.8310000000000013,0.5410413699999995
1.8320000000000012,0.5407049099999994
1.833000000000001,0.5403116731116879
1.8340000000000014,0.5395427899999995
1.8350000000000013,0.5391097699999997
1.8360000000000012,0.5388855899999991
1.837000000000001,0.5382475899999992
1.8380000000000014,0.5375916455944395
1.8390000000000013,0.5370924499999994
1.8400000000000012,0.5365569599999994
1.841000000000001,0.5360773799999997
1.8420000000000014,0.5358232299999997
1.8430000000000013,0.5355876335596437
1.8440000000000012,0.5353795299999997
1.845000000000001,0.5351250199999996
1.8460000000000014,0.5348642499999996
1.8470000000000013,0.5345451799999994
1.8480000000000012,0.5340934999999994
1.849000000000001,0.5335478199999993
1.8500000000000014,0.532915349999999
1.8510000000000013,0.5321902599999991
1.8520000000000012,0.531504029999999
1.853000000000001,0.5307759599999994
1.8540000000000014,0.5300494399999991
1.8550000000000013,0.5293929599999992
1.8560000000000012,0.5288227084871505
1.857000000000001,0.528107579999999
1.8580000000000014,0.527165169999999
1.8590000000000013,0.5264035499999992
1.8600000000000012,0.5256981799999992
1.861000000000001,0.5249719438096181
1.8620000000000014,0.5242100399999992
1.8630000000000013,0.5236629799999994
1.8640000000000012,0.5231764299999996
1.865000000000001,0.5227701699999999
1.8660000000000014,0.52265419159784
1.8670000000000013,0.5226861799999999
1.8680000000000012,0.5225623799999997
1.869000000000001,0.5222366499999995
1.8700000000000014,0.5218025399999994
1.8710000000000013,0.5213355866953299
1.8720000000000012,0.5208621599999996
1.873000000000001,0.5205975199999996
1.8740000000000014,0.5201369499999993
1.8750000000000013,0.519528689999999
1.8760000000000012,0.5188059199999985
1.8770000000000011,0.5176292099999985
1.8780000000000014,0.5165196699999989
1.8790000000000013,0.5157255949835007
1.8800000000000012,0.5149754299999993
1.8810000000000011,0.5145071099999994
1.8820000000000014,0.5139235899999988
1.8830000000000013,0.5131584399999984
1.8840000000000012,0.511983830267972
1.8850000000000011,0.5109865099999991
1.8860000000000015,0.5101585399999988
1.8870000000000013,0.5093432699999991
1.8880000000000012,0.5087390499999993
1.8890000000000011,0.5081200019048089
1.8900000000000015,0.5073803699999992
1.8910000000000013,0.5068957799999997
1.8920000000000012,0.5066174899999997
1.8930000000000011,0.5063549899999995
1.8940000000000015,0.5059216433346658
1.8950000000000014,0.5053840299999992
1.8960000000000012,0.5047658699999987
1.8970000000000011,0.5038159499999989
1.8980000000000015,0.5029560299999991
1.8990000000000014,0.502266049999999
1.9000000000000012,0.501516099999999
1.9010000000000011,0.500804599999999
1.9020000000000015,0.4999991099999988
1.9030000000000014,0.49922033999999893
1.9040000000000012,0.4984368399999991
1.9050000000000011,0.49761273999999905
1.9060000000000015,0.4967710999999987
1.9070000000000014,0.4959818586991291
1.9080000000000013,0.49526884999999915
1.9090000000000011,0.49450629999999923
1.9100000000000015,0.4937866299999987
1.9110000000000014,0.49296450999999913
1.9120000000000013,0.49229699857614145
1.9130000000000011,0.49148275999999896
1.9140000000000015,0.49054371999999924
1.9150000000000014,0.4899623699999991
1.9160000000000013,0.48930260999999875
1.9170000000000011,0.48834375588541046
1.9180000000000015,0.487482819999999
1.9190000000000014,0.48672985999999896
1.9200000000000013,0.48592569999999913
1.9210000000000012,0.48523032999999915
1.9220000000000015,0.48446472656034284
1.9230000000000014,0.4835753999999988
1.9240000000000013,0.4827029999999988
1.9250000000000012,0.4816513099999987
1.9260000000000015,0.4805125899999986
1.9270000000000014,0.4795916099999986
1.9280000000000013,0.47868227999999907
1.9290000000000012,0.47780784999999937
1.9300000000000015,0.4772735749275063
1.9310000000000014,0.4766228499999989
1.9320000000000013,0.4757732699999989
1.9330000000000012,0.47492515999999907
1.9340000000000015,0.4740638399999987
1.9350000000000014,0.47306672016998175
1.9360000000000013,0.47216841999999903
1.9370000000000012,0.4714571799999988
1.9380000000000015,0.4705825199999986
1.9390000000000014,0.46953573999999865
1.9400000000000013,0.46855402817118164
1.9410000000000012,0.46751623999999864
1.9420000000000015,0.4664593599999984
1.9430000000000014,0.4654368799999988
1.9440000000000013,0.46450870999999877
1.9450000000000012,0.4635916117098278
1.9460000000000015,0.4626649599999986
1.9470000000000014,0.46176236999999876
1.9480000000000013,0.4609760899999993
1.9490000000000012,0.46030601999999926
1.9500000000000015,0.4596447599999988
1.9510000000000014,0.45890491999999883
1.9520000000000013,0.4581677599999991
1.9530000000000012,0.45751557595340364
1.9540000000000015,0.45667510999999883
1.9550000000000014,0.4559150299999996
1.9560000000000013,0.45562466999999945
1.9570000000000012,0.4551987299999991
1.9580000000000015,0.45454111825817317
1.9590000000000014,0.4539236999999991
1.9600000000000013,0.4532735599999991
1.9610000000000012,0.452586019999999
1.9620000000000015,0.45182275999999905
1.9630000000000014,0.4512063016458345
1.9640000000000013,0.4506404699999993
1.9650000000000012,0.45007869999999944
1.9660000000000015,0.4495067299999992
1.9670000000000014,0.4489746999999992
1.9680000000000013,0.44846128134186514
1.9690000000000012,0.4479351599999994
1.9700000000000015,0.447388289999999
1.9710000000000014,0.44674869999999917
1.9720000000000013,0.44620945999999934
1.9730000000000012,0.4456911099999995
1.9740000000000015,0.4452550999999995
1.9750000000000014,0.4449855099999993
1.9760000000000013,0.4444996399999993
1.9770000000000012,0.44400351999999926
1.9780000000000015,0.4434486599999993
1.9790000000000014,0.44292762999999946
1.9800000000000013,0.4425187999999995
1.9810000000000012,0.4421300883111685
1.9820000000000015,0.4418131999999995
1.9830000000000014,0.44143992999999926
1.9840000000000013,0.4409139799999994
1.9850000000000012,0.4404677499999997
1.9860000000000015,0.4402098908789115
1.9870000000000014,0.4398186799999993
1.9880000000000013,0.4393534399999995
1.9890000000000012,0.4389246399999996
1.9900000000000015,0.4385845999999992
1.9910000000000014,0.43812789567043225
1.9920000000000013,0.43772623
1.9930000000000012,0.4377220299999998
1.9940000000000015,0.43756195999999925
1.9950000000000014,0.4370685499999995
1.9960000000000013,0.4366847383811614
1.9970000000000012,0.43649440999999956
1.9980000000000016,0.43615075999999936
1.9990000000000014,0.43564828999999944
2.0000000000000013,0.43521359999999937
2.0010000000000012,0.43474379181063716
2.0020000000000016,0.4341618981893613
2.0030000000000014,0.43367093999999956
2.0040000000000013,0.43333787434513066
2.0050000000000012,0.43308132565486873
2.0060000000000016,0.4328584399999995
2.0070000000000014,0.43258127999999985
2.0080000000000013,0.43247722416316714
2.0090000000000012,0.43231885583683244
2.0100000000000016,0.4319438299999994
2.0110000000000015,0.43161904712257493
2.0120000000000013,0.431290272877424
2.0130000000000012,0.4309909599999996
2.0140000000000016,0.4307002737112573
2.0150000000000015,0.43043738628874184
2.0160000000000013,0.4303305699999999
2.0170000000000012,0.4302296899999997
2.0180000000000016,0.4300226012817432
2.0190000000000015,0.42973541871825593
2.0200000000000014,0.4295433499999996
2.0210000000000012,0.42925588162767425
2.0220000000000016,0.42907215837232526
2.0230000000000015,0.42918542000000004
2.0240000000000014,0.42923367296140774
2.0250000000000012,0.42926328703859234
2.0260000000000016,0.4292632899999998
2.0270000000000015,0.4291393499999998
2.0280000000000014,0.42905188874612527
2.0290000000000012,0.4289530199999999
2.0300000000000016,0.42887416
2.0310000000000015,0.42887728341531683
2.0320000000000014,0.42881143658468296
2.0330000000000013,0.42879543
2.0340000000000016,0.42880663821835646
2.0350000000000015,0.4288888217816438
2.0360000000000014,0.42916769000000027
2.0370000000000013,0.42939165773245364
2.0380000000000016,0.4294689822675466
2.0390000000000015,0.4296458400000004
2.0400000000000014,0.4299351300000003
2.0410000000000013,0.4301508928624278
2.0420000000000016,0.43037951713757283
2.0430000000000015,0.43070364000000044
2.0440000000000014,0.43105742000499936
2.0450000000000013,0.4313574699950013
2.0460000000000016,0.43159875000000053
2.0470000000000015,0.43191877968606346
2.0480000000000014,0.43231564031393777
2.0490000000000013,0.43267843000000045
2.0500000000000016,0.43300861000000096
2.0510000000000015,0.4335503058304178
2.0520000000000014,0.43404603000000025
2.0530000000000013,0.4342252900000004
2.0540000000000016,0.4345135530203966
2.0550000000000015,0.4349437569796047
2.0560000000000014,0.4353517900000006
2.0570000000000013,0.43580178943011455
2.0580000000000016,0.4362960905698868
2.0590000000000015,0.43688899000000075
2.0600000000000014,0.43745668706058843
2.0610000000000013,0.4379272929394128
2.0620000000000016,0.43846449000000104
2.0630000000000015,0.43905717000000083
2.0640000000000014,0.439683103073386
2.0650000000000013,0.4402138369266155
2.0660000000000016,0.44070128000000097
2.0670000000000015,0.44125566432213614
2.0680000000000014,0.4415988856778649
2.0690000000000013,0.4420602900000012
2.0700000000000016,0.44291918727654594
2.0710000000000015,0.44369195272345646
2.0720000000000014,0.44435489000000095
2.0730000000000013,0.44508189000000087
2.0740000000000016,0.4457467289881023
2.0750000000000015,0.4464366100000011
2.0760000000000014,0.4472800500000011
2.0770000000000013,0.44809602779844127
2.0780000000000016,0.44887401220156087
2.0790000000000015,0.449661340000001
2.0800000000000014,0.4504238460697871
2.0810000000000013,0.45108454393021497
2.0820000000000016,0.4518066300000014
2.0830000000000015,0.45257471770945934
2.0840000000000014,0.45335181229054305
2.0850000000000013,0.4542712600000012
2.0860000000000016,0.4551317100000016
2.0870000000000015,0.45599575860528024
2.0880000000000014,0.45678181139472224
2.0890000000000013,0.45722848000000077
2.0900000000000016,0.4578204657868439
2.0910000000000015,0.45857833421315847
2.0920000000000014,0.4593094900000011
2.0930000000000013,0.4601412406048801
2.0940000000000016,0.46104728939512235
2.0950000000000015,0.4621452100000012
2.0960000000000014,0.46307284000000104
2.0970000000000013,0.46387147058294265
2.0980000000000016,0.4646773000000012
2.0990000000000015,0.4655682100000008
2.1000000000000014,0.46618234283443444
2.1010000000000013,0.46701068716556815
2.1020000000000016,0.46843413000000217
2.1030000000000015,0.4696516107138592
2.1040000000000014,0.4708587492861446
2.1050000000000013,0.47191504000000134
2.1060000000000016,0.4729023426914629
2.1070000000000015,0.4736292573085394
2.1080000000000014,0.4738125500000003
2.1090000000000013,0.4740364300000001
2.1100000000000017,0.47413917928514293
2.1110000000000015,0.474132030714857
2.1120000000000014,0.47428054000000014
2.1130000000000013,0.47440878591081787
2.1140000000000017,0.4744678940891823
2.1150000000000015,0.4742383099999999
2.1160000000000014,0.4741401686652669
2.1170000000000013,0.47412682133473305
2.1180000000000017,0.47427198000000054
2.1190000000000015,0.4747044400000005
2.1200000000000014,0.475087370924816
2.1210000000000013,0.47569661907518584
2.1220000000000017,0.47615752000000067
2.1230000000000016,0.47654642696860655
2.1240000000000014,0.476716113031394
2.1250000000000013,0.4768322999999998
2.1260000000000017,0.4766519694621066
2.1270000000000016,0.47604659053789156
2.1280000000000014,0.47525676999999833
2.1290000000000013,0.47401218585082827
2.1300000000000017,0.4726706941491682
2.1310000000000016,0.47107517999999715
2.1320000000000014,0.46947803999999754
2.1330000000000013,0.46810131211257566
2.1340000000000017,0.46652243788742015
2.1350000000000016,0.465180699999998
2.1360000000000015,0.46407116668466136
2.1370000000000013,0.4630380133153354
2.1380000000000017,0.4625526999999983
2.1390000000000016,0.4616247741951596
2.1400000000000015,0.46076672580483774
2.1410000000000013,0.45935865999999703
2.1420000000000017,0.45713877999999564
2.1430000000000016,0.4546619756728604
2.1440000000000015,0.45151870432712987
2.1450000000000014,0.44827532999999503
2.1460000000000017,0.44453418857227983
2.1470000000000016,0.4410199114277092
2.1480000000000015,0.4371542299999956
2.1490000000000014,0.4338520432473476
2.1500000000000017,0.4313845167526458
2.1510000000000016,0.4291531399999975
2.1520000000000015,0.42775010999999785
2.1530000000000014,0.42652059295170297
2.1540000000000017,0.42573180999999843
2.1550000000000016,0.42487239999999804
2.1560000000000015,0.4237442579744036
2.1570000000000014,0.4228240020255935
2.1580000000000017,0.42157467999999676
2.1590000000000016,0.4197506863227325
2.1600000000000015,0.4179139136772618
2.1610000000000014,0.4163967099999971
2.1620000000000017,0.41423557791941207
2.1630000000000016,0.4117147720805801
2.1640000000000015,0.40872215999999534
2.1650000000000014,0.4052316199999943
2.1660000000000017,0.400945321220748
2.1670000000000016,0.3960575287792369
2.1680000000000015,0.3906559599999902
2.1690000000000014,0.38327774432612677
2.1700000000000017,0.37642100567385495
2.1710000000000016,0.3690295199999884
2.1720000000000015,0.3625108484822942
2.1730000000000014,0.3566956715176878
2.1740000000000017,0.3519638799999953
2.1750000000000016,0.3493183899999961
2.1760000000000015,0.34713373846515017
2.1770000000000014,0.3469651599999998
2.1780000000000017,0.34680729999999854
2.1790000000000016,0.3459858550849825
2.1800000000000015,0.34563670491501647
2.1810000000000014,0.3446069099999969
2.1820000000000017,0.3422778414876994
2.1830000000000016,0.34039271851229475
2.1840000000000015,0.33758735999999806
2.1850000000000014,0.3361470804939003
2.1860000000000017,0.3353520195060973
2.1870000000000016,0.3361170300000056
2.1880000000000015,0.3392678200000051
2.1890000000000014,0.3430982766896689
2.1900000000000017,0.3489651733103493
2.1910000000000016,0.35487476000001267
2.1920000000000015,0.3619914943381425
2.1930000000000014,0.36823487566187696
2.1940000000000017,0.37421405000000885
2.1950000000000016,0.37919692612078143
2.1960000000000015,0.38265813387922937
2.1970000000000014,0.38507429000000165
2.1980000000000017,0.3863380600000005
2.1990000000000016,0.3866156331756801
2.2000000000000015,0.3851473899999973
2.2010000000000014,0.3831630099999957
2.2020000000000017,0.3799171817376469
2.2030000000000016,0.3764345582623423
2.2040000000000015,0.3731671899999948
2.2050000000000014,0.36930140300239406
2.2060000000000017,0.36593142699759396
2.2070000000000016,0.36306598999999506
2.2080000000000015,0.3602734469746011
2.2090000000000014,0.3578431930253913
2.2100000000000017,0.3554617199999965
2.2110000000000016,0.3535048699999956
2.2120000000000015,0.3509999777824396
2.2130000000000014,0.34857780221755286
2.2140000000000017,0.34550046999999195
2.2150000000000016,0.3409641201609607
2.2160000000000015,0.3365657298390256
2.2170000000000014,0.33151021999999386
2.2180000000000017,0.32686536526593946
2.2190000000000016,0.32231802473404636
2.2200000000000015,0.3184911299999955
2.2210000000000014,0.3150987899999967
2.2220000000000018,0.3126193506559323
2.2230000000000016,0.31132590999999926
2.2240000000000015,0.310765210000001
2.2250000000000014,0.3115081751509716
2.2260000000000018,0.3126596848490324
2.2270000000000016,0.315111250000004
2.2280000000000015,0.3173528499380166
2.2290000000000014,0.31995223006199147
2.2300000000000018,0.322127100000002
2.2310000000000016,0.3232440632863441
2.2320000000000015,0.3240769267136585
2.2330000000000014,0.32443508999999965
2.2340000000000018,0.32416663000000007
2.2350000000000017,0.32421256132973375
2.2360000000000015,0.3240258586702657
2.2370000000000014,0.32446563000000134
2.2380000000000018,0.32544505372825666
2.2390000000000017,0.3268823362717478
2.2400000000000015,0.32894453000000345
2.2410000000000014,0.331528893851235
2.2420000000000018,0.33476740614877654
2.2430000000000017,0.3382188400000058
2.2440000000000015,0.34256226000000545
2.2450000000000014,0.3466473803709326
2.2460000000000018,0.3508510896290823
2.2470000000000017,0.3545667500000062
2.2480000000000016,0.3580697596800685
2.2490000000000014,0.36086656031994024
2.2500000000000018,0.3625816400000026
2.2510000000000017,0.3640362953539298
2.2520000000000016,0.36438983464607133
2.2530000000000014,0.36489126000000055
2.254000000000002,0.36531397999800136
2.2550000000000017,0.3659139600020005
2.2560000000000016,0.36711228000000196
2.2570000000000014,0.3682143100000025
2.258000000000002,0.3696157607588502
2.2590000000000017,0.37082334924115357
2.2600000000000016,0.37226364000000145
2.2610000000000015,0.37307788242651535
2.262000000000002,0.37350214757348615
2.2630000000000017,0.37338616999999696
2.2640000000000016,0.37165677118076096
2.2650000000000015,0.3698685788192335
2.266000000000002,0.3675551099999961
2.2670000000000017,0.3653414799999959
2.2680000000000016,0.36303907930813545
2.2690000000000015,0.36123216069185893
2.270000000000002,0.35989954999999846
2.2710000000000017,0.3590216088812234
2.2720000000000016,0.358810421118776
2.2730000000000015,0.35941023000000144
2.274000000000002,0.3604811316416749
2.2750000000000017,0.36249754835833137
2.2760000000000016,0.3642047300000035
2.2770000000000015,0.36618352000000287
2.278000000000002,0.36781428692331086
2.2790000000000017,0.369168370000001
2.2800000000000016,0.36973810000000024
2.2810000000000015,0.3699083609168157
2.282000000000002,0.3693175290831822
2.2830000000000017,0.3671674999999959
2.2840000000000016,0.3648578595150923
2.2850000000000015,0.3619530104848987
2.286000000000002,0.3590866899999934
2.2870000000000017,0.35535896469005773
2.2880000000000016,0.352705865309934
2.2890000000000015,0.35034962999999864
2.290000000000002,0.3492956200000018
2.2910000000000017,0.35031403494401386
2.2920000000000016,0.3519634750559913
2.2930000000000015,0.3557415600000045
2.294000000000002,0.35913540228055035
2.2950000000000017,0.3631582077194621
2.2960000000000016,0.3664267700000037
2.2970000000000015,0.36848497625875076
2.298000000000002,0.3700475637412548
2.2990000000000017,0.3702229000000002
2.3000000000000016,0.370323779999999
2.3010000000000015,0.36976527585041413
2.302000000000002,0.3694350999999995
2.3030000000000017,0.36918125000000024
2.3040000000000016,0.36931104335133125
2.3050000000000015,0.3702445566486717
2.306000000000002,0.37124920000000267
2.3070000000000017,0.3727568071885647
2.3080000000000016,0.37422869281143994
2.3090000000000015,0.3762778600000019
2.310000000000002,0.3776785373725269
2.3110000000000017,0.37855226262747615
2.3120000000000016,0.3790037599999983
2.3130000000000015,0.3780283299999985
2.314000000000002,0.3768862121745626
2.3150000000000017,0.37530795782543186
2.3160000000000016,0.37380307999999707
2.3170000000000015,0.37213367443011164
2.318000000000002,0.3706779755698832
2.3190000000000017,0.3700251899999988
2.3200000000000016,0.369325606429713
2.3210000000000015,0.36868990357028497
2.322000000000002,0.36816584999999924
2.3230000000000017,0.36771574999999884
2.3240000000000016,0.3670619238686119
2.3250000000000015,0.3663006099999991
2.326000000000002,0.3656007599999979
2.3270000000000017,0.36439806146770454
2.3280000000000016,0.36321273853229175
2.3290000000000015,0.36231657999999894
2.330000000000002,0.3615081305358916
2.3310000000000017,0.360913489464106
2.3320000000000016,0.35987877999999834
2.3330000000000015,0.3589284362417506
2.334000000000002,0.35829085375824715
2.3350000000000017,0.3575391799999983
2.3360000000000016,0.3565582599999993
2.3370000000000015,0.35613786849729956
2.338000000000002,0.35552284150269825
2.3390000000000017,0.3557493700000029
2.3400000000000016,0.35738145330534177
2.3410000000000015,0.35911450669466366
2.342000000000002,0.36153781000000423
2.3430000000000017,0.3639154746290781
2.3440000000000016,0.3663617653709295
2.3450000000000015,0.3685943800000031
2.346000000000002,0.3709413100000031
2.3470000000000018,0.37265675808919296
2.3480000000000016,0.37383765000000085
2.3490000000000015,0.37446150000000006
2.350000000000002,0.37451181811937445
2.3510000000000018,0.37369301188062226
2.3520000000000016,0.372099699999996
2.3530000000000015,0.36980453647469935
2.354000000000002,0.3662692835252881
2.3550000000000018,0.36238172999999246
2.3560000000000016,0.35812102290141185
2.3570000000000015,0.353250037098573
2.358000000000002,0.3477395799999897
2.3590000000000018,0.34195851999998755
2.3600000000000017,0.33494848031892605
2.3610000000000015,0.32865166968105436
2.362000000000002,0.3224280499999905
2.3630000000000018,0.317062997008591
2.3640000000000017,0.31253308299139493
2.3650000000000015,0.3091623799999973
2.366000000000002,0.30713895144270903
2.3670000000000018,0.30595337855728627
2.3680000000000017,0.30642337000000114
2.3690000000000015,0.3073162700000023
2.370000000000002,0.30903861089382495
2.3710000000000018,0.3108475491061823
2.3720000000000017,0.3132890800000037
2.3730000000000016,0.31536944174965265
2.374000000000002,0.316986938250353
2.3750000000000018,0.31847197000000144
2.3760000000000017,0.31928718730354083
2.3770000000000016,0.32026022269646215
2.378000000000002,0.3211134400000022
2.379000000000002,0.32231976103179577
2.3800000000000017,0.3236300789682083
2.3810000000000016,0.325455550000006
2.382000000000002,0.3288202300000058
2.383000000000002,0.3314374283393368
2.3840000000000017,0.3343208216606722
2.3850000000000016,0.3363282400000006
2.386000000000002,0.3366752777384521
2.387000000000002,0.33655266226154745
2.3880000000000017,0.33608033999999726
2.3890000000000016,0.33455720249349746
2.390000000000002,0.3321821375064941
2.391000000000002,0.3289439399999909
2.3920000000000017,0.3238075399999912
2.3930000000000016,0.3188467487272447
2.394000000000002,0.3127340212727336
2.395000000000002,0.30764331999999317
2.3960000000000017,0.30380051252648926
2.3970000000000016,0.30042577747350024
2.398000000000002,0.2977835499999974
2.399000000000002,0.29631461457608355
2.4000000000000017,0.2955603754239141
2.4010000000000016,0.2958993300000044
2.4020000000000015,0.298368480000005
2.403000000000002,0.30118669817818766
2.4040000000000017,0.30460358000000665
2.4050000000000016,0.30835211000000834
2.406000000000002,0.31302631265247816
2.407000000000002,0.3172528373475387
2.4080000000000017,0.32125559000000675
2.4090000000000016,0.32505772678964656
2.4100000000000015,0.32782562321036207
2.411000000000002,0.330888510000006
2.4120000000000017,0.33427727725055534
2.4130000000000016,0.3376497827494552
2.414000000000002,0.3414926800000061
2.415000000000002,0.34491977000000507
2.4160000000000017,0.34776105635973315
2.4170000000000016,0.3509246536402767
2.4180000000000015,0.35361248000000445
2.419000000000002,0.35694388318037024
2.4200000000000017,0.36087568681964194
2.4210000000000016,0.36408806000000676
2.422000000000002,0.3679150108618344
2.423000000000002,0.3712236291381788
2.4240000000000017,0.37348467000000485
2.4250000000000016,0.376193280000004
2.4260000000000015,0.3784302962983735
2.427000000000002,0.3806218200000032
2.4280000000000017,0.38243634000000015
2.4290000000000016,0.38254416975404837
2.430000000000002,0.38204171024594985
2.431000000000002,0.3812254399999975
2.4320000000000017,0.3798033353069373
2.4330000000000016,0.37895640469306013
2.4340000000000015,0.37888183999999836
2.435000000000002,0.3776151143811208
2.4360000000000017,0.3757589256188726
2.4370000000000016,0.37496172999999833
2.438000000000002,0.3740113699999994
2.439000000000002,0.37366606105779104
2.4400000000000017,0.3752766389422147
2.4410000000000016,0.37638187000000056
2.4420000000000015,0.37670697940112113
2.443000000000002,0.37750099059888176
2.4440000000000017,0.3779969200000008
2.4450000000000016,0.3784236167696463
2.446000000000002,0.3785913132303543
2.447000000000002,0.3780365299999989
2.4480000000000017,0.37742945999999844
2.4490000000000016,0.37654670557244074
2.4500000000000015,0.3753024299999979
2.451000000000002,0.37370943999999695
2.4520000000000017,0.3719966168356301
2.4530000000000016,0.37026497316436446
2.454000000000002,0.36836605999999633
2.455000000000002,0.366293111624671
2.4560000000000017,0.3643093583753211
2.4570000000000016,0.3610168999999952
2.4580000000000015,0.35830565657968255
2.459000000000002,0.3573714534203142
2.4600000000000017,0.35604333999999815
2.4610000000000016,0.3550031199999986
2.462000000000002,0.35421995673065054
2.463000000000002,0.352587263269343
2.4640000000000017,0.35081555999999864
2.4650000000000016,0.3500379059967988
2.4660000000000015,0.34889787400319766
2.467000000000002,0.3465359499999963
2.4680000000000017,0.34446150708358
2.4690000000000016,0.34243234291641367
2.470000000000002,0.34017556999999604
2.471000000000002,0.33795716999999686
2.4720000000000018,0.3361949177302234
2.4730000000000016,0.33397221999999815
2.4740000000000015,0.33261403000000195
2.475000000000002,0.3340616916516693
2.4760000000000018,0.33387820834833
2.4770000000000016,0.3333458899999976
2.478000000000002,0.3319874727324443
2.479000000000002,0.32751479726753785
2.4800000000000018,0.3234423399999943
2.4810000000000016,0.3202166428134285
2.4820000000000015,0.3147447771865545
2.483000000000002,0.30926376999999367
2.4840000000000018,0.3056942199999937
2.4850000000000017,0.3021243034393075
2.486000000000002,0.29925869656068227
2.487000000000002,0.29721134999999244
2.4880000000000018,0.29297312462807
2.4890000000000017,0.2902194053719215
2.4900000000000015,0.2927637700000011
2.491000000000002,0.29361051518196185
2.4920000000000018,0.29276233481803476
2.4930000000000017,0.28924852999998724
2.494000000000002,0.2796800099999868
2.495000000000002,0.2722652067646466
2.4960000000000018,0.2720328532353525
2.4970000000000017,0.27542093000000395
2.4980000000000016,0.27763956470605966
2.499000000000002,0.2781866252939423
2.5000000000000018,0.2781865
2.5010000000000017,0.2781865
2.502000000000002,0.2781865
2.503000000000002,0.2781865
2.504000000000002,0.2781865
2.5050000000000017,0.2781865
2.5060000000000016,0.2781865
2.507000000000002,0.2781865
2.508000000000002,0.2781865
2.5090000000000017,0.2781865
2.510000000000002,0.2781865
2.511000000000002,0.2781865
2.512000000000002,0.2781865
2.5130000000000017,0.2781865
2.5140000000000016,0.2781865
2.515000000000002,0.2781865
2.516000000000002,0.2781865
2.5170000000000017,0.2781865
2.518000000000002,0.2781865
2.519000000000002,0.2781865
2.520000000000002,0.2781865
2.5210000000000017,0.2781865
2.5220000000000016,0.2781865
2.523000000000002,0.2781865
2.524000000000002,0.2781865
2.5250000000000017,0.2781865
2.526000000000002,0.2781865
2.527000000000002,0.2781865
2.528000000000002,0.2781865
2.5290000000000017,0.2781865
2.5300000000000016,0.2781865
2.531000000000002,0.2781865
2.532000000000002,0.2781865
2.5330000000000017,0.2781865
2.534000000000002,0.2781865
2.535000000000002,0.2781865
2.536000000000002,0.2781865
2.5370000000000017,0.2781865
2.5380000000000016,0.2781865
2.539000000000002,0.2781865
2.540000000000002,0.2781865
2.5410000000000017,0.2781865
2.542000000000002,0.2781865
2.543000000000002,0.2781865
2.544000000000002,0.2781865
2.5450000000000017,0.2781865
2.5460000000000016,0.2781865
2.547000000000002,0.2781865
2.548000000000002,0.2781865
2.5490000000000017,0.2781865
2.550000000000002,0.2781865
2.551000000000002,0.2781865
2.552000000000002,0.2781865
2.5530000000000017,0.2781865
2.5540000000000016,0.2781865
2.555000000000002,0.2781865
2.556000000000002,0.2781865
2.5570000000000017,0.2781865
2.558000000000002,0.2781865
2.559000000000002,0.2781865
2.560000000000002,0.2781865
2.5610000000000017,0.2781865
2.5620000000000016,0.2781865
2.563000000000002,0.2781865
2.564000000000002,0.2781865
2.5650000000000017,0.2781865
2.566000000000002,0.2781865
2.567000000000002,0.2781865
2.568000000000002,0.2781865
2.5690000000000017,0.2781865
2.5700000000000016,0.2781865
2.571000000000002,0.2781865
2.572000000000002,0.2781865
2.5730000000000017,0.2781865
2.574000000000002,0.2781865
2.575000000000002,0.2781865
2.576000000000002,0.2781865
2.5770000000000017,0.2781865
2.5780000000000016,0.2781865
2.579000000000002,0.2781865
2.580000000000002,0.2781865
2.5810000000000017,0.2781865
2.582000000000002,0.2781865
2.583000000000002,0.2781865
2.584000000000002,0.2781865
2.5850000000000017,0.2781865
2.5860000000000016,0.2781865
2.587000000000002,0.2781865
2.588000000000002,0.2781865
2.5890000000000017,0.2781865
2.590000000000002,0.2781865
2.591000000000002,0.2781865
2.592000000000002,0.2781865
2.5930000000000017,0.2781865
2.5940000000000016,0.2781865
2.595000000000002,0.2781865
2.596000000000002,0.2781865
2.5970000000000018,0.2781865
2.598000000000002,0.2781865
2.599000000000002,0.2781865
