wave,r
0.4,0.5595873887189255
0.401,0.5626839102773946
0.402,0.5657116497226056
0.403,0.5686916700000001
0.404,0.5714705322113779
0.405,0.57406056
0.406,0.5768578370253596
0.40700000000000003,0.5795603729746405
0.40800000000000003,0.5821358849261016
0.40900000000000003,0.5846284950738985
0.41000000000000003,0.5870124100000002
0.41100000000000003,0.5893588465356346
0.41200000000000003,0.59167254
0.41300000000000003,0.5939007013179869
0.41400000000000003,0.5960325000000001
0.41500000000000004,0.5981290508779825
0.41600000000000004,0.6002168491220177
0.41700000000000004,0.60223728
0.41800000000000004,0.6042024903478966
0.41900000000000004,0.6061038400000001
0.42000000000000004,0.6079423581411187
0.42100000000000004,0.60975647
0.42200000000000004,0.6115057068796624
0.42300000000000004,0.6131936731203377
0.42400000000000004,0.6148584660189796
0.42500000000000004,0.6164603639810206
0.42600000000000005,0.6180228600000001
0.42700000000000005,0.6195553047162529
0.42800000000000005,0.6210269300000001
0.42900000000000005,0.622466224155817
0.43000000000000005,0.6238818058441832
0.43100000000000005,0.6252674032444352
0.43200000000000005,0.626591846755565
0.43300000000000005,0.6278576900000001
0.43400000000000005,0.6290845421734783
0.43500000000000005,0.6303018900000001
0.43600000000000005,0.6314798714486711
0.43700000000000006,0.632624738551329
0.43800000000000006,0.6337452609521811
0.43900000000000006,0.634840479047819
0.44000000000000006,0.6358867300000001
0.44100000000000006,0.6368927899394007
0.44200000000000006,0.6378727
0.44300000000000006,0.6388045595604088
0.44400000000000006,0.6397606004395913
0.44500000000000006,0.6407077982503351
0.44600000000000006,0.641532831749665
0.44700000000000006,0.64240074
0.44800000000000006,0.6432511714956851
0.44900000000000007,0.64404047
0.45000000000000007,0.6448562777753445
0.45100000000000007,0.6456338122246555
0.45200000000000007,0.64638323750345
0.45300000000000007,0.6471335824965502
0.45400000000000007,0.6478499200000001
0.45500000000000007,0.6485506829923701
0.45600000000000007,0.64925426
0.4570000000000001,0.6499747669200309
0.4580000000000001,0.6506667700000001
0.4590000000000001,0.6513218962946741
0.4600000000000001,0.6519513637053259
0.4610000000000001,0.65259194
0.4620000000000001,0.6532363835555645
0.4630000000000001,0.6538822100000001
0.4640000000000001,0.6545255859508406
0.4650000000000001,0.65512067
0.4660000000000001,0.655703435848883
0.4670000000000001,0.656288324151117
0.4680000000000001,0.6568583359125818
0.4690000000000001,0.6574495940874182
0.4700000000000001,0.6580448200000001
0.4710000000000001,0.6586206055681444
0.4720000000000001,0.65917742
0.4730000000000001,0.6597449857326855
0.4740000000000001,0.6603182542673147
0.4750000000000001,0.6608778857028861
0.4760000000000001,0.6614481742971142
0.4770000000000001,0.66202325
0.4780000000000001,0.6625945056260438
0.4790000000000001,0.6631571100000001
0.4800000000000001,0.6637390357474852
0.4810000000000001,0.6643137842525151
0.4820000000000001,0.6648640060426793
0.4830000000000001,0.665468273957321
0.4840000000000001,0.6660517500000002
0.4850000000000001,0.6666143443740563
0.4860000000000001,0.6672033100000001
0.4870000000000001,0.6677956660860783
0.4880000000000001,0.6684042739139218
0.4890000000000001,0.6690252458292835
0.4900000000000001,0.6696081741707166
0.4910000000000001,0.6702161400000001
0.4920000000000001,0.670835663804762
0.4930000000000001,0.6714407800000001
0.4940000000000001,0.6720812963419367
0.4950000000000001,0.6727154900000001
0.4960000000000001,0.6733347262666748
0.4970000000000001,0.6739613937333254
0.4980000000000001,0.6745930900000001
0.4990000000000001,0.6752236436944631
0.5000000000000001,0.6758542100000001
0.5010000000000001,0.6765105763760276
0.5020000000000001,0.6771481790304485
0.5030000000000001,0.6777825273130345
0.5040000000000001,0.6784399634256343
0.5050000000000001,0.6790709500000001
0.5060000000000001,0.6796798220097996
0.5070000000000001,0.6802803119853008
0.5080000000000001,0.6808885778346785
0.5090000000000001,0.6815165300000001
0.5100000000000001,0.6821470361506616
0.5110000000000001,0.682762101801128
0.5120000000000001,0.6833521581988722
0.5130000000000001,0.683932774193842
0.5140000000000001,0.6845137500000001
0.5150000000000001,0.685094595649513
0.5160000000000001,0.6856595474888256
0.5170000000000001,0.686242508340783
0.5180000000000001,0.6868460739643397
0.5190000000000001,0.6874172156022561
0.5200000000000001,0.6879774413494326
0.5210000000000001,0.6885449129758514
0.5220000000000001,0.6891365540835818
0.5230000000000001,0.6897677800000002
0.5240000000000001,0.6903857660367604
0.5250000000000001,0.6909894426572938
0.5260000000000001,0.6916223073427064
0.5270000000000001,0.6922794534285344
0.5280000000000001,0.6929503700000001
0.5290000000000001,0.6936386347643477
0.5300000000000001,0.6943768534252288
0.5310000000000001,0.695157694383181
0.5320000000000001,0.695969091886019
0.5330000000000001,0.696797678478885
0.5340000000000001,0.6976455677863107
0.5350000000000001,0.6985348833205342
0.5360000000000001,0.6994681306675136
0.5370000000000001,0.7004269400000002
0.5380000000000001,0.7014223403846078
0.5390000000000001,0.7024608021811911
0.5400000000000001,0.7035335085458728
0.5410000000000001,0.7045996093389936
0.5420000000000001,0.7056822200000001
0.5430000000000001,0.7067841522910855
0.5440000000000002,0.7078987065633721
0.5450000000000002,0.7090566568409685
0.5460000000000002,0.7102223600000002
0.5470000000000002,0.7113800117089173
0.5480000000000002,0.7125509034820608
0.5490000000000002,0.7137250065179394
0.5500000000000002,0.7149050081999822
0.5510000000000002,0.7160992
0.5520000000000002,0.7173242723061464
0.5530000000000002,0.7185548865924706
0.5540000000000002,0.7197746356050199
0.5550000000000002,0.7209782479638799
0.5560000000000002,0.7221797818602188
0.5570000000000002,0.7233658032792363
0.5580000000000002,0.7245297650811463
0.5590000000000002,0.7256967166609667
0.5600000000000002,0.7268683900000001
0.5610000000000002,0.7280458317589177
0.5620000000000002,0.7292217228526862
0.5630000000000002,0.7303643571473143
0.5640000000000002,0.7314913187303875
0.5650000000000002,0.7326102900000002
0.5660000000000002,0.7337119214102145
0.5670000000000002,0.734782431525124
0.5680000000000002,0.735833268983251
0.5690000000000002,0.7368818995136953
0.5700000000000002,0.7379473508124083
0.5710000000000002,0.739028591743913
0.5720000000000002,0.740115787384131
0.5730000000000002,0.7411914992428851
0.5740000000000002,0.7422327400000002
0.5750000000000002,0.7432371497757979
0.5760000000000002,0.744214729479221
0.5770000000000002,0.7451886905207794
0.5780000000000002,0.7461761701252014
0.5790000000000002,0.7471969700000002
0.5800000000000002,0.748264452076621
0.5810000000000002,0.7493682839427029
0.5820000000000002,0.7504997073715317
0.5830000000000002,0.7516392500000002
0.5840000000000002,0.7527553509436096
0.5850000000000002,0.7538497119143045
0.5860000000000002,0.7549454271285437
0.5870000000000002,0.7560448490057804
0.5880000000000002,0.7570894400000002
0.5890000000000002,0.7581113699564993
0.5900000000000002,0.7591070187466629
0.5910000000000002,0.7600652408355584
0.5920000000000002,0.7610295903565037
0.5930000000000002,0.7620087999039992
0.5940000000000002,0.7629991995958204
0.5950000000000002,0.7639789906062698
0.5960000000000002,0.765000619567396
0.5970000000000002,0.7660483700000003
0.5980000000000002,0.7670957006413066
0.5990000000000002,0.7681598312171516
0.6000000000000002,0.769220688782849
0.6010000000000002,0.7702744494623948
0.6020000000000002,0.7713300000000003
0.6030000000000002,0.7723727905675115
0.6040000000000002,0.7734295423404832
0.6050000000000002,0.7745075584396782
0.6060000000000002,0.7755726493490936
0.6070000000000002,0.7766277304184044
0.6080000000000002,0.7776695705673718
0.6090000000000002,0.7786979391489427
0.6100000000000002,0.7797379395999922
0.6110000000000002,0.7807629100000002
0.6120000000000002,0.7817675600232004
0.6130000000000002,0.7827698799894007
0.6140000000000002,0.7837693500105998
0.6150000000000002,0.7847754899385995
0.6160000000000002,0.7857874600000002
0.6170000000000002,0.7867748895017952
0.6180000000000002,0.7877499794705267
0.6190000000000002,0.7887323303529825
0.6200000000000002,0.7897390700000002
0.6210000000000002,0.7907323896351967
0.6220000000000002,0.7916959085968703
0.6230000000000002,0.7926257521046949
0.6240000000000002,0.7935336109214186
0.6250000000000002,0.7944316900000002
0.6260000000000002,0.7953424593496873
0.6270000000000002,0.7962774280009002
0.6280000000000002,0.7972107913327336
0.6290000000000002,0.7981437906700068
0.6300000000000002,0.7990553400000002
0.6310000000000002,0.7999138966253688
0.6320000000000002,0.800745165061947
0.6330000000000002,0.8015699235048352
0.6340000000000002,0.8024115000000002
0.6350000000000002,0.8032986584889851
0.6360000000000002,0.8041475564251431
0.6370000000000002,0.8049688135748572
0.6380000000000002,0.8058052016361167
0.6390000000000002,0.8066514700000003
0.6400000000000002,0.8074887480813618
0.6410000000000002,0.8082968831213442
0.6420000000000002,0.8090675945857709
0.6430000000000002,0.8098544421315216
0.6440000000000002,0.8106706783793841
0.6450000000000002,0.811508616300985
0.6460000000000002,0.8123236655485229
0.6470000000000002,0.8131081421552434
0.6480000000000002,0.8138932000000002
0.6490000000000002,0.814720698179082
0.6500000000000002,0.8155386064847407
0.6510000000000002,0.8163628435152596
0.6520000000000002,0.8171994016344165
0.6530000000000002,0.8180311900000002
0.6540000000000002,0.8188307460289604
0.6550000000000002,0.8196321950148495
0.6560000000000002,0.820466023323434
0.6570000000000003,0.8213239214210145
0.6580000000000003,0.8221824285127853
0.6590000000000003,0.8230337068577573
0.6600000000000003,0.8238765947133645
0.6610000000000003,0.8247186415795318
0.6620000000000003,0.8255811900000002
0.6630000000000003,0.8264568483669675
0.6640000000000003,0.8272935452149395
0.6650000000000003,0.8281340431900407
0.6660000000000003,0.8289815115253155
0.6670000000000003,0.8298348200000002
0.6680000000000003,0.8307152573869307
0.6690000000000003,0.8315846039196043
0.6700000000000003,0.8324381529290295
0.6710000000000003,0.8332945700000003
0.6720000000000003,0.8341733886433866
0.6730000000000003,0.8350377267423306
0.6740000000000003,0.8358748432576699
0.6750000000000003,0.8367257014914151
0.6760000000000003,0.8375706100000003
0.6770000000000003,0.8384162886028723
0.6780000000000003,0.8392765763557825
0.6790000000000003,0.8401551024294788
0.6800000000000003,0.8410127114239145
0.6810000000000003,0.8418558886969872
0.6820000000000003,0.8427255876171195
0.6830000000000003,0.8436064435743216
0.6840000000000003,0.8444461632056323
0.6850000000000003,0.8452390400000003
0.6860000000000003,0.8460645786993872
0.6870000000000003,0.8469345174967003
0.6880000000000003,0.8478093525033
0.6890000000000003,0.8486452616409167
0.6900000000000003,0.8494778900000002
0.6910000000000003,0.8503013962281626
0.6920000000000003,0.8511128041529926
0.6930000000000003,0.8519179038980053
0.6940000000000003,0.8527289518895191
0.6950000000000003,0.8535464480937812
0.6960000000000003,0.8543558251448431
0.6970000000000003,0.8551130672827361
0.6980000000000003,0.8558738123925481
0.6990000000000003,0.8566379500000001
0.7000000000000003,0.8573811769475697
0.7010000000000003,0.8580759331624737
0.7020000000000003,0.8587340568375268
0.7030000000000003,0.8593742735978362
0.7040000000000003,0.8600163500000001
0.7050000000000003,0.860602151377514
0.7060000000000003,0.8611710278965052
0.7070000000000003,0.8617675780689967
0.7080000000000003,0.8624124500000002
0.7090000000000003,0.863083307367874
0.7100000000000003,0.8638200972641371
0.7110000000000003,0.864683304103795
0.7120000000000003,0.8657099497334949
0.7130000000000003,0.8667895200000003
0.7140000000000003,0.8678450699254987
0.7150000000000003,0.868837617725514
0.7160000000000003,0.8697618015163245
0.7170000000000003,0.8706564810532108
0.7180000000000003,0.8715395382982831
0.7190000000000003,0.8723693654666269
0.7200000000000003,0.8731426968000603
0.7210000000000003,0.873884305167852
0.7220000000000003,0.8746196600000002
0.7230000000000003,0.875315737088171
0.7240000000000003,0.8760245543964243
0.7250000000000003,0.8767443756035761
0.7260000000000003,0.8774321631221313
0.7270000000000003,0.8781279300000002
0.7280000000000003,0.8788368771634435
0.7290000000000003,0.8795532213403331
0.7300000000000003,0.8802645657731115
0.7310000000000003,0.8809752428932291
0.7320000000000003,0.8816701866626668
0.7330000000000003,0.8823364531551424
0.7340000000000003,0.8829942102672869
0.7350000000000003,0.8836770031720637
0.7360000000000003,0.8843821900000002
0.7370000000000003,0.8850791568056683
0.7380000000000003,0.8857597234952603
0.7390000000000003,0.88643448650474
0.7400000000000003,0.8871112432324325
0.7410000000000003,0.8877944900000002
0.7420000000000003,0.888457132687527
0.7430000000000003,0.8890915084277788
0.7440000000000003,0.8897057677148145
0.7450000000000003,0.8903337700000002
0.7460000000000003,0.8909670762889631
0.7470000000000003,0.8915959723291838
0.7480000000000003,0.8922124315062249
0.7490000000000003,0.8928443736805738
0.7500000000000003,0.8934751700000002
0.7510000000000003,0.8940885758741177
0.7520000000000003,0.8946759877768113
0.7530000000000003,0.8952685481487928
0.7540000000000003,0.8958620340651409
0.7550000000000003,0.8964486100000002
0.7560000000000003,0.8970239308652569
0.7570000000000003,0.897567193702115
0.7580000000000003,0.8980753898360986
0.7590000000000003,0.8985576000000001
0.7600000000000003,0.8990522047261473
0.7610000000000003,0.8995248186672534
0.7620000000000003,0.8999581813327469
0.7630000000000003,0.90035926598916
0.7640000000000003,0.9007316800000001
0.7650000000000003,0.9010865733718676
0.7660000000000003,0.90142375880096
0.7670000000000003,0.9017171241326934
0.7680000000000003,0.9019451677195772
0.7690000000000003,0.9021043810443106
0.7700000000000004,0.9022088117737113
0.7710000000000004,0.9022974973394331
0.7720000000000004,0.9024094888800777
0.7730000000000004,0.9025194
0.7740000000000004,0.9025665504655046
0.7750000000000004,0.9026131005447782
0.7760000000000004,0.9026403394552218
0.7770000000000004,0.9026475499278992
0.7780000000000004,0.90267056
0.7790000000000004,0.9027448920492206
0.7800000000000004,0.902847353322334
0.7810000000000004,0.9029580977851107
0.7820000000000004,0.9031106784741848
0.7830000000000004,0.9032970722190223
0.7840000000000004,0.9035189752569373
0.7850000000000004,0.9037818221145943
0.7860000000000004,0.9041089967282347
0.7870000000000004,0.9044335500000001
0.7880000000000004,0.9047492136121723
0.7890000000000004,0.9051104324484777
0.7900000000000004,0.905525381701015
0.7910000000000004,0.9059706855469556
0.7920000000000004,0.9064332200000002
0.7930000000000004,0.9069268804398782
0.7940000000000004,0.9074488743401832
0.7950000000000004,0.9079819793378936
0.7960000000000004,0.9085163500000002
0.7970000000000004,0.9090675759247595
0.7980000000000004,0.9096600524485022
0.7990000000000004,0.9102824775514982
0.8000000000000004,0.910905773767038
0.8010000000000004,0.9115228700000003
0.8020000000000004,0.9121552165638315
0.8030000000000004,0.912811600083396
0.8040000000000004,0.9134810466110697
0.8050000000000004,0.9141617931925322
0.8060000000000004,0.9148649071889722
0.8070000000000004,0.9155838039671019
0.8080000000000004,0.9162821590493477
0.8090000000000004,0.9169714362144624
0.8100000000000004,0.9176568400000003
0.8110000000000004,0.9183406266847671
0.8120000000000004,0.9190091036464544
0.8130000000000004,0.9196914263535462
0.8140000000000004,0.9203810631036313
0.8150000000000004,0.9210595500000003
0.8160000000000004,0.9217671939391398
0.8170000000000004,0.9224641500779964
0.8180000000000004,0.9231334166146695
0.8190000000000004,0.9237862734714349
0.8200000000000004,0.9244185764361647
0.8210000000000004,0.925062193304335
0.8220000000000004,0.9257274100434981
0.8230000000000004,0.926383783436269
0.8240000000000004,0.9270290100000003
0.8250000000000004,0.9276707864188645
0.8260000000000004,0.928312672556898
0.8270000000000004,0.9289405174431026
0.8280000000000004,0.9295645337598378
0.8290000000000004,0.9301874000000002
0.8300000000000004,0.9308098126457267
0.8310000000000004,0.9314420985921705
0.8320000000000004,0.93206183760522
0.8330000000000004,0.9326788200000004
0.8340000000000004,0.9333143862305625
0.8350000000000004,0.933937442084796
0.8360000000000004,0.9345416818728065
0.8370000000000004,0.9351193842229847
0.8380000000000004,0.9356612000000002
0.8390000000000004,0.9361948452179045
0.8400000000000004,0.9367166352413381
0.8410000000000004,0.9372246798391083
0.8420000000000004,0.9377347748990492
0.8430000000000004,0.9382160345008451
0.8440000000000004,0.938666118683966
0.8450000000000004,0.9391003169740515
0.8460000000000004,0.9395542009223093
0.8470000000000004,0.9400073300000003
0.8480000000000004,0.9404200933569338
0.8490000000000004,0.940755785379785
0.8500000000000004,0.9410247746202153
0.8510000000000004,0.9412260079876799
0.8520000000000004,0.94134545
0.8530000000000004,0.9413602887554751
0.8540000000000004,0.9412358309416529
0.8550000000000004,0.9409338860388979
0.8560000000000004,0.9404079952589524
0.8570000000000004,0.9396112494325939
0.8580000000000004,0.9385545027165636
0.8590000000000004,0.9371903309251531
0.8600000000000004,0.9354975369280378
0.8610000000000004,0.933509289999999
0.8620000000000004,0.9312799962788618
0.8630000000000004,0.92890788197492
0.8640000000000004,0.9265066280250779
0.8650000000000004,0.924177733288932
0.8660000000000004,0.9220862999999994
0.8670000000000004,0.9204205089627892
0.8680000000000004,0.9193686715695214
0.8690000000000004,0.9190876556203189
0.8700000000000004,0.9197088500000007
0.8710000000000004,0.9213013853912552
0.8720000000000004,0.9238405263568835
0.8730000000000004,0.9271583704646781
0.8740000000000004,0.9308482631009636
0.8750000000000004,0.9345312100000014
0.8760000000000004,0.9378929989988815
0.8770000000000004,0.940792873403031
0.8780000000000004,0.9432396410646479
0.8790000000000004,0.9452830895655965
0.8800000000000004,0.9470003800000006
0.8810000000000004,0.9484591745797716
0.8820000000000005,0.949688163130344
0.8830000000000005,0.950719989363594
0.8840000000000005,0.9516007300000003
0.8850000000000005,0.9523720768558689
0.8860000000000005,0.9530576622077119
0.8870000000000005,0.9536680477922886
0.8880000000000005,0.9542077146033463
0.8890000000000005,0.9546781200000002
0.8900000000000005,0.9550934437945761
0.8910000000000005,0.9554729009140545
0.8920000000000005,0.955836702723964
0.8930000000000005,0.9561265071019712
0.8940000000000005,0.9563868026930271
0.8950000000000005,0.9566561043151843
0.8960000000000005,0.9568718635272238
0.8970000000000005,0.9570735079835597
0.8980000000000005,0.9572626400000002
0.8990000000000005,0.9574236311277113
0.9000000000000005,0.9575364016057357
0.9010000000000005,0.9576166883942643
0.9020000000000005,0.9576657995088952
0.9030000000000005,0.9576756999999999
0.9040000000000005,0.9576328981343813
0.9050000000000005,0.9575396156835158
0.9060000000000005,0.957395732877656
0.9070000000000005,0.9571985019723197
0.9080000000000005,0.956922046816568
0.9090000000000005,0.9566037028549571
0.9100000000000005,0.956246450717564
0.9110000000000005,0.955830994154583
0.9120000000000005,0.9553670299999998
0.9130000000000005,0.9548439342110839
0.9140000000000005,0.9542650415008247
0.9150000000000005,0.9536484023327831
0.9160000000000005,0.9530258862251619
0.9170000000000005,0.9523970499999997
0.9180000000000005,0.9517928296233186
0.9190000000000005,0.9512739955650215
0.9200000000000005,0.9508430486188859
0.9210000000000005,0.9505175399999999
0.9220000000000005,0.9503105891845918
0.9230000000000005,0.950229050877365
0.9240000000000005,0.9502729191226351
0.9250000000000005,0.9504515482136823
0.9260000000000005,0.9507585200000003
0.9270000000000005,0.9511694351035023
0.9280000000000005,0.9516797870079499
0.9290000000000005,0.9522467186613672
0.9300000000000005,0.9528373440937412
0.9310000000000005,0.9534437762036624
0.9320000000000005,0.9540641420109998
0.9330000000000005,0.9546646919835011
0.9340000000000005,0.955231358666687
0.9350000000000005,0.9557841400000002
0.9360000000000005,0.9562912648023483
0.9370000000000005,0.9567714992444304
0.9380000000000005,0.95723372075557
0.9390000000000005,0.9576538757984582
0.9400000000000005,0.9580190200000003
0.9410000000000005,0.9583471461786619
0.9420000000000005,0.9586560788045598
0.9430000000000005,0.9589495641302936
0.9440000000000005,0.9591702777928781
0.9450000000000005,0.9593186410073101
0.9460000000000005,0.9594193718179092
0.9470000000000005,0.9595102672731364
0.9480000000000005,0.9595892992096842
0.9490000000000005,0.9595701099999999
0.9500000000000005,0.9594318285646856
0.9510000000000005,0.9592882964691412
0.9520000000000005,0.9591117535308588
0.9530000000000005,0.9588555725618255
0.9540000000000005,0.9585080099999997
0.9550000000000005,0.9581263009625094
0.9560000000000005,0.957674424635368
0.9570000000000005,0.9571622702430876
0.9580000000000005,0.9566072199999996
0.9590000000000005,0.9560214239661393
0.9600000000000005,0.9554180371904402
0.9610000000000005,0.9547775592143389
0.9620000000000005,0.9541187365882314
0.9630000000000005,0.9535141599999997
0.9640000000000005,0.9528552832347644
0.9650000000000005,0.9521787607319631
0.9660000000000005,0.9515364928453574
0.9670000000000005,0.9509506858580583
0.9680000000000005,0.9503781747088468
0.9690000000000005,0.9498490604970748
0.9700000000000005,0.949373914254387
0.9710000000000005,0.9489226990242899
0.9720000000000005,0.9484956299999998
0.9730000000000005,0.9480702253620534
0.9740000000000005,0.9476064292478299
0.9750000000000005,0.9470688207521696
0.9760000000000005,0.9465860748274479
0.9770000000000005,0.9460596999999996
0.9780000000000005,0.9454394531202621
0.9790000000000005,0.9447514748117589
0.9800000000000005,0.9439118667921599
0.9810000000000005,0.9429658194604942
0.9820000000000005,0.941886647158671
0.9830000000000005,0.9406025128227581
0.9840000000000005,0.939243650765861
0.9850000000000005,0.9377114353222056
0.9860000000000005,0.9359802599999989
0.9870000000000005,0.9340763481427803
0.9880000000000005,0.9318906227042906
0.9890000000000005,0.9295258372957068
0.9900000000000005,0.9269572756856556
0.9910000000000005,0.9241129199999983
0.9920000000000005,0.9210844535903341
0.9930000000000005,0.9177639617012129
0.9940000000000005,0.914154002199188
0.9950000000000006,0.9103265399999978
0.9960000000000006,0.9063542082250797
0.9970000000000006,0.9021767125977678
0.9980000000000006,0.8978066011033426
0.9990000000000006,0.8932964651013997
1.0000000000000004,0.8887329099999979
1.0010000000000006,0.8838726299999968
1.0020000000000007,0.8790126999999968
1.0030000000000006,0.8740675999999967
1.0040000000000004,0.8692231578222153
1.0050000000000006,0.8643013799999969
1.0060000000000007,0.859662229999997
1.0070000000000006,0.8550946099999981
1.0080000000000005,0.8507875799999981
1.0090000000000006,0.8466593370252955
1.0100000000000007,0.8428295899999977
1.0110000000000006,0.8392723199999977
1.0120000000000005,0.8359380399999987
1.0130000000000006,0.8329714499999982
1.0140000000000007,0.8303045366913292
1.0150000000000006,0.8279631099999987
1.0160000000000005,0.8259513399999993
1.0170000000000006,0.8242310899999994
1.0180000000000007,0.8228390799999992
1.0190000000000006,0.8217109328147177
1.0200000000000005,0.8208549599999998
1.0210000000000006,0.8202826399999997
1.0220000000000007,0.81995684
1.0230000000000006,0.8198742300000001
1.0240000000000005,0.8200492900000002
1.0250000000000006,0.8204042300000003
1.0260000000000007,0.8209497300000006
1.0270000000000006,0.8217043900000004
1.0280000000000005,0.8226401200000004
1.0290000000000006,0.8237369700000006
1.0300000000000007,0.824979660000001
1.0310000000000006,0.826420550000001
1.0320000000000005,0.8279451565603448
1.0330000000000006,0.8296107600000011
1.0340000000000007,0.8313334000000013
1.0350000000000006,0.8331556900000012
1.0360000000000005,0.8350545200000009
1.0370000000000006,0.8369947338036207
1.0380000000000007,0.8390327700000014
1.0390000000000006,0.841174010000001
1.0400000000000005,0.843353990000001
1.0410000000000006,0.8455576900000015
1.0420000000000007,0.8477754782211792
1.0430000000000006,0.8499959100000014
1.0440000000000005,0.852213740000001
1.0450000000000006,0.8544196500000014
1.0460000000000007,0.8566429600000014
1.0470000000000006,0.8588563986561357
1.0480000000000005,0.861068670000001
1.0490000000000006,0.863274280000001
1.0500000000000007,0.8655049800000014
1.0510000000000006,0.8676663600000014
1.0520000000000005,0.869870360000001
1.0530000000000006,0.8720056400000015
1.0540000000000007,0.8740891800000015
1.0550000000000006,0.8761874640365974
1.0560000000000005,0.8782278300000009
1.0570000000000006,0.8802182700000013
1.0580000000000007,0.8821590500000013
1.0590000000000006,0.8840969200000007
1.0600000000000005,0.885937565619439
1.0610000000000006,0.8876937600000011
1.0620000000000007,0.8894113900000011
1.0630000000000006,0.8910432500000011
1.0640000000000005,0.8926861900000008
1.0650000000000006,0.8943188967293281
1.0660000000000007,0.8959219500000013
1.0670000000000006,0.897437570000001
1.0680000000000005,0.8988995600000007
1.0690000000000006,0.9003287600000008
1.0700000000000007,0.9017006028157196
1.0710000000000006,0.9030816000000008
1.0720000000000005,0.9044786700000006
1.0730000000000006,0.9058386700000008
1.0740000000000007,0.907161000000001
1.0750000000000006,0.9084717600000008
1.0760000000000005,0.9098071500000008
1.0770000000000006,0.9110487100000008
1.0780000000000007,0.9122266763363672
1.0790000000000006,0.9133900400000008
1.0800000000000005,0.9145023800000004
1.0810000000000006,0.9155812900000008
1.0820000000000007,0.9166832600000007
1.0830000000000006,0.917712184327568
1.0840000000000005,0.9186554600000004
1.0850000000000006,0.9195759900000006
1.0860000000000007,0.9204676700000007
1.0870000000000006,0.9213157900000005
1.0880000000000005,0.9221150100779927
1.0890000000000006,0.9228971000000004
1.0900000000000007,0.9236057400000004
1.0910000000000006,0.9242296800000005
1.0920000000000005,0.9248460500000002
1.0930000000000006,0.9254551490900913
1.0940000000000007,0.9259895700000004
1.0950000000000006,0.9264812500000004
1.0960000000000005,0.9269042600000003
1.0970000000000006,0.9273046300000002
1.0980000000000008,0.9276515200000003
1.0990000000000006,0.9279989000000002
1.1000000000000005,0.9283291700000001
1.1010000000000006,0.9286028700000002
1.1020000000000008,0.9288728800000001
1.1030000000000006,0.9290179000000002
1.1040000000000005,0.92913079
1.1050000000000006,0.92911208
1.1060000000000008,0.9291052483051693
1.1070000000000007,0.9287882999999998
1.1080000000000005,0.9284688799999995
1.1090000000000007,0.9277176299999994
1.1100000000000008,0.9268229599999991
1.1110000000000007,0.925416720548944
1.1120000000000005,0.9237222099999991
1.1130000000000007,0.9215984899999984
1.1140000000000008,0.9190425899999979
1.1150000000000007,0.9158899799999973
1.1160000000000005,0.9119657624217554
1.1170000000000007,0.9076052899999965
1.1180000000000008,0.9022480799999948
1.1190000000000007,0.8963776199999952
1.1200000000000006,0.8892455099999964
1.1210000000000007,0.8813278217688183
1.1220000000000008,0.8723290599999933
1.1230000000000007,0.8623045099999926
1.1240000000000006,0.8513711099999945
1.1250000000000007,0.8390343199999918
1.1260000000000008,0.8267309099999882
1.1270000000000007,0.8134375199999913
1.1280000000000006,0.8001890199999911
1.1290000000000007,0.7868980098630046
1.1300000000000008,0.7742966399999901
1.1310000000000007,0.7631928299999926
1.1320000000000006,0.7520164299999964
1.1330000000000007,0.7439177599999953
1.1340000000000008,0.7368844490510922
1.1350000000000007,0.7330749599999987
1.1360000000000006,0.7311528900000008
1.1370000000000007,0.7322385300000027
1.1380000000000008,0.7362656600000052
1.1390000000000007,0.7420127052954739
1.1400000000000006,0.7507496500000064
1.1410000000000007,0.7602022900000079
1.1420000000000008,0.7722519600000076
1.1430000000000007,0.7838348700000084
1.1440000000000006,0.7964475687301347
1.1450000000000007,0.809113200000008
1.1460000000000008,0.8211180600000108
1.1470000000000007,0.8332579100000074
1.1480000000000006,0.8441839800000069
1.1490000000000007,0.8547472400000063
1.1500000000000008,0.8642639500000078
1.1510000000000007,0.8729774400000052
1.1520000000000006,0.8808571100000031
1.1530000000000007,0.8879629400000042
1.1540000000000008,0.8943524400000037
1.1550000000000007,0.8998948900000033
1.1560000000000006,0.9048559700000028
1.1570000000000007,0.9091075871642864
1.1580000000000008,0.9128792300000027
1.1590000000000007,0.9158948700000019
1.1600000000000006,0.9186492000000016
1.1610000000000007,0.9210121000000011
1.1620000000000008,0.9228771924317581
1.1630000000000007,0.924701510000001
1.1640000000000006,0.9261734500000006
1.1650000000000007,0.9276815700000008
1.1660000000000008,0.9290288700000012
1.1670000000000007,0.9303718057064302
1.1680000000000006,0.9316872400000008
1.1690000000000007,0.9328472000000008
1.1700000000000008,0.9339792100000007
1.1710000000000007,0.9349086300000006
1.1720000000000006,0.9357003408289176
1.1730000000000007,0.9363330000000003
1.1740000000000008,0.9368098400000002
1.1750000000000007,0.9371663300000002
1.1760000000000006,0.9373205300000002
1.1770000000000007,0.93744576
1.1780000000000008,0.93748105
1.1790000000000007,0.93743294
1.1800000000000006,0.9373521657204279
1.1810000000000007,0.9372093699999999
1.1820000000000008,0.9370493299999998
1.1830000000000007,0.9368464899999999
1.1840000000000006,0.9366073599999999
1.1850000000000007,0.9363506079302067
1.1860000000000008,0.9360299099999997
1.1870000000000007,0.9356706099999996
1.1880000000000006,0.9352420599999997
1.1890000000000007,0.9347519899999996
1.1900000000000008,0.9342219730016994
1.1910000000000007,0.9336376199999994
1.1920000000000006,0.9330015199999996
1.1930000000000007,0.9323182099999996
1.1940000000000008,0.9315958599999994
1.1950000000000007,0.9308239371922801
1.1960000000000006,0.9300030499999995
1.1970000000000007,0.9291467699999995
1.1980000000000008,0.9282555599999992
1.1990000000000007,0.9273189899999993
1.2000000000000006,0.9263197199999993
1.2010000000000007,0.9253198499999992
1.2020000000000008,0.9242876799999991
1.2030000000000007,0.9232384738546138
1.2040000000000006,0.9221770199999992
1.2050000000000007,0.9210783199999992
1.2060000000000008,0.919941659999999
1.2070000000000007,0.9187946299999992
1.2080000000000006,0.9176470588241167
1.2090000000000007,0.9164352999999993
1.2100000000000009,0.9151995199999989
1.2110000000000007,0.9139132499999988
1.2120000000000006,0.9125834699999991
1.2130000000000007,0.9111873696100379
1.2140000000000009,0.9097424699999986
1.2150000000000007,0.908245739999999
1.2160000000000006,0.9066933399999989
1.2170000000000007,0.9050739399999989
1.2180000000000009,0.9034075066433342
1.2190000000000007,0.9016794599999989
1.2200000000000006,0.8999324399999987
1.2210000000000008,0.8981274999999983
1.2220000000000009,0.8963059199999983
1.2230000000000008,0.8944778399999983
1.2240000000000006,0.8925831899999986
1.2250000000000008,0.8906663699999987
1.2260000000000009,0.8886578699999981
1.2270000000000008,0.8865826099999986
1.2280000000000006,0.8844520399999986
1.2290000000000008,0.8822597899999984
1.2300000000000009,0.8799850299999978
1.2310000000000008,0.8776294594180563
1.2320000000000007,0.8752236399999983
1.2330000000000008,0.8727709699999978
1.2340000000000009,0.8703196599999978
1.2350000000000008,0.8678591799999983
1.2360000000000007,0.8654013828797102
1.2370000000000008,0.8629301799999983
1.2380000000000009,0.8604251099999978
1.2390000000000008,0.8579349499999983
1.2400000000000007,0.8554410899999983
1.2410000000000008,0.8529633377752205
1.2420000000000009,0.8504733399999977
1.2430000000000008,0.8480190599999978
1.2440000000000007,0.8455659699999984
1.2450000000000008,0.8431700499999984
1.2460000000000009,0.8407914678582122
1.2470000000000008,0.8384673599999984
1.2480000000000007,0.8361525499999986
1.2490000000000008,0.8339549899999985
1.2500000000000009,0.8318275199999983
1.2510000000000008,0.8297856499999983
1.2520000000000007,0.8278065299999988
1.2530000000000008,0.8259046099999984
1.254000000000001,0.8240449361323849
1.2550000000000008,0.8222062599999984
1.2560000000000007,0.8204023799999989
1.2570000000000008,0.8186634199999989
1.258000000000001,0.8169200999999985
1.2590000000000008,0.8152029570262961
1.2600000000000007,0.8134732199999989
1.2610000000000008,0.8117653699999985
1.262000000000001,0.8100491799999985
1.2630000000000008,0.8083024599999984
1.2640000000000007,0.8065901912268763
1.2650000000000008,0.8048837199999985
1.266000000000001,0.8032122899999986
1.2670000000000008,0.8015456799999989
1.2680000000000007,0.799937369999999
1.2690000000000008,0.7983589578412146
1.270000000000001,0.7968246899999987
1.2710000000000008,0.7953798199999987
1.2720000000000007,0.7940061099999991
1.2730000000000008,0.792721389999999
1.274000000000001,0.791549559999999
1.2750000000000008,0.7904665499999991
1.2760000000000007,0.7894903999999995
1.2770000000000008,0.7886685699999996
1.278000000000001,0.7879623799999995
1.2790000000000008,0.7874340999999997
1.2800000000000007,0.7870576999999999
1.2810000000000008,0.7868254799999999
1.282000000000001,0.7867472274972503
1.2830000000000008,0.7868222000000001
1.2840000000000007,0.7870513800000002
1.2850000000000008,0.7874202700000005
1.286000000000001,0.7879711400000006
1.2870000000000008,0.7886163154164588
1.2880000000000007,0.7893704800000005
1.2890000000000008,0.7902821900000007
1.290000000000001,0.7913233000000012
1.2910000000000008,0.7925233200000013
1.2920000000000007,0.793875734758525
1.2930000000000008,0.7953702200000011
1.294000000000001,0.7970555400000016
1.2950000000000008,0.7988618000000017
1.2960000000000007,0.8007773200000013
1.2970000000000008,0.8028131464173599
1.298000000000001,0.8048348400000019
1.2990000000000008,0.8069422200000014
1.3000000000000007,0.8089794500000014
1.3010000000000008,0.8110560800000017
1.302000000000001,0.8130423400000022
1.3030000000000008,0.8150115600000012
1.3040000000000007,0.8168621100000012
1.3050000000000008,0.8186489294030609
1.306000000000001,0.8203429600000014
1.3070000000000008,0.8219322600000013
1.3080000000000007,0.8234399000000008
1.3090000000000008,0.8248368500000008
1.310000000000001,0.8261900640955916
1.3110000000000008,0.8274310200000011
1.3120000000000007,0.828650710000001
1.3130000000000008,0.8298056100000007
1.314000000000001,0.830946980000001
1.3150000000000008,0.8320599886991311
1.3160000000000007,0.833160640000001
1.3170000000000008,0.834264400000001
1.318000000000001,0.835341100000001
1.3190000000000008,0.8363665900000008
1.3200000000000007,0.8372786887901218
1.3210000000000008,0.8379956500000005
1.322000000000001,0.8386272200000005
1.3230000000000008,0.8389816900000001
1.3240000000000007,0.83911324
1.3250000000000008,0.8390854599999997
1.326000000000001,0.8388152699999997
1.3270000000000008,0.8384932899999995
1.3280000000000007,0.8379968481191877
1.3290000000000008,0.8374780399999995
1.330000000000001,0.8368758599999995
1.3310000000000008,0.8362178199999993
1.3320000000000007,0.8355195499999993
1.3330000000000009,0.8347203456624329
1.334000000000001,0.8338769699999992
1.3350000000000009,0.832919959999999
1.3360000000000007,0.831852789999999
1.3370000000000009,0.830726559999999
1.338000000000001,0.8295442482311757
1.3390000000000009,0.8282928499999989
1.3400000000000007,0.8270265499999991
1.3410000000000009,0.8257379499999989
1.342000000000001,0.8244429199999985
1.3430000000000009,0.8231063636556334
1.3440000000000007,0.821686149999999
1.3450000000000009,0.8201784499999984
1.346000000000001,0.818472149999998
1.3470000000000009,0.8166682099999981
1.3480000000000008,0.8145824099999984
1.3490000000000009,0.8123094999999978
1.350000000000001,0.8098286399999975
1.3510000000000009,0.8071272399999975
1.3520000000000008,0.8042324199999972
1.3530000000000009,0.8011029399999979
1.354000000000001,0.797883989999997
1.3550000000000009,0.7944607699999969
1.3560000000000008,0.790949335023495
1.3570000000000009,0.7872995699999966
1.358000000000001,0.7836084399999966
1.3590000000000009,0.7798186499999965
1.3600000000000008,0.7759780299999974
1.3610000000000009,0.7720870609758987
1.362000000000001,0.7681968199999957
1.3630000000000009,0.7643014799999973
1.3640000000000008,0.7602894899999973
1.3650000000000009,0.7562560399999964
1.366000000000001,0.7521760979941963
1.3670000000000009,0.7480203499999962
1.3680000000000008,0.7438286499999971
1.3690000000000009,0.7395453499999962
1.370000000000001,0.7352530399999962
1.3710000000000009,0.730958299474049
1.3720000000000008,0.7266447499999963
1.3730000000000009,0.7225097999999973
1.374000000000001,0.7183591099999965
1.3750000000000009,0.7145419099999967
1.3760000000000008,0.710781509999997
1.377000000000001,0.7073843499999964
1.378000000000001,0.7041425699999975
1.379000000000001,0.7013184777122263
1.3800000000000008,0.6986955999999981
1.381000000000001,0.6965404199999985
1.382000000000001,0.6947290899999986
1.383000000000001,0.6934005599999992
1.3840000000000008,0.6924420751284869
1.385000000000001,0.69199336
1.386000000000001,0.6920319200000005
1.387000000000001,0.6924431900000009
1.3880000000000008,0.6932731900000008
1.389000000000001,0.6944897183471663
1.390000000000001,0.696051240000002
1.391000000000001,0.6978758000000018
1.3920000000000008,0.6998956200000019
1.393000000000001,0.702051940000002
1.394000000000001,0.7042968455094514
1.395000000000001,0.706536290000002
1.3960000000000008,0.7087338600000019
1.397000000000001,0.7108401700000021
1.398000000000001,0.7127268900000014
1.399000000000001,0.7144035700000013
1.4000000000000008,0.7158636500000011
1.4010000000000007,0.7170984700000007
1.402000000000001,0.7181657000000008
1.403000000000001,0.7189843700000007
1.4040000000000008,0.7197628600000004
1.4050000000000007,0.7203697600000004
1.406000000000001,0.7209677100000007
1.407000000000001,0.721532741242876
1.4080000000000008,0.7219451700000002
1.4090000000000007,0.7223547700000001
1.410000000000001,0.7224763000000001
1.411000000000001,0.7224762999999998
1.4120000000000008,0.7221707757114285
1.4130000000000007,0.7216278899999995
1.414000000000001,0.720838729999999
1.415000000000001,0.7197290099999989
1.4160000000000008,0.7185107499999988
1.4170000000000007,0.7170844326317359
1.418000000000001,0.7155094099999985
1.419000000000001,0.7137870799999984
1.4200000000000008,0.7119101899999982
1.4210000000000007,0.7098622299999985
1.422000000000001,0.7075495612668709
1.423000000000001,0.7049484799999973
1.4240000000000008,0.7020067599999977
1.4250000000000007,0.6986908899999975
1.426000000000001,0.6949736499999953
1.427000000000001,0.6907735499999949
1.4280000000000008,0.6861858999999967
1.4290000000000007,0.6811650999999963
1.430000000000001,0.6756042820047938
1.431000000000001,0.6696243299999943
1.4320000000000008,0.6631910799999939
1.4330000000000007,0.6563708199999952
1.434000000000001,0.6492405499999934
1.435000000000001,0.6416932778022123
1.4360000000000008,0.6337712999999927
1.4370000000000007,0.6255552199999923
1.438000000000001,0.6169135599999921
1.439000000000001,0.6079832899999917
1.4400000000000008,0.5987089574332489
1.4410000000000007,0.5892523499999913
1.442000000000001,0.5794537099999889
1.443000000000001,0.5694894199999909
1.4440000000000008,0.5592228799999909
1.4450000000000007,0.5489875735306384
1.446000000000001,0.5384974499999885
1.447000000000001,0.5280536999999883
1.4480000000000008,0.5175307399999931
1.4490000000000007,0.5071501699999931
1.450000000000001,0.49673783999998855
1.451000000000001,0.48645758999998867
1.4520000000000008,0.4762647199999911
1.4530000000000007,0.4662741774022527
1.454000000000001,0.45644819999998903
1.455000000000001,0.44659918999999143
1.4560000000000008,0.43696036999999155
1.4570000000000007,0.4274565899999917
1.458000000000001,0.4180636477172176
1.459000000000001,0.408940819999992
1.4600000000000009,0.3999672199999923
1.4610000000000007,0.3912525499999924
1.462000000000001,0.3827804899999907
1.463000000000001,0.37443244480451077
1.4640000000000009,0.3664290599999932
1.4650000000000007,0.35877918999999514
1.466000000000001,0.3514315199999923
1.467000000000001,0.3444581299999926
1.4680000000000009,0.33781931388160635
1.4690000000000007,0.3315663299999961
1.470000000000001,0.3256820699999938
1.471000000000001,0.3200746199999941
1.4720000000000009,0.3147522499999956
1.4730000000000008,0.3098305499999968
1.474000000000001,0.305058029999995
1.475000000000001,0.3005485799999961
1.4760000000000009,0.2961853999999964
1.4770000000000008,0.2920710999999964
1.478000000000001,0.28809359999999656
1.479000000000001,0.2842757999999967
1.4800000000000009,0.2805975099999969
1.4810000000000008,0.27707474793120446
1.482000000000001,0.2737540599999965
1.483000000000001,0.2705823799999974
1.4840000000000009,0.26761859999999754
1.4850000000000008,0.2648734199999983
1.486000000000001,0.2623065106189353
1.487000000000001,0.25991269999999755
1.4880000000000009,0.25770580999999865
1.4890000000000008,0.2557018699999988
1.490000000000001,0.2538823799999982
1.491000000000001,0.2522427039676015
1.4920000000000009,0.25079607999999887
1.4930000000000008,0.2495487199999993
1.494000000000001,0.24849332999999907
1.495000000000001,0.2476364099999994
1.4960000000000009,0.2469543182091785
1.4970000000000008,0.24646588999999972
1.498000000000001,0.2461686299999999
1.499000000000001,0.24603821000000003
1.5000000000000009,0.2460777800000002
1.5010000000000008,0.24629903000000034
1.5020000000000011,0.24666740000000068
1.503000000000001,0.24717428000000058
1.504000000000001,0.24782317704329643
1.5050000000000008,0.24859361000000077
1.5060000000000011,0.24947797000000108
1.507000000000001,0.25045291000000114
1.508000000000001,0.251506660000001
1.5090000000000008,0.25265199032696817
1.5100000000000011,0.2538552600000014
1.511000000000001,0.2551124400000015
1.512000000000001,0.2564421600000015
1.5130000000000008,0.25779733000000093
1.5140000000000011,0.259176082124789
1.515000000000001,0.26057249000000154
1.516000000000001,0.2619700700000013
1.5170000000000008,0.2633887500000013
1.5180000000000011,0.26480132000000156
1.519000000000001,0.2662100891230892
1.520000000000001,0.2676373100000013
1.5210000000000008,0.26904589000000123
1.5220000000000011,0.27044910000000183
1.523000000000001,0.27182251000000124
1.524000000000001,0.27319756000000117
1.5250000000000008,0.27451715000000115
1.5260000000000011,0.2758153100000013
1.527000000000001,0.2770319000000014
1.528000000000001,0.278213800000001
1.5290000000000008,0.27931011000000067
1.5300000000000011,0.28032869000000105
1.531000000000001,0.2812796800000009
1.532000000000001,0.2821413836466361
1.5330000000000008,0.2829778500000005
1.5340000000000011,0.2837087200000009
1.535000000000001,0.28449503000000076
1.536000000000001,0.28521448000000077
1.5370000000000008,0.2860745181221884
1.5380000000000011,0.2869557400000011
1.539000000000001,0.287975370000001
1.540000000000001,0.28911239000000105
1.5410000000000008,0.2903284700000012
1.5420000000000011,0.29170219262773867
1.543000000000001,0.2930367300000013
1.544000000000001,0.29447231000000124
1.5450000000000008,0.29583111000000123
1.5460000000000012,0.29718095000000144
1.547000000000001,0.2984723008649149
1.548000000000001,0.2997020500000011
1.5490000000000008,0.3009318400000008
1.5500000000000012,0.30210140000000135
1.551000000000001,0.30329981000000134
1.552000000000001,0.3044971500000013
1.5530000000000008,0.3057187500000008
1.5540000000000012,0.3069801000000013
1.555000000000001,0.30820242540446074
1.556000000000001,0.30945647000000104
1.5570000000000008,0.310636820000001
1.5580000000000012,0.3117901100000012
1.559000000000001,0.3128626600000009
1.560000000000001,0.31388325464853606
1.5610000000000008,0.3148297400000008
1.5620000000000012,0.31569868000000106
1.563000000000001,0.31649876000000066
1.564000000000001,0.3172226300000006
1.5650000000000008,0.31788250401259927
1.5660000000000012,0.31849551000000076
1.567000000000001,0.31906030000000063
1.568000000000001,0.31959331000000046
1.5690000000000008,0.3200945000000004
1.5700000000000012,0.3205542140285977
1.571000000000001,0.3209876100000004
1.572000000000001,0.32139370000000045
1.5730000000000008,0.3217707600000002
1.5740000000000012,0.32213274000000036
1.575000000000001,0.32246521000000034
1.576000000000001,0.3227818600000003
1.5770000000000008,0.32309216000000024
1.5780000000000012,0.32336374517148314
1.579000000000001,0.3236154600000003
1.580000000000001,0.32384777000000015
1.5810000000000008,0.32404780000000016
1.5820000000000012,0.32423589000000025
1.583000000000001,0.32440529547545266
1.584000000000001,0.32456005000000016
1.5850000000000009,0.32473174000000016
1.5860000000000012,0.3249146900000003
1.587000000000001,0.3251287900000003
1.588000000000001,0.3253948733916611
1.5890000000000009,0.3256964100000003
1.5900000000000012,0.3260649100000005
1.591000000000001,0.32649621000000056
1.592000000000001,0.32698575000000063
1.5930000000000009,0.3275418943855619
1.5940000000000012,0.3281485100000007
1.595000000000001,0.32882321000000075
1.596000000000001,0.32952428000000084
1.5970000000000009,0.3302793500000007
1.5980000000000012,0.33105770000000095
1.599000000000001,0.33188438000000087
1.600000000000001,0.33269584000000074
1.6010000000000009,0.3335365400000007
1.6020000000000012,0.3343673600000011
1.603000000000001,0.3351995100000007
1.604000000000001,0.3360213900000007
1.6050000000000009,0.3368524000000008
1.6060000000000012,0.33765687940906003
1.607000000000001,0.33845097000000085
1.608000000000001,0.33920634000000066
1.6090000000000009,0.3399470200000006
1.6100000000000012,0.3406514200000007
1.611000000000001,0.3413085064083599
1.612000000000001,0.34197259000000074
1.6130000000000009,0.34261531000000045
1.6140000000000012,0.3432603800000007
1.615000000000001,0.3438993400000007
1.616000000000001,0.3445268272512755
1.6170000000000009,0.34515607000000054
1.6180000000000012,0.3457523000000006
1.619000000000001,0.34634614000000064
1.620000000000001,0.34687567000000047
1.6210000000000009,0.34739476809019143
1.6220000000000012,0.3477942600000005
1.623000000000001,0.34816521000000017
1.624000000000001,0.34833878000000007
1.6250000000000009,0.3484008299999999
1.6260000000000012,0.34829401999999954
1.6270000000000011,0.3479589499999996
1.628000000000001,0.34766691999999955
1.629000000000001,0.3471546293900608
1.6300000000000012,0.34694852999999964
1.6310000000000011,0.3466977200000002
1.632000000000001,0.34689429000000044
1.633000000000001,0.3472906400000007
1.6340000000000012,0.3480991133156699
1.6350000000000011,0.3493322700000015
1.636000000000001,0.35066983000000196
1.637000000000001,0.3524385700000017
1.6380000000000012,0.354009390000002
1.6390000000000011,0.35580885005399654
1.640000000000001,0.3571849500000015
1.641000000000001,0.3585327000000008
1.6420000000000012,0.35939446000000075
1.6430000000000011,0.3599538200000002
1.644000000000001,0.36013106227577263
1.645000000000001,0.35993244999999957
1.6460000000000012,0.3594254899999988
1.6470000000000011,0.3585222399999985
1.648000000000001,0.3574091799999987
1.649000000000001,0.35597606999999853
1.6500000000000012,0.3543288399999974
1.6510000000000011,0.3523961599999977
1.652000000000001,0.3502974799999974
1.653000000000001,0.34796344999999773
1.6540000000000012,0.345423549999997
1.6550000000000011,0.3427186899999966
1.656000000000001,0.3396865099999964
1.657000000000001,0.3364578683721593
1.6580000000000013,0.3327415899999954
1.6590000000000011,0.3286651399999951
1.660000000000001,0.3242232499999945
1.661000000000001,0.3192663199999955
1.6620000000000013,0.31421374214477915
1.6630000000000011,0.3087351899999941
1.664000000000001,0.3034486799999951
1.665000000000001,0.2979156999999954
1.6660000000000013,0.29274904999999296
1.6670000000000011,0.2874543294720472
1.668000000000001,0.28312825999999613
1.669000000000001,0.27872991999999797
1.6700000000000013,0.2764202399999979
1.6710000000000012,0.2748349600000012
1.672000000000001,0.2758645870372974
1.673000000000001,0.27868038000000434
1.6740000000000013,0.28358167000000833
1.6750000000000012,0.2911013400000086
1.676000000000001,0.298876050000011
1.677000000000001,0.30879158000000984
1.6780000000000013,0.31765583000001074
1.6790000000000012,0.3273394700000091
1.680000000000001,0.33552513817219026
1.681000000000001,0.343406860000006
1.6820000000000013,0.35015681000000765
1.6830000000000012,0.35590526000000583
1.684000000000001,0.36117640000000395
1.685000000000001,0.3656098926467393
1.6860000000000013,0.36983636000000475
1.6870000000000012,0.37341732000000466
1.688000000000001,0.3769328000000028
1.689000000000001,0.3800749800000028
1.6900000000000013,0.38321225627237676
1.6910000000000012,0.38608789000000393
1.692000000000001,0.3890263700000032
1.693000000000001,0.39187184000000264
1.6940000000000013,0.3947862700000039
1.6950000000000012,0.3977131273142723
1.696000000000001,0.40073147000000336
1.697000000000001,0.40376106000000345
1.6980000000000013,0.4068643700000034
1.6990000000000012,0.4099685500000035
1.700000000000001,0.4131293000000034
1.701000000000001,0.4162288600000034
1.7020000000000013,0.41935223000000393
1.7030000000000012,0.42231890284371904
1.704000000000001,0.425247340000003
1.705000000000001,0.4279961300000023
1.7060000000000013,0.4306219200000032
1.7070000000000012,0.4330258700000029
1.708000000000001,0.4352274256034421
1.709000000000001,0.4372834600000016
1.7100000000000013,0.43907222000000234
1.7110000000000012,0.440814230000002
1.712000000000001,0.44234228000000175
1.713000000000001,0.44395841838616307
1.7140000000000013,0.4454436300000022
1.7150000000000012,0.4471167000000019
1.716000000000001,0.44883478000000215
1.717000000000001,0.4507654900000024
1.7180000000000013,0.4529098555634464
1.7190000000000012,0.4551161800000027
1.720000000000001,0.4575496900000027
1.721000000000001,0.4599383200000028
1.7220000000000013,0.46242613000000315
1.7230000000000012,0.46481171000000265
1.724000000000001,0.46719086000000254
1.725000000000001,0.469504210000002
1.7260000000000013,0.4717443600000029
1.7270000000000012,0.4739368900000029
1.728000000000001,0.47608426000000187
1.729000000000001,0.47817984000000185
1.7300000000000013,0.4802387100000026
1.7310000000000012,0.48219050171083117
1.732000000000001,0.48410761000000196
1.733000000000001,0.4858768300000015
1.7340000000000013,0.4875737400000019
1.7350000000000012,0.4890479400000015
1.736000000000001,0.4903769736396374
1.737000000000001,0.49151337000000095
1.7380000000000013,0.4923698900000009
1.7390000000000012,0.49322283000000067
1.740000000000001,0.49383038000000096
1.741000000000001,0.49465710732726814
1.7420000000000013,0.4954055800000014
1.7430000000000012,0.4964632100000013
1.744000000000001,0.4976438300000017
1.745000000000001,0.4991383900000016
1.7460000000000013,0.5009226815708452
1.7470000000000012,0.502806130000003
1.748000000000001,0.5050377800000018
1.749000000000001,0.507093130000002
1.7500000000000013,0.5093071500000025
1.7510000000000012,0.5111653800000024
1.7520000000000011,0.5129658000000018
1.753000000000001,0.514385040000001
1.7540000000000013,0.5154878279982016
1.7550000000000012,0.5164678100000009
1.7560000000000011,0.5171285900000008
1.757000000000001,0.5178194000000008
1.7580000000000013,0.5185195800000011
1.7590000000000012,0.5193206439156095
1.7600000000000011,0.5202598000000014
1.761000000000001,0.5214488500000014
1.7620000000000013,0.5227879900000024
1.7630000000000012,0.524359820000002
1.7640000000000011,0.5261285931226897
1.765000000000001,0.5280880300000024
1.7660000000000013,0.5301571500000029
1.7670000000000012,0.5323062500000029
1.7680000000000011,0.5344752100000023
1.769000000000001,0.5366168258384184
1.7700000000000014,0.5387281800000028
1.7710000000000012,0.5407977700000026
1.7720000000000011,0.5428282600000025
1.773000000000001,0.5447793000000019
1.7740000000000014,0.5467301000000026
1.7750000000000012,0.5486574800000026
1.7760000000000011,0.5505719200000021
1.777000000000001,0.552505490000002
1.7780000000000014,0.5543504400000024
1.7790000000000012,0.5562019300000018
1.7800000000000011,0.5579060300000018
1.781000000000001,0.5595368700000016
1.7820000000000014,0.5609920720407977
1.7830000000000013,0.5623124800000013
1.7840000000000011,0.5634865200000011
1.785000000000001,0.564490380000001
1.7860000000000014,0.5653772400000009
1.7870000000000013,0.5660849885441464
1.7880000000000011,0.5667704300000006
1.789000000000001,0.5672763000000006
1.7900000000000014,0.5679032800000008
1.7910000000000013,0.568472800000001
1.7920000000000011,0.5692214251374871
1.793000000000001,0.5700343800000008
1.7940000000000014,0.5710122600000015
1.7950000000000013,0.5721347900000017
1.7960000000000012,0.5733846400000016
1.797000000000001,0.5747613723267687
1.7980000000000014,0.576242800000002
1.7990000000000013,0.5777729700000018
1.8000000000000012,0.5793657900000018
1.801000000000001,0.5809905500000018
1.8020000000000014,0.5826000000000026
1.8030000000000013,0.5842368000000018
1.8040000000000012,0.5858818900000018
1.805000000000001,0.5875033496710343
1.8060000000000014,0.5891000600000021
1.8070000000000013,0.590659380000002
1.8080000000000012,0.5921585600000016
1.809000000000001,0.5935523500000011
1.8100000000000014,0.5948538203829633
1.8110000000000013,0.5960576500000014
1.8120000000000012,0.5971224900000011
1.813000000000001,0.5979924800000007
1.8140000000000014,0.5986802000000008
1.8150000000000013,0.5992234956704336
1.8160000000000012,0.5995364800000004
1.817000000000001,0.5997867
1.8180000000000014,0.59990758
1.8190000000000013,0.5999453699999999
1.8200000000000012,0.5998361209249075
1.821000000000001,0.5997208399999998
1.8220000000000014,0.5994945199999997
1.8230000000000013,0.5993116499999998
1.8240000000000012,0.5991077399999998
1.825000000000001,0.5989395999999998
1.8260000000000014,0.5987778299999997
1.8270000000000013,0.5986340599999999
1.8280000000000012,0.5985146105829416
1.829000000000001,0.5984204399999999
1.8300000000000014,0.5983378299999998
1.8310000000000013,0.59825504
1.8320000000000012,0.5982343000000001
1.833000000000001,0.5982549135336466
1.8340000000000014,0.5981902499999999
1.8350000000000013,0.5980949399999997
1.8360000000000012,0.5979209499999997
1.837000000000001,0.5976907599999997
1.8380000000000014,0.5974326358124185
1.8390000000000013,0.5971500299999996
1.8400000000000012,0.5967856599999997
1.841000000000001,0.5964941399999997
1.8420000000000014,0.5961688199999997
1.8430000000000013,0.5959366232196778
1.8440000000000012,0.5957621899999997
1.845000000000001,0.5956086499999999
1.8460000000000014,0.5954989799999999
1.8470000000000013,0.5954262599999999
1.8480000000000012,0.59537512
1.849000000000001,0.59535623
1.8500000000000014,0.59531492
1.8510000000000013,0.5953150399999999
1.8520000000000012,0.5952577599999999
1.853000000000001,0.5952083499999999
1.8540000000000014,0.5950714899999998
1.8550000000000013,0.5949160499999997
1.8560000000000012,0.5946853525607436
1.857000000000001,0.5944109599999996
1.8580000000000014,0.5940477299999993
1.8590000000000013,0.5935838799999992
1.8600000000000012,0.5930136999999992
1.861000000000001,0.5923440722647725
1.8620000000000014,0.5914667199999988
1.8630000000000013,0.590690489999999
1.8640000000000012,0.5898124599999991
1.865000000000001,0.5890288399999991
1.8660000000000014,0.5881887340105977
1.8670000000000013,0.587511659999999
1.8680000000000012,0.5867930099999994
1.869000000000001,0.5863321999999996
1.8700000000000014,0.5860472899999998
1.8710000000000013,0.5859110536236375
1.8720000000000012,0.5860040800000005
1.873000000000001,0.5863490100000003
1.8740000000000014,0.5867689300000009
1.8750000000000013,0.5874711900000008
1.8760000000000012,0.588043030000001
1.8770000000000011,0.5887754000000007
1.8780000000000014,0.5893172000000007
1.8790000000000013,0.5898473666763329
1.8800000000000012,0.5902141300000003
1.8810000000000011,0.5904697200000002
1.8820000000000014,0.5906297600000001
1.8830000000000013,0.5906676099999999
1.8840000000000012,0.5905791924187579
1.8850000000000011,0.5904033799999997
1.8860000000000015,0.5901327099999994
1.8870000000000013,0.5897496299999992
1.8880000000000012,0.5892364999999993
1.8890000000000011,0.5886658970602934
1.8900000000000015,0.5879988099999989
1.8910000000000013,0.5872538099999989
1.8920000000000012,0.5864298899999988
1.8930000000000011,0.5855225299999989
1.8940000000000015,0.5845724650064978
1.8950000000000014,0.5834916799999986
1.8960000000000012,0.5824757199999986
1.8970000000000011,0.5813801899999986
1.8980000000000015,0.5803874099999988
1.8990000000000014,0.5794376699999988
1.9000000000000012,0.5784888299999987
1.9010000000000011,0.577594339999999
1.9020000000000015,0.5766977099999986
1.9030000000000014,0.5757981499999989
1.9040000000000012,0.5749301299999992
1.9050000000000011,0.5740910799999991
1.9060000000000015,0.5733091799999988
1.9070000000000014,0.5724946746195371
1.9080000000000013,0.571740869999999
1.9090000000000011,0.570880829999999
1.9100000000000015,0.5700181099999986
1.9110000000000014,0.5690576399999987
1.9120000000000013,0.5680688067803206
1.9130000000000011,0.5669366099999986
1.9140000000000015,0.5657631799999983
1.9150000000000014,0.564407769999998
1.9160000000000013,0.5629090699999978
1.9170000000000011,0.5612746934376546
1.9180000000000015,0.5594783399999974
1.9190000000000014,0.5575482199999973
1.9200000000000013,0.5554323799999968
1.9210000000000012,0.5531393899999973
1.9220000000000015,0.5507442995090455
1.9230000000000014,0.5481830199999964
1.9240000000000013,0.545546049999997
1.9250000000000012,0.5428110399999969
1.9260000000000015,0.5399727799999955
1.9270000000000014,0.5370125199999952
1.9280000000000013,0.5339711299999965
1.9290000000000012,0.5309121599999964
1.9300000000000015,0.5277409962193738
1.9310000000000014,0.5246031899999958
1.9320000000000013,0.5214191099999957
1.9330000000000012,0.5182231099999964
1.9340000000000015,0.5150250199999956
1.9350000000000014,0.5117596721357819
1.9360000000000013,0.5084810299999956
1.9370000000000012,0.5051180699999954
1.9380000000000015,0.5017278799999954
1.9390000000000014,0.4982133499999952
1.9400000000000013,0.4946378175532401
1.9410000000000012,0.4909866499999949
1.9420000000000015,0.4871452999999938
1.9430000000000014,0.4831842199999945
1.9440000000000013,0.4790669699999943
1.9450000000000012,0.4748079858984047
1.9460000000000015,0.47038012999999285
1.9470000000000014,0.4657649099999927
1.9480000000000013,0.4610756599999946
1.9490000000000012,0.4562035499999946
1.9500000000000015,0.4513049099999923
1.9510000000000014,0.4463480999999921
1.9520000000000013,0.44126587999999306
1.9530000000000012,0.43606461028696514
1.9540000000000015,0.43076747999999165
1.9550000000000014,0.4254254699999927
1.9560000000000013,0.41995301999999274
1.9570000000000012,0.4145107899999928
1.9580000000000015,0.40909660699029204
1.9590000000000014,0.4035665099999926
1.9600000000000013,0.39800655999999246
1.9610000000000012,0.39232289999999226
1.9620000000000015,0.38650801999999085
1.9630000000000014,0.38062535826616456
1.9640000000000013,0.374618439999992
1.9650000000000012,0.36861749999999327
1.9660000000000015,0.36250069999999057
1.9670000000000014,0.35644703999999067
1.9680000000000013,0.35044369033495887
1.9690000000000012,0.3443228299999936
1.9700000000000015,0.33854311999999087
1.9710000000000014,0.3326766199999919
1.9720000000000013,0.32747560999999314
1.9730000000000012,0.32234844999999535
1.9740000000000015,0.3181238499999941
1.9750000000000014,0.3143530199999961
1.9760000000000013,0.31141653999999713
1.9770000000000012,0.30924906999999796
1.9780000000000015,0.3077005999999991
1.9790000000000014,0.30703886999999974
1.9800000000000013,0.30682641000000044
1.9810000000000012,0.30716708544845595
1.9820000000000015,0.30782157000000077
1.9830000000000014,0.3083178100000013
1.9840000000000013,0.3092674000000004
1.9850000000000012,0.3095533800000003
1.9860000000000015,0.30985077293270613
1.9870000000000014,0.3094800999999987
1.9880000000000013,0.30865939999999875
1.9890000000000012,0.307492849999998
1.9900000000000015,0.3056710399999972
1.9910000000000014,0.30383313379061816
1.9920000000000013,0.3015702699999969
1.9930000000000012,0.2992624599999975
1.9940000000000015,0.29698746999999664
1.9950000000000014,0.29484167999999783
1.9960000000000013,0.2932112330446935
1.9970000000000012,0.29170509999999883
1.9980000000000016,0.29084470999999945
1.9990000000000014,0.2904422300000001
2.0000000000000013,0.2904634500000009
2.0010000000000012,0.29113347586782734
2.0020000000000016,0.2918921541321747
2.0030000000000014,0.2932971100000015
2.0040000000000013,0.2944236493851245
2.0050000000000012,0.2957175006148784
2.0060000000000016,0.29694057000000157
2.0070000000000014,0.29781148000000107
2.0080000000000013,0.29841040025294957
2.0090000000000012,0.2985129297470507
2.0100000000000016,0.2982973499999989
2.0110000000000015,0.29766580524594893
2.0120000000000013,0.29651826475404747
2.0130000000000012,0.2952530699999977
2.0140000000000016,0.29348637613776984
2.0150000000000015,0.2918477538622251
2.0160000000000013,0.2899233399999977
2.0170000000000012,0.2881991599999977
2.0180000000000016,0.2864579383163341
2.0190000000000015,0.28484110168366084
2.0200000000000014,0.28339242999999803
2.0210000000000012,0.28192308968006236
2.0220000000000016,0.2805198903199339
2.0230000000000015,0.2790735399999978
2.0240000000000014,0.27740806290841624
2.0250000000000012,0.2756371470915798
2.0260000000000016,0.2736450099999961
2.0270000000000015,0.271417649999996
2.0280000000000014,0.2691700047645202
2.0290000000000012,0.26661970999999696
2.0300000000000016,0.2643426099999956
2.0310000000000015,0.26188654833133046
2.0320000000000014,0.25986986166866327
2.0330000000000013,0.2580756499999979
2.0340000000000016,0.2565030801169748
2.0350000000000015,0.25540424988302174
2.0360000000000014,0.2544397999999991
2.0370000000000013,0.2537597661587675
2.0380000000000016,0.2531213538412308
2.0390000000000015,0.2523941999999989
2.0400000000000014,0.25154864999999826
2.0410000000000013,0.2502731495340915
2.0420000000000016,0.2488684904659047
2.0430000000000015,0.24693844999999695
2.0440000000000014,0.2446394424705028
2.0450000000000013,0.24196414752949127
2.0460000000000016,0.23873675999999405
2.0470000000000015,0.23538981453508676
2.0480000000000014,0.23153516546490124
2.0490000000000013,0.2277709999999947
2.0500000000000016,0.223800929999993
2.0510000000000015,0.21984972512048204
2.0520000000000014,0.2160481199999951
2.0530000000000013,0.2123542999999954
2.0540000000000016,0.20891008695460372
2.0550000000000015,0.2055796330453859
2.0560000000000014,0.202483089999996
2.0570000000000013,0.19948999670765502
2.0580000000000016,0.19655707329233713
2.0590000000000015,0.1938353599999962
2.0600000000000014,0.19098637771645355
2.0610000000000013,0.18826354228353923
2.0620000000000016,0.18529784999999463
2.0630000000000015,0.18228229999999568
2.0640000000000014,0.1790518793021356
2.0650000000000013,0.17564490069785535
2.0660000000000016,0.17206713999999335
2.0670000000000015,0.1683214483803178
2.0680000000000014,0.16450525161967036
2.0690000000000013,0.16059587999999472
2.0700000000000016,0.15664491341930975
2.0710000000000015,0.15267910658067793
2.0720000000000014,0.1487008299999948
2.0730000000000013,0.14477690999999487
2.0740000000000016,0.14091857107988606
2.0750000000000015,0.13722936999999513
2.0760000000000014,0.1335876099999955
2.0770000000000013,0.13021189804438735
2.0780000000000016,0.12699234195560408
2.0790000000000015,0.12401361999999633
2.0800000000000014,0.12124948388321923
2.0810000000000013,0.11868831611677282
2.0820000000000016,0.11637104999999616
2.0830000000000015,0.11420494163966886
2.0840000000000014,0.11222133836032497
2.0850000000000013,0.11040977999999775
2.0860000000000016,0.1087182999999971
2.0870000000000015,0.10708920077784186
2.0880000000000014,0.10549697922215319
2.0890000000000013,0.10391189999999777
2.0900000000000016,0.10224511367326265
2.0910000000000015,0.10058184632673217
2.0920000000000014,0.0988750009999976
2.0930000000000013,0.09707365289781845
2.0940000000000016,0.09537263110217703
2.0950000000000015,0.09363172199999786
2.0960000000000014,0.09202814099999787
2.0970000000000013,0.09043924661083727
2.0980000000000016,0.08903535499999828
2.0990000000000015,0.08774076399999846
2.1000000000000014,0.08658533662637317
2.1010000000000013,0.08563160037362384
2.1020000000000016,0.08485266599999897
2.1030000000000015,0.08427608920355859
2.1040000000000014,0.08384812479644008
2.1050000000000013,0.08356923599999981
2.1060000000000016,0.08343901308708256
2.1070000000000015,0.0834198839129174
2.1080000000000014,0.08349017100000024
2.1090000000000013,0.08366666700000036
2.1100000000000017,0.08393287503909262
2.1110000000000015,0.08421326596090825
2.1120000000000014,0.08459635800000045
2.1130000000000013,0.08492925684023238
2.1140000000000017,0.08529765915976859
2.1150000000000015,0.08558947600000041
2.1160000000000014,0.08590393088672296
2.1170000000000013,0.08608279811327761
2.1180000000000017,0.08620549700000002
2.1190000000000015,0.08622503299999984
2.1200000000000014,0.08609580806018757
2.1210000000000013,0.08585640993981167
2.1220000000000017,0.08548466099999913
2.1230000000000016,0.08500078949480007
2.1240000000000014,0.08439573750519805
2.1250000000000013,0.08372177199999897
2.1260000000000017,0.08294890679214023
2.1270000000000016,0.08211682820785719
2.1280000000000014,0.08126748399999885
2.1290000000000013,0.0804077196229745
2.1300000000000017,0.07962394937702343
2.1310000000000016,0.07884789299999878
2.1320000000000014,0.07816266999999891
2.1330000000000013,0.07754857628634208
2.1340000000000017,0.07700143971365646
2.1350000000000016,0.07651104799999928
2.1360000000000015,0.07610285023665214
2.1370000000000013,0.07577521676334685
2.1380000000000017,0.07549843899999963
2.1390000000000016,0.0752867379283141
2.1400000000000015,0.07513602107168543
2.1410000000000013,0.07506689400000001
2.1420000000000017,0.07506520300000011
2.1430000000000016,0.07512975337632495
2.1440000000000015,0.07526351662367546
2.1450000000000014,0.07541891900000025
2.1460000000000017,0.07560321232913458
2.1470000000000016,0.07585650367086622
2.1480000000000015,0.0761321710000004
2.1490000000000014,0.07643368347660505
2.1500000000000017,0.0767584495233958
2.1510000000000016,0.07705880000000057
2.1520000000000015,0.07737450300000046
2.1530000000000014,0.07763343710658972
2.1540000000000017,0.07787458600000037
2.1550000000000016,0.07808348500000029
2.1560000000000015,0.07824851589292166
2.1570000000000014,0.07839744510707881
2.1580000000000017,0.07852149000000018
2.1590000000000016,0.07862689517136587
2.1600000000000015,0.07871860882863442
2.1610000000000014,0.07877153200000005
2.1620000000000017,0.07880082408298336
2.1630000000000016,0.07877165391701656
2.1640000000000015,0.07867833999999975
2.1650000000000014,0.07849582999999967
2.1660000000000017,0.07824572847730404
2.1670000000000016,0.07794050152269501
2.1680000000000015,0.07752113799999934
2.1690000000000014,0.07702383315656798
2.1700000000000017,0.0764153988434304
2.1710000000000016,0.07569878499999858
2.1720000000000015,0.07489196370215814
2.1730000000000014,0.07400898529783911
2.1740000000000017,0.07307802099999818
2.1750000000000016,0.07205209899999822
2.1760000000000015,0.07104143906599189
2.1770000000000014,0.06994970099999866
2.1780000000000017,0.06894114599999814
2.1790000000000016,0.0678934218461293
2.1800000000000015,0.06698188315386785
2.1810000000000014,0.06609611999999902
2.1820000000000017,0.06537165610007893
2.1830000000000016,0.06471265689991904
2.1840000000000015,0.06426178699999958
2.1850000000000014,0.06395162303269335
2.1860000000000017,0.06384194996730633
2.1870000000000016,0.06393838700000047
2.1880000000000015,0.06420624300000066
2.1890000000000014,0.06470849102749535
2.1900000000000017,0.0654287659725069
2.1910000000000016,0.06638681900000208
2.1920000000000015,0.06755566827514717
2.1930000000000014,0.06891841972485706
2.1940000000000017,0.07043965200000295
2.1950000000000016,0.07209888517426796
2.1960000000000015,0.07385062782573747
2.1970000000000014,0.07570634000000256
2.1980000000000017,0.07763051200000341
2.1990000000000016,0.07955309743246
2.2000000000000015,0.08156742200000258
2.2010000000000014,0.08350454300000258
2.2020000000000017,0.0854410246835663
2.2030000000000016,0.08731786031643952
2.2040000000000015,0.0891502800000024
2.2050000000000014,0.09094907547740731
2.2060000000000017,0.09268384952259885
2.2070000000000016,0.09444982600000305
2.2080000000000015,0.09617131076435001
2.2090000000000014,0.09794895423565553
2.2100000000000017,0.09974055700000321
2.2110000000000016,0.10155675000000328
2.2120000000000015,0.10339860496401018
2.2130000000000014,0.10524824503599557
2.2140000000000017,0.10714884000000349
2.2150000000000016,0.10911813321935941
2.2160000000000015,0.1111503267806469
2.2170000000000014,0.11321162000000275
2.2180000000000017,0.11527310545091313
2.2190000000000016,0.11732761454909325
2.2200000000000015,0.11933581000000261
2.2210000000000014,0.12129177000000259
2.2220000000000018,0.12323485824717832
2.2230000000000016,0.12511733000000239
2.2240000000000015,0.12691164000000238
2.2250000000000014,0.12870178330634152
2.2260000000000018,0.13043484669366465
2.2270000000000016,0.13210416000000286
2.2280000000000015,0.1337131655618901
2.2290000000000014,0.13526878443811471
2.2300000000000018,0.1367573400000025
2.2310000000000016,0.13815936868226578
2.2320000000000015,0.13954619131773852
2.2330000000000014,0.1409125300000017
2.2340000000000018,0.14219373000000224
2.2350000000000017,0.1434596822225573
2.2360000000000015,0.1445819077774462
2.2370000000000014,0.1456006200000012
2.2380000000000018,0.14652585109078314
2.2390000000000017,0.14733675890921938
2.2400000000000015,0.1480728500000009
2.2410000000000014,0.1487311852789451
2.2420000000000018,0.14928397472105687
2.2430000000000017,0.14974913000000048
2.2440000000000015,0.15009858000000031
2.2450000000000014,0.1503273542231556
2.2460000000000018,0.1504695857768449
2.2470000000000017,0.15050804999999998
2.2480000000000016,0.1504959163417316
2.2490000000000014,0.1504593336582683
2.2500000000000018,0.15038723999999984
2.2510000000000017,0.15029039264946997
2.2520000000000016,0.1502168873505298
2.2530000000000014,0.15013512999999998
2.254000000000002,0.15012011845630888
2.2550000000000017,0.15020468154369138
2.2560000000000016,0.15042338000000074
2.2570000000000014,0.15084004000000117
2.258000000000002,0.15149005695161125
2.2590000000000017,0.15245957304839178
2.2600000000000016,0.15372761000000276
2.2610000000000015,0.15529764946910923
2.262000000000002,0.1571923405308975
2.2630000000000017,0.15934093000000443
2.2640000000000016,0.16183739167067007
2.2650000000000015,0.16445409832933805
2.266000000000002,0.16743769000000513
2.2670000000000017,0.1703229700000055
2.2680000000000016,0.17342910889322602
2.2690000000000015,0.17631804110678295
2.270000000000002,0.17920376000000482
2.2710000000000017,0.18191739067486923
2.2720000000000016,0.1845241393251389
2.2730000000000015,0.18700314000000318
2.274000000000002,0.18937346355029355
2.2750000000000017,0.19160896644971342
2.2760000000000016,0.1937099200000035
2.2770000000000015,0.19568066000000323
2.278000000000002,0.1974916589001135
2.2790000000000017,0.19921032000000283
2.2800000000000016,0.20080216000000264
2.2810000000000015,0.2022884170215979
2.282000000000002,0.20365863297840697
2.2830000000000017,0.2049368200000021
2.2840000000000016,0.20611767225055153
2.2850000000000015,0.20714017774945165
2.286000000000002,0.20803206000000135
2.2870000000000017,0.20880052198460408
2.2880000000000016,0.20942036801539785
2.2890000000000015,0.20994194000000058
2.290000000000002,0.21037087000000051
2.2910000000000017,0.2106607519726057
2.2920000000000016,0.2107804780273947
2.2930000000000015,0.21076870999999966
2.294000000000002,0.21052145800739802
2.2950000000000017,0.210201531992601
2.2960000000000016,0.20978497999999926
2.2970000000000015,0.20935786134673
2.298000000000002,0.2089713286532686
2.2990000000000017,0.20870926999999992
2.3000000000000016,0.20865934000000033
2.3010000000000015,0.2088443914948508
2.302000000000002,0.20940870000000145
2.3030000000000017,0.21021371000000216
2.3040000000000016,0.21142480549590315
2.3050000000000015,0.21287976450410137
2.306000000000002,0.2146323600000036
2.3070000000000017,0.21665642378524624
2.3080000000000016,0.2186942762147601
2.3090000000000015,0.22099698000000279
2.310000000000002,0.22308754624475455
2.3110000000000017,0.22524999375525315
2.3120000000000016,0.2271453000000032
2.3130000000000015,0.22893651000000212
2.314000000000002,0.23051876171465935
2.3150000000000017,0.2319359082853457
2.3160000000000016,0.2331603900000018
2.3170000000000015,0.23417020644671205
2.318000000000002,0.23503467355329102
2.3190000000000017,0.235680740000001
2.3200000000000016,0.23624314222155637
2.3210000000000015,0.23666535777844494
2.322000000000002,0.2369521300000003
2.3230000000000017,0.23710139000000002
2.3240000000000016,0.237122194617538
2.3250000000000015,0.23696836999999973
2.326000000000002,0.23677020999999937
2.3270000000000017,0.23640496935412872
2.3280000000000016,0.23609851064587037
2.3290000000000015,0.23565387999999962
2.330000000000002,0.23535341102179505
2.3310000000000017,0.2350636289782038
2.3320000000000016,0.23490555999999993
2.3330000000000015,0.2348534269486104
2.334000000000002,0.23492291305138988
2.3350000000000017,0.2351225600000005
2.3360000000000016,0.23540156000000076
2.3370000000000015,0.23583090148670333
2.338000000000002,0.23624576851329815
2.3390000000000017,0.2367164800000009
2.3400000000000016,0.2372137470715866
2.3410000000000015,0.23778446292841518
2.342000000000002,0.2383599000000011
2.3430000000000017,0.23896523485303045
2.3440000000000016,0.23961376514697158
2.3450000000000015,0.24019375000000104
2.346000000000002,0.24096052000000157
2.3470000000000018,0.24183342971303032
2.3480000000000016,0.24283056000000147
2.3490000000000015,0.24394165000000168
2.350000000000002,0.24520161476604957
2.3510000000000018,0.2465492752339558
2.3520000000000016,0.24806567000000307
2.3530000000000015,0.24980247104579378
2.354000000000002,0.25161292895421267
2.3550000000000018,0.2536414900000035
2.3560000000000016,0.25561476334733396
2.3570000000000015,0.25774823665267266
2.358000000000002,0.25968447000000355
2.3590000000000018,0.26168945000000293
2.3600000000000017,0.26336056787942663
2.3610000000000015,0.2649393621205782
2.362000000000002,0.26609388000000156
2.3630000000000018,0.26698280057988466
2.3640000000000017,0.2673885994201166
2.3650000000000015,0.26740884999999937
2.366000000000002,0.2669440375274924
2.3670000000000018,0.26591931247250356
2.3680000000000017,0.2645924399999975
2.3690000000000015,0.2627031199999973
2.370000000000002,0.2606809300059937
2.3710000000000018,0.25818098999399636
2.3720000000000017,0.25577038999999513
2.3730000000000016,0.2530092860777805
2.374000000000002,0.2505700639222108
2.3750000000000018,0.24796993999999645
2.3760000000000017,0.24596774472605162
2.3770000000000016,0.2440150052739423
2.378000000000002,0.24297712999999904
2.379000000000002,0.24243430202059657
2.3800000000000017,0.24285450797940475
2.3810000000000016,0.2442609700000036
2.382000000000002,0.24629185000000686
2.383000000000002,0.24937487914817585
2.3840000000000017,0.25276636085183474
2.3850000000000016,0.2571842400000074
2.386000000000002,0.2613401440092081
2.387000000000002,0.2661802359908112
2.3880000000000017,0.2703682500000073
2.3890000000000016,0.2744791994341188
2.390000000000002,0.27797354056589363
2.391000000000002,0.2810085400000045
2.3920000000000017,0.28357977000000356
2.3930000000000016,0.28559441320136236
2.394000000000002,0.28722642679864346
2.395000000000002,0.28833210000000137
2.3960000000000017,0.2891157878834238
2.3970000000000016,0.28939462211657707
2.398000000000002,0.28940808999999923
2.399000000000002,0.2889726487922406
2.4000000000000017,0.28836057120775754
2.4010000000000016,0.287379119999998
2.4020000000000015,0.28625741999999743
2.403000000000002,0.2848171540265945
2.4040000000000017,0.2833882599999971
2.4050000000000016,0.2817625399999972
2.406000000000002,0.28015847748749917
2.407000000000002,0.27853335251249434
2.4080000000000017,0.2768322799999967
2.4090000000000016,0.27499139405518613
2.4100000000000015,0.2732319459448084
2.411000000000002,0.27142983999999687
2.4120000000000017,0.2696839775054963
2.4130000000000016,0.2680590324944987
2.414000000000002,0.26632347999999695
2.415000000000002,0.26461821999999674
2.4160000000000017,0.2627622091841601
2.4170000000000016,0.26085405081583396
2.4180000000000015,0.25874265999999707
2.419000000000002,0.25651901635772456
2.4200000000000017,0.25408259364226793
2.4210000000000016,0.25146665999999496
2.422000000000002,0.24860835920915156
2.423000000000002,0.2454004507908356
2.4240000000000017,0.24228886999999388
2.4250000000000016,0.23885757999999463
2.4260000000000015,0.2358251232456709
2.427000000000002,0.23279262999999556
2.4280000000000017,0.2302951099999959
2.4290000000000016,0.22798431092981147
2.430000000000002,0.22639360907018288
2.431000000000002,0.22540480999999898
2.4320000000000017,0.22481946503999226
2.4330000000000016,0.22496986496000823
2.4340000000000015,0.2251114100000009
2.435000000000002,0.22577086489902076
2.4360000000000017,0.22611985510098048
2.4370000000000016,0.2266660800000002
2.438000000000002,0.22677552999999984
2.439000000000002,0.2266883602449505
2.4400000000000017,0.22639080975504844
2.4410000000000016,0.22582736999999867
2.4420000000000015,0.2250796353439297
2.443000000000002,0.22413307465606697
2.4440000000000017,0.22282754999999746
2.4450000000000016,0.2213890114317111
2.446000000000002,0.21980332856828325
2.447000000000002,0.21811475999999705
2.4480000000000017,0.21646579999999702
2.4490000000000016,0.21479157495750126
2.4500000000000015,0.21294114999999744
2.451000000000002,0.21101863999999665
2.4520000000000017,0.20913468637772117
2.4530000000000016,0.2070984636222725
2.454000000000002,0.2050168699999966
2.455000000000002,0.2031030771895581
2.4560000000000017,0.20117497281043417
2.4570000000000016,0.19919475999999656
2.4580000000000015,0.19725901499199863
2.459000000000002,0.1954089350079948
2.4600000000000017,0.1935035099999968
2.4610000000000016,0.19170054999999722
2.462000000000002,0.19014285080383575
2.463000000000002,0.18845088919615746
2.4640000000000017,0.18668157999999702
2.4650000000000016,0.1849879869076157
2.4660000000000015,0.18325706309237894
2.467000000000002,0.18157518999999717
2.4680000000000017,0.17998331491301472
2.4690000000000016,0.17833244508698015
2.470000000000002,0.17673058999999697
2.471000000000002,0.17502495999999676
2.4720000000000018,0.17319563828716852
2.4730000000000016,0.17147850999999767
2.4740000000000015,0.16972673999999766
2.475000000000002,0.1679836028484269
2.4760000000000018,0.16631208715156645
2.4770000000000016,0.16468116999999716
2.478000000000002,0.16308698098180036
2.479000000000002,0.16149679901819328
2.4800000000000018,0.15997667999999748
2.4810000000000016,0.15856030412517277
2.4820000000000015,0.157201555874823
2.483000000000002,0.1557199399999976
2.4840000000000018,0.15436374999999752
2.4850000000000017,0.15296677608877976
2.486000000000002,0.15142766391121476
2.487000000000002,0.15018088999999793
2.4880000000000018,0.14901679963107184
2.4890000000000017,0.14781311036892442
2.4900000000000015,0.1465084699999988
2.491000000000002,0.14560374839431905
2.4920000000000018,0.1445876916056769
2.4930000000000017,0.1432749299999988
2.494000000000002,0.14237389999999822
2.495000000000002,0.14136930148770066
2.4960000000000018,0.14048417851229583
2.4970000000000017,0.1403635299999993
2.4980000000000016,0.13997135781143685
2.499000000000002,0.13944947218856127
2.5000000000000018,0.13898194
2.5010000000000017,0.13898194
2.502000000000002,0.13898194
2.503000000000002,0.13898194
2.504000000000002,0.13898194
2.5050000000000017,0.13898194
2.5060000000000016,0.13898194
2.507000000000002,0.13898194
2.508000000000002,0.13898194
2.5090000000000017,0.13898194
2.510000000000002,0.13898194
2.511000000000002,0.13898194
2.512000000000002,0.13898194
2.5130000000000017,0.13898194
2.5140000000000016,0.13898194
2.515000000000002,0.13898194
2.516000000000002,0.13898194
2.5170000000000017,0.13898194
2.518000000000002,0.13898194
2.519000000000002,0.13898194
2.520000000000002,0.13898194
2.5210000000000017,0.13898194
2.5220000000000016,0.13898194
2.523000000000002,0.13898194
2.524000000000002,0.13898194
2.5250000000000017,0.13898194
2.526000000000002,0.13898194
2.527000000000002,0.13898194
2.528000000000002,0.13898194
2.5290000000000017,0.13898194
2.5300000000000016,0.13898194
2.531000000000002,0.13898194
2.532000000000002,0.13898194
2.5330000000000017,0.13898194
2.534000000000002,0.13898194
2.535000000000002,0.13898194
2.536000000000002,0.13898194
2.5370000000000017,0.13898194
2.5380000000000016,0.13898194
2.539000000000002,0.13898194
2.540000000000002,0.13898194
2.5410000000000017,0.13898194
2.542000000000002,0.13898194
2.543000000000002,0.13898194
2.544000000000002,0.13898194
2.5450000000000017,0.13898194
2.5460000000000016,0.13898194
2.547000000000002,0.13898194
2.548000000000002,0.13898194
2.5490000000000017,0.13898194
2.550000000000002,0.13898194
2.551000000000002,0.13898194
2.552000000000002,0.13898194
2.5530000000000017,0.13898194
2.5540000000000016,0.13898194
2.555000000000002,0.13898194
2.556000000000002,0.13898194
2.5570000000000017,0.13898194
2.558000000000002,0.13898194
2.559000000000002,0.13898194
2.560000000000002,0.13898194
2.5610000000000017,0.13898194
2.5620000000000016,0.13898194
2.563000000000002,0.13898194
2.564000000000002,0.13898194
2.5650000000000017,0.13898194
2.566000000000002,0.13898194
2.567000000000002,0.13898194
2.568000000000002,0.13898194
2.5690000000000017,0.13898194
2.5700000000000016,0.13898194
2.571000000000002,0.13898194
2.572000000000002,0.13898194
2.5730000000000017,0.13898194
2.574000000000002,0.13898194
2.575000000000002,0.13898194
2.576000000000002,0.13898194
2.5770000000000017,0.13898194
2.5780000000000016,0.13898194
2.579000000000002,0.13898194
2.580000000000002,0.13898194
2.5810000000000017,0.13898194
2.582000000000002,0.13898194
2.583000000000002,0.13898194
2.584000000000002,0.13898194
2.5850000000000017,0.13898194
2.5860000000000016,0.13898194
2.587000000000002,0.13898194
2.588000000000002,0.13898194
2.5890000000000017,0.13898194
2.590000000000002,0.13898194
2.591000000000002,0.13898194
2.592000000000002,0.13898194
2.5930000000000017,0.13898194
2.5940000000000016,0.13898194
2.595000000000002,0.13898194
2.596000000000002,0.13898194
2.5970000000000018,0.13898194
2.598000000000002,0.13898194
2.599000000000002,0.13898194
