wave,r
0.4,1.0148
0.401,1.0148
0.402,1.0148
0.403,1.0148
0.404,1.0148
0.405,1.0148
0.406,1.0148
0.40700000000000003,1.0148
0.40800000000000003,1.0148
0.40900000000000003,1.0148
0.41000000000000003,1.0148
0.41100000000000003,1.0148
0.41200000000000003,1.0148
0.41300000000000003,1.0148
0.41400000000000003,1.0148
0.41500000000000004,1.0148
0.41600000000000004,1.0148
0.41700000000000004,1.0148
0.41800000000000004,1.0148
0.41900000000000004,1.0148
0.42000000000000004,1.0148
0.42100000000000004,1.0148
0.42200000000000004,1.0148
0.42300000000000004,1.0148
0.42400000000000004,1.0148
0.42500000000000004,1.0148
0.42600000000000005,1.0148
0.42700000000000005,1.0148
0.42800000000000005,1.0148
0.42900000000000005,1.0148
0.43000000000000005,1.0148
0.43100000000000005,1.0148
0.43200000000000005,1.0148
0.43300000000000005,1.0148
0.43400000000000005,1.0148
0.43500000000000005,1.0148
0.43600000000000005,1.0148
0.43700000000000006,1.0149218
0.43800000000000006,1.0150618
0.43900000000000006,1.0152018
0.44000000000000006,1.0153418
0.44100000000000006,1.0154818
0.44200000000000006,1.0156218000000001
0.44300000000000006,1.015698632872504
0.44400000000000006,1.015667910906298
0.44500000000000006,1.0156371889400924
0.44600000000000006,1.0156064669738865
0.44700000000000006,1.0155757450076806
0.44800000000000006,1.0155450230414749
0.44900000000000007,1.015514301075269
0.45000000000000007,1.0153274153846155
0.45100000000000007,1.0151151076923077
0.45200000000000007,1.0149028
0.45300000000000007,1.0146904923076923
0.45400000000000007,1.0144781846153845
0.45500000000000007,1.0142658769230768
0.45600000000000007,1.0142146082949308
0.4570000000000001,1.0144496313364055
0.4580000000000001,1.0146846543778802
0.4590000000000001,1.014919677419355
0.4600000000000001,1.0151547004608295
0.4610000000000001,1.0153897235023042
0.4620000000000001,1.0156247465437789
0.4630000000000001,1.015779
0.4640000000000001,1.015919
0.4650000000000001,1.016059
0.4660000000000001,1.016199
0.4670000000000001,1.0163389999999999
0.4680000000000001,1.016479
0.4690000000000001,1.0166678494623655
0.4700000000000001,1.0169474193548387
0.4710000000000001,1.0172269892473118
0.4720000000000001,1.017506559139785
0.4730000000000001,1.017786129032258
0.4740000000000001,1.0180656989247312
0.4750000000000001,1.0183452688172043
0.4760000000000001,1.0186493548387097
0.4770000000000001,1.0189581105990784
0.4780000000000001,1.0192668663594469
0.4790000000000001,1.0195756221198156
0.4800000000000001,1.0198843778801843
0.4810000000000001,1.020193133640553
0.4820000000000001,1.0203862923076923
0.4830000000000001,1.0203447538461539
0.4840000000000001,1.0203032153846154
0.4850000000000001,1.0202616769230768
0.4860000000000001,1.0202201384615384
0.4870000000000001,1.0201786
0.4880000000000001,1.0201370615384615
0.4890000000000001,1.0203148694316437
0.4900000000000001,1.020537603686636
0.4910000000000001,1.0207603379416283
0.4920000000000001,1.0209830721966207
0.4930000000000001,1.021205806451613
0.4940000000000001,1.0214285407066053
0.4950000000000001,1.0216660215053763
0.4960000000000001,1.0219348387096774
0.4970000000000001,1.0222036559139784
0.4980000000000001,1.0224724731182795
0.4990000000000001,1.0227412903225805
0.5000000000000001,1.0230101075268816
0.5010000000000001,1.0232789247311826
0.5020000000000001,1.0233013824884791
0.5030000000000001,1.0232660522273425
0.5040000000000001,1.0232307219662058
0.5050000000000001,1.023195391705069
0.5060000000000001,1.0231600614439322
0.5070000000000001,1.0231247311827956
0.5080000000000001,1.0232557603686636
0.5090000000000001,1.0237749615975422
0.5100000000000001,1.0242941628264208
0.5110000000000001,1.0248133640552994
0.5120000000000001,1.025332565284178
0.5130000000000001,1.0258517665130567
0.5140000000000001,1.0263709677419353
0.5150000000000001,1.0270042396313364
0.5160000000000001,1.0276678341013825
0.5170000000000001,1.0283314285714285
0.5180000000000001,1.0289950230414746
0.5190000000000001,1.0296586175115208
0.5200000000000001,1.030322211981567
0.5210000000000001,1.0306941935483869
0.5220000000000001,1.0303163133640552
0.5230000000000001,1.0299384331797234
0.5240000000000001,1.0295605529953917
0.5250000000000001,1.0291826728110598
0.5260000000000001,1.028804792626728
0.5270000000000001,1.0284269124423964
0.5280000000000001,1.0287007526881722
0.5290000000000001,1.029169262672811
0.5300000000000001,1.0296377726574502
0.5310000000000001,1.0301062826420893
0.5320000000000001,1.0305747926267281
0.5330000000000001,1.0310433026113672
0.5340000000000001,1.031371628264209
0.5350000000000001,1.0313009677419356
0.5360000000000001,1.031230307219662
0.5370000000000001,1.0311596466973887
0.5380000000000001,1.0310889861751151
0.5390000000000001,1.0310183256528418
0.5400000000000001,1.0309476651305682
0.5410000000000001,1.0311776958525345
0.5420000000000001,1.0315079569892474
0.5430000000000001,1.03183821812596
0.5440000000000002,1.0321684792626729
0.5450000000000002,1.0324987403993855
0.5460000000000002,1.0328290015360984
0.5470000000000002,1.0330811059907834
0.5480000000000002,1.0330857142857144
0.5490000000000002,1.0330903225806451
0.5500000000000002,1.0330949308755761
0.5510000000000002,1.033099539170507
0.5520000000000002,1.0331041474654377
0.5530000000000002,1.0331087557603686
0.5540000000000002,1.0333892165898617
0.5550000000000002,1.0337717050691244
0.5560000000000002,1.0341541935483871
0.5570000000000002,1.0345366820276498
0.5580000000000002,1.0349191705069125
0.5590000000000002,1.0353016589861752
0.5600000000000002,1.0356615053763443
0.5610000000000002,1.0359410752688174
0.5620000000000002,1.0362206451612903
0.5630000000000002,1.0365002150537634
0.5640000000000002,1.0367797849462366
0.5650000000000002,1.0370593548387097
0.5660000000000002,1.0373389247311828
0.5670000000000002,1.0375038496932516
0.5680000000000002,1.0376219478527609
0.5690000000000002,1.0377400460122699
0.5700000000000002,1.0378581441717791
0.5710000000000002,1.0379762423312884
0.5720000000000002,1.0380943404907974
0.5730000000000002,1.0381809523809524
0.5740000000000002,1.0381333333333334
0.5750000000000002,1.0380857142857143
0.5760000000000002,1.0380380952380952
0.5770000000000002,1.0379904761904761
0.5780000000000002,1.037942857142857
0.5790000000000002,1.037895238095238
0.5800000000000002,1.0380137019969278
0.5810000000000002,1.0382103225806452
0.5820000000000002,1.0384069431643626
0.5830000000000002,1.03860356374808
0.5840000000000002,1.0388001843317973
0.5850000000000002,1.0389968049155147
0.5860000000000002,1.0391404447852761
0.5870000000000002,1.0390254141104296
0.5880000000000002,1.0389103834355828
0.5890000000000002,1.0387953527607363
0.5900000000000002,1.0386803220858896
0.5910000000000002,1.038565291411043
0.5920000000000002,1.0384502607361963
0.5930000000000002,1.0385807373271891
0.5940000000000002,1.0388434101382489
0.5950000000000002,1.0391060829493088
0.5960000000000002,1.0393687557603688
0.5970000000000002,1.0396314285714288
0.5980000000000002,1.0398941013824887
0.5990000000000002,1.0401440490797549
0.6000000000000002,1.040315828220859
0.6010000000000002,1.0404876073619633
0.6020000000000002,1.0406593865030676
0.6030000000000002,1.0408311656441718
0.6040000000000002,1.041002944785276
0.6050000000000002,1.0411747239263804
0.6060000000000002,1.0410771428571428
0.6070000000000002,1.0408144700460829
0.6080000000000002,1.040551797235023
0.6090000000000002,1.040289124423963
0.6100000000000002,1.040026451612903
0.6110000000000002,1.039763778801843
0.6120000000000002,1.0395794325153374
0.6130000000000002,1.0400288190184048
0.6140000000000002,1.0404782055214723
0.6150000000000002,1.0409275920245398
0.6160000000000002,1.0413769785276075
0.6170000000000002,1.041826365030675
0.6180000000000002,1.0422757515337424
0.6190000000000002,1.0424645314900154
0.6200000000000002,1.0424722119815668
0.6210000000000002,1.0424798924731182
0.6220000000000002,1.0424875729646697
0.6230000000000002,1.0424952534562213
0.6240000000000002,1.0425029339477727
0.6250000000000002,1.0424906134969325
0.6260000000000002,1.042248282208589
0.6270000000000002,1.0420059509202453
0.6280000000000002,1.0417636196319018
0.6290000000000002,1.0415212883435583
0.6300000000000002,1.0412789570552146
0.6310000000000002,1.041036625766871
0.6320000000000002,1.040974591002045
0.6330000000000002,1.041054217791411
0.6340000000000002,1.041133844580777
0.6350000000000002,1.041213471370143
0.6360000000000002,1.0412930981595092
0.6370000000000002,1.0413727249488751
0.6380000000000002,1.0414523517382412
0.6390000000000002,1.0415319785276074
0.6400000000000002,1.0416116053169733
0.6410000000000002,1.0416912321063394
0.6420000000000002,1.0417708588957055
0.6430000000000002,1.0418504856850714
0.6440000000000002,1.0419301124744376
0.6450000000000002,1.0420097392638037
0.6460000000000002,1.0420893660531696
0.6470000000000002,1.0421689928425357
0.6480000000000002,1.0422486196319019
0.6490000000000002,1.0423282464212678
0.6500000000000002,1.0424078732106339
0.6510000000000002,1.0424875
0.6520000000000002,1.0425671267893661
0.6530000000000002,1.042646753578732
0.6540000000000002,1.0427263803680982
0.6550000000000002,1.0428060071574643
0.6560000000000002,1.0428856339468302
0.6570000000000003,1.0429652607361963
0.6580000000000003,1.0430448875255625
0.6590000000000003,1.0431245143149284
0.6600000000000003,1.0432041411042945
0.6610000000000003,1.0432837678936606
0.6620000000000003,1.0433633946830265
0.6630000000000003,1.0434430214723927
0.6640000000000003,1.0435226482617588
0.6650000000000003,1.0436022750511247
0.6660000000000003,1.0436819018404908
0.6670000000000003,1.043761528629857
0.6680000000000003,1.0438411554192228
0.6690000000000003,1.043920782208589
0.6700000000000003,1.044000408997955
0.6710000000000003,1.044080035787321
0.6720000000000003,1.0441596625766871
0.6730000000000003,1.0442392893660533
0.6740000000000003,1.0443189161554192
0.6750000000000003,1.0443985429447853
0.6760000000000003,1.0444781697341514
0.6770000000000003,1.0445577965235173
0.6780000000000003,1.0446374233128835
0.6790000000000003,1.0447170501022496
0.6800000000000003,1.0447966768916155
0.6810000000000003,1.0448763036809816
0.6820000000000003,1.0449559304703477
0.6830000000000003,1.0450355572597136
0.6840000000000003,1.0451151840490798
0.6850000000000003,1.045194810838446
0.6860000000000003,1.045274437627812
0.6870000000000003,1.045354064417178
0.6880000000000003,1.045433691206544
0.6890000000000003,1.0455133179959102
0.6900000000000003,1.045592944785276
0.6910000000000003,1.0456725715746422
0.6920000000000003,1.0457521983640083
0.6930000000000003,1.0458318251533743
0.6940000000000003,1.0459114519427404
0.6950000000000003,1.0459910787321065
0.6960000000000003,1.0460707055214724
0.6970000000000003,1.0461503323108385
0.6980000000000003,1.0462299591002047
0.6990000000000003,1.0463095858895706
0.7000000000000003,1.0463892126789367
0.7010000000000003,1.0464688394683028
0.7020000000000003,1.0465484662576687
0.7030000000000003,1.0466280930470349
0.7040000000000003,1.046707719836401
0.7050000000000003,1.046787346625767
0.7060000000000003,1.046866973415133
0.7070000000000003,1.0469466002044991
0.7080000000000003,1.047026226993865
0.7090000000000003,1.0471058537832312
0.7100000000000003,1.047003926380368
0.7110000000000003,1.0465161963190184
0.7120000000000003,1.0460284662576687
0.7130000000000003,1.045540736196319
0.7140000000000003,1.0450530061349692
0.7150000000000003,1.0445652760736195
0.7160000000000003,1.0440775460122698
0.7170000000000003,1.04378
0.7180000000000003,1.0435299999999998
0.7190000000000003,1.04328
0.7200000000000003,1.04303
0.7210000000000003,1.04278
0.7220000000000003,1.04253
0.7230000000000003,1.0424494793261871
0.7240000000000003,1.0428047626339971
0.7250000000000003,1.0431600459418071
0.7260000000000003,1.0435153292496173
0.7270000000000003,1.0438706125574273
0.7280000000000003,1.0442258958652375
0.7290000000000003,1.0445811791730475
0.7300000000000003,1.0445618711656441
0.7310000000000003,1.0444176993865029
0.7320000000000003,1.0442735276073618
0.7330000000000003,1.0441293558282208
0.7340000000000003,1.0439851840490795
0.7350000000000003,1.0438410122699384
0.7360000000000003,1.0437705053598774
0.7370000000000003,1.0439466156202144
0.7380000000000003,1.0441227258805512
0.7390000000000003,1.0442988361408883
0.7400000000000003,1.044474946401225
0.7410000000000003,1.044651056661562
0.7420000000000003,1.044827166921899
0.7430000000000003,1.0449207975460124
0.7440000000000003,1.0449790797546012
0.7450000000000003,1.0450373619631903
0.7460000000000003,1.0450956441717791
0.7470000000000003,1.0451539263803682
0.7480000000000003,1.0452122085889572
0.7490000000000003,1.0452663399693722
0.7500000000000003,1.0453015620214396
0.7510000000000003,1.045336784073507
0.7520000000000003,1.0453720061255742
0.7530000000000003,1.0454072281776416
0.7540000000000003,1.045442450229709
0.7550000000000003,1.0454776722817765
0.7560000000000003,1.045566763803681
0.7570000000000003,1.0456848619631902
0.7580000000000003,1.0458029601226995
0.7590000000000003,1.0459210582822087
0.7600000000000003,1.0460391564417177
0.7610000000000003,1.046157254601227
0.7620000000000003,1.0462307350689126
0.7630000000000003,1.046005620214395
0.7640000000000003,1.0457805053598774
0.7650000000000003,1.0455553905053596
0.7660000000000003,1.045330275650842
0.7670000000000003,1.0451051607963244
0.7680000000000003,1.0448800459418068
0.7690000000000003,1.0449105521472393
0.7700000000000004,1.045111472392638
0.7710000000000004,1.0453123926380368
0.7720000000000004,1.0455133128834355
0.7730000000000004,1.0457142331288345
0.7740000000000004,1.0459151533742332
0.7750000000000004,1.0461009800918837
0.7760000000000004,1.0461132312404289
0.7770000000000004,1.0461254823889738
0.7780000000000004,1.046137733537519
0.7790000000000004,1.0461499846860642
0.7800000000000004,1.0461622358346094
0.7810000000000004,1.0461744869831546
0.7820000000000004,1.0463594027565084
0.7830000000000004,1.0466855895865237
0.7840000000000004,1.0470117764165392
0.7850000000000004,1.0473379632465545
0.7860000000000004,1.0476641500765698
0.7870000000000004,1.047990336906585
0.7880000000000004,1.0483120826952528
0.7890000000000004,1.0484162174578868
0.7900000000000004,1.0485203522205206
0.7910000000000004,1.0486244869831547
0.7920000000000004,1.0487286217457887
0.7930000000000004,1.0488327565084226
0.7940000000000004,1.0489368912710566
0.7950000000000004,1.0490807963246553
0.7960000000000004,1.0492660949464012
0.7970000000000004,1.049451393568147
0.7980000000000004,1.0496366921898928
0.7990000000000004,1.0498219908116386
0.8000000000000004,1.0500072894333845
0.8010000000000004,1.0501925880551302
0.8020000000000004,1.0500630674846625
0.8030000000000004,1.0499204294478528
0.8040000000000004,1.0497777914110429
0.8050000000000004,1.0496351533742332
0.8060000000000004,1.0494925153374233
0.8070000000000004,1.0493498773006136
0.8080000000000004,1.0493420980091885
0.8090000000000004,1.0495059571209804
0.8100000000000004,1.049669816232772
0.8110000000000004,1.0498336753445636
0.8120000000000004,1.0499975344563555
0.8130000000000004,1.050161393568147
0.8140000000000004,1.050325252679939
0.8150000000000004,1.0501908882082696
0.8160000000000004,1.0500270290964777
0.8170000000000004,1.049863169984686
0.8180000000000004,1.0496993108728945
0.8190000000000004,1.0495354517611026
0.8200000000000004,1.049371592649311
0.8210000000000004,1.0494119908116388
0.8220000000000004,1.0497856508422667
0.8230000000000004,1.0501593108728946
0.8240000000000004,1.0505329709035225
0.8250000000000004,1.0509066309341504
0.8260000000000004,1.0512802909647783
0.8270000000000004,1.0516539509954062
0.8280000000000004,1.051660535987749
0.8290000000000004,1.0516023430321593
0.8300000000000004,1.0515441500765697
0.8310000000000004,1.05148595712098
0.8320000000000004,1.0514277641653904
0.8330000000000004,1.0513695712098008
0.8340000000000004,1.0512761773700303
0.8350000000000004,1.051107981651376
0.8360000000000004,1.0509397859327216
0.8370000000000004,1.050771590214067
0.8380000000000004,1.0506033944954127
0.8390000000000004,1.0504351987767584
0.8400000000000004,1.0502670030581038
0.8410000000000004,1.050423506891271
0.8420000000000004,1.0506715926493109
0.8430000000000004,1.0509196784073507
0.8440000000000004,1.0511677641653905
0.8450000000000004,1.0514158499234303
0.8460000000000004,1.05166393568147
0.8470000000000004,1.0518067381316998
0.8480000000000004,1.051633690658499
0.8490000000000004,1.0514606431852986
0.8500000000000004,1.051287595712098
0.8510000000000004,1.0511145482388973
0.8520000000000004,1.0509415007656968
0.8530000000000004,1.0507684532924961
0.8540000000000004,1.0509405206738134
0.8550000000000004,1.0512467993874428
0.8560000000000004,1.0515530781010722
0.8570000000000004,1.0518593568147017
0.8580000000000004,1.052165635528331
0.8590000000000004,1.0524719142419603
0.8600000000000004,1.052708943338438
0.8610000000000004,1.0526507503828484
0.8620000000000004,1.0525925574272588
0.8630000000000004,1.0525343644716694
0.8640000000000004,1.0524761715160798
0.8650000000000004,1.0524179785604901
0.8660000000000004,1.0523597856049005
0.8670000000000004,1.0522421100917432
0.8680000000000004,1.0520937920489297
0.8690000000000004,1.0519454740061163
0.8700000000000004,1.0517971559633028
0.8710000000000004,1.0516488379204894
0.8720000000000004,1.051500519877676
0.8730000000000004,1.0514043644716695
0.8740000000000004,1.0516907350689129
0.8750000000000004,1.0519771056661564
0.8760000000000004,1.0522634762633998
0.8770000000000004,1.0525498468606433
0.8780000000000004,1.0528362174578867
0.8790000000000004,1.0531225880551303
0.8800000000000004,1.0532048165137613
0.8810000000000004,1.0531451834862384
0.8820000000000005,1.0530855504587155
0.8830000000000005,1.0530259174311927
0.8840000000000005,1.0529662844036698
0.8850000000000005,1.052906651376147
0.8860000000000005,1.0528495405819296
0.8870000000000005,1.0528403522205207
0.8880000000000005,1.052831163859112
0.8890000000000005,1.0528219754977028
0.8900000000000005,1.052812787136294
0.8910000000000005,1.0528035987748852
0.8920000000000005,1.052794410413476
0.8930000000000005,1.052785229357798
0.8940000000000005,1.0527760550458714
0.8950000000000005,1.0527668807339448
0.8960000000000005,1.0527577064220182
0.8970000000000005,1.0527485321100916
0.8980000000000005,1.052739357798165
0.8990000000000005,1.0527301834862384
0.9000000000000005,1.0527465084226646
0.9010000000000005,1.052763353751914
0.9020000000000005,1.0527801990811638
0.9030000000000005,1.0527970444104136
0.9040000000000005,1.052813889739663
0.9050000000000005,1.0528307350689128
0.9060000000000005,1.0530003211009176
0.9070000000000005,1.0533565902140676
0.9080000000000005,1.0537128593272174
0.9090000000000005,1.0540691284403672
0.9100000000000005,1.0544253975535172
0.9110000000000005,1.054781666666667
0.9120000000000005,1.055137935779817
0.9130000000000005,1.054967932618683
0.9140000000000005,1.0547458805513017
0.9150000000000005,1.0545238284839205
0.9160000000000005,1.054301776416539
0.9170000000000005,1.0540797243491578
0.9180000000000005,1.0538576722817763
0.9190000000000005,1.0537130275229358
0.9200000000000005,1.0536946788990826
0.9210000000000005,1.0536763302752294
0.9220000000000005,1.0536579816513763
0.9230000000000005,1.053639633027523
0.9240000000000005,1.0536212844036699
0.9250000000000005,1.0536029357798167
0.9260000000000005,1.0539056880733948
0.9270000000000005,1.0542696024464835
0.9280000000000005,1.054633516819572
0.9290000000000005,1.0549974311926607
0.9300000000000005,1.0553613455657493
0.9310000000000005,1.055725259938838
0.9320000000000005,1.055967614678899
0.9330000000000005,1.0559263302752293
0.9340000000000005,1.0558850458715596
0.9350000000000005,1.0558437614678897
0.9360000000000005,1.05580247706422
0.9370000000000005,1.0557611926605504
0.9380000000000005,1.0557199082568807
0.9390000000000005,1.0555656814701377
0.9400000000000005,1.0553757886676876
0.9410000000000005,1.0551858958652371
0.9420000000000005,1.054996003062787
0.9430000000000005,1.0548061102603368
0.9440000000000005,1.0546162174578866
0.9450000000000005,1.054502003058104
0.9460000000000005,1.054641146788991
0.9470000000000005,1.0547802905198778
0.9480000000000005,1.0549194342507646
0.9490000000000005,1.0550585779816515
0.9500000000000005,1.0551977217125383
0.9510000000000005,1.0553368654434252
0.9520000000000005,1.0551679357798163
0.9530000000000005,1.054860596330275
0.9540000000000005,1.0545532568807339
0.9550000000000005,1.0542459174311927
0.9560000000000005,1.0539385779816512
0.9570000000000005,1.05363123853211
0.9580000000000005,1.053356009174312
0.9590000000000005,1.0532627370030583
0.9600000000000005,1.0531694648318044
0.9610000000000005,1.0530761926605505
0.9620000000000005,1.0529829204892966
0.9630000000000005,1.052889648318043
0.9640000000000005,1.0527963761467891
0.9650000000000005,1.0530286238532114
0.9660000000000005,1.0534689908256885
0.9670000000000005,1.0539093577981655
0.9680000000000005,1.0543497247706424
0.9690000000000005,1.0547900917431194
0.9700000000000005,1.0552304587155965
0.9710000000000005,1.0556523088685015
0.9720000000000005,1.0558281498470947
0.9730000000000005,1.056003990825688
0.9740000000000005,1.0561798318042814
0.9750000000000005,1.0563556727828747
0.9760000000000005,1.056531513761468
0.9770000000000005,1.0567073547400612
0.9780000000000005,1.0565217584097857
0.9790000000000005,1.0560156422018345
0.9800000000000005,1.0555095259938834
0.9810000000000005,1.0550034097859324
0.9820000000000005,1.0544972935779813
0.9830000000000005,1.0539911773700303
0.9840000000000005,1.0534850611620792
0.9850000000000005,1.0533770642201834
0.9860000000000005,1.0532730886850152
0.9870000000000005,1.053169113149847
0.9880000000000005,1.053065137614679
0.9890000000000005,1.0529611620795105
0.9900000000000005,1.0528571865443423
0.9910000000000005,1.052811679389313
0.9920000000000005,1.0528376335877863
0.9930000000000005,1.0528635877862595
0.9940000000000005,1.0528895419847328
0.9950000000000006,1.0529154961832061
0.9960000000000006,1.0529414503816796
0.9970000000000006,1.052967404580153
0.9980000000000006,1.0530484403669726
0.9990000000000006,1.0531355963302753
1.0000000000000004,1.0532227522935782
1.0010000000000006,1.0533099082568809
1.0020000000000007,1.0533970642201835
1.0030000000000006,1.0534842201834862
1.0040000000000004,1.0535955963302752
1.0050000000000006,1.0537500305810399
1.0060000000000007,1.0539044648318043
1.0070000000000006,1.054058899082569
1.0080000000000005,1.0542133333333334
1.0090000000000006,1.0543677675840981
1.0100000000000007,1.0545222018348626
1.0110000000000006,1.0544999405726634
1.0120000000000005,1.0544388924905457
1.0130000000000006,1.054377844408428
1.0140000000000007,1.05431679632631
1.0150000000000006,1.0542557482441923
1.0160000000000005,1.0541947001620746
1.0170000000000006,1.054133652079957
1.0180000000000007,1.054072603997839
1.0190000000000006,1.0540115559157213
1.0200000000000005,1.0539505078336036
1.0210000000000006,1.0538894597514856
1.0220000000000007,1.053828411669368
1.0230000000000006,1.0537673635872502
1.0240000000000005,1.0537063155051323
1.0250000000000006,1.0536452674230146
1.0260000000000007,1.0535842193408969
1.0270000000000006,1.053523171258779
1.0280000000000005,1.0534621231766612
1.0290000000000006,1.0534010750945435
1.0300000000000007,1.0533400270124258
1.0310000000000006,1.0532789789303079
1.0320000000000005,1.0532179308481902
1.0330000000000006,1.0531568827660724
1.0340000000000007,1.0530958346839545
1.0350000000000006,1.0530347866018368
1.0360000000000005,1.052973738519719
1.0370000000000006,1.0529126904376012
1.0380000000000007,1.0528516423554835
1.0390000000000006,1.0527905942733657
1.0400000000000005,1.0527295461912478
1.0410000000000006,1.05266849810913
1.0420000000000007,1.0526074500270124
1.0430000000000006,1.0525464019448947
1.0440000000000005,1.0524853538627768
1.0450000000000006,1.052424305780659
1.0460000000000007,1.0523632576985413
1.0470000000000006,1.0523022096164234
1.0480000000000005,1.0522680152671755
1.0490000000000006,1.052240534351145
1.0500000000000007,1.0522130534351144
1.0510000000000006,1.052185572519084
1.0520000000000005,1.0521580916030535
1.0530000000000006,1.052130610687023
1.0540000000000007,1.052164580152672
1.0550000000000006,1.052382900763359
1.0560000000000005,1.0526012213740459
1.0570000000000006,1.052819541984733
1.0580000000000007,1.05303786259542
1.0590000000000006,1.053256183206107
1.0600000000000005,1.0534745038167939
1.0610000000000006,1.0535421374045801
1.0620000000000007,1.0535451908396947
1.0630000000000006,1.0535482442748092
1.0640000000000005,1.0535512977099237
1.0650000000000006,1.0535543511450383
1.0660000000000007,1.0535574045801528
1.0670000000000006,1.0536034451219514
1.0680000000000005,1.0538930792682928
1.0690000000000006,1.0541827134146344
1.0700000000000007,1.0544723475609759
1.0710000000000006,1.0547619817073173
1.0720000000000005,1.0550516158536587
1.0730000000000006,1.0553412500000003
1.0740000000000007,1.0554257709923665
1.0750000000000006,1.0553677557251908
1.0760000000000005,1.0553097404580152
1.0770000000000006,1.0552517251908398
1.0780000000000007,1.0551937099236641
1.0790000000000006,1.0551356946564885
1.0800000000000005,1.055083358778626
1.0810000000000006,1.0551673282442748
1.0820000000000007,1.0552512977099238
1.0830000000000006,1.0553352671755725
1.0840000000000005,1.0554192366412214
1.0850000000000006,1.05550320610687
1.0860000000000007,1.055587175572519
1.0870000000000006,1.055439527439024
1.0880000000000005,1.055050807926829
1.0890000000000006,1.0546620884146338
1.0900000000000007,1.0542733689024386
1.0910000000000006,1.0538846493902436
1.0920000000000005,1.0534959298780486
1.0930000000000006,1.0531072103658534
1.0940000000000007,1.0535457099236645
1.0950000000000006,1.054046473282443
1.0960000000000005,1.0545472366412216
1.0970000000000006,1.0550480000000002
1.0980000000000008,1.055548763358779
1.0990000000000006,1.0560495267175576
1.1000000000000005,1.056350717557252
1.1010000000000006,1.056326290076336
1.1020000000000008,1.05630186259542
1.1030000000000006,1.056277435114504
1.1040000000000005,1.0562530076335879
1.1050000000000006,1.0562285801526718
1.1060000000000008,1.0562041526717558
1.1070000000000007,1.0563746036585366
1.1080000000000005,1.0565849695121952
1.1090000000000007,1.0567953353658537
1.1100000000000008,1.0570057012195124
1.1110000000000007,1.057216067073171
1.1120000000000005,1.0574264329268293
1.1130000000000007,1.0575771145038166
1.1140000000000008,1.057566427480916
1.1150000000000007,1.0575557404580151
1.1160000000000005,1.0575450534351145
1.1170000000000007,1.0575343664122137
1.1180000000000008,1.057523679389313
1.1190000000000007,1.0575129923664122
1.1200000000000006,1.057628536585366
1.1210000000000007,1.0577931707317074
1.1220000000000008,1.057957804878049
1.1230000000000007,1.0581224390243904
1.1240000000000006,1.0582870731707317
1.1250000000000007,1.0584517073170732
1.1260000000000008,1.0585579999999997
1.1270000000000007,1.0583579999999997
1.1280000000000006,1.058158
1.1290000000000007,1.0579579999999997
1.1300000000000008,1.0577579999999998
1.1310000000000007,1.0575579999999998
1.1320000000000006,1.0573579999999998
1.1330000000000007,1.0574576067073171
1.1340000000000008,1.0577487652439026
1.1350000000000007,1.058039923780488
1.1360000000000006,1.0583310823170733
1.1370000000000007,1.0586222408536587
1.1380000000000008,1.058913399390244
1.1390000000000007,1.0591820731707315
1.1400000000000006,1.0590235365853655
1.1410000000000007,1.0588649999999997
1.1420000000000008,1.058706463414634
1.1430000000000007,1.0585479268292681
1.1440000000000006,1.0583893902439023
1.1450000000000007,1.0582308536585363
1.1460000000000008,1.058165709923664
1.1470000000000007,1.0581977709923664
1.1480000000000006,1.0582298320610686
1.1490000000000007,1.058261893129771
1.1500000000000008,1.0582939541984733
1.1510000000000007,1.0583260152671756
1.1520000000000006,1.0583580763358778
1.1530000000000007,1.058524786585366
1.1540000000000008,1.0587000914634148
1.1550000000000007,1.0588753963414634
1.1560000000000006,1.0590507012195123
1.1570000000000007,1.0592260060975611
1.1580000000000008,1.0594013109756097
1.1590000000000007,1.05962006097561
1.1600000000000006,1.0599096951219513
1.1610000000000007,1.060199329268293
1.1620000000000008,1.0604889634146344
1.1630000000000007,1.0607785975609758
1.1640000000000006,1.0610682317073172
1.1650000000000007,1.0613578658536587
1.1660000000000008,1.0614062442748091
1.1670000000000007,1.0614016641221373
1.1680000000000006,1.0613970839694655
1.1690000000000007,1.061392503816794
1.1700000000000008,1.0613879236641222
1.1710000000000007,1.0613833435114504
1.1720000000000006,1.0614116920731709
1.1730000000000007,1.0615290701219513
1.1740000000000008,1.0616464481707317
1.1750000000000007,1.0617638262195122
1.1760000000000006,1.0618812042682928
1.1770000000000007,1.0619985823170732
1.1780000000000008,1.0621159603658537
1.1790000000000007,1.0621673170731707
1.1800000000000006,1.0621917073170732
1.1810000000000007,1.0622160975609756
1.1820000000000008,1.0622404878048781
1.1830000000000007,1.0622648780487804
1.1840000000000006,1.062289268292683
1.1850000000000007,1.0623612195121954
1.1860000000000008,1.0627026829268296
1.1870000000000007,1.0630441463414637
1.1880000000000006,1.0633856097560979
1.1890000000000007,1.063727073170732
1.1900000000000008,1.0640685365853662
1.1910000000000007,1.0644100000000003
1.1920000000000006,1.0645068292682927
1.1930000000000007,1.0644336585365854
1.1940000000000008,1.064360487804878
1.1950000000000007,1.0642873170731708
1.1960000000000006,1.0642141463414634
1.1970000000000007,1.0641409756097562
1.1980000000000008,1.064074024390244
1.1990000000000007,1.0642081707317075
1.2000000000000006,1.064342317073171
1.2010000000000007,1.0644764634146344
1.2020000000000008,1.0646106097560977
1.2030000000000007,1.0647447560975611
1.2040000000000006,1.0648789024390246
1.2050000000000007,1.065005167682927
1.2060000000000008,1.0651225457317075
1.2070000000000007,1.065239923780488
1.2080000000000006,1.0653573018292684
1.2090000000000007,1.065474679878049
1.2100000000000009,1.0655920579268294
1.2110000000000007,1.0657094359756099
1.2120000000000006,1.0657574542682926
1.2130000000000007,1.065798612804878
1.2140000000000009,1.0658397713414633
1.2150000000000007,1.0658809298780487
1.2160000000000006,1.065922088414634
1.2170000000000007,1.0659632469512195
1.2180000000000009,1.0659958689024391
1.2190000000000007,1.066012637195122
1.2200000000000006,1.066029405487805
1.2210000000000008,1.0660461737804878
1.2220000000000009,1.0660629420731709
1.2230000000000008,1.0660797103658537
1.2240000000000006,1.0660964786585367
1.2250000000000008,1.0661289024390244
1.2260000000000009,1.066165487804878
1.2270000000000008,1.0662020731707318
1.2280000000000006,1.0662386585365855
1.2290000000000008,1.0662752439024392
1.2300000000000009,1.0663118292682927
1.2310000000000008,1.0663596341463415
1.2320000000000007,1.066445
1.2330000000000008,1.0665303658536587
1.2340000000000009,1.0666157317073173
1.2350000000000008,1.0667010975609756
1.2360000000000007,1.0667864634146342
1.2370000000000008,1.0668718292682928
1.2380000000000009,1.0670072408536586
1.2390000000000008,1.0671673018292684
1.2400000000000007,1.067327362804878
1.2410000000000008,1.0674874237804879
1.2420000000000009,1.0676474847560977
1.2430000000000008,1.0678075457317073
1.2440000000000007,1.0679721341463415
1.2450000000000008,1.0681733536585367
1.2460000000000009,1.068374573170732
1.2470000000000008,1.0685757926829271
1.2480000000000007,1.0687770121951221
1.2490000000000008,1.0689782317073173
1.2500000000000009,1.0691794512195125
1.2510000000000008,1.069143399390244
1.2520000000000007,1.0689132164634145
1.2530000000000008,1.0686830335365853
1.254000000000001,1.068452850609756
1.2550000000000008,1.0682226676829267
1.2560000000000007,1.0679924847560975
1.2570000000000008,1.0677623018292681
1.258000000000001,1.0679395884146343
1.2590000000000008,1.0681209908536586
1.2600000000000007,1.0683023932926832
1.2610000000000008,1.0684837957317075
1.262000000000001,1.068665198170732
1.2630000000000008,1.0688466006097563
1.2640000000000007,1.0690305022831053
1.2650000000000008,1.0692177168949772
1.266000000000001,1.0694049315068495
1.2670000000000008,1.0695921461187217
1.2680000000000007,1.0697793607305937
1.2690000000000008,1.0699665753424659
1.270000000000001,1.070153789954338
1.2710000000000008,1.0702049085365852
1.2720000000000007,1.0702338719512194
1.2730000000000008,1.0702628353658536
1.274000000000001,1.0702917987804879
1.2750000000000008,1.070320762195122
1.2760000000000007,1.070349725609756
1.2770000000000008,1.0704024695121952
1.278000000000001,1.0705107012195123
1.2790000000000008,1.0706189329268294
1.2800000000000007,1.0707271646341465
1.2810000000000008,1.0708353963414636
1.282000000000001,1.0709436280487805
1.2830000000000008,1.0710518597560976
1.2840000000000007,1.0711318112633181
1.2850000000000008,1.0712018264840184
1.286000000000001,1.0712718417047185
1.2870000000000008,1.0713418569254185
1.2880000000000007,1.0714118721461188
1.2890000000000008,1.0714818873668188
1.290000000000001,1.0715436280487804
1.2910000000000008,1.0715649695121952
1.2920000000000007,1.0715863109756096
1.2930000000000008,1.0716076524390243
1.294000000000001,1.071628993902439
1.2950000000000008,1.0716503353658537
1.2960000000000007,1.0716716768292682
1.2970000000000008,1.0717237042682928
1.298000000000001,1.0717953506097562
1.2990000000000008,1.0718669969512196
1.3000000000000007,1.071938643292683
1.3010000000000008,1.0720102896341464
1.302000000000001,1.0720819359756097
1.3030000000000008,1.0721596651445968
1.3040000000000007,1.0723529680365298
1.3050000000000008,1.0725462709284628
1.306000000000001,1.072739573820396
1.3070000000000008,1.072932876712329
1.3080000000000007,1.073126179604262
1.3090000000000008,1.073319482496195
1.310000000000001,1.0734507317073172
1.3110000000000008,1.073514756097561
1.3120000000000007,1.073578780487805
1.3130000000000008,1.0736428048780489
1.314000000000001,1.0737068292682928
1.3150000000000008,1.0737708536585366
1.3160000000000007,1.0738348780487805
1.3170000000000008,1.0737741856925418
1.318000000000001,1.0737026484018264
1.3190000000000008,1.073631111111111
1.3200000000000007,1.0735595738203958
1.3210000000000008,1.0734880365296804
1.322000000000001,1.073416499238965
1.3230000000000008,1.0734388262195125
1.3240000000000007,1.0736354725609758
1.3250000000000008,1.0738321189024393
1.326000000000001,1.0740287652439027
1.3270000000000008,1.074225411585366
1.3280000000000007,1.0744220579268293
1.3290000000000008,1.0746187042682929
1.330000000000001,1.0746912633181127
1.3310000000000008,1.0747308371385085
1.3320000000000007,1.0747704109589042
1.3330000000000009,1.0748099847793
1.334000000000001,1.0748495585996958
1.3350000000000009,1.0748891324200915
1.3360000000000007,1.0748821036585365
1.3370000000000009,1.0747098475609755
1.338000000000001,1.0745375914634145
1.3390000000000009,1.0743653353658535
1.3400000000000007,1.0741930792682925
1.3410000000000009,1.0740208231707316
1.342000000000001,1.0738485670731706
1.3430000000000009,1.0739055251141554
1.3440000000000007,1.0740805631659058
1.3450000000000009,1.0742556012176563
1.346000000000001,1.0744306392694065
1.3470000000000009,1.074605677321157
1.3480000000000008,1.0747807153729072
1.3490000000000009,1.074949589041096
1.350000000000001,1.0750561339421614
1.3510000000000009,1.075162678843227
1.3520000000000008,1.0752692237442922
1.3530000000000009,1.0753757686453578
1.354000000000001,1.075482313546423
1.3550000000000009,1.0755888584474886
1.3560000000000008,1.0756985692541856
1.3570000000000009,1.0758112024353121
1.358000000000001,1.0759238356164385
1.3590000000000009,1.0760364687975648
1.3600000000000008,1.076149101978691
1.3610000000000009,1.0762617351598174
1.362000000000001,1.0763743683409437
1.3630000000000009,1.0766348780487807
1.3640000000000008,1.0769031707317074
1.3650000000000009,1.0771714634146343
1.366000000000001,1.077439756097561
1.3670000000000009,1.077708048780488
1.3680000000000008,1.0779763414634147
1.3690000000000009,1.0780373059360728
1.370000000000001,1.0777739878234396
1.3710000000000009,1.0775106697108063
1.3720000000000008,1.0772473515981733
1.3730000000000009,1.07698403348554
1.374000000000001,1.0767207153729068
1.3750000000000009,1.0764573972602738
1.3760000000000008,1.0763987671232877
1.377000000000001,1.0763850684931509
1.378000000000001,1.0763713698630137
1.379000000000001,1.0763576712328768
1.3800000000000008,1.07634397260274
1.381000000000001,1.0763302739726028
1.382000000000001,1.0759946575342454
1.383000000000001,1.0746932876712318
1.3840000000000008,1.0733919178082183
1.385000000000001,1.0720905479452045
1.386000000000001,1.0707891780821905
1.387000000000001,1.069487808219177
1.3880000000000008,1.0681864383561634
1.389000000000001,1.0678248554033487
1.390000000000001,1.0679055251141554
1.391000000000001,1.067986194824962
1.3920000000000008,1.0680668645357687
1.393000000000001,1.0681475342465754
1.394000000000001,1.0682282039573823
1.395000000000001,1.068298826219512
1.3960000000000008,1.068288155487805
1.397000000000001,1.0682774847560976
1.398000000000001,1.0682668140243903
1.399000000000001,1.068256143292683
1.4000000000000008,1.0682454725609756
1.4010000000000007,1.0682348018292682
1.402000000000001,1.0683438508371388
1.403000000000001,1.0685508523592087
1.4040000000000008,1.0687578538812788
1.4050000000000007,1.0689648554033486
1.406000000000001,1.0691718569254187
1.407000000000001,1.0693788584474888
1.4080000000000008,1.069585859969559
1.4090000000000007,1.0697675038051753
1.410000000000001,1.0699486301369865
1.411000000000001,1.0701297564687977
1.4120000000000008,1.070310882800609
1.4130000000000007,1.0704920091324202
1.414000000000001,1.0706731354642314
1.415000000000001,1.0708355403348553
1.4160000000000008,1.07097100456621
1.4170000000000007,1.0711064687975647
1.418000000000001,1.0712419330289196
1.419000000000001,1.071377397260274
1.4200000000000008,1.0715128614916287
1.4210000000000007,1.0716483257229834
1.422000000000001,1.0721699086757999
1.423000000000001,1.072765038051751
1.4240000000000008,1.0733601674277022
1.4250000000000007,1.0739552968036534
1.426000000000001,1.0745504261796048
1.427000000000001,1.0751455555555562
1.4280000000000008,1.0756325227963528
1.4290000000000007,1.0758270516717325
1.430000000000001,1.0760215805471127
1.431000000000001,1.0762161094224925
1.4320000000000008,1.0764106382978724
1.4330000000000007,1.0766051671732524
1.434000000000001,1.0767996960486323
1.435000000000001,1.0769314155251142
1.4360000000000008,1.0770349162861492
1.4370000000000007,1.0771384170471843
1.438000000000001,1.0772419178082193
1.439000000000001,1.0773454185692541
1.4400000000000008,1.0774489193302892
1.4410000000000007,1.0775628310502283
1.442000000000001,1.077753089802131
1.443000000000001,1.0779433485540335
1.4440000000000008,1.0781336073059362
1.4450000000000007,1.0783238660578387
1.446000000000001,1.0785141248097414
1.447000000000001,1.0787043835616439
1.4480000000000008,1.0789021765601219
1.4490000000000007,1.0791061339421615
1.450000000000001,1.079310091324201
1.451000000000001,1.0795140487062407
1.4520000000000008,1.0797180060882803
1.4530000000000007,1.0799219634703199
1.454000000000001,1.0801259208523595
1.455000000000001,1.080147899543379
1.4560000000000008,1.0801661643835616
1.4570000000000007,1.0801844292237444
1.458000000000001,1.0802026940639269
1.459000000000001,1.0802209589041096
1.4600000000000009,1.0802392237442922
1.4610000000000007,1.0803142770167429
1.462000000000001,1.0804710502283106
1.463000000000001,1.0806278234398783
1.4640000000000009,1.080784596651446
1.4650000000000007,1.0809413698630137
1.466000000000001,1.0810981430745816
1.467000000000001,1.0812549162861493
1.4680000000000009,1.0814089361702128
1.4690000000000007,1.0815624316109425
1.470000000000001,1.0817159270516719
1.471000000000001,1.0818694224924013
1.4720000000000009,1.0820229179331309
1.4730000000000008,1.0821764133738603
1.474000000000001,1.0823046423135465
1.475000000000001,1.0823609589041097
1.4760000000000009,1.0824172754946728
1.4770000000000008,1.082473592085236
1.478000000000001,1.0825299086757991
1.479000000000001,1.0825862252663623
1.4800000000000009,1.0826425418569254
1.4810000000000008,1.082835388127854
1.482000000000001,1.083089573820396
1.483000000000001,1.0833437595129378
1.4840000000000009,1.0835979452054796
1.4850000000000008,1.0838521308980216
1.486000000000001,1.0841063165905636
1.487000000000001,1.084344954407295
1.4880000000000009,1.0844695744680852
1.4890000000000008,1.0845941945288755
1.490000000000001,1.0847188145896658
1.491000000000001,1.084843434650456
1.4920000000000009,1.0849680547112464
1.4930000000000008,1.0850926747720366
1.494000000000001,1.0851442465753425
1.495000000000001,1.0851335920852359
1.4960000000000009,1.0851229375951292
1.4970000000000008,1.0851122831050228
1.498000000000001,1.0851016286149162
1.499000000000001,1.0850909741248096
1.5000000000000009,1.085080319634703
1.5010000000000008,1.0851522340425532
1.5020000000000011,1.0852267021276596
1.503000000000001,1.085301170212766
1.504000000000001,1.0853756382978725
1.5050000000000008,1.085450106382979
1.5060000000000011,1.0855245744680853
1.507000000000001,1.0856257990867584
1.508000000000001,1.085768873668189
1.5090000000000008,1.0859119482496198
1.5100000000000011,1.0860550228310506
1.511000000000001,1.0861980974124812
1.512000000000001,1.086341171993912
1.5130000000000008,1.0864842465753426
1.5140000000000011,1.0865324316109424
1.515000000000001,1.0865597872340427
1.516000000000001,1.086587142857143
1.5170000000000008,1.0866144984802433
1.5180000000000011,1.0866418541033436
1.519000000000001,1.0866692097264437
1.520000000000001,1.0866918264840182
1.5210000000000008,1.0866994368340943
1.5220000000000011,1.0867070471841704
1.523000000000001,1.0867146575342466
1.524000000000001,1.0867222678843227
1.5250000000000008,1.0867298782343988
1.5260000000000011,1.086737488584475
1.527000000000001,1.086813313069909
1.528000000000001,1.0869227355623101
1.5290000000000008,1.0870321580547113
1.5300000000000011,1.0871415805471127
1.531000000000001,1.087251003039514
1.532000000000001,1.0873604255319151
1.5330000000000008,1.0874683561643836
1.5340000000000011,1.0875612024353123
1.535000000000001,1.0876540487062407
1.536000000000001,1.0877468949771691
1.5370000000000008,1.0878397412480976
1.5380000000000011,1.087932587519026
1.539000000000001,1.0880254337899544
1.540000000000001,1.0880573556231004
1.5410000000000008,1.088033039513678
1.5420000000000011,1.0880087234042553
1.543000000000001,1.0879844072948328
1.544000000000001,1.0879600911854104
1.5450000000000008,1.0879357750759877
1.5460000000000012,1.0879114589665653
1.547000000000001,1.0881228571428574
1.548000000000001,1.0883493009118543
1.5490000000000008,1.0885757446808513
1.5500000000000012,1.0888021884498482
1.551000000000001,1.0890286322188452
1.552000000000001,1.089255075987842
1.5530000000000008,1.0893972602739725
1.5540000000000012,1.0893896499238964
1.555000000000001,1.0893820395738203
1.556000000000001,1.0893744292237442
1.5570000000000008,1.0893668188736683
1.5580000000000012,1.0893592085235921
1.559000000000001,1.089351598173516
1.560000000000001,1.0893548024316109
1.5610000000000008,1.0893608814589666
1.5620000000000012,1.089366960486322
1.563000000000001,1.0893730395136778
1.564000000000001,1.0893791185410333
1.5650000000000008,1.089385197568389
1.5660000000000012,1.089401170212766
1.567000000000001,1.0894543617021275
1.568000000000001,1.0895075531914893
1.5690000000000008,1.089560744680851
1.5700000000000012,1.0896139361702126
1.571000000000001,1.0896671276595744
1.572000000000001,1.0897203191489362
1.5730000000000008,1.0897984042553193
1.5740000000000012,1.0898911094224923
1.575000000000001,1.0899838145896656
1.576000000000001,1.090076519756839
1.5770000000000008,1.0901692249240122
1.5780000000000012,1.0902619300911855
1.579000000000001,1.0903445966514458
1.580000000000001,1.090236529680365
1.5810000000000008,1.0901284627092844
1.5820000000000012,1.0900203957382038
1.583000000000001,1.089912328767123
1.584000000000001,1.0898042617960424
1.5850000000000009,1.0896961948249617
1.5860000000000012,1.0898274772036478
1.587000000000001,1.0902180547112466
1.588000000000001,1.0906086322188453
1.5890000000000009,1.090999209726444
1.5900000000000012,1.091389787234043
1.591000000000001,1.0917803647416418
1.592000000000001,1.0921709422492405
1.5930000000000009,1.0921306686930092
1.5940000000000012,1.0920425227963526
1.595000000000001,1.091954376899696
1.596000000000001,1.0918662310030394
1.5970000000000009,1.0917780851063827
1.5980000000000012,1.0916899392097261
1.599000000000001,1.0916596656534954
1.600000000000001,1.0917523708206687
1.6010000000000009,1.091845075987842
1.6020000000000012,1.0919377811550153
1.603000000000001,1.0920304863221884
1.604000000000001,1.0921231914893617
1.6050000000000009,1.092215896656535
1.6060000000000012,1.0922703647416412
1.607000000000001,1.0923113981762917
1.608000000000001,1.0923524316109423
1.6090000000000009,1.0923934650455926
1.6100000000000012,1.0924344984802432
1.611000000000001,1.0924755319148938
1.612000000000001,1.0924693920972643
1.6130000000000009,1.092215592705167
1.6140000000000012,1.0919617933130696
1.615000000000001,1.0917079939209724
1.616000000000001,1.0914541945288752
1.6170000000000009,1.091200395136778
1.6180000000000012,1.0909465957446807
1.619000000000001,1.0909563525835868
1.620000000000001,1.0911569604863225
1.6210000000000009,1.091357568389058
1.6220000000000012,1.0915581762917936
1.623000000000001,1.091758784194529
1.624000000000001,1.0919593920972646
1.6250000000000009,1.09216
1.6260000000000012,1.0921037689969604
1.6270000000000011,1.092047537993921
1.628000000000001,1.0919913069908815
1.629000000000001,1.091935075987842
1.6300000000000012,1.0918788449848025
1.6310000000000011,1.0918226139817628
1.632000000000001,1.0918072340425533
1.633000000000001,1.0918482674772036
1.6340000000000012,1.0918893009118542
1.6350000000000011,1.0919303343465045
1.636000000000001,1.0919713677811551
1.637000000000001,1.0920124012158055
1.6380000000000012,1.092053434650456
1.6390000000000011,1.0924085106382984
1.640000000000001,1.0928234042553195
1.641000000000001,1.0932382978723407
1.6420000000000012,1.0936531914893621
1.6430000000000011,1.0940680851063833
1.644000000000001,1.0944829787234045
1.645000000000001,1.0947576110900112
1.6460000000000012,1.0946330383592857
1.6470000000000011,1.0945084656285604
1.648000000000001,1.0943838928978349
1.649000000000001,1.0942593201671096
1.6500000000000012,1.094134747436384
1.6510000000000011,1.0940101747056588
1.652000000000001,1.0938856019749335
1.653000000000001,1.093761029244208
1.6540000000000012,1.0936364565134826
1.6550000000000011,1.093511883782757
1.656000000000001,1.0933873110520318
1.657000000000001,1.0932627383213063
1.6580000000000013,1.093138165590581
1.6590000000000011,1.0930135928598554
1.660000000000001,1.0928890201291301
1.661000000000001,1.0927644473984046
1.6620000000000013,1.0926398746676793
1.6630000000000011,1.0925153019369538
1.664000000000001,1.0923907292062285
1.665000000000001,1.0922661564755032
1.6660000000000013,1.0921415837447777
1.6670000000000011,1.0920170110140524
1.668000000000001,1.0918924382833268
1.669000000000001,1.0917678655526015
1.6700000000000013,1.091643292821876
1.6710000000000012,1.0915187200911507
1.672000000000001,1.0916934597875572
1.673000000000001,1.091890728376328
1.6740000000000013,1.092087996965099
1.6750000000000012,1.0922852655538697
1.676000000000001,1.0924825341426405
1.677000000000001,1.0926798027314115
1.6780000000000013,1.0927955319148936
1.6790000000000012,1.0927529787234043
1.680000000000001,1.0927104255319149
1.681000000000001,1.0926678723404255
1.6820000000000013,1.0926253191489361
1.6830000000000012,1.0925827659574467
1.684000000000001,1.0925402127659574
1.685000000000001,1.0928245288753802
1.6860000000000013,1.0932120668693013
1.6870000000000012,1.0935996048632222
1.688000000000001,1.093987142857143
1.689000000000001,1.0943746808510642
1.6900000000000013,1.094762218844985
1.6910000000000012,1.0950843702579665
1.692000000000001,1.0951086494688922
1.693000000000001,1.0951329286798177
1.6940000000000013,1.0951572078907434
1.6950000000000012,1.0951814871016692
1.696000000000001,1.095205766312595
1.697000000000001,1.0952300455235204
1.6980000000000013,1.0953063525835867
1.6990000000000012,1.0954188145896657
1.700000000000001,1.0955312765957448
1.701000000000001,1.0956437386018238
1.7020000000000013,1.095756200607903
1.7030000000000012,1.0958686626139817
1.704000000000001,1.0959769954476477
1.705000000000001,1.0956765402124429
1.7060000000000013,1.0953760849772378
1.7070000000000012,1.095075629742033
1.708000000000001,1.0947751745068282
1.709000000000001,1.0944747192716235
1.7100000000000013,1.0941742640364185
1.7110000000000012,1.0939680851063829
1.712000000000001,1.0938920972644377
1.713000000000001,1.0938161094224923
1.7140000000000013,1.093740121580547
1.7150000000000012,1.0936641337386017
1.716000000000001,1.0935881458966563
1.717000000000001,1.0935121580547111
1.7180000000000013,1.093668254931715
1.7190000000000012,1.0938685584218515
1.720000000000001,1.094068861911988
1.721000000000001,1.0942691654021246
1.7220000000000013,1.0944694688922614
1.7230000000000012,1.094669772382398
1.724000000000001,1.0947858054711246
1.725000000000001,1.094649027355623
1.7260000000000013,1.0945122492401216
1.7270000000000012,1.0943754711246199
1.728000000000001,1.0942386930091184
1.729000000000001,1.0941019148936169
1.7300000000000013,1.0939651367781154
1.7310000000000012,1.0939433839150228
1.732000000000001,1.0939782852807285
1.733000000000001,1.094013186646434
1.7340000000000013,1.0940480880121397
1.7350000000000012,1.0940829893778452
1.736000000000001,1.094117890743551
1.737000000000001,1.0941623823975721
1.7380000000000013,1.0943171623672232
1.7390000000000012,1.0944719423368743
1.740000000000001,1.0946267223065251
1.741000000000001,1.0947815022761762
1.7420000000000013,1.0949362822458273
1.7430000000000012,1.0950910622154781
1.744000000000001,1.0950962765957444
1.745000000000001,1.0949458206686928
1.7460000000000013,1.094795364741641
1.7470000000000012,1.0946449088145895
1.748000000000001,1.0944944528875378
1.749000000000001,1.0943439969604862
1.7500000000000013,1.0941935410334345
1.7510000000000012,1.0940750531107737
1.7520000000000011,1.093959726858877
1.753000000000001,1.09384440060698
1.7540000000000013,1.0937290743550834
1.7550000000000012,1.0936137481031865
1.7560000000000011,1.0934984218512898
1.757000000000001,1.0934481638846738
1.7580000000000013,1.0935361760242794
1.7590000000000012,1.0936241881638848
1.7600000000000011,1.0937122003034903
1.761000000000001,1.0938002124430957
1.7620000000000013,1.0938882245827013
1.7630000000000012,1.0939762367223067
1.7640000000000011,1.0938990425531914
1.765000000000001,1.093760744680851
1.7660000000000013,1.0936224468085105
1.7670000000000012,1.09348414893617
1.7680000000000011,1.0933458510638296
1.769000000000001,1.093207553191489
1.7700000000000014,1.0931173141122914
1.7710000000000012,1.0932994081942338
1.7720000000000011,1.0934815022761761
1.773000000000001,1.0936635963581185
1.7740000000000014,1.0938456904400609
1.7750000000000012,1.0940277845220032
1.7760000000000011,1.0942098786039456
1.777000000000001,1.0942713050075872
1.7780000000000014,1.0942379210925646
1.7790000000000012,1.0942045371775417
1.7800000000000011,1.094171153262519
1.781000000000001,1.0941377693474963
1.7820000000000014,1.0941043854324735
1.7830000000000013,1.0940710015174506
1.7840000000000011,1.093997875569044
1.785000000000001,1.0939235204855842
1.7860000000000014,1.0938491654021243
1.7870000000000013,1.0937748103186646
1.7880000000000011,1.0937004552352048
1.789000000000001,1.093626100151745
1.7900000000000014,1.093537329286798
1.7910000000000013,1.0934250379362669
1.7920000000000011,1.0933127465857357
1.793000000000001,1.0932004552352048
1.7940000000000014,1.0930881638846737
1.7950000000000013,1.0929758725341425
1.7960000000000012,1.0928635811836114
1.797000000000001,1.092921517450683
1.7980000000000014,1.093024704097117
1.7990000000000013,1.093127890743551
1.8000000000000012,1.093231077389985
1.801000000000001,1.093334264036419
1.8020000000000014,1.093437450682853
1.8030000000000013,1.0934769044006067
1.8040000000000012,1.0932614264036418
1.805000000000001,1.0930459484066766
1.8060000000000014,1.0928304704097114
1.8070000000000013,1.0926149924127464
1.8080000000000012,1.0923995144157812
1.809000000000001,1.0921840364188162
1.8100000000000014,1.0921111077389987
1.8110000000000013,1.0921293171471929
1.8120000000000012,1.092147526555387
1.813000000000001,1.0921657359635812
1.8140000000000014,1.0921839453717754
1.8150000000000013,1.0922021547799696
1.8160000000000012,1.09222
1.817000000000001,1.09222
1.8180000000000014,1.09222
1.8190000000000013,1.09222
1.8200000000000012,1.09222
1.821000000000001,1.09222
1.8220000000000014,1.09222
1.8230000000000013,1.092112989377845
1.8240000000000012,1.091864127465857
1.825000000000001,1.0916152655538691
1.8260000000000014,1.0913664036418813
1.8270000000000013,1.0911175417298933
1.8280000000000012,1.0908686798179055
1.829000000000001,1.0906198179059177
1.8300000000000014,1.0907533535660092
1.8310000000000013,1.0909597268588773
1.8320000000000012,1.0911661001517452
1.833000000000001,1.091372473444613
1.8340000000000014,1.0915788467374812
1.8350000000000013,1.0917852200303493
1.8360000000000012,1.091903960546282
1.837000000000001,1.091759802731411
1.8380000000000014,1.09161564491654
1.8390000000000013,1.0914714871016689
1.8400000000000012,1.091327329286798
1.841000000000001,1.091183171471927
1.8420000000000014,1.0910390136570558
1.8430000000000013,1.0908698179059177
1.8440000000000012,1.0906877238239754
1.845000000000001,1.0905056297420332
1.8460000000000014,1.0903235356600907
1.8470000000000013,1.0901414415781485
1.8480000000000012,1.0899593474962062
1.849000000000001,1.089787238239757
1.8500000000000014,1.089747784522003
1.8510000000000013,1.0897083308042488
1.8520000000000012,1.0896688770864946
1.853000000000001,1.0896294233687405
1.8540000000000014,1.0895899696509863
1.8550000000000013,1.089550515933232
1.8560000000000012,1.0894856363636363
1.857000000000001,1.089393212121212
1.8580000000000014,1.0893007878787877
1.8590000000000013,1.0892083636363634
1.8600000000000012,1.0891159393939394
1.861000000000001,1.089023515151515
1.8620000000000014,1.0889310909090908
1.8630000000000013,1.088754415781487
1.8640000000000012,1.088566251896813
1.865000000000001,1.0883780880121394
1.8660000000000014,1.0881899241274655
1.8670000000000013,1.0880017602427918
1.8680000000000012,1.0878135963581181
1.869000000000001,1.087634233687405
1.8700000000000014,1.0874764188163881
1.8710000000000013,1.0873186039453715
1.8720000000000012,1.0871607890743549
1.873000000000001,1.0870029742033382
1.8740000000000014,1.0868451593323214
1.8750000000000013,1.0866873444613048
1.8760000000000012,1.0861903030303022
1.8770000000000011,1.085547878787878
1.8780000000000014,1.0849054545454537
1.8790000000000013,1.0842630303030294
1.8800000000000012,1.0836206060606053
1.8810000000000011,1.0829781818181812
1.8820000000000014,1.0823631259484061
1.8830000000000013,1.081994385432473
1.8840000000000012,1.0816256449165398
1.8850000000000011,1.0812569044006066
1.8860000000000015,1.0808881638846732
1.8870000000000013,1.08051942336874
1.8880000000000012,1.080150682852807
1.8890000000000011,1.0796519271623668
1.8900000000000015,1.079028254931714
1.8910000000000013,1.0784045827010615
1.8920000000000012,1.077780910470409
1.8930000000000011,1.0771572382397565
1.8940000000000015,1.0765335660091038
1.8950000000000014,1.0759098937784513
1.8960000000000012,1.0753358787878782
1.8970000000000011,1.074766181818181
1.8980000000000015,1.074196484848484
1.8990000000000014,1.073626787878787
1.9000000000000012,1.0730570909090902
1.9010000000000011,1.0724873939393933
1.9020000000000015,1.0720023975720785
1.9030000000000014,1.0716973899848252
1.9040000000000012,1.0713923823975717
1.9050000000000011,1.0710873748103185
1.9060000000000015,1.0707823672230647
1.9070000000000014,1.0704773596358115
1.9080000000000013,1.070172352048558
1.9090000000000011,1.0698975454545452
1.9100000000000015,1.0696339090909086
1.9110000000000014,1.0693702727272723
1.9120000000000013,1.069106636363636
1.9130000000000011,1.0688429999999995
1.9140000000000015,1.0685793636363632
1.9150000000000014,1.0683683459787559
1.9160000000000013,1.0685094688922612
1.9170000000000011,1.0686505918057665
1.9180000000000015,1.0687917147192718
1.9190000000000014,1.0689328376327771
1.9200000000000013,1.0690739605462825
1.9210000000000012,1.0692150834597878
1.9220000000000015,1.069186727272727
1.9230000000000014,1.0690139999999997
1.9240000000000013,1.0688412727272725
1.9250000000000012,1.0686685454545453
1.9260000000000015,1.0684958181818178
1.9270000000000014,1.0683230909090906
1.9280000000000013,1.0681503636363632
1.9290000000000012,1.0684866160849775
1.9300000000000015,1.068855356600911
1.9310000000000014,1.069224097116844
1.9320000000000013,1.0695928376327775
1.9330000000000012,1.0699615781487106
1.9340000000000015,1.070330318664644
1.9350000000000014,1.0705477272727273
1.9360000000000013,1.070484090909091
1.9370000000000012,1.0704204545454545
1.9380000000000015,1.0703568181818182
1.9390000000000014,1.0702931818181818
1.9400000000000013,1.0702295454545454
1.9410000000000012,1.070165909090909
1.9420000000000015,1.0699988636363633
1.9430000000000014,1.0697973484848482
1.9440000000000013,1.069595833333333
1.9450000000000012,1.069394318181818
1.9460000000000015,1.0691928030303028
1.9470000000000014,1.0689912878787877
1.9480000000000013,1.0688960242792116
1.9490000000000012,1.0694028528072843
1.9500000000000015,1.0699096813353575
1.9510000000000014,1.0704165098634302
1.9520000000000013,1.0709233383915029
1.9530000000000012,1.0714301669195756
1.9540000000000015,1.0719369954476485
1.9550000000000014,1.0719656969696965
1.9560000000000013,1.071618727272727
1.9570000000000012,1.0712717575757573
1.9580000000000015,1.0709247878787875
1.9590000000000014,1.0705778181818177
1.9600000000000013,1.0702308484848482
1.9610000000000012,1.0698838787878786
1.9620000000000015,1.0702176363636369
1.9630000000000014,1.070579757575758
1.9640000000000013,1.0709418787878793
1.9650000000000012,1.0713040000000005
1.9660000000000015,1.0716661212121217
1.9670000000000014,1.0720282424242429
1.9680000000000013,1.0721999999999998
1.9690000000000012,1.0720333333333332
1.9700000000000015,1.0718666666666665
1.9710000000000014,1.0716999999999999
1.9720000000000013,1.0715333333333332
1.9730000000000012,1.0713666666666666
1.9740000000000015,1.0712
1.9750000000000014,1.0710713333333333
1.9760000000000013,1.0709546666666665
1.9770000000000012,1.070838
1.9780000000000015,1.0707213333333332
1.9790000000000014,1.0706046666666664
1.9800000000000013,1.0704879999999999
1.9810000000000012,1.0703997116843702
1.9820000000000015,1.0704604097116843
1.9830000000000014,1.0705211077389984
1.9840000000000013,1.0705818057663126
1.9850000000000012,1.0706425037936267
1.9860000000000015,1.0707032018209408
1.9870000000000014,1.070763899848255
1.9880000000000013,1.0707615
1.9890000000000012,1.0707114999999998
1.9900000000000015,1.0706615
1.9910000000000014,1.0706114999999998
1.9920000000000013,1.0705615
1.9930000000000012,1.0705114999999998
1.9940000000000015,1.0704615
1.9950000000000014,1.0705070303030304
1.9960000000000013,1.0705555151515151
1.9970000000000012,1.070604
1.9980000000000016,1.0706524848484849
1.9990000000000014,1.0707009696969696
2.0000000000000013,1.0707494545454546
2.0010000000000012,1.070897166666667
2.0020000000000016,1.0712138333333336
2.0030000000000014,1.0715305000000004
2.0040000000000013,1.071847166666667
2.0050000000000012,1.0721638333333336
2.0060000000000016,1.0724805000000004
2.0070000000000014,1.0727971666666671
2.0080000000000013,1.0725818333333328
2.0090000000000012,1.0722075909090905
2.0100000000000016,1.071833348484848
2.0110000000000015,1.0714591060606056
2.0120000000000013,1.0710848636363632
2.0130000000000012,1.0707106212121207
2.0140000000000016,1.0704239545454548
2.0150000000000015,1.0705648636363638
2.0160000000000013,1.0707057727272729
2.0170000000000012,1.0708466818181819
2.0180000000000016,1.0709875909090911
2.0190000000000015,1.0711285000000001
2.0200000000000014,1.0712694090909092
2.0210000000000012,1.0713792272727274
2.0220000000000016,1.071465590909091
2.0230000000000015,1.0715519545454546
2.0240000000000014,1.0716383181818183
2.0250000000000012,1.071724681818182
2.0260000000000016,1.0718110454545458
2.0270000000000015,1.0718974090909092
2.0280000000000014,1.0720587272727276
2.0290000000000012,1.072222363636364
2.0300000000000016,1.0723860000000003
2.0310000000000015,1.0725496363636364
2.0320000000000014,1.0727132727272728
2.0330000000000013,1.0728769090909092
2.0340000000000016,1.0730690015128594
2.0350000000000015,1.073309546142209
2.0360000000000014,1.0735500907715585
2.0370000000000013,1.073790635400908
2.0380000000000016,1.0740311800302575
2.0390000000000015,1.074271724659607
2.0400000000000014,1.0745122692889564
2.0410000000000013,1.0745354545454546
2.0420000000000016,1.07449
2.0430000000000015,1.0744445454545455
2.0440000000000014,1.0743990909090908
2.0450000000000013,1.0743536363636363
2.0460000000000016,1.0743081818181819
2.0470000000000015,1.0742535151515151
2.0480000000000014,1.0741504848484849
2.0490000000000013,1.0740474545454546
2.0500000000000016,1.073944424242424
2.0510000000000015,1.0738413939393938
2.0520000000000014,1.0737383636363635
2.0530000000000013,1.0736353333333333
2.0540000000000016,1.0735153333333332
2.0550000000000015,1.0733819999999998
2.0560000000000014,1.0732486666666665
2.0570000000000013,1.0731153333333332
2.0580000000000016,1.0729819999999999
2.0590000000000015,1.0728486666666666
2.0600000000000014,1.0727153333333332
2.0610000000000013,1.072627090909091
2.0620000000000016,1.0725407272727272
2.0630000000000015,1.0724543636363635
2.0640000000000014,1.0723679999999998
2.0650000000000013,1.0722816363636363
2.0660000000000016,1.0721952727272726
2.0670000000000015,1.0720909833585472
2.0680000000000014,1.0719548260211798
2.0690000000000013,1.071818668683812
2.0700000000000016,1.0716825113464445
2.0710000000000015,1.0715463540090768
2.0720000000000014,1.0714101966717093
2.0730000000000013,1.0712740393343416
2.0740000000000016,1.0712252272727272
2.0750000000000015,1.0712055303030303
2.0760000000000014,1.0711858333333333
2.0770000000000013,1.0711661363636362
2.0780000000000016,1.0711464393939394
2.0790000000000015,1.0711267424242423
2.0800000000000014,1.0711454545454548
2.0810000000000013,1.0713818181818184
2.0820000000000016,1.0716181818181822
2.0830000000000015,1.0718545454545458
2.0840000000000014,1.0720909090909094
2.0850000000000013,1.072327272727273
2.0860000000000016,1.0725636363636368
2.0870000000000015,1.072653358547655
2.0880000000000014,1.0726231013615735
2.0890000000000013,1.0725928441754917
2.0900000000000016,1.07256258698941
2.0910000000000015,1.0725323298033282
2.0920000000000014,1.0725020726172465
2.0930000000000013,1.072471815431165
2.0940000000000016,1.0726181212121215
2.0950000000000015,1.0727756969696973
2.0960000000000014,1.072933272727273
2.0970000000000013,1.0730908484848487
2.0980000000000016,1.0732484242424245
2.0990000000000015,1.0734060000000003
2.1000000000000014,1.0734112405446288
2.1010000000000013,1.0731207715582447
2.1020000000000016,1.0728303025718602
2.1030000000000015,1.072539833585476
2.1040000000000014,1.0722493645990918
2.1050000000000013,1.0719588956127075
2.1060000000000016,1.0716684266263232
2.1070000000000015,1.0715678787878788
2.1080000000000014,1.0715375757575758
2.1090000000000013,1.0715072727272728
2.1100000000000017,1.0714769696969697
2.1110000000000015,1.0714466666666667
2.1120000000000014,1.0714163636363636
2.1130000000000013,1.0713780030257185
2.1140000000000017,1.0712857186081692
2.1150000000000015,1.0711934341906202
2.1160000000000014,1.071101149773071
2.1170000000000013,1.0710088653555216
2.1180000000000017,1.0709165809379726
2.1190000000000015,1.0708242965204233
2.1200000000000014,1.0708745454545456
2.1210000000000013,1.0710563636363637
2.1220000000000017,1.071238181818182
2.1230000000000016,1.0714200000000003
2.1240000000000014,1.0716018181818183
2.1250000000000013,1.0717836363636366
2.1260000000000017,1.0719654545454549
2.1270000000000016,1.0720579425113466
2.1280000000000014,1.0721426626323753
2.1290000000000013,1.0722273827534041
2.1300000000000017,1.072312102874433
2.1310000000000016,1.0723968229954615
2.1320000000000014,1.0724815431164902
2.1330000000000013,1.0724987291981845
2.1340000000000017,1.072365597579425
2.1350000000000016,1.0722324659606655
2.1360000000000015,1.072099334341906
2.1370000000000013,1.0719662027231467
2.1380000000000017,1.071833071104387
2.1390000000000016,1.0716999394856277
2.1400000000000015,1.0716387878787879
2.1410000000000013,1.0716084848484848
2.1420000000000017,1.0715781818181818
2.1430000000000016,1.0715478787878787
2.1440000000000015,1.071517575757576
2.1450000000000014,1.0714872727272728
2.1460000000000017,1.071423540090771
2.1470000000000016,1.0710589409984868
2.1480000000000015,1.0706943419062023
2.1490000000000014,1.0703297428139178
2.1500000000000017,1.0699651437216333
2.1510000000000016,1.0696005446293488
2.1520000000000015,1.0692359455370646
2.1530000000000014,1.0691382148260216
2.1540000000000017,1.0693182450832075
2.1550000000000016,1.0694982753403937
2.1560000000000015,1.0696783055975796
2.1570000000000014,1.0698583358547658
2.1580000000000017,1.0700383661119517
2.1590000000000016,1.0702183963691378
2.1600000000000015,1.0700853333333329
2.1610000000000014,1.0699095757575754
2.1620000000000017,1.069733818181818
2.1630000000000016,1.0695580606060602
2.1640000000000015,1.0693823030303027
2.1650000000000014,1.0692065454545452
2.1660000000000017,1.0690473827534037
2.1670000000000016,1.0689308925869894
2.1680000000000015,1.0688144024205748
2.1690000000000014,1.0686979122541602
2.1700000000000017,1.0685814220877456
2.1710000000000016,1.0684649319213313
2.1720000000000015,1.0683484417549167
2.1730000000000014,1.0681072768532525
2.1740000000000017,1.0678047049924353
2.1750000000000016,1.0675021331316183
2.1760000000000015,1.0671995612708016
2.1770000000000014,1.0668969894099847
2.1780000000000017,1.0665944175491675
2.1790000000000016,1.0663053706505294
2.1800000000000015,1.0662282148260211
2.1810000000000014,1.0661510590015129
2.1820000000000017,1.0660739031770046
2.1830000000000016,1.0659967473524963
2.1840000000000015,1.065919591527988
2.1850000000000014,1.0658424357034795
2.1860000000000017,1.0659395612708025
2.1870000000000016,1.0662496974281397
2.1880000000000015,1.0665598335854771
2.1890000000000014,1.0668699697428143
2.1900000000000017,1.0671801059001518
2.1910000000000016,1.0674902420574892
2.1920000000000015,1.0678003782148264
2.1930000000000014,1.0675945688350978
2.1940000000000017,1.0672904841149766
2.1950000000000016,1.0669863993948556
2.1960000000000015,1.0666823146747346
2.1970000000000014,1.0663782299546136
2.1980000000000017,1.0660741452344926
2.1990000000000016,1.0658222541603628
2.2000000000000015,1.0657450983358545
2.2010000000000014,1.0656679425113462
2.2020000000000017,1.065590786686838
2.2030000000000016,1.0655136308623296
2.2040000000000015,1.0654364750378214
2.2050000000000014,1.0653593192133128
2.2060000000000017,1.0652014977307105
2.2070000000000016,1.064994236006051
2.2080000000000015,1.0647869742813914
2.2090000000000014,1.064579712556732
2.2100000000000017,1.0643724508320722
2.2110000000000016,1.0641651891074126
2.2120000000000015,1.063955748865355
2.2130000000000014,1.063530635400907
2.2140000000000017,1.0631055219364591
2.2150000000000016,1.0626804084720114
2.2160000000000015,1.0622552950075637
2.2170000000000014,1.061830181543116
2.2180000000000017,1.061405068078668
2.2190000000000016,1.061048335854765
2.2200000000000015,1.060794175491679
2.2210000000000014,1.0605400151285926
2.2220000000000018,1.0602858547655063
2.2230000000000016,1.0600316944024202
2.2240000000000015,1.059777534039334
2.2250000000000014,1.0595233736762477
2.2260000000000018,1.0590146444780626
2.2270000000000016,1.0584382450832064
2.2280000000000015,1.0578618456883502
2.2290000000000014,1.057285446293494
2.2300000000000018,1.0567090468986373
2.2310000000000016,1.056132647503781
2.2320000000000015,1.0555576096822987
2.2330000000000014,1.054988774583963
2.2340000000000018,1.0544199394856268
2.2350000000000017,1.0538511043872911
2.2360000000000015,1.0532822692889554
2.2370000000000014,1.0527134341906195
2.2380000000000018,1.0521445990922835
2.2390000000000017,1.0519327685325266
2.2400000000000015,1.0519902571860817
2.2410000000000014,1.052047745839637
2.2420000000000018,1.0521052344931923
2.2430000000000017,1.0521627231467474
2.2440000000000015,1.0522202118003026
2.2450000000000014,1.0522777004538577
2.2460000000000018,1.0518864145234486
2.2470000000000017,1.0514764296520416
2.2480000000000016,1.0510664447806348
2.2490000000000014,1.0506564599092278
2.2500000000000018,1.0502464750378209
2.2510000000000017,1.049836490166414
2.2520000000000016,1.049525589123867
2.2530000000000014,1.0493987009063444
2.254000000000002,1.0492718126888216
2.2550000000000017,1.049144924471299
2.2560000000000016,1.0490180362537762
2.2570000000000014,1.0488911480362535
2.258000000000002,1.0487642598187308
2.2590000000000017,1.0485963691376698
2.2600000000000016,1.0484133131618756
2.2610000000000015,1.0482302571860813
2.262000000000002,1.048047201210287
2.2630000000000017,1.0478641452344928
2.2640000000000016,1.0476810892586985
2.2650000000000015,1.0474384871406948
2.266000000000002,1.0467592133131605
2.2670000000000017,1.0460799394856266
2.2680000000000016,1.0454006656580925
2.2690000000000015,1.0447213918305587
2.270000000000002,1.0440421180030244
2.2710000000000017,1.0433628441754905
2.2720000000000016,1.0426750832072604
2.2730000000000015,1.0419791679273815
2.274000000000002,1.0412832526475024
2.2750000000000017,1.0405873373676235
2.2760000000000016,1.0398914220877447
2.2770000000000015,1.0391955068078658
2.278000000000002,1.0384995915279864
2.2790000000000017,1.0374457099697865
2.2800000000000016,1.0363520543806628
2.2810000000000015,1.0352583987915391
2.282000000000002,1.034164743202415
2.2830000000000017,1.0330710876132911
2.2840000000000016,1.0319774320241675
2.2850000000000015,1.0310065809379718
2.286000000000002,1.030351512859303
2.2870000000000017,1.0296964447806343
2.2880000000000016,1.0290413767019657
2.2890000000000015,1.0283863086232972
2.290000000000002,1.0277312405446282
2.2910000000000017,1.0270761724659596
2.2920000000000016,1.0265654833836853
2.2930000000000015,1.0261259063444104
2.294000000000002,1.0256863293051353
2.2950000000000017,1.0252467522658604
2.2960000000000016,1.0248071752265855
2.2970000000000015,1.0243675981873106
2.298000000000002,1.0239085476550667
2.2990000000000017,1.0230795007564282
2.3000000000000016,1.02225045385779
2.3010000000000015,1.0214214069591516
2.302000000000002,1.020592360060513
2.3030000000000017,1.0197633131618744
2.3040000000000016,1.0189342662632361
2.3050000000000015,1.0183703021148032
2.306000000000002,1.018143716012084
2.3070000000000017,1.0179171299093652
2.3080000000000016,1.0176905438066461
2.3090000000000015,1.0174639577039273
2.310000000000002,1.0172373716012082
2.3110000000000017,1.0170107854984891
2.3120000000000016,1.0171784114977314
2.3130000000000015,1.0174325718608175
2.314000000000002,1.0176867322239038
2.3150000000000017,1.01794089258699
2.3160000000000016,1.018195052950076
2.3170000000000015,1.0184492133131624
2.318000000000002,1.0188555589123884
2.3190000000000017,1.0198344108761346
2.3200000000000016,1.0208132628398807
2.3210000000000015,1.0217921148036269
2.322000000000002,1.0227709667673734
2.3230000000000017,1.0237498187311196
2.3240000000000016,1.0247286706948657
2.3250000000000015,1.0253085173978824
2.326000000000002,1.0256110892586994
2.3270000000000017,1.0259136611195163
2.3280000000000016,1.0262162329803333
2.3290000000000015,1.02651880484115
2.330000000000002,1.0268213767019672
2.3310000000000017,1.027123948562784
2.3320000000000016,1.0279042296072518
2.3330000000000015,1.028694259818732
2.334000000000002,1.0294842900302128
2.3350000000000017,1.030274320241693
2.3360000000000016,1.0310643504531734
2.3370000000000015,1.0318543806646538
2.338000000000002,1.0325149848942605
2.3390000000000017,1.0329454984894266
2.3400000000000016,1.033376012084593
2.3410000000000015,1.033806525679759
2.342000000000002,1.0342370392749254
2.3430000000000017,1.0346675528700915
2.3440000000000016,1.0350980664652576
2.3450000000000015,1.0352637367624813
2.346000000000002,1.0353363540090772
2.3470000000000018,1.0354089712556733
2.3480000000000016,1.0354815885022695
2.3490000000000015,1.0355542057488654
2.350000000000002,1.0356268229954615
2.3510000000000018,1.0357324169184297
2.3520000000000016,1.0360587009063449
2.3530000000000015,1.0363849848942603
2.354000000000002,1.0367112688821758
2.3550000000000018,1.037037552870091
2.3560000000000016,1.0373638368580065
2.3570000000000015,1.0376901208459217
2.358000000000002,1.0378946827794562
2.3590000000000018,1.0379822960725076
2.3600000000000017,1.038069909365559
2.3610000000000015,1.0381575226586104
2.362000000000002,1.0382451359516618
2.3630000000000018,1.0383327492447132
2.3640000000000017,1.0384203625377644
2.3650000000000015,1.0383034341906199
2.366000000000002,1.038161225416036
2.3670000000000018,1.038019016641452
2.3680000000000017,1.037876807866868
2.3690000000000015,1.0377345990922842
2.370000000000002,1.0375923903177002
2.3710000000000018,1.0374540483383683
2.3720000000000017,1.0373256495468277
2.3730000000000016,1.037197250755287
2.374000000000002,1.037068851963746
2.3750000000000018,1.0369404531722053
2.3760000000000017,1.0368120543806645
2.3770000000000016,1.0366836555891237
2.378000000000002,1.0364854682779452
2.379000000000002,1.0362513293051356
2.3800000000000017,1.0360171903323259
2.3810000000000016,1.0357830513595163
2.382000000000002,1.0355489123867065
2.383000000000002,1.0353147734138968
2.3840000000000017,1.0350892749244713
2.3850000000000016,1.0350711480362538
2.386000000000002,1.0350530211480362
2.387000000000002,1.0350348942598189
2.3880000000000017,1.0350167673716013
2.3890000000000016,1.0349986404833837
2.390000000000002,1.0349805135951662
2.391000000000002,1.0349293957703927
2.3920000000000017,1.0348327190332325
2.3930000000000016,1.0347360422960725
2.394000000000002,1.0346393655589123
2.395000000000002,1.0345426888217522
2.3960000000000017,1.034446012084592
2.3970000000000016,1.0343493353474318
2.398000000000002,1.0345994864048345
2.399000000000002,1.0349363444108766
2.4000000000000017,1.035273202416919
2.4010000000000016,1.0356100604229612
2.4020000000000015,1.0359469184290033
2.403000000000002,1.0362837764350459
2.4040000000000017,1.0365790332326286
2.4050000000000016,1.0366847734138973
2.406000000000002,1.0367905135951663
2.407000000000002,1.0368962537764352
2.4080000000000017,1.0370019939577042
2.4090000000000016,1.037107734138973
2.4100000000000015,1.037213474320242
2.411000000000002,1.037358972809668
2.4120000000000017,1.0375357099697888
2.4130000000000016,1.0377124471299097
2.414000000000002,1.0378891842900306
2.415000000000002,1.0380659214501513
2.4160000000000017,1.0382426586102722
2.4170000000000016,1.038419395770393
2.4180000000000015,1.0386089123867073
2.419000000000002,1.0387992447129912
2.4200000000000017,1.0389895770392752
2.4210000000000016,1.0391799093655592
2.422000000000002,1.0393702416918433
2.423000000000002,1.0395605740181273
2.4240000000000017,1.0396363444108758
2.4250000000000016,1.0394686706948637
2.4260000000000015,1.0393009969788516
2.427000000000002,1.0391333232628395
2.4280000000000017,1.0389656495468274
2.4290000000000016,1.0387979758308152
2.430000000000002,1.0386303021148031
2.431000000000002,1.03862335347432
2.4320000000000017,1.0386852870090635
2.4330000000000016,1.0387472205438066
2.4340000000000015,1.0388091540785498
2.435000000000002,1.038871087613293
2.4360000000000017,1.038933021148036
2.4370000000000016,1.0389864954682777
2.438000000000002,1.0389426888217521
2.439000000000002,1.0388988821752263
2.4400000000000017,1.0388550755287007
2.4410000000000016,1.0388112688821751
2.4420000000000015,1.0387674622356493
2.443000000000002,1.0387236555891237
2.4440000000000017,1.0386174358974356
2.4450000000000016,1.0384379487179485
2.446000000000002,1.0382584615384611
2.447000000000002,1.038078974358974
2.4480000000000017,1.0378994871794869
2.4490000000000016,1.0377199999999995
2.4500000000000015,1.0375405128205124
2.451000000000002,1.0373482628398787
2.4520000000000017,1.0371533987915404
2.4530000000000016,1.0369585347432022
2.454000000000002,1.0367636706948637
2.455000000000002,1.0365688066465255
2.4560000000000017,1.036373942598187
2.4570000000000016,1.0362231722054382
2.4580000000000015,1.0362382779456194
2.459000000000002,1.0362533836858008
2.4600000000000017,1.036268489425982
2.4610000000000016,1.0362835951661633
2.462000000000002,1.0362987009063447
2.463000000000002,1.0363138066465258
2.4640000000000017,1.036238006042296
2.4650000000000016,1.0360990332326283
2.4660000000000015,1.0359600604229606
2.467000000000002,1.035821087613293
2.4680000000000017,1.0356821148036253
2.4690000000000016,1.0355431419939576
2.470000000000002,1.03540416918429
2.471000000000002,1.0355858069381603
2.4720000000000018,1.035777360482655
2.4730000000000016,1.0359689140271497
2.4740000000000015,1.0361604675716445
2.475000000000002,1.0363520211161392
2.4760000000000018,1.0365435746606337
2.4770000000000016,1.0367758006042302
2.478000000000002,1.0370869788519643
2.479000000000002,1.0373981570996984
2.4800000000000018,1.0377093353474327
2.4810000000000016,1.0380205135951668
2.4820000000000015,1.0383316918429009
2.483000000000002,1.038642870090635
2.4840000000000018,1.038631027190332
2.4850000000000017,1.0384935649546825
2.486000000000002,1.038356102719033
2.487000000000002,1.0382186404833833
2.4880000000000018,1.038081178247734
2.4890000000000017,1.0379437160120843
2.4900000000000015,1.0377806334841622
2.491000000000002,1.037386968325791
2.4920000000000018,1.03699330316742
2.4930000000000017,1.036599638009049
2.494000000000002,1.0362059728506778
2.495000000000002,1.035812307692307
2.4960000000000018,1.0354186425339358
2.4970000000000017,1.035197162367223
2.4980000000000016,1.0351698482549316
2.499000000000002,1.0351425341426403
2.5000000000000018,1.0351152200303488
2.5010000000000017,1.0350879059180575
2.502000000000002,1.0350605918057663
2.503000000000002,1.0350332776934748
2.504000000000002,1.0352886666666672
2.5050000000000017,1.0355826060606066
2.5060000000000016,1.035876545454546
2.507000000000002,1.0361704848484854
2.508000000000002,1.0364644242424248
2.5090000000000017,1.0367583636363642
2.510000000000002,1.036869454545454
2.511000000000002,1.036510363636363
2.512000000000002,1.0361512727272721
2.5130000000000017,1.0357921818181812
2.5140000000000016,1.0354330909090903
2.515000000000002,1.0350739999999994
2.516000000000002,1.0347149090909085
2.5170000000000017,1.0345371515151514
2.518000000000002,1.034444727272727
2.519000000000002,1.0343523030303028
2.520000000000002,1.0342598787878785
2.5210000000000017,1.0341674545454544
2.5220000000000016,1.0340750303030302
2.523000000000002,1.03400808801214
2.524000000000002,1.034234188163885
2.5250000000000017,1.0344602883156302
2.526000000000002,1.0346863884673752
2.527000000000002,1.0349124886191203
2.528000000000002,1.0351385887708653
2.5290000000000017,1.0353646889226105
2.5300000000000016,1.0353634393939388
2.531000000000002,1.03512556060606
2.532000000000002,1.0348876818181814
2.5330000000000017,1.0346498030303026
2.534000000000002,1.0344119242424237
2.535000000000002,1.034174045454545
2.536000000000002,1.0339361666666662
2.5370000000000017,1.0338614545454545
2.5380000000000016,1.033806909090909
2.539000000000002,1.0337523636363635
2.540000000000002,1.0336978181818182
2.5410000000000017,1.0336432727272726
2.542000000000002,1.033588727272727
2.543000000000002,1.0335978939393942
2.544000000000002,1.0337630454545457
2.5450000000000017,1.0339281969696972
2.5460000000000016,1.0340933484848487
2.547000000000002,1.0342585000000004
2.548000000000002,1.034423651515152
2.5490000000000017,1.0345888030303034
2.550000000000002,1.0345960909090908
2.551000000000002,1.0345324545454544
2.552000000000002,1.034468818181818
2.5530000000000017,1.0344051818181819
2.5540000000000016,1.0343415454545455
2.555000000000002,1.034277909090909
2.556000000000002,1.0342063636363634
2.5570000000000017,1.0340548484848484
2.558000000000002,1.0339033333333332
2.559000000000002,1.033751818181818
2.560000000000002,1.033600303030303
2.5610000000000017,1.0334487878787877
2.5620000000000016,1.0332972727272725
2.563000000000002,1.0331264545454542
2.564000000000002,1.032935545454545
2.5650000000000017,1.0327446363636361
2.566000000000002,1.0325537272727268
2.567000000000002,1.0323628181818179
2.568000000000002,1.0321719090909087
2.5690000000000017,1.0319809999999996
2.5700000000000016,1.03203146969697
2.571000000000002,1.0321117727272728
2.572000000000002,1.0321920757575758
2.5730000000000017,1.032272378787879
2.574000000000002,1.0323526818181818
2.575000000000002,1.032432984848485
2.576000000000002,1.0324403484848481
2.5770000000000017,1.032269136363636
2.5780000000000016,1.032097924242424
2.579000000000002,1.0319267121212117
2.580000000000002,1.0317554999999996
2.5810000000000017,1.0315842878787875
2.582000000000002,1.0314130757575755
2.583000000000002,1.0310965454545447
2.584000000000002,1.0307147272727264
2.5850000000000017,1.0303329090909084
2.5860000000000016,1.02995109090909
2.587000000000002,1.0295692727272718
2.588000000000002,1.0291874545454538
2.5890000000000017,1.028862363636364
2.590000000000002,1.029110848484849
2.591000000000002,1.0293593333333337
2.592000000000002,1.0296078181818187
2.5930000000000017,1.0298563030303034
2.5940000000000016,1.0301047878787881
2.595000000000002,1.030353272727273
2.596000000000002,1.030336187594553
2.5970000000000018,1.0300426928895607
2.598000000000002,1.0297491981845681
2.599000000000002,1.0294557034795757
