wave,r
0.4,0.05126868259916801
0.401,0.05112060148192027
0.402,0.049268793518079626
0.403,0.048969693
0.404,0.04890998159711403
0.405,0.047080651
0.406,0.04710599637967234
0.40700000000000003,0.04584396362032759
0.40800000000000003,0.04408160322578555
0.40900000000000003,0.045304181774214525
0.41000000000000003,0.04458164399999997
0.41100000000000003,0.04408233399310007
0.41200000000000003,0.044382103
0.41300000000000003,0.042649016829651706
0.41400000000000003,0.042731982000000016
0.41500000000000004,0.042921861253964834
0.41600000000000004,0.04124725774603497
0.41700000000000004,0.041312821
0.41800000000000004,0.04119612716693832
0.41900000000000004,0.040873889000000024
0.42000000000000004,0.04132568336977628
0.42100000000000004,0.040862661
0.42200000000000004,0.0404554139795204
0.42300000000000004,0.040253366020479575
0.42400000000000004,0.03930424308402833
0.42500000000000004,0.03941264591597169
0.42600000000000005,0.03945607299999995
0.42700000000000005,0.03861436469649305
0.42800000000000005,0.038884013999999974
0.42900000000000005,0.03841977510641783
0.43000000000000005,0.037630416893582076
0.43100000000000005,0.03791797197233054
0.43200000000000005,0.03761520502766943
0.43300000000000005,0.037404258
0.43400000000000005,0.0373583867074929
0.43500000000000005,0.036829136
0.43600000000000005,0.03684556719590607
0.43700000000000006,0.036665157804093906
0.43800000000000006,0.03597107126738466
0.43900000000000006,0.036297809732615365
0.44000000000000006,0.03629729199999999
0.44100000000000006,0.03600530991982078
0.44200000000000006,0.03609527599999999
0.44300000000000006,0.03581031738589228
0.44400000000000006,0.03574890661410772
0.44500000000000006,0.03593172712777744
0.44600000000000006,0.03574450487222254
0.44700000000000006,0.036043547000000016
0.44800000000000006,0.0362593768417016
0.44900000000000007,0.03607086500000002
0.45000000000000007,0.036482086177466455
0.45100000000000007,0.036599832822533554
0.45200000000000007,0.03661316740447193
0.45300000000000007,0.03705361459552812
0.45400000000000007,0.036928847
0.45500000000000007,0.03694390884938151
0.45600000000000007,0.03715434299999998
0.4570000000000001,0.03683039696336038
0.4580000000000001,0.037026733000000006
0.4590000000000001,0.037119171728595406
0.4600000000000001,0.036692031271404545
0.4610000000000001,0.03684019999999998
0.4620000000000001,0.03658318757012428
0.4630000000000001,0.03620260200000002
0.4640000000000001,0.036377085335486586
0.4650000000000001,0.03581063399999998
0.4660000000000001,0.03546651946021081
0.4670000000000001,0.03561254053978922
0.4680000000000001,0.03537388717299656
0.4690000000000001,0.035591186827003476
0.4700000000000001,0.035600944999999946
0.4710000000000001,0.03510149243130573
0.4720000000000001,0.03554462300000001
0.4730000000000001,0.03575382838444232
0.4740000000000001,0.03579227261555769
0.4750000000000001,0.03633310967896642
0.4760000000000001,0.03630100632103357
0.4770000000000001,0.03657805500000004
0.4780000000000001,0.03728169585184148
0.4790000000000001,0.03726688000000004
0.4800000000000001,0.03758064189978203
0.4810000000000001,0.03787062010021803
0.4820000000000001,0.03780761063621733
0.4830000000000001,0.03827123236378278
0.4840000000000001,0.038371316999999995
0.4850000000000001,0.03831161659700402
0.4860000000000001,0.03893426100000001
0.4870000000000001,0.039062944116827675
0.4880000000000001,0.03917462688317235
0.4890000000000001,0.039448513559308805
0.4900000000000001,0.03930444444069117
0.4910000000000001,0.03932607199999999
0.4920000000000001,0.03926542860643393
0.4930000000000001,0.038847539999999986
0.4940000000000001,0.03871801005226943
0.4950000000000001,0.038223236999999924
0.4960000000000001,0.03755594344126117
0.4970000000000001,0.037500069558738816
0.4980000000000001,0.036954339999999954
0.4990000000000001,0.03653619118148814
0.5000000000000001,0.03653378399999995
0.5010000000000001,0.03611182829411588
0.5020000000000001,0.036141244933883335
0.5030000000000001,0.03633904104407782
0.5040000000000001,0.03616210976938768
0.5050000000000001,0.036505122000000036
0.5060000000000001,0.03679706692927356
0.5070000000000001,0.03704353060608971
0.5080000000000001,0.03781884449340503
0.5090000000000001,0.03817687600000003
0.5100000000000001,0.038514236123101335
0.5110000000000001,0.039126538147354124
0.5120000000000001,0.03933390585264592
0.5130000000000001,0.039929794041040516
0.5140000000000001,0.04073596000000005
0.5150000000000001,0.04114990448365981
0.5160000000000001,0.041998268912044515
0.5170000000000001,0.04279533705863717
0.5180000000000001,0.043497100982379945
0.5190000000000001,0.04474049748869506
0.5200000000000001,0.04578936691169452
0.5210000000000001,0.046834951632458564
0.5220000000000001,0.048171368635742944
0.5230000000000001,0.049365483000000154
0.5240000000000001,0.0507707926358066
0.5250000000000001,0.05223436569209243
0.5260000000000001,0.05331897030790782
0.5270000000000001,0.05474303375929784
0.5280000000000001,0.056273818000000184
0.5290000000000001,0.05788042023446256
0.5300000000000001,0.06009215023917841
0.5310000000000001,0.0625334561738816
0.5320000000000001,0.06545088482561875
0.5330000000000001,0.0692680999178399
0.5340000000000001,0.07375990577815165
0.5350000000000001,0.07934881333277438
0.5360000000000001,0.0861306261815148
0.5370000000000001,0.09387698000000103
0.5380000000000001,0.10308960391227992
0.5390000000000001,0.11348085876976322
0.5400000000000001,0.1247731841534937
0.5410000000000001,0.13717160601556228
0.5420000000000001,0.14986962000000142
0.5430000000000001,0.16254113134383408
0.5440000000000002,0.1751083229842531
0.5450000000000002,0.18698817240342547
0.5460000000000002,0.1984072300000012
0.5470000000000002,0.20940676279932965
0.5480000000000002,0.21968669287148618
0.5490000000000002,0.2298302671285161
0.5500000000000002,0.23974003090241072
0.5510000000000002,0.24920948000000107
0.5520000000000002,0.2586159406331141
0.5530000000000002,0.26767924414939387
0.5540000000000002,0.27648422390040606
0.5550000000000002,0.2853529113131147
0.5560000000000002,0.2937464013254146
0.5570000000000002,0.3018789407105662
0.5580000000000002,0.30991446893415475
0.5590000000000002,0.31758328662386714
0.5600000000000002,0.32517853000000085
0.5610000000000002,0.3326051598770999
0.5620000000000002,0.3395928642956296
0.5630000000000002,0.34630764570437267
0.5640000000000002,0.3525788172883739
0.5650000000000002,0.35835776000000125
0.5660000000000002,0.36374018483194936
0.5670000000000002,0.368481768953053
0.5680000000000002,0.37278020403129897
0.5690000000000002,0.3768361394406951
0.5700000000000002,0.38036954334853407
0.5710000000000002,0.38370439282325947
0.5720000000000002,0.3868455557651123
0.5730000000000002,0.38960543240134854
0.5740000000000002,0.3924768000000007
0.5750000000000002,0.39536651843558485
0.5760000000000002,0.39821007897164173
0.5770000000000002,0.40115866102835956
0.5780000000000002,0.40397504183621885
0.5790000000000002,0.40674937000000067
0.5800000000000002,0.40962633270872767
0.5810000000000002,0.4122617648585575
0.5820000000000002,0.41475705009429586
0.5830000000000002,0.4171349100000005
0.5840000000000002,0.4193716543070435
0.5850000000000002,0.42180235901754964
0.5860000000000002,0.42425323647367674
0.5870000000000002,0.426565206880338
0.5880000000000002,0.4289988300000005
0.5890000000000002,0.4312226406662137
0.5900000000000002,0.4332892646083699
0.5910000000000002,0.43544287692775413
0.5920000000000002,0.4373812806160065
0.5930000000000002,0.4393862417887182
0.5940000000000002,0.4415651109975506
0.5950000000000002,0.4436149885036752
0.5960000000000002,0.4457169979597801
0.5970000000000002,0.44778958000000046
0.5980000000000002,0.4497784019237196
0.5990000000000002,0.45197077317527345
0.6000000000000002,0.4541295368247275
0.6010000000000002,0.4562584587107875
0.6020000000000002,0.4585773600000005
0.6030000000000002,0.4607469321355431
0.6040000000000002,0.46296048880696
0.6050000000000002,0.4652540541286941
0.6060000000000002,0.4671719508211085
0.6070000000000002,0.46916478044040477
0.6080000000000002,0.4712088168797564
0.6090000000000002,0.4730528046803663
0.6100000000000002,0.4749965505625116
0.6110000000000002,0.4768453500000004
0.6120000000000002,0.47853396721877245
0.6130000000000002,0.4802558433046682
0.6140000000000002,0.4819210766953326
0.6150000000000002,0.4835853733570339
0.6160000000000002,0.4852946400000004
0.6170000000000002,0.4869535641037414
0.6180000000000002,0.4886587511060452
0.6190000000000002,0.490362285929304
0.6200000000000002,0.4919343000000004
0.6210000000000002,0.4935600953241537
0.6220000000000002,0.4950925086159695
0.6230000000000002,0.4965233070760464
0.6240000000000002,0.4981150740822819
0.6250000000000002,0.49952278000000033
0.6260000000000002,0.5009215667069347
0.6270000000000002,0.502592255468127
0.6280000000000002,0.5041078596879159
0.6290000000000002,0.5057585634929351
0.6300000000000002,0.5075708000000003
0.6310000000000002,0.5092750594384285
0.6320000000000002,0.5112469808423582
0.6330000000000002,0.5134171365967665
0.6340000000000002,0.5155990100000004
0.6350000000000002,0.5177026601382019
0.6360000000000002,0.5197164811065561
0.6370000000000002,0.5217718088934448
0.6380000000000002,0.5239709980080807
0.6390000000000002,0.5259751100000004
0.6400000000000002,0.528049972172144
0.6410000000000002,0.5302671811549428
0.6420000000000002,0.5323056792300389
0.6430000000000002,0.5344394786619873
0.6440000000000002,0.5365433297251978
0.6450000000000002,0.538515853488826
0.6460000000000002,0.5406902947667623
0.6470000000000002,0.5426881100219011
0.6480000000000002,0.5444986200000005
0.6490000000000002,0.5464705988119887
0.6500000000000002,0.5483517977234914
0.6510000000000002,0.5502379722765094
0.6520000000000002,0.5521713306664071
0.6530000000000002,0.5539923900000003
0.6540000000000002,0.5557326444493448
0.6550000000000002,0.5574551139670021
0.6560000000000002,0.5592540140219993
0.6570000000000003,0.5611013615265158
0.6580000000000003,0.5627460054299548
0.6590000000000003,0.5642890083858811
0.6600000000000003,0.5662083024211795
0.6610000000000003,0.5681589004940104
0.6620000000000003,0.5701480500000005
0.6630000000000003,0.5721737295858922
0.6640000000000003,0.5741323233526329
0.6650000000000003,0.5762440777649123
0.6660000000000003,0.5784266981737823
0.6670000000000003,0.5804716300000005
0.6680000000000003,0.5826428311227443
0.6690000000000003,0.5846989683158849
0.6700000000000003,0.5865835723080236
0.6710000000000003,0.5885403200000006
0.6720000000000003,0.5903086873885743
0.6730000000000003,0.5920475471991125
0.6740000000000003,0.5939075028008884
0.6750000000000003,0.5956189428856293
0.6760000000000003,0.5974009000000006
0.6770000000000003,0.5991991961102227
0.6780000000000003,0.6008102213994305
0.6790000000000003,0.6025235357337138
0.6800000000000003,0.6041397838375389
0.6810000000000003,0.6056537773749743
0.6820000000000003,0.6073912709200545
0.6830000000000003,0.6089372736199195
0.6840000000000003,0.610359221561116
0.6850000000000003,0.6118323800000003
0.6860000000000003,0.613193225462855
0.6870000000000003,0.6147395120957166
0.6880000000000003,0.6163442979042842
0.6890000000000003,0.617587377569276
0.6900000000000003,0.6189849400000005
0.6910000000000003,0.6204130869034694
0.6920000000000003,0.6217582608981554
0.6930000000000003,0.6231215327345635
0.6940000000000003,0.6243866573487739
0.6950000000000003,0.6256458933491339
0.6960000000000003,0.6269808035522227
0.6970000000000003,0.6281584146716668
0.6980000000000003,0.6294212773713478
0.6990000000000003,0.6307619200000002
0.7000000000000003,0.631926252271523
0.7010000000000003,0.6331534017119319
0.7020000000000003,0.6342389982880688
0.7030000000000003,0.6351737306527069
0.7040000000000003,0.6363954500000002
0.7050000000000003,0.6375398823842242
0.7060000000000003,0.6386590968822562
0.7070000000000003,0.6398885054118298
0.7080000000000003,0.6408639600000003
0.7090000000000003,0.6417735300453007
0.7100000000000003,0.6427780621860911
0.7110000000000003,0.6438873667208643
0.7120000000000003,0.6449668292053845
0.7130000000000003,0.6460152300000004
0.7140000000000003,0.6470607605800118
0.7150000000000003,0.648118763565322
0.7160000000000003,0.6492376076231192
0.7170000000000003,0.6504588577874783
0.7180000000000003,0.6517411614406147
0.7190000000000003,0.6528852226962655
0.7200000000000003,0.6540200359556025
0.7210000000000003,0.6551831167383678
0.7220000000000003,0.6563052500000004
0.7230000000000003,0.6575211410478108
0.7240000000000003,0.6586259185684575
0.7250000000000003,0.659554341431543
0.7260000000000003,0.6606584089592898
0.7270000000000003,0.6617609900000003
0.7280000000000003,0.6628379905532114
0.7290000000000003,0.6638933085141746
0.7300000000000003,0.6648437809905507
0.7310000000000003,0.6658387700501007
0.7320000000000003,0.6668563587559878
0.7330000000000003,0.6677319594218293
0.7340000000000003,0.6687030508672569
0.7350000000000003,0.6696963800667016
0.7360000000000003,0.6706466700000003
0.7370000000000003,0.6715609465393656
0.7380000000000003,0.6722148827250912
0.7390000000000003,0.6728511372749092
0.7400000000000003,0.673702891482415
0.7410000000000003,0.6742422600000002
0.7420000000000003,0.6747619609877101
0.7430000000000003,0.6753113420281988
0.7440000000000003,0.675712281981201
0.7450000000000003,0.6761289800000001
0.7460000000000003,0.6764652124045242
0.7470000000000003,0.6767056654475277
0.7480000000000003,0.6769780418287087
0.7490000000000003,0.6771159786206724
0.7500000000000003,0.6771751
0.7510000000000003,0.6772121189115782
0.7520000000000003,0.6771032794939252
0.7530000000000003,0.6770864103373831
0.7540000000000003,0.6770339605245053
0.7550000000000003,0.67669183
0.7560000000000003,0.6765264856538172
0.7570000000000003,0.676309176519274
0.7580000000000003,0.6759443372968729
0.7590000000000003,0.6755918899999998
0.7600000000000003,0.6750575845723455
0.7610000000000003,0.6745148211407542
0.7620000000000003,0.6740718588592455
0.7630000000000003,0.6735179455391551
0.7640000000000003,0.6731494099999998
0.7650000000000003,0.6727750835059699
0.7660000000000003,0.6721256883434826
0.7670000000000003,0.6717371377710113
0.7680000000000003,0.671496692404424
0.7690000000000003,0.671399410893509
0.7700000000000004,0.6714887594780261
0.7710000000000004,0.6714626607829608
0.7720000000000004,0.6715347792787856
0.7730000000000004,0.6718629000000002
0.7740000000000004,0.6722935460052603
0.7750000000000004,0.672894073128075
0.7760000000000004,0.6735504768719254
0.7770000000000004,0.674183303671737
0.7780000000000004,0.6749591800000002
0.7790000000000004,0.6757809673463738
0.7800000000000004,0.6766482874234292
0.7810000000000004,0.6775624017177144
0.7820000000000004,0.6783570520535208
0.7830000000000004,0.6792319501472018
0.7840000000000004,0.6802466707639621
0.7850000000000004,0.6812848688540577
0.7860000000000004,0.6825534573140468
0.7870000000000004,0.6838815200000005
0.7880000000000004,0.6851824644591897
0.7890000000000004,0.6866283798467081
0.7900000000000004,0.6879566034355287
0.7910000000000004,0.6893362862031626
0.7920000000000004,0.6909661300000005
0.7930000000000004,0.6925527231789416
0.7940000000000004,0.694211670231589
0.7950000000000004,0.6958958163170638
0.7960000000000004,0.6975131000000007
0.7970000000000004,0.6992487479751804
0.7980000000000004,0.7010462680846772
0.7990000000000004,0.702950501915324
0.8000000000000004,0.7050066994379952
0.8010000000000004,0.7068160800000007
0.8020000000000004,0.7086830307297154
0.8030000000000004,0.7107559969674523
0.8040000000000004,0.7126549120216996
0.8050000000000004,0.7147041995070958
0.8060000000000004,0.7168444611390122
0.8070000000000004,0.7189583639168051
0.8080000000000004,0.7211542041247946
0.8090000000000004,0.7233640658027588
0.8100000000000004,0.7256255700000008
0.8110000000000004,0.7279808131823328
0.8120000000000004,0.730299046973722
0.8130000000000004,0.7326477330262797
0.8140000000000004,0.7350297961793627
0.8150000000000004,0.7374025000000011
0.8160000000000004,0.7398114053082541
0.8170000000000004,0.7420768134294292
0.8180000000000004,0.7441911277137151
0.8190000000000004,0.7463820980902818
0.8200000000000004,0.7484541108720095
0.8210000000000004,0.7505413126902665
0.8220000000000004,0.7526758259646027
0.8230000000000004,0.7545903108552179
0.8240000000000004,0.7564808100000006
0.8250000000000004,0.7582353555044556
0.8260000000000004,0.759785803594257
0.8270000000000004,0.7614655164057446
0.8280000000000004,0.7630342643125437
0.8290000000000004,0.7645266100000006
0.8300000000000004,0.7661050299301
0.8310000000000004,0.7676015341631924
0.8320000000000004,0.7690736405578729
0.8330000000000004,0.7704219800000004
0.8340000000000004,0.7715137714960154
0.8350000000000004,0.7726633699572025
0.8360000000000004,0.7736612300641972
0.8370000000000004,0.7745248013643276
0.8380000000000004,0.7755602600000003
0.8390000000000004,0.7763778676730537
0.8400000000000004,0.7771451712938355
0.8410000000000004,0.7778549658041101
0.8420000000000004,0.7781470370793709
0.8430000000000004,0.7785188034731348
0.8440000000000004,0.7788661138932054
0.8450000000000004,0.779060774160192
0.8460000000000004,0.7793427043613438
0.8470000000000004,0.77937961
0.8480000000000004,0.7794152531716318
0.8490000000000004,0.7797324121349147
0.8500000000000004,0.7798391578650854
0.8510000000000004,0.7799732686588867
0.8520000000000004,0.7801161999999999
0.8530000000000004,0.7801497009739194
0.8540000000000004,0.7802470903521824
0.8550000000000004,0.7802588297652117
0.8560000000000004,0.7801803407849078
0.8570000000000004,0.7800721460911607
0.8580000000000004,0.7796812601488923
0.8590000000000004,0.779188704776661
0.8600000000000004,0.7786643552435046
0.8610000000000004,0.7780640699999999
0.8620000000000004,0.7777194378893788
0.8630000000000004,0.7775083782822687
0.8640000000000004,0.7774224917177313
0.8650000000000004,0.7776561976628767
0.8660000000000004,0.7779797300000003
0.8670000000000004,0.7786737333282338
0.8680000000000004,0.7798401477261143
0.8690000000000004,0.781097684849258
0.8700000000000004,0.7825684500000005
0.8710000000000004,0.783928641741118
0.8720000000000004,0.785102760073697
0.8730000000000004,0.7866064448894562
0.8740000000000004,0.7880478955855122
0.8750000000000004,0.789703970000001
0.8760000000000004,0.7918609033308678
0.8770000000000004,0.7941940026188704
0.8780000000000004,0.7969479649207551
0.8790000000000004,0.7998433410462117
0.8800000000000004,0.8026140300000013
0.8810000000000004,0.8055976523111855
0.8820000000000005,0.8082132115332243
0.8830000000000005,0.8104543251779528
0.8840000000000005,0.8125346900000008
0.8850000000000005,0.8141837252327531
0.8860000000000005,0.8157069974099043
0.8870000000000005,0.817077492590097
0.8880000000000005,0.8181960488144887
0.8890000000000005,0.8194238500000004
0.8900000000000005,0.8204253393443873
0.8910000000000005,0.8213597857183147
0.8920000000000005,0.8225503961877911
0.8930000000000005,0.8234320211838123
0.8940000000000005,0.8243193088096886
0.8950000000000005,0.8252002731993403
0.8960000000000005,0.8258602402009904
0.8970000000000005,0.8265938726636537
0.8980000000000005,0.8272076800000002
0.8990000000000005,0.8278074978761791
0.9000000000000005,0.8285951101215953
0.9010000000000005,0.829101189878405
0.9020000000000005,0.8297614433974343
0.9030000000000005,0.8304653800000001
0.9040000000000005,0.83076180296893
0.9050000000000005,0.8314102480377984
0.9060000000000005,0.8320115079748015
0.9070000000000005,0.8325116549985502
0.9080000000000005,0.8331781645693459
0.9090000000000005,0.8336351046346686
0.9100000000000005,0.834366838047998
0.9110000000000005,0.8351775918924382
0.9120000000000005,0.8353898500000002
0.9130000000000005,0.8358839842200846
0.9140000000000005,0.8363059913646319
0.9150000000000005,0.836684812423579
0.9160000000000005,0.8373190136579369
0.9170000000000005,0.8375867600000002
0.9180000000000005,0.838034100522074
0.9190000000000005,0.8385602042168894
0.9200000000000005,0.8385708297877978
0.9210000000000005,0.8389806200000002
0.9220000000000005,0.8394039347171475
0.9230000000000005,0.8398756556765733
0.9240000000000005,0.8406594843234273
0.9250000000000005,0.8409612169827699
0.9260000000000005,0.8413967500000004
0.9270000000000005,0.8419693121488431
0.9280000000000005,0.8421842059082049
0.9290000000000005,0.8427144793945305
0.9300000000000005,0.8431555555892561
0.9310000000000005,0.8436027274249747
0.9320000000000005,0.8443452157599122
0.9330000000000005,0.8446332113601321
0.9340000000000005,0.8450165923323234
0.9350000000000005,0.8455338500000003
0.9360000000000005,0.8459353474375748
0.9370000000000005,0.8466790992074319
0.9380000000000005,0.8471394707925685
0.9390000000000005,0.8473945274494746
0.9400000000000005,0.8479121300000002
0.9410000000000005,0.8483292014465147
0.9420000000000005,0.8489015258887058
0.9430000000000005,0.8494311494075298
0.9440000000000005,0.8496972873386736
0.9450000000000005,0.8501746140435407
0.9460000000000005,0.8505789678342085
0.9470000000000005,0.8509706782486878
0.9480000000000005,0.8514895348113964
0.9490000000000005,0.8519390200000002
0.9500000000000005,0.8523378423043232
0.9510000000000005,0.8525682737692494
0.9520000000000005,0.8527567362307509
0.9530000000000005,0.8533254243130435
0.9540000000000005,0.8536490200000001
0.9550000000000005,0.8539723285544858
0.9560000000000005,0.8544000435992202
0.9570000000000005,0.8545200176005201
0.9580000000000005,0.8552262800000001
0.9590000000000005,0.8554783479131791
0.9600000000000005,0.8552696887208644
0.9610000000000005,0.8562057319187046
0.9620000000000005,0.8560840512171243
0.9630000000000005,0.8562269200000004
0.9640000000000005,0.856942588958679
0.9650000000000005,0.8568384718191092
0.9660000000000005,0.8572324421205942
0.9670000000000005,0.8576398459259594
0.9680000000000005,0.8579679728634289
0.9690000000000005,0.8582543016308182
0.9700000000000005,0.8578358425537721
0.9710000000000005,0.8581505337057372
0.9720000000000005,0.8586475299999999
0.9730000000000005,0.8583741900184007
0.9740000000000005,0.8593760088890444
0.9750000000000005,0.8593204611109555
0.9760000000000005,0.8589270139345392
0.9770000000000005,0.85952944
0.9780000000000005,0.8595705645735917
0.9790000000000005,0.8600279197306137
0.9800000000000005,0.8603522735129245
0.9810000000000005,0.8603432200906008
0.9820000000000005,0.8609446320611207
0.9830000000000005,0.8611507505960705
0.9840000000000005,0.861680554105895
0.9850000000000005,0.8622796440090804
0.9860000000000005,0.8621676000000008
0.9870000000000005,0.8638529255206555
0.9880000000000005,0.8644049704885802
0.9890000000000005,0.8639293995114193
0.9900000000000005,0.8649519597740982
0.9910000000000005,0.8650471000000002
0.9920000000000005,0.8655126258763592
0.9930000000000005,0.8663064425849712
0.9940000000000005,0.8670592749433533
0.9950000000000006,0.8682466100000001
0.9960000000000006,0.8683875197943979
0.9970000000000006,0.8683669755726218
0.9980000000000006,0.8691456066410683
0.9990000000000006,0.8698462129939603
1.0000000000000004,0.8703126900000004
1.0010000000000006,0.8713423600000003
1.0020000000000007,0.8718141300000003
1.0030000000000006,0.8723127200000004
1.0040000000000004,0.8728784816958307
1.0050000000000006,0.8733954400000004
1.0060000000000007,0.8739267000000003
1.0070000000000006,0.8743999000000001
1.0080000000000005,0.8747624200000003
1.0090000000000006,0.8753108946045398
1.0100000000000007,0.8758569400000005
1.0110000000000006,0.8765106800000007
1.0120000000000005,0.8775403500000003
1.0130000000000006,0.8781908800000003
1.0140000000000007,0.8786106280251977
1.0150000000000006,0.8791442500000003
1.0160000000000005,0.8796413500000001
1.0170000000000006,0.8799367500000003
1.0180000000000007,0.8804550800000004
1.0190000000000006,0.8812004754604543
1.0200000000000005,0.8816933000000002
1.0210000000000006,0.8819983600000003
1.0220000000000007,0.8825738400000005
1.0230000000000006,0.8832538700000003
1.0240000000000005,0.8838032500000004
1.0250000000000006,0.8845251800000004
1.0260000000000007,0.8850585200000001
1.0270000000000006,0.8852777500000002
1.0280000000000005,0.8856945600000002
1.0290000000000006,0.8862137800000002
1.0300000000000007,0.8866696400000004
1.0310000000000006,0.8870945600000003
1.0320000000000005,0.8876291941985803
1.0330000000000006,0.8880711800000002
1.0340000000000007,0.8884764300000002
1.0350000000000006,0.8888331700000002
1.0360000000000005,0.8890992400000002
1.0370000000000006,0.8895133544075595
1.0380000000000007,0.8899574300000004
1.0390000000000006,0.8903909900000002
1.0400000000000005,0.8909729700000002
1.0410000000000006,0.8914083200000003
1.0420000000000007,0.891807100121988
1.0430000000000006,0.89208108
1.0440000000000005,0.8921343700000001
1.0450000000000006,0.8923674200000002
1.0460000000000007,0.8926465500000001
1.0470000000000006,0.8928388207729229
1.0480000000000005,0.8930745100000002
1.0490000000000006,0.8934440000000001
1.0500000000000007,0.8937016700000001
1.0510000000000006,0.8938368600000002
1.0520000000000005,0.8940932800000001
1.0530000000000006,0.8944326000000001
1.0540000000000007,0.8947090500000002
1.0550000000000006,0.8949899347275274
1.0560000000000005,0.8952372100000001
1.0570000000000006,0.8953703000000004
1.0580000000000007,0.8956277400000002
1.0590000000000006,0.8960115300000001
1.0600000000000005,0.8962963280641937
1.0610000000000006,0.8963769700000003
1.0620000000000007,0.8967067600000003
1.0630000000000006,0.8970121700000001
1.0640000000000005,0.8972369400000001
1.0650000000000006,0.8975531783761626
1.0660000000000007,0.8981286900000002
1.0670000000000006,0.89838129
1.0680000000000005,0.8983873100000002
1.0690000000000006,0.8985838900000002
1.0700000000000007,0.8987685815308469
1.0710000000000006,0.8989641100000002
1.0720000000000005,0.8992452000000001
1.0730000000000006,0.8995229600000002
1.0740000000000007,0.8998605000000001
1.0750000000000006,0.8999925900000001
1.0760000000000005,0.9001901700000001
1.0770000000000006,0.90043277
1.0780000000000007,0.9004573327957205
1.0790000000000006,0.9005852900000002
1.0800000000000005,0.9008420100000001
1.0810000000000006,0.9012117400000003
1.0820000000000007,0.9014830600000002
1.0830000000000006,0.9018994222957706
1.0840000000000005,0.90212238
1.0850000000000006,0.9021643400000001
1.0860000000000007,0.9022989300000002
1.0870000000000006,0.9024108600000001
1.0880000000000005,0.9025295881271874
1.0890000000000006,0.9026688300000001
1.0900000000000007,0.9027643200000001
1.0910000000000006,0.9029662000000003
1.0920000000000005,0.90322578
1.0930000000000006,0.9033251300649935
1.0940000000000007,0.9034754600000001
1.0950000000000006,0.9035916899999998
1.0960000000000005,0.90349007
1.0970000000000006,0.90345597
1.0980000000000008,0.9035093799999999
1.0990000000000006,0.9034178299999999
1.1000000000000005,0.9032204699999999
1.1010000000000006,0.9030350999999999
1.1020000000000008,0.9027325499999999
1.1030000000000006,0.9025291799999999
1.1040000000000005,0.90234435
1.1050000000000006,0.9022341999999998
1.1060000000000008,0.9020724007609238
1.1070000000000007,0.9017800099999997
1.1080000000000005,0.9014849099999998
1.1090000000000007,0.9011117199999997
1.1100000000000008,0.9007476599999997
1.1110000000000007,0.9004917702829712
1.1120000000000005,0.8998945999999997
1.1130000000000007,0.8991774299999995
1.1140000000000008,0.8983905299999995
1.1150000000000007,0.8974941399999993
1.1160000000000005,0.896345314882511
1.1170000000000007,0.895198049999999
1.1180000000000008,0.8937004799999985
1.1190000000000007,0.8919439899999987
1.1200000000000006,0.889957959999999
1.1210000000000007,0.8876554902469739
1.1220000000000008,0.885052739999998
1.1230000000000007,0.8820224399999975
1.1240000000000006,0.8783798799999981
1.1250000000000007,0.8741714999999968
1.1260000000000008,0.8692977999999952
1.1270000000000007,0.8637707199999959
1.1280000000000006,0.8576195199999953
1.1290000000000007,0.8506565660753869
1.1300000000000008,0.8429173199999923
1.1310000000000007,0.8343520199999936
1.1320000000000006,0.8248174199999956
1.1330000000000007,0.8147471499999925
1.1340000000000008,0.8036446843015619
1.1350000000000007,0.7925876999999921
1.1360000000000006,0.7809356499999922
1.1370000000000007,0.7692941399999923
1.1380000000000008,0.7577978399999905
1.1390000000000007,0.7471533944445491
1.1400000000000006,0.7375200399999946
1.1410000000000007,0.7293766699999961
1.1420000000000008,0.7234694399999977
1.1430000000000007,0.7199409599999993
1.1440000000000006,0.7189184822477745
1.1450000000000007,0.720654490000003
1.1460000000000008,0.725091870000006
1.1470000000000007,0.7318590300000053
1.1480000000000006,0.7399410000000072
1.1490000000000007,0.7508052600000071
1.1500000000000008,0.7613961700000105
1.1510000000000007,0.7731556900000078
1.1520000000000006,0.7850284000000052
1.1530000000000007,0.7964962700000072
1.1540000000000008,0.8072515700000067
1.1550000000000007,0.8172536500000059
1.1560000000000006,0.8260783600000052
1.1570000000000007,0.8339352104109641
1.1580000000000008,0.8411393200000056
1.1590000000000007,0.8474488300000037
1.1600000000000006,0.8529884800000035
1.1610000000000007,0.8580862300000028
1.1620000000000008,0.8625010516098417
1.1630000000000007,0.8663171500000022
1.1640000000000006,0.8696939300000013
1.1650000000000007,0.8727990400000017
1.1660000000000008,0.8754796400000022
1.1670000000000007,0.8780231956444371
1.1680000000000006,0.8803162000000013
1.1690000000000007,0.8823759000000012
1.1700000000000008,0.8841961600000015
1.1710000000000007,0.885855020000001
1.1720000000000006,0.8874088146205389
1.1730000000000007,0.8889061200000009
1.1740000000000008,0.8902716000000008
1.1750000000000007,0.8914754400000008
1.1760000000000006,0.8925777100000006
1.1770000000000007,0.8935403200000007
1.1780000000000008,0.8945040700000009
1.1790000000000007,0.8954570300000005
1.1800000000000006,0.8962910397550249
1.1810000000000007,0.8970885900000004
1.1820000000000008,0.8978173100000006
1.1830000000000007,0.8985099800000005
1.1840000000000006,0.8992152200000003
1.1850000000000007,0.8999036691220883
1.1860000000000008,0.9005948900000007
1.1870000000000007,0.9013013800000005
1.1880000000000006,0.9019706800000005
1.1890000000000007,0.9026088700000003
1.1900000000000008,0.9031273181551849
1.1910000000000007,0.9036241800000004
1.1920000000000006,0.9041167500000004
1.1930000000000007,0.9046103400000004
1.1940000000000008,0.9052569900000006
1.1950000000000007,0.9058437913198685
1.1960000000000006,0.9064565300000005
1.1970000000000007,0.9071160600000003
1.1980000000000008,0.9076599500000005
1.1990000000000007,0.9082403200000003
1.2000000000000006,0.9088014400000003
1.2010000000000007,0.9092745200000003
1.2020000000000008,0.9097043900000004
1.2030000000000007,0.9100900011878814
1.2040000000000006,0.9104018800000002
1.2050000000000007,0.9106850000000003
1.2060000000000008,0.9109488100000003
1.2070000000000007,0.9111809100000001
1.2080000000000006,0.9113568189691031
1.2090000000000007,0.9114465100000001
1.2100000000000009,0.91154969
1.2110000000000007,0.91158724
1.2120000000000006,0.91160488
1.2130000000000007,0.9116699034976503
1.2140000000000009,0.91166651
1.2150000000000007,0.91166204
1.2160000000000006,0.91171002
1.2170000000000007,0.9117855400000001
1.2180000000000009,0.9119399045635438
1.2190000000000007,0.9122103500000002
1.2200000000000006,0.9125217800000002
1.2210000000000008,0.9128770800000003
1.2220000000000009,0.9133054000000005
1.2230000000000008,0.9137515400000004
1.2240000000000006,0.9141807000000002
1.2250000000000008,0.9146211100000003
1.2260000000000009,0.9150539600000005
1.2270000000000008,0.9155250200000002
1.2280000000000006,0.9159182900000002
1.2290000000000008,0.9162119000000003
1.2300000000000009,0.9165163600000001
1.2310000000000008,0.916701033880612
1.2320000000000007,0.9168398400000002
1.2330000000000008,0.9170953000000003
1.2340000000000009,0.9172241700000001
1.2350000000000008,0.9172990900000001
1.2360000000000007,0.9174935342975703
1.2370000000000008,0.9176365100000001
1.2380000000000009,0.9177696100000002
1.2390000000000008,0.9180224500000003
1.2400000000000007,0.9182781600000002
1.2410000000000008,0.9185651812978705
1.2420000000000009,0.9187936200000002
1.2430000000000008,0.9190725100000001
1.2440000000000007,0.9192291500000002
1.2450000000000008,0.9193388800000001
1.2460000000000009,0.9194519986881313
1.2470000000000008,0.9195369500000001
1.2480000000000007,0.9197219000000002
1.2490000000000008,0.9198708500000001
1.2500000000000009,0.9199603800000001
1.2510000000000008,0.92003447
1.2520000000000007,0.92005885
1.2530000000000008,0.9201336500000001
1.254000000000001,0.9202201498220178
1.2550000000000008,0.9203183700000002
1.2560000000000007,0.9204659500000001
1.2570000000000008,0.92055327
1.258000000000001,0.9206162100000002
1.2590000000000008,0.9206888195470454
1.2600000000000007,0.92078429
1.2610000000000008,0.9208526
1.262000000000001,0.92091304
1.2630000000000008,0.92093396
1.2640000000000007,0.9209422491710828
1.2650000000000008,0.9209045799999999
1.266000000000001,0.92082059
1.2670000000000008,0.92081851
1.2680000000000007,0.92086917
1.2690000000000008,0.9208591610008999
1.270000000000001,0.9208951
1.2710000000000008,0.92091876
1.2720000000000007,0.92095965
1.2730000000000008,0.92103559
1.274000000000001,0.92103112
1.2750000000000008,0.9209843299999999
1.2760000000000007,0.9208654199999999
1.2770000000000008,0.9207541299999998
1.278000000000001,0.9206234199999999
1.2790000000000008,0.9204969399999999
1.2800000000000007,0.9203801799999999
1.2810000000000008,0.9202455299999999
1.282000000000001,0.9200762977762222
1.2830000000000008,0.9199540599999999
1.2840000000000007,0.9197600499999998
1.2850000000000008,0.9194942099999998
1.286000000000001,0.9192340399999998
1.2870000000000008,0.9189581548725125
1.2880000000000007,0.9186068799999998
1.2890000000000008,0.9182481799999996
1.290000000000001,0.9178286799999995
1.2910000000000008,0.9173659699999996
1.2920000000000007,0.9169516414328565
1.2930000000000008,0.9164972899999998
1.294000000000001,0.9161495599999998
1.2950000000000008,0.9159046399999998
1.2960000000000007,0.9156250999999999
1.2970000000000008,0.9154237701329865
1.298000000000001,0.9151236999999995
1.2990000000000008,0.9147746599999997
1.3000000000000007,0.9144961799999998
1.3010000000000008,0.9141260399999996
1.302000000000001,0.9136893699999995
1.3030000000000008,0.9132875799999997
1.3040000000000007,0.9128505599999996
1.3050000000000008,0.912378916766323
1.306000000000001,0.9118465799999996
1.3070000000000008,0.9114379299999996
1.3080000000000007,0.9110220699999998
1.3090000000000008,0.9107207699999998
1.310000000000001,0.9105504049805018
1.3110000000000008,0.9104002099999998
1.3120000000000007,0.9101673999999998
1.3130000000000008,0.9099513899999999
1.314000000000001,0.9097470599999998
1.3150000000000008,0.9095154631596838
1.3160000000000007,0.9093429999999998
1.3170000000000008,0.9090932599999997
1.318000000000001,0.9087805199999996
1.3190000000000008,0.9084284899999997
1.3200000000000007,0.9080482480241973
1.3210000000000008,0.9077153199999997
1.322000000000001,0.9073334899999995
1.3230000000000008,0.9069150699999998
1.3240000000000007,0.9065080299999998
1.3250000000000008,0.9061176199999995
1.326000000000001,0.9056646199999995
1.3270000000000008,0.9051497599999997
1.3280000000000007,0.9047312804499545
1.3290000000000008,0.9042357799999997
1.330000000000001,0.9038606899999998
1.3310000000000008,0.9036014099999998
1.3320000000000007,0.9033898699999998
1.3330000000000009,0.9030871783241674
1.334000000000001,0.9028704199999997
1.3350000000000009,0.9026494599999999
1.3360000000000007,0.9024683199999999
1.3370000000000009,0.9023727799999999
1.338000000000001,0.9022929779802019
1.3390000000000009,0.9022358099999999
1.3400000000000007,0.9020649799999999
1.3410000000000009,0.9019341499999999
1.342000000000001,0.9018512999999998
1.3430000000000009,0.9015622989001097
1.3440000000000007,0.9012599599999997
1.3450000000000009,0.9008926699999995
1.346000000000001,0.9003673199999995
1.3470000000000009,0.8999286299999997
1.3480000000000008,0.8995304699999996
1.3490000000000009,0.8990949399999996
1.350000000000001,0.8985891299999996
1.3510000000000009,0.8982140399999997
1.3520000000000008,0.8978610599999998
1.3530000000000009,0.8975791299999999
1.354000000000001,0.8974152799999999
1.3550000000000009,0.8972283
1.3560000000000008,0.8970935096830316
1.3570000000000009,0.8968903399999999
1.358000000000001,0.8967037199999999
1.3590000000000009,0.8965488099999998
1.3600000000000008,0.8963203399999998
1.3610000000000009,0.8959819263793617
1.362000000000001,0.8955457199999994
1.3630000000000009,0.8949997399999996
1.3640000000000008,0.8943493999999996
1.3650000000000009,0.8936985699999993
1.366000000000001,0.8929816616908302
1.3670000000000009,0.8921970099999992
1.3680000000000008,0.8913471699999993
1.3690000000000009,0.8904218099999991
1.370000000000001,0.8894438699999991
1.3710000000000009,0.8884622881581834
1.3720000000000008,0.8876351099999992
1.3730000000000009,0.8867752599999996
1.374000000000001,0.8862137199999995
1.3750000000000009,0.8857734199999999
1.3760000000000008,0.88559884
1.377000000000001,0.8856254200000002
1.378000000000001,0.8858453000000007
1.379000000000001,0.8864234569993006
1.3800000000000008,0.8868934500000005
1.381000000000001,0.8875172100000004
1.382000000000001,0.8880722500000006
1.383000000000001,0.8885954600000004
1.3840000000000008,0.8891003617798224
1.385000000000001,0.8896181600000005
1.386000000000001,0.8900843300000004
1.387000000000001,0.8905015600000005
1.3880000000000008,0.8908991800000003
1.389000000000001,0.89132113780422
1.390000000000001,0.8917474200000004
1.391000000000001,0.8921544000000003
1.3920000000000008,0.8924785300000001
1.393000000000001,0.8926197899999999
1.394000000000001,0.8925384381351864
1.395000000000001,0.8922059499999995
1.3960000000000008,0.8915582299999991
1.397000000000001,0.8905317199999987
1.398000000000001,0.8892837799999986
1.399000000000001,0.8878408099999987
1.4000000000000008,0.8862801799999986
1.4010000000000007,0.8847229499999989
1.402000000000001,0.8830833999999983
1.403000000000001,0.8814938699999985
1.4040000000000008,0.879801089999999
1.4050000000000007,0.878297919999999
1.406000000000001,0.8767879599999986
1.407000000000001,0.8755225560953893
1.4080000000000008,0.8743835099999994
1.4090000000000007,0.8734664299999995
1.410000000000001,0.8726734499999994
1.411000000000001,0.8721877899999998
1.4120000000000008,0.871908308820118
1.4130000000000007,0.8718965100000002
1.414000000000001,0.8721540000000005
1.415000000000001,0.8726896000000007
1.4160000000000008,0.8734175000000007
1.4170000000000007,0.8742906126887316
1.418000000000001,0.875334980000001
1.419000000000001,0.8764574500000011
1.4200000000000008,0.8776770800000011
1.4210000000000007,0.8789585200000007
1.422000000000001,0.8801945363983614
1.423000000000001,0.8814860000000012
1.4240000000000008,0.8827074800000007
1.4250000000000007,0.8837466800000007
1.426000000000001,0.884748940000001
1.427000000000001,0.8856011000000007
1.4280000000000008,0.8862364900000004
1.4290000000000007,0.8867713200000003
1.430000000000001,0.88706350630037
1.431000000000001,0.8871265099999999
1.4320000000000008,0.8870062199999996
1.4330000000000007,0.8866352399999997
1.434000000000001,0.8862041199999995
1.435000000000001,0.8855729639166077
1.4360000000000008,0.8849121299999994
1.4370000000000007,0.8841471099999993
1.438000000000001,0.8833438799999991
1.439000000000001,0.8823691599999992
1.4400000000000008,0.8815348434316561
1.4410000000000007,0.8806849699999993
1.442000000000001,0.8799177999999992
1.443000000000001,0.8792537999999995
1.4440000000000008,0.8786007799999994
1.4450000000000007,0.8779659934786516
1.446000000000001,0.8773896099999995
1.447000000000001,0.8768865499999995
1.4480000000000008,0.8763636899999997
1.4490000000000007,0.8758666499999996
1.450000000000001,0.8753870699999995
1.451000000000001,0.8748823399999994
1.4520000000000008,0.8744237399999997
1.4530000000000007,0.8740158310878909
1.454000000000001,0.8736267099999997
1.455000000000001,0.8732839199999997
1.4560000000000008,0.8729532999999998
1.4570000000000007,0.8726242799999997
1.458000000000001,0.8722493233766618
1.459000000000001,0.8718830899999997
1.4600000000000009,0.8715717799999997
1.4610000000000007,0.8712538499999998
1.462000000000001,0.8710358099999999
1.463000000000001,0.870895514029597
1.4640000000000009,0.8707051299999999
1.4650000000000007,0.8705356699999999
1.466000000000001,0.8703996499999997
1.467000000000001,0.8702496299999999
1.4680000000000009,0.8701286420987899
1.4690000000000007,0.87002909
1.470000000000001,0.8700125199999998
1.471000000000001,0.8698893799999999
1.4720000000000009,0.8697661199999998
1.4730000000000008,0.8695520799999997
1.474000000000001,0.8692493999999997
1.475000000000001,0.8689259299999996
1.4760000000000009,0.8685539399999996
1.4770000000000008,0.8681541099999996
1.478000000000001,0.8677509399999995
1.479000000000001,0.8672544399999995
1.4800000000000009,0.8667601299999993
1.4810000000000008,0.8660631590110983
1.482000000000001,0.865253269999999
1.483000000000001,0.864325109999999
1.4840000000000009,0.863163649999999
1.4850000000000008,0.8620385499999992
1.486000000000001,0.8608162403619624
1.487000000000001,0.8596198599999987
1.4880000000000009,0.8583719099999992
1.4890000000000008,0.8571990699999993
1.490000000000001,0.8561272599999988
1.491000000000001,0.8550816045655424
1.4920000000000009,0.8541916599999995
1.4930000000000008,0.8535389899999997
1.494000000000001,0.8530198299999996
1.495000000000001,0.8526427699999999
1.4960000000000009,0.85249377489951
1.4970000000000008,0.8525016900000002
1.498000000000001,0.8526918300000004
1.499000000000001,0.8530635800000005
1.5000000000000009,0.8535761200000006
1.5010000000000008,0.8541682400000006
1.5020000000000011,0.8548067800000009
1.503000000000001,0.8554917000000005
1.504000000000001,0.85617143380662
1.5050000000000008,0.8568095000000003
1.5060000000000011,0.8573654300000005
1.507000000000001,0.8578283200000003
1.508000000000001,0.8581152600000002
1.5090000000000008,0.8582549166453355
1.5100000000000011,0.85832137
1.511000000000001,0.8583048599999998
1.512000000000001,0.8582238
1.5130000000000008,0.8581426699999999
1.5140000000000011,0.85801668259874
1.515000000000001,0.8578477499999998
1.516000000000001,0.8576449199999998
1.5170000000000008,0.8574044699999998
1.5180000000000011,0.8571426299999997
1.519000000000001,0.8568026140015995
1.520000000000001,0.8565255399999998
1.5210000000000008,0.8562626799999998
1.5220000000000011,0.8560333299999998
1.523000000000001,0.8558418799999999
1.524000000000001,0.8556597799999999
1.5250000000000008,0.8554831699999998
1.5260000000000011,0.8553271299999999
1.527000000000001,0.8551876499999999
1.528000000000001,0.8550620699999999
1.5290000000000008,0.85493225
1.5300000000000011,0.85487729
1.531000000000001,0.85489529
1.532000000000001,0.8548825448155185
1.5330000000000008,0.8549306999999999
1.5340000000000011,0.8549167499999999
1.535000000000001,0.85482633
1.536000000000001,0.85479683
1.5370000000000008,0.8548018281171883
1.5380000000000011,0.854783
1.539000000000001,0.85480833
1.540000000000001,0.8547524799999999
1.5410000000000008,0.8546160499999997
1.5420000000000011,0.8544178798170181
1.543000000000001,0.8541504099999998
1.544000000000001,0.8538592499999997
1.5450000000000008,0.8535829199999998
1.5460000000000012,0.8533243499999997
1.547000000000001,0.8531049119438054
1.548000000000001,0.8529334099999999
1.5490000000000008,0.8527865999999998
1.5500000000000012,0.8526214399999998
1.551000000000001,0.8525101499999999
1.552000000000001,0.8524360099999999
1.5530000000000008,0.85233033
1.5540000000000012,0.85231298
1.555000000000001,0.8523496431526848
1.556000000000001,0.8523811700000001
1.5570000000000008,0.8525115300000001
1.5580000000000012,0.8526894500000002
1.559000000000001,0.8528612900000001
1.560000000000001,0.8530430422307771
1.5610000000000008,0.8532653500000003
1.5620000000000012,0.8534894600000003
1.563000000000001,0.8536702400000002
1.564000000000001,0.8538665200000002
1.5650000000000008,0.8540978168703132
1.5660000000000012,0.8543171900000001
1.567000000000001,0.8544378300000001
1.568000000000001,0.85451931
1.5690000000000008,0.85455394
1.5700000000000012,0.8545101943745624
1.571000000000001,0.8545115600000001
1.572000000000001,0.8545723600000001
1.5730000000000008,0.8546840000000001
1.5740000000000012,0.8547795400000001
1.575000000000001,0.85483772
1.576000000000001,0.85487324
1.5770000000000008,0.85483074
1.5780000000000012,0.8547893179252074
1.579000000000001,0.85476857
1.580000000000001,0.8547904500000001
1.5810000000000008,0.8548850400000001
1.5820000000000012,0.8549902400000002
1.583000000000001,0.8551400434756526
1.584000000000001,0.8552748000000001
1.5850000000000009,0.8554113500000001
1.5860000000000012,0.8555876600000001
1.587000000000001,0.8557060400000001
1.588000000000001,0.8557897716268374
1.5890000000000009,0.8557667699999998
1.5900000000000012,0.8555642999999997
1.591000000000001,0.8552284799999995
1.592000000000001,0.8548407599999995
1.5930000000000009,0.854439890086991
1.5940000000000012,0.8539259399999993
1.595000000000001,0.8533574299999994
1.596000000000001,0.8528205199999993
1.5970000000000009,0.8522146299999994
1.5980000000000012,0.8515506999999993
1.599000000000001,0.8509643099999993
1.600000000000001,0.8503795899999993
1.6010000000000009,0.8496746999999991
1.6020000000000012,0.8488350499999987
1.603000000000001,0.8478164099999989
1.604000000000001,0.8465930799999987
1.6050000000000009,0.8451309199999986
1.6060000000000012,0.8434911928657113
1.607000000000001,0.8416198499999976
1.608000000000001,0.8395269499999981
1.6090000000000009,0.8373492999999981
1.6100000000000012,0.8350976099999976
1.611000000000001,0.832916406284369
1.612000000000001,0.8307792499999976
1.6130000000000009,0.8286499999999986
1.6140000000000012,0.8265225899999974
1.615000000000001,0.8242569599999974
1.616000000000001,0.8218250931866788
1.6170000000000009,0.8191112899999973
1.6180000000000012,0.8159300099999959
1.619000000000001,0.8122473399999954
1.620000000000001,0.8081144099999957
1.6210000000000009,0.8034260188391122
1.6220000000000012,0.7982599699999926
1.623000000000001,0.7926784799999946
1.624000000000001,0.7866866599999943
1.6250000000000009,0.780301149999994
1.6260000000000012,0.7734987699999908
1.6270000000000011,0.7665691999999906
1.628000000000001,0.7596067799999937
1.629000000000001,0.7525071635406392
1.6300000000000012,0.7454425699999904
1.6310000000000011,0.7381948799999918
1.632000000000001,0.7307531199999916
1.633000000000001,0.723169739999993
1.6340000000000012,0.7152708527007207
1.6350000000000011,0.7072978599999911
1.636000000000001,0.6993226999999912
1.637000000000001,0.6914451699999918
1.6380000000000012,0.6840450199999927
1.6390000000000011,0.6774407704249505
1.640000000000001,0.6718331599999953
1.641000000000001,0.6674852999999973
1.6420000000000012,0.6644038599999975
1.6430000000000011,0.662556769999999
1.644000000000001,0.6616328723897601
1.645000000000001,0.6613732600000001
1.6460000000000012,0.6615007500000004
1.6470000000000011,0.6617944800000003
1.648000000000001,0.6620494700000001
1.649000000000001,0.66215384
1.6500000000000012,0.6621623
1.6510000000000011,0.6620937599999999
1.652000000000001,0.6619906399999997
1.653000000000001,0.6618006799999998
1.6540000000000012,0.6614912199999994
1.6550000000000011,0.6608440299999988
1.656000000000001,0.6597382399999981
1.657000000000001,0.6580331657214253
1.6580000000000013,0.6553903799999958
1.6590000000000011,0.6516255099999946
1.660000000000001,0.6467178499999932
1.661000000000001,0.6404851699999934
1.6620000000000013,0.6329944428627036
1.6630000000000011,0.6243230699999893
1.664000000000001,0.6146979299999906
1.665000000000001,0.60423546999999
1.6660000000000013,0.5929456399999844
1.6670000000000011,0.5812326412998576
1.668000000000001,0.569234909999989
1.669000000000001,0.5569033599999891
1.6700000000000013,0.5445967299999837
1.6710000000000012,0.5323361799999866
1.672000000000001,0.5202359700209852
1.673000000000001,0.50854622999999
1.6740000000000013,0.4972367899999881
1.6750000000000012,0.4865413599999889
1.676000000000001,0.4765506699999897
1.677000000000001,0.46725451999999085
1.6780000000000013,0.45899950999999223
1.6790000000000012,0.4519853599999937
1.680000000000001,0.44630629672732336
1.681000000000001,0.44217356999999785
1.6820000000000013,0.43973132999999903
1.6830000000000012,0.43901122000000103
1.684000000000001,0.43996894000000253
1.685000000000001,0.44284590683132136
1.6860000000000013,0.4476142200000089
1.6870000000000012,0.45426768000001105
1.688000000000001,0.46253869000000847
1.689000000000001,0.4721169800000096
1.6900000000000013,0.48295332636537724
1.6910000000000012,0.49458480000001603
1.692000000000001,0.5066444300000138
1.693000000000001,0.5190470200000109
1.6940000000000013,0.5313217600000159
1.6950000000000012,0.5432131308629289
1.696000000000001,0.5546130500000123
1.697000000000001,0.5655793500000118
1.6980000000000013,0.5761715200000112
1.6990000000000012,0.5861225700000107
1.700000000000001,0.5957073000000103
1.701000000000001,0.6049394600000096
1.7020000000000013,0.6136060400000112
1.7030000000000012,0.6220062766033492
1.704000000000001,0.6301723100000086
1.705000000000001,0.6379420800000065
1.7060000000000013,0.6453513500000091
1.7070000000000012,0.6522145300000083
1.708000000000001,0.6584751262953771
1.709000000000001,0.6641380800000043
1.7100000000000013,0.6690612400000057
1.7110000000000012,0.6733304300000049
1.712000000000001,0.6769775700000035
1.713000000000001,0.6801062071362897
1.7140000000000013,0.6829304100000033
1.7150000000000012,0.6854333900000028
1.716000000000001,0.6879049500000028
1.717000000000001,0.690545080000003
1.7180000000000013,0.6932324512628771
1.7190000000000012,0.6962123500000037
1.720000000000001,0.6995106900000039
1.721000000000001,0.7029739000000041
1.7220000000000013,0.7066451300000048
1.7230000000000012,0.7103411600000039
1.724000000000001,0.7138867400000036
1.725000000000001,0.7171918700000027
1.7260000000000013,0.7202671800000033
1.7270000000000012,0.7227512600000028
1.728000000000001,0.7248232400000014
1.729000000000001,0.7264806600000008
1.7300000000000013,0.7273618000000014
1.7310000000000012,0.7283768680661941
1.732000000000001,0.7289575300000011
1.733000000000001,0.7299370800000008
1.7340000000000013,0.7308441400000019
1.7350000000000012,0.732291100000002
1.736000000000001,0.7341118798290196
1.737000000000001,0.7362101700000029
1.7380000000000013,0.7388330100000028
1.7390000000000012,0.7413687100000032
1.740000000000001,0.7442145900000028
1.741000000000001,0.7467351379452082
1.7420000000000013,0.7493850600000028
1.7430000000000012,0.751469550000002
1.744000000000001,0.7532700300000016
1.745000000000001,0.7546252000000008
1.7460000000000013,0.7555267498450167
1.7470000000000012,0.7559872900000003
1.748000000000001,0.7562299999999998
1.749000000000001,0.7560393199999996
1.7500000000000013,0.7556993399999996
1.7510000000000012,0.7553762799999995
1.7520000000000011,0.7549346699999998
1.753000000000001,0.75473917
1.7540000000000013,0.754703950001
1.7550000000000012,0.7548039600000005
1.7560000000000011,0.7551628400000004
1.757000000000001,0.7555345300000006
1.7580000000000013,0.7560196500000009
1.7590000000000012,0.7566987957784229
1.7600000000000011,0.7573565800000007
1.761000000000001,0.7580732700000008
1.7620000000000013,0.7587906700000009
1.7630000000000012,0.7593408800000006
1.7640000000000011,0.7598041436736331
1.765000000000001,0.7602043200000003
1.7660000000000013,0.7603655499999998
1.7670000000000012,0.7602819799999997
1.7680000000000011,0.7600623999999996
1.769000000000001,0.7596530109389057
1.7700000000000014,0.7593132299999994
1.7710000000000012,0.7588977799999995
1.7720000000000011,0.7585593499999995
1.773000000000001,0.7582663899999996
1.7740000000000014,0.7579429699999997
1.7750000000000012,0.7576818499999995
1.7760000000000011,0.7573887699999996
1.777000000000001,0.7570381799999997
1.7780000000000014,0.7567445599999997
1.7790000000000012,0.7565216999999996
1.7800000000000011,0.7561777799999996
1.781000000000001,0.7557719299999995
1.7820000000000014,0.755365371211878
1.7830000000000013,0.7547774899999997
1.7840000000000011,0.7545170799999997
1.785000000000001,0.7542798500000002
1.7860000000000014,0.7544735700000008
1.7870000000000013,0.7550201995090497
1.7880000000000011,0.755615290000001
1.789000000000001,0.7565382100000008
1.7900000000000014,0.7573826300000012
1.7910000000000013,0.7582945200000012
1.7920000000000011,0.7591833811138895
1.793000000000001,0.7602824600000005
1.7940000000000014,0.7608579400000004
1.7950000000000013,0.7611937499999998
1.7960000000000012,0.7610428899999995
1.797000000000001,0.7605889853904605
1.7980000000000014,0.7600572699999991
1.7990000000000013,0.7594230199999991
1.8000000000000012,0.7585738899999996
1.801000000000001,0.7582801599999998
1.8020000000000014,0.7581211300000006
1.8030000000000013,0.7585130900000012
1.8040000000000012,0.7595781100000013
1.805000000000001,0.7608264031756842
1.8060000000000014,0.7625581600000024
1.8070000000000013,0.7643778900000032
1.8080000000000012,0.7667542100000021
1.809000000000001,0.7686449300000018
1.8100000000000014,0.7706387398720149
1.8110000000000013,0.7721374600000015
1.8120000000000012,0.7732162500000012
1.813000000000001,0.7740226400000004
1.8140000000000014,0.7745310100000002
1.8150000000000013,0.7747123618648137
1.8160000000000012,0.7743482599999998
1.817000000000001,0.7741443499999993
1.8180000000000014,0.7734870300000001
1.8190000000000013,0.7735478300000004
1.8200000000000012,0.7737883059524051
1.821000000000001,0.7745250500000014
1.8220000000000014,0.7757743600000023
1.8230000000000013,0.7772616700000021
1.8240000000000012,0.779175700000002
1.825000000000001,0.7810913300000025
1.8260000000000014,0.7833619700000034
1.8270000000000013,0.7855977400000026
1.8280000000000012,0.7875377601919831
1.829000000000001,0.7894396800000018
1.8300000000000014,0.791024210000004
1.8310000000000013,0.7939990800000011
1.8320000000000012,0.7948130400000013
1.833000000000001,0.7957983370922919
1.8340000000000014,0.7967692600000009
1.8350000000000013,0.7974442800000003
1.8360000000000012,0.7976571300000007
1.837000000000001,0.7981218700000003
1.8380000000000014,0.7984089012968708
1.8390000000000013,0.7985885100000002
1.8400000000000012,0.79876357
1.841000000000001,0.79881281
1.8420000000000014,0.79878998
1.8430000000000013,0.7987870002979702
1.8440000000000012,0.7987208999999997
1.845000000000001,0.79847705
1.8460000000000014,0.7985068000000002
1.8470000000000013,0.79858881
1.8480000000000012,0.7986135500000002
1.849000000000001,0.79884696
1.8500000000000014,0.7988308099999996
1.8510000000000013,0.7985093599999995
1.8520000000000012,0.7982017999999997
1.853000000000001,0.7980487299999995
1.8540000000000014,0.7975822099999988
1.8550000000000013,0.796758349999999
1.8560000000000012,0.7960209360963891
1.857000000000001,0.7949818999999987
1.8580000000000014,0.7937961199999992
1.8590000000000013,0.7931808799999992
1.8600000000000012,0.7926351399999995
1.861000000000001,0.7921693071922805
1.8620000000000014,0.7919412299999999
1.8630000000000013,0.79186934
1.8640000000000012,0.7918552200000002
1.865000000000001,0.7920689600000008
1.8660000000000014,0.7927617907169294
1.8670000000000013,0.793427940000001
1.8680000000000012,0.7941982200000006
1.869000000000001,0.7947789999999997
1.8700000000000014,0.7945232999999992
1.8710000000000013,0.7938263496950296
1.8720000000000012,0.793138269999998
1.873000000000001,0.791615549999999
1.8740000000000014,0.790476919999999
1.8750000000000013,0.7896993799999993
1.8760000000000012,0.7891836199999996
1.8770000000000011,0.7889699900000001
1.8780000000000014,0.7890805000000009
1.8790000000000013,0.7896706441445862
1.8800000000000012,0.7902120900000011
1.8810000000000011,0.7910183700000015
1.8820000000000014,0.7924477500000019
1.8830000000000013,0.793647410000002
1.8840000000000012,0.7951415178802135
1.8850000000000011,0.7963203200000002
1.8860000000000015,0.7964817900000006
1.8870000000000013,0.796908800000001
1.8880000000000012,0.7974728900000007
1.8890000000000011,0.7980893783511656
1.8900000000000015,0.7987206600000009
1.8910000000000013,0.7992807600000006
1.8920000000000012,0.7996839300000004
1.8930000000000011,0.7999549500000006
1.8940000000000015,0.8004652989651042
1.8950000000000014,0.8016554700000015
1.8960000000000012,0.8027085100000011
1.8970000000000011,0.8035007700000012
1.8980000000000015,0.8044053900000011
1.8990000000000014,0.8052587500000012
1.9000000000000012,0.8062139200000015
1.9010000000000011,0.8072777400000012
1.9020000000000015,0.8083630800000016
1.9030000000000014,0.8093624700000004
1.9040000000000012,0.80966812
1.9050000000000011,0.8096784399999996
1.9060000000000015,0.8092964299999993
1.9070000000000014,0.8088663285371456
1.9080000000000013,0.8083516999999992
1.9090000000000011,0.8076810799999994
1.9100000000000015,0.8070681099999987
1.9110000000000014,0.8062454499999986
1.9120000000000013,0.8051384657424243
1.9130000000000011,0.8038958899999982
1.9140000000000015,0.8022715399999973
1.9150000000000014,0.8003023299999978
1.9160000000000013,0.7986872199999983
1.9170000000000011,0.7973442242995685
1.9180000000000015,0.7958370999999985
1.9190000000000014,0.7947317999999983
1.9200000000000013,0.7935194999999973
1.9210000000000012,0.791553259999998
1.9220000000000015,0.7897538599400034
1.9230000000000014,0.7881880999999981
1.9240000000000013,0.7868095599999982
1.9250000000000012,0.7852283099999983
1.9260000000000015,0.7836697699999979
1.9270000000000014,0.7823436299999975
1.9280000000000013,0.7808046299999983
1.9290000000000012,0.7792984799999986
1.9300000000000015,0.777992428633135
1.9310000000000014,0.776778759999998
1.9320000000000013,0.7752542499999984
1.9330000000000012,0.7739949199999991
1.9340000000000015,0.7731889499999991
1.9350000000000014,0.7725068153704618
1.9360000000000013,0.7717605199999993
1.9370000000000012,0.7712653299999995
1.9380000000000015,0.7709023999999994
1.9390000000000014,0.7705182999999999
1.9400000000000013,0.7703430275272471
1.9410000000000012,0.7706003800000003
1.9420000000000015,0.7708377800000006
1.9430000000000014,0.7712081700000004
1.9440000000000013,0.7715240100000004
1.9450000000000012,0.7718101413868617
1.9460000000000015,0.7720432300000002
1.9470000000000014,0.7721633900000001
1.9480000000000013,0.7722066000000001
1.9490000000000012,0.7722604900000002
1.9500000000000015,0.7724764300000001
1.9510000000000014,0.7725767499999999
1.9520000000000013,0.7725250099999998
1.9530000000000012,0.7724798901369863
1.9540000000000015,0.7724812599999996
1.9550000000000014,0.7722664499999998
1.9560000000000013,0.7721378799999996
1.9570000000000012,0.7718082099999987
1.9580000000000015,0.7708344815428443
1.9590000000000014,0.7699499099999989
1.9600000000000013,0.7691417899999988
1.9610000000000012,0.768205229999999
1.9620000000000015,0.7674362699999989
1.9630000000000014,0.7666961140155973
1.9640000000000013,0.7659807199999992
1.9650000000000012,0.7654040499999992
1.9660000000000015,0.7647467299999992
1.9670000000000014,0.764171179999999
1.9680000000000013,0.7634965274652527
1.9690000000000012,0.762508089999999
1.9700000000000015,0.7615616899999985
1.9710000000000014,0.7606008099999986
1.9720000000000013,0.7596554199999989
1.9730000000000012,0.758826019999999
1.9740000000000015,0.7578838499999988
1.9750000000000014,0.7571279999999992
1.9760000000000013,0.7565461999999992
1.9770000000000012,0.7559803099999994
1.9780000000000015,0.7555810799999996
1.9790000000000014,0.7552555799999996
1.9800000000000013,0.7549171399999995
1.9810000000000012,0.7545924866813319
1.9820000000000015,0.7546592999999997
1.9830000000000014,0.7544782799999993
1.9840000000000013,0.7539665099999993
1.9850000000000012,0.7534185599999993
1.9860000000000015,0.7528297606849301
1.9870000000000014,0.7519366099999983
1.9880000000000013,0.750883459999999
1.9890000000000012,0.7499539299999989
1.9900000000000015,0.748958829999998
1.9910000000000014,0.7476574301399841
1.9920000000000013,0.7463109499999986
1.9930000000000012,0.7452502299999986
1.9940000000000015,0.7439274199999971
1.9950000000000014,0.7421017899999978
1.9960000000000013,0.740442505928405
1.9970000000000012,0.7387143999999976
1.9980000000000016,0.7368806599999981
1.9990000000000014,0.7354841199999979
2.0000000000000013,0.7339014999999974
2.0010000000000012,0.7320213101439689
2.0020000000000016,0.7300227498560259
2.0030000000000014,0.7279265499999967
2.0040000000000013,0.7255250283093354
2.0050000000000012,0.7232081216906594
2.0060000000000016,0.720787109999996
2.0070000000000014,0.7185302999999955
2.0080000000000013,0.7159787226114753
2.0090000000000012,0.7140048373885202
2.0100000000000016,0.7127298699999981
2.0110000000000015,0.7116827589102174
2.0120000000000013,0.7112718610897815
2.0130000000000012,0.7111219800000003
2.0140000000000016,0.7112733286882627
2.0150000000000015,0.711460211311738
2.0160000000000013,0.7117911000000008
2.0170000000000012,0.7123650900000006
2.0180000000000016,0.7127611223055393
2.0190000000000015,0.7129841776944614
2.0200000000000014,0.71315938
2.0210000000000012,0.7131647620375926
2.0220000000000016,0.7132851379624078
2.0230000000000015,0.7133722900000002
2.0240000000000014,0.7135349850639876
2.0250000000000012,0.7138856249360132
2.0260000000000016,0.7142425200000005
2.0270000000000015,0.7145789300000006
2.0280000000000014,0.7149814597470259
2.0290000000000012,0.7154038500000006
2.0300000000000016,0.715939880000001
2.0310000000000015,0.7165202488602289
2.0320000000000014,0.717108851139773
2.0330000000000013,0.717703160000001
2.0340000000000016,0.7184733231673676
2.0350000000000015,0.7191049968326344
2.0360000000000014,0.7195101400000007
2.0370000000000013,0.7199786874355135
2.0380000000000016,0.7205530425644879
2.0390000000000015,0.7208733000000005
2.0400000000000014,0.7212474300000002
2.0410000000000013,0.7214021801209752
2.0420000000000016,0.7209033898790235
2.0430000000000015,0.7204682799999995
2.0440000000000014,0.720120146837632
2.0450000000000013,0.7196885231623671
2.0460000000000016,0.7193171399999991
2.0470000000000015,0.7188383924335124
2.0480000000000014,0.7182627275664858
2.0490000000000013,0.7176859399999989
2.0500000000000016,0.7168459899999985
2.0510000000000015,0.7159846661323854
2.0520000000000014,0.7148464899999981
2.0530000000000013,0.7134296299999977
2.0540000000000016,0.7116760216586647
2.0550000000000015,0.7094926083413284
2.0560000000000014,0.7070935399999961
2.0570000000000013,0.7041366749500065
2.0580000000000016,0.7011861750499856
2.0590000000000015,0.6978662599999959
2.0600000000000014,0.6947976430853796
2.0610000000000013,0.6919284969146128
2.0620000000000016,0.6891311999999963
2.0630000000000015,0.6870653599999976
2.0640000000000014,0.6853126625414907
2.0650000000000013,0.684438077458507
2.0660000000000016,0.684603510000001
2.0670000000000015,0.6851952774245181
2.0680000000000014,0.6870695225754877
2.0690000000000013,0.6888441400000029
2.0700000000000016,0.6910315288192392
2.0710000000000015,0.6929197211807666
2.0720000000000014,0.6947662200000019
2.0730000000000013,0.6961545900000008
2.0740000000000016,0.6967758829887016
2.0750000000000015,0.6971057700000001
2.0760000000000014,0.6971520199999993
2.0770000000000013,0.6966632730133961
2.0780000000000016,0.6955934069866012
2.0790000000000015,0.6942848599999978
2.0800000000000014,0.6925765175404878
2.0810000000000013,0.6900519224595043
2.0820000000000016,0.6873851399999947
2.0830000000000015,0.6844542570905771
2.0840000000000014,0.6814251629094136
2.0850000000000013,0.6784703699999955
2.0860000000000016,0.6751717899999934
2.0870000000000015,0.6714443396910558
2.0880000000000014,0.6677412503089326
2.0890000000000013,0.6636401999999945
2.0900000000000016,0.6595452133443249
2.0910000000000015,0.655678656655663
2.0920000000000014,0.6518706099999948
2.0930000000000013,0.6479242788272301
2.0940000000000016,0.6441125511727597
2.0950000000000015,0.6404257999999953
2.0960000000000014,0.6368623399999956
2.0970000000000013,0.6336033167973166
2.0980000000000016,0.6304712899999964
2.0990000000000015,0.6277067699999967
2.1000000000000014,0.6252920358418284
2.1010000000000013,0.6232504541581653
2.1020000000000016,0.6216046799999976
2.1030000000000015,0.6202372693531281
2.1040000000000014,0.6194308006468694
2.1050000000000013,0.6187032499999995
2.1060000000000016,0.6182549771705652
2.1070000000000015,0.6178266828294334
2.1080000000000014,0.6175432799999995
2.1090000000000013,0.6171077499999995
2.1100000000000017,0.6167883973495293
2.1110000000000015,0.616261892650469
2.1120000000000014,0.6149416599999984
2.1130000000000013,0.6137911349969996
2.1140000000000017,0.612841105002998
2.1150000000000015,0.6117172799999984
2.1160000000000014,0.6104426776244738
2.1170000000000013,0.6096189223755236
2.1180000000000017,0.6083227999999979
2.1190000000000015,0.606711269999997
2.1200000000000014,0.6044664250739811
2.1210000000000013,0.601917164926011
2.1220000000000017,0.5985658199999928
2.1230000000000016,0.5944965816566606
2.1240000000000014,0.5895131483433238
2.1250000000000013,0.5834616999999911
2.1260000000000017,0.5767819089901892
2.1270000000000016,0.5688718110097862
2.1280000000000014,0.560566659999988
2.1290000000000013,0.5515633626354622
2.1300000000000017,0.5423897173645135
2.1310000000000016,0.5324552699999828
2.1320000000000014,0.5227425699999836
2.1330000000000013,0.5134843208128266
2.1340000000000017,0.5041924491871487
2.1350000000000016,0.4954984499999853
2.1360000000000015,0.48724379294239933
2.1370000000000013,0.4796732170575772
2.1380000000000017,0.47234642999998894
2.1390000000000016,0.4661306997560401
2.1400000000000015,0.46072826024394314
2.1410000000000013,0.4565445799999964
2.1420000000000017,0.45386814999999686
2.1430000000000016,0.4521016606238744
2.1440000000000015,0.451607899376124
2.1450000000000014,0.4518981300000022
2.1460000000000017,0.4535372961817667
2.1470000000000016,0.4553991138182391
2.1480000000000015,0.45827159000000367
2.1490000000000014,0.4610194320545926
2.1500000000000017,0.46403997794541546
2.1510000000000016,0.46644723000000426
2.1520000000000015,0.4688402700000026
2.1530000000000014,0.47030726330067213
2.1540000000000017,0.47048735999999886
2.1550000000000016,0.46982320999999727
2.1560000000000015,0.46828767460807363
2.1570000000000014,0.4653337553919172
2.1580000000000017,0.4620557399999926
2.1590000000000016,0.4578979752849365
2.1600000000000015,0.4538508247150509
2.1610000000000014,0.4493983999999946
2.1620000000000017,0.4453300761327676
2.1630000000000016,0.4416914038672211
2.1640000000000015,0.43827634999999615
2.1650000000000014,0.43540039999999625
2.1660000000000017,0.432623313169362
2.1670000000000016,0.43005500683063
2.1680000000000015,0.42758476999999706
2.1690000000000014,0.42537415819035923
2.1700000000000017,0.4230560618096346
2.1710000000000016,0.4210832399999957
2.1720000000000015,0.4186465942071546
2.1730000000000014,0.41618866579283775
2.1740000000000017,0.41302784999999315
2.1750000000000016,0.40917321999999196
2.1760000000000015,0.40463472384960825
2.1770000000000014,0.39883645999999157
2.1780000000000017,0.3924975999999883
2.1790000000000016,0.3859353290681733
2.1800000000000015,0.37782601093180146
2.1810000000000014,0.3708903199999902
2.1820000000000017,0.3635363983193277
2.1830000000000016,0.3583195916806561
2.1840000000000015,0.35483860999999806
2.1850000000000014,0.35337694865627073
2.1860000000000017,0.35506351134373454
2.1870000000000016,0.35778618000000917
2.1880000000000015,0.36295378000000744
2.1890000000000014,0.3685493681093857
2.1900000000000017,0.37503046189063444
2.1910000000000016,0.38163933000001293
2.1920000000000015,0.38893073811738765
2.1930000000000014,0.3958119118826337
2.1940000000000017,0.402379210000011
2.1950000000000016,0.4085699309218247
2.1960000000000015,0.41417914907819275
2.1970000000000014,0.419265510000006
2.1980000000000017,0.4237815100000074
2.1990000000000016,0.4279651802969753
2.2000000000000015,0.43106815000000415
2.2010000000000014,0.43418375000000375
2.2020000000000017,0.4370149663067434
2.2030000000000016,0.43997803369326577
2.2040000000000015,0.44332021000000466
2.2050000000000014,0.4468160171295802
2.2060000000000017,0.45058731287043324
2.2070000000000016,0.4548241200000075
2.2080000000000015,0.45903806287143323
2.2090000000000014,0.4636667771285812
2.2100000000000017,0.46786857000000714
2.2110000000000016,0.47189710000000623
2.2120000000000015,0.47543838502899893
2.2130000000000014,0.47838867497101023
2.2140000000000017,0.4808939100000038
2.2150000000000016,0.48305774776844884
2.2160000000000015,0.48463543223155603
2.2170000000000014,0.48548052000000075
2.2180000000000017,0.48603916920915735
2.2190000000000016,0.4855312607908411
2.2200000000000015,0.4852622999999992
2.2210000000000014,0.4846704299999999
2.2220000000000018,0.48460608720328013
2.2230000000000016,0.4848781200000013
2.2240000000000015,0.4858367700000029
2.2250000000000014,0.4880431649290181
2.2260000000000018,0.4904924550709905
2.2270000000000016,0.4941499200000062
2.2280000000000015,0.4976221117506562
2.2290000000000014,0.501539618249356
2.2300000000000018,0.5047982900000043
2.2310000000000016,0.5072377395950841
2.2320000000000015,0.5091336904049218
2.2330000000000014,0.5098348299999997
2.2340000000000018,0.5096777700000007
2.2350000000000017,0.510044583391322
2.2360000000000015,0.5101784966086785
2.2370000000000014,0.5107583400000018
2.2380000000000018,0.5120712821645695
2.2390000000000017,0.5135929278354352
2.2400000000000015,0.5161625700000021
2.2410000000000014,0.5177328000160006
2.2420000000000018,0.5201329599840079
2.2430000000000017,0.5203779899999974
2.2440000000000015,0.5184394099999954
2.2450000000000014,0.514957014342121
2.2460000000000018,0.5084004356578556
2.2470000000000017,0.5013784799999835
2.2480000000000016,0.4921512594191023
2.2490000000000014,0.48354545058087095
2.2500000000000018,0.47414925999998614
2.2510000000000017,0.46632909177363513
2.2520000000000016,0.4600468282263454
2.2530000000000014,0.4552518099999962
2.254000000000002,0.45243527544590884
2.2550000000000017,0.45118973455408734
2.2560000000000016,0.45238534000000347
2.2570000000000014,0.4543382500000064
2.258000000000002,0.4579414555448979
2.2590000000000017,0.46219690445511535
2.2600000000000016,0.46737957000000907
2.2610000000000015,0.47247708290742874
2.262000000000002,0.4788061570925937
2.2630000000000017,0.4844245900000079
2.2640000000000016,0.4889044835203023
2.2650000000000015,0.49283968647970994
2.266000000000002,0.49560496000000387
2.2670000000000017,0.49780759000000274
2.2680000000000016,0.49934565474605264
2.2690000000000015,0.5004931152539509
2.270000000000002,0.5007581700000004
2.2710000000000017,0.5010066487672464
2.2720000000000016,0.5008943212327532
2.2730000000000015,0.5008552699999981
2.274000000000002,0.4994080782823399
2.2750000000000017,0.4971909017176531
2.2760000000000016,0.49352111999998954
2.2770000000000015,0.48764788999998826
2.278000000000002,0.48105755903308395
2.2790000000000017,0.4723178099999859
2.2800000000000016,0.464379969999984
2.2810000000000015,0.4553883172265433
2.282000000000002,0.44836058277343166
2.2830000000000017,0.4429732599999939
2.2840000000000016,0.4395494806048776
2.2850000000000015,0.43865552939511965
2.286000000000002,0.43934059000000664
2.2870000000000017,0.44307654598181034
2.2880000000000016,0.4472363640182026
2.2890000000000015,0.4535215800000075
2.290000000000002,0.4591528800000105
2.2910000000000017,0.46507204541892355
2.2920000000000016,0.4696262345810906
2.2930000000000015,0.47329110000000246
2.294000000000002,0.4751157068486296
2.2950000000000017,0.4746841931513691
2.2960000000000016,0.47272973999999185
2.2970000000000015,0.4681313672475414
2.298000000000002,0.4625038427524386
2.2990000000000017,0.45563652999998583
2.3000000000000016,0.44766675999998284
2.3010000000000015,0.4379979168842971
2.302000000000002,0.4282017399999792
2.3030000000000017,0.4164792899999809
2.3040000000000016,0.40571556924613367
2.3050000000000015,0.3951080307538334
2.306000000000002,0.38602992999998637
2.3070000000000017,0.3783368900999707
2.3080000000000016,0.37253788990001135
2.3090000000000015,0.3698406199999979
2.310000000000002,0.368239627971407
2.3110000000000017,0.36901934202859576
2.3120000000000016,0.3706147700000043
2.3130000000000015,0.3730370700000039
2.314000000000002,0.3759377846990659
2.3150000000000017,0.3794847753009467
2.3160000000000016,0.3833539800000076
2.3170000000000015,0.3876231720715927
2.318000000000002,0.3919438879284227
2.3190000000000017,0.39647698000000814
2.3200000000000016,0.401068663749257
2.3210000000000015,0.4053061562507562
2.322000000000002,0.40979323000000734
2.3230000000000017,0.41391259000000835
2.3240000000000016,0.4186020001769912
2.3250000000000015,0.4241037700000078
2.326000000000002,0.4299705600000118
2.3270000000000017,0.4366121486032917
2.3280000000000016,0.44429818139673216
2.3290000000000015,0.45292172000001224
2.330000000000002,0.4620758636602888
2.3310000000000017,0.4722124663397517
2.3320000000000016,0.482835170000018
2.3330000000000015,0.4929918947160727
2.334000000000002,0.5028390552839623
2.3350000000000017,0.5119474500000151
2.3360000000000016,0.5204668000000132
2.3370000000000015,0.5278914004959115
2.338000000000002,0.534496359504112
2.3390000000000017,0.5399611600000066
2.3400000000000016,0.5436293089102231
2.3410000000000015,0.5468184110897868
2.342000000000002,0.5493499000000033
2.3430000000000017,0.5511967924525112
2.3440000000000016,0.552221317547492
2.3450000000000015,0.55304086
2.346000000000002,0.5530709
2.3470000000000018,0.5530779326427366
2.3480000000000016,0.5536043599999998
2.3490000000000015,0.5534627999999988
2.350000000000002,0.5525828842761428
2.3510000000000018,0.5516256457238534
2.3520000000000016,0.550316449999997
2.3530000000000015,0.5486550640001967
2.354000000000002,0.546595065999796
2.3550000000000018,0.5447046199999962
2.3560000000000016,0.5425741970385888
2.3570000000000015,0.5404445829614045
2.358000000000002,0.538729609999997
2.3590000000000018,0.5370681299999968
2.3600000000000017,0.5352839106798609
2.3610000000000015,0.5333907093201331
2.362000000000002,0.5318024199999969
2.3630000000000018,0.5300253932193528
2.3640000000000017,0.5279575867806409
2.3650000000000015,0.5255322499999964
2.366000000000002,0.5227922962667407
2.3670000000000018,0.5199549637332479
2.3680000000000017,0.5166588399999955
2.3690000000000015,0.513319249999995
2.370000000000002,0.5095462081633609
2.3710000000000018,0.5064278418366266
2.3720000000000017,0.5035058299999959
2.3730000000000016,0.5011744248360315
2.374000000000002,0.5003227851639656
2.3750000000000018,0.4993925399999981
2.3760000000000017,0.498328528479303
2.3770000000000016,0.4976133215206948
2.378000000000002,0.4973277399999994
2.379000000000002,0.49698882598280386
2.3800000000000017,0.4972486540171969
2.3810000000000016,0.49701827999999937
2.382000000000002,0.4966831199999967
2.383000000000002,0.49521535904818714
2.3840000000000017,0.49320584095180664
2.3850000000000016,0.48971589999999177
2.386000000000002,0.48507204063685905
2.387000000000002,0.4784784093631146
2.3880000000000017,0.46908333999998203
2.3890000000000016,0.4589514013037183
2.390000000000002,0.44596443869623553
2.391000000000002,0.43348943999997597
2.3920000000000017,0.41995489999998015
2.3930000000000016,0.408762912313521
2.394000000000002,0.39868604768644317
2.395000000000002,0.39146100999999417
2.3960000000000017,0.38817768331433555
2.3970000000000016,0.3872108266856614
2.398000000000002,0.38986868000000746
2.399000000000002,0.3940504849050302
2.4000000000000017,0.4009995350949914
2.4010000000000016,0.4087968200000158
2.4020000000000015,0.41769156000001695
2.403000000000002,0.42720857829818865
2.4040000000000017,0.43752798000001925
2.4050000000000016,0.4483575200000196
2.406000000000002,0.4593932854689305
2.407000000000002,0.4712479745311168
2.4080000000000017,0.484304820000023
2.4090000000000016,0.49725785599282496
2.4100000000000015,0.5118177840072203
2.411000000000002,0.52483243000002
2.4120000000000017,0.5360795253149543
2.4130000000000016,0.5468326746850791
2.414000000000002,0.5563449300000151
2.415000000000002,0.5648640400000148
2.4160000000000017,0.5731663379144281
2.4170000000000016,0.579945482085593
2.4180000000000015,0.5852598500000031
2.419000000000002,0.5875633368646299
2.4200000000000017,0.5893319831353756
2.4210000000000016,0.5909376100000007
2.422000000000002,0.5913021503479327
2.423000000000002,0.5924056296520718
2.4240000000000017,0.5936942099999996
2.4250000000000016,0.5934624699999984
2.4260000000000015,0.5925655096960291
2.427000000000002,0.5912443999999982
2.4280000000000017,0.590223129999999
2.4290000000000016,0.5896556263967194
2.430000000000002,0.588919593603278
2.431000000000002,0.5883813499999965
2.4320000000000017,0.5863899066626647
2.4330000000000016,0.5846565333373299
2.4340000000000015,0.5842213599999981
2.435000000000002,0.5828281780653862
2.4360000000000017,0.5824088319346122
2.4370000000000016,0.5824671999999961
2.438000000000002,0.5802955599999962
2.439000000000002,0.5780809187562482
2.4400000000000017,0.5777684812437507
2.4410000000000016,0.5778459299999976
2.4420000000000015,0.5765324109418085
2.443000000000002,0.5746418290581846
2.4440000000000017,0.5716066399999888
2.4450000000000016,0.565282130223945
2.446000000000002,0.5589843697760325
2.447000000000002,0.5534207799999855
2.4480000000000017,0.5453100199999845
2.4490000000000016,0.5366072987251146
2.4500000000000015,0.5285945499999887
2.451000000000002,0.5200967799999855
2.4520000000000017,0.5118982741391597
2.4530000000000016,0.5041396658608163
2.454000000000002,0.49641713999998793
2.455000000000002,0.4896249328304196
2.4560000000000017,0.4826532371695526
2.4570000000000016,0.4740504899999873
2.4580000000000015,0.46688162513996084
2.459000000000002,0.4599330248600145
2.4600000000000017,0.4535959399999966
2.4610000000000016,0.4516991999999953
2.462000000000002,0.4490378578634182
2.463000000000002,0.44461649213656407
2.4640000000000017,0.44111307999999183
2.4650000000000016,0.43650859727053876
2.4660000000000015,0.4320813027294475
2.467000000000002,0.4304985999999962
2.4680000000000017,0.42835424069685496
2.4690000000000016,0.42486120930313415
2.470000000000002,0.42160906999999437
2.471000000000002,0.41844322999999306
2.4720000000000018,0.41455126869212366
2.4730000000000016,0.4101381899999956
2.4740000000000015,0.40678819999999194
2.475000000000002,0.40073520783042665
2.4760000000000018,0.39721351216955925
2.4770000000000016,0.39842224000000337
2.478000000000002,0.40032465134774226
2.479000000000002,0.40603812865228067
2.4800000000000018,0.4128102400000074
2.4810000000000016,0.4169679674745101
2.4820000000000015,0.4200427125254995
2.483000000000002,0.42459780000000696
2.4840000000000018,0.42848995000000284
2.4850000000000017,0.4300783072575491
2.486000000000002,0.43045088274245225
2.487000000000002,0.427087839999998
2.4880000000000018,0.4259625324055226
2.4890000000000017,0.42828658759448457
2.4900000000000015,0.4280906900000006
2.491000000000002,0.4285554053919112
2.4920000000000018,0.4235093246080686
2.4930000000000017,0.4131011699999924
2.494000000000002,0.4073851099999916
2.495000000000002,0.402667543092369
2.4960000000000018,0.39659846690760675
2.4970000000000017,0.38964825999998404
2.4980000000000016,0.3806406380973687
2.499000000000002,0.3733216119026053
2.5000000000000018,0.37332067
2.5010000000000017,0.37332067
2.502000000000002,0.37332067
2.503000000000002,0.37332067
2.504000000000002,0.37332067
2.5050000000000017,0.37332067
2.5060000000000016,0.37332067
2.507000000000002,0.37332067
2.508000000000002,0.37332067
2.5090000000000017,0.37332067
2.510000000000002,0.37332067
2.511000000000002,0.37332067
2.512000000000002,0.37332067
2.5130000000000017,0.37332067
2.5140000000000016,0.37332067
2.515000000000002,0.37332067
2.516000000000002,0.37332067
2.5170000000000017,0.37332067
2.518000000000002,0.37332067
2.519000000000002,0.37332067
2.520000000000002,0.37332067
2.5210000000000017,0.37332067
2.5220000000000016,0.37332067
2.523000000000002,0.37332067
2.524000000000002,0.37332067
2.5250000000000017,0.37332067
2.526000000000002,0.37332067
2.527000000000002,0.37332067
2.528000000000002,0.37332067
2.5290000000000017,0.37332067
2.5300000000000016,0.37332067
2.531000000000002,0.37332067
2.532000000000002,0.37332067
2.5330000000000017,0.37332067
2.534000000000002,0.37332067
2.535000000000002,0.37332067
2.536000000000002,0.37332067
2.5370000000000017,0.37332067
2.5380000000000016,0.37332067
2.539000000000002,0.37332067
2.540000000000002,0.37332067
2.5410000000000017,0.37332067
2.542000000000002,0.37332067
2.543000000000002,0.37332067
2.544000000000002,0.37332067
2.5450000000000017,0.37332067
2.5460000000000016,0.37332067
2.547000000000002,0.37332067
2.548000000000002,0.37332067
2.5490000000000017,0.37332067
2.550000000000002,0.37332067
2.551000000000002,0.37332067
2.552000000000002,0.37332067
2.5530000000000017,0.37332067
2.5540000000000016,0.37332067
2.555000000000002,0.37332067
2.556000000000002,0.37332067
2.5570000000000017,0.37332067
2.558000000000002,0.37332067
2.559000000000002,0.37332067
2.560000000000002,0.37332067
2.5610000000000017,0.37332067
2.5620000000000016,0.37332067
2.563000000000002,0.37332067
2.564000000000002,0.37332067
2.5650000000000017,0.37332067
2.566000000000002,0.37332067
2.567000000000002,0.37332067
2.568000000000002,0.37332067
2.5690000000000017,0.37332067
2.5700000000000016,0.37332067
2.571000000000002,0.37332067
2.572000000000002,0.37332067
2.5730000000000017,0.37332067
2.574000000000002,0.37332067
2.575000000000002,0.37332067
2.576000000000002,0.37332067
2.5770000000000017,0.37332067
2.5780000000000016,0.37332067
2.579000000000002,0.37332067
2.580000000000002,0.37332067
2.5810000000000017,0.37332067
2.582000000000002,0.37332067
2.583000000000002,0.37332067
2.584000000000002,0.37332067
2.5850000000000017,0.37332067
2.5860000000000016,0.37332067
2.587000000000002,0.37332067
2.588000000000002,0.37332067
2.5890000000000017,0.37332067
2.590000000000002,0.37332067
2.591000000000002,0.37332067
2.592000000000002,0.37332067
2.5930000000000017,0.37332067
2.5940000000000016,0.37332067
2.595000000000002,0.37332067
2.596000000000002,0.37332067
2.5970000000000018,0.37332067
2.598000000000002,0.37332067
2.599000000000002,0.37332067
