wave,r
0.4,0.850651620902982
0.401,0.8506777343820124
0.402,0.8511159356179877
0.403,0.85144079
0.404,0.8515980184277157
0.405,0.85145837
0.406,0.8513105498760025
0.40700000000000003,0.8512981501239975
0.40800000000000003,0.8514376918637627
0.40900000000000003,0.8516240681362373
0.41000000000000003,0.85176998
0.41100000000000003,0.8519136885629143
0.41200000000000003,0.85213625
0.41300000000000003,0.8521615299338006
0.41400000000000003,0.85215491
0.41500000000000004,0.8521714836668267
0.41600000000000004,0.8525381663331734
0.41700000000000004,0.85266256
0.41800000000000004,0.8526341302842971
0.41900000000000004,0.85282135
0.42000000000000004,0.8528073397121029
0.42100000000000004,0.85277855
0.42200000000000004,0.8528732134110318
0.42300000000000004,0.8532143165889682
0.42400000000000004,0.8533695896376072
0.42500000000000004,0.8533333503623928
0.42600000000000005,0.85353917
0.42700000000000005,0.8535900699219008
0.42800000000000005,0.85358226
0.42900000000000005,0.8536186811950761
0.43000000000000005,0.8537381888049239
0.43100000000000005,0.853863061102078
0.43200000000000005,0.853973268897922
0.43300000000000005,0.85411966
0.43400000000000005,0.8541767001334987
0.43500000000000005,0.85419005
0.43600000000000005,0.8542748110597789
0.43700000000000006,0.8543807889402212
0.43800000000000006,0.854459820198496
0.43900000000000006,0.854479669801504
0.44000000000000006,0.8545115
0.44100000000000006,0.8545938091769082
0.44200000000000006,0.85471928
0.44300000000000006,0.8548455194654108
0.44400000000000006,0.8547920605345892
0.44500000000000006,0.8547526619168617
0.44600000000000006,0.8549443480831384
0.44700000000000006,0.85507011
0.44800000000000006,0.8551412792883071
0.44900000000000007,0.85515898
0.45000000000000007,0.8551831807164857
0.45100000000000007,0.8552548292835144
0.45200000000000007,0.8553590211753764
0.45300000000000007,0.8554765588246236
0.45400000000000007,0.85560888
0.45500000000000007,0.8557375087137129
0.45600000000000007,0.85585475
0.4570000000000001,0.8558794908439915
0.4580000000000001,0.85596389
0.4590000000000001,0.8560835104875903
0.4600000000000001,0.8561322695124098
0.4610000000000001,0.85622162
0.4620000000000001,0.8563170390458095
0.4630000000000001,0.85639256
0.4640000000000001,0.856463850711693
0.4650000000000001,0.85653502
0.4660000000000001,0.8566086908946821
0.4670000000000001,0.8566981591053179
0.4680000000000001,0.8567891708833824
0.4690000000000001,0.8568775091166176
0.4700000000000001,0.85695851
0.4710000000000001,0.857081951102089
0.4720000000000001,0.85719216
0.4730000000000001,0.8572728607635848
0.4740000000000001,0.8573492192364153
0.4750000000000001,0.8574711113934721
0.4760000000000001,0.8576104586065278
0.4770000000000001,0.85769439
0.4780000000000001,0.857771691094389
0.4790000000000001,0.85788113
0.4800000000000001,0.8580516608069839
0.4810000000000001,0.8581323591930162
0.4820000000000001,0.8582605116349673
0.4830000000000001,0.8584240083650327
0.4840000000000001,0.85849422
0.4850000000000001,0.8586043088991111
0.4860000000000001,0.85874051
0.4870000000000001,0.8589043013398732
0.4880000000000001,0.8590382886601268
0.4890000000000001,0.8591210203135937
0.4900000000000001,0.8591523796864063
0.4910000000000001,0.85926121
0.4920000000000001,0.8593733288788112
0.4930000000000001,0.85950065
0.4940000000000001,0.8596795808665914
0.4950000000000001,0.85976624
0.4960000000000001,0.8598650115073699
0.4970000000000001,0.8600157484926302
0.4980000000000001,0.86014539
0.4990000000000001,0.8603089483644163
0.5000000000000001,0.86047798
0.5010000000000001,0.8605468314555291
0.5020000000000001,0.8606923841841908
0.5030000000000001,0.8608318572105395
0.5040000000000001,0.8609056492620926
0.5050000000000001,0.86105257
0.5060000000000001,0.861148950920354
0.5070000000000001,0.861194968619469
0.5080000000000001,0.8613084577301774
0.5090000000000001,0.8614166999999999
0.5100000000000001,0.861525061210012
0.5110000000000001,0.8616460624269029
0.5120000000000001,0.8617674075730971
0.5130000000000001,0.8618949687243873
0.5140000000000001,0.86203241
0.5150000000000001,0.8621394007099142
0.5160000000000001,0.8622103919097045
0.5170000000000001,0.8622740487268636
0.5180000000000001,0.8624023187172871
0.5190000000000001,0.8624839808207082
0.5200000000000001,0.862566052119494
0.5210000000000001,0.862672026820759
0.5220000000000001,0.8627398593216865
0.5230000000000001,0.86279243
0.5240000000000001,0.8628398808559086
0.5250000000000001,0.8629254712719491
0.5260000000000001,0.8629890687280509
0.5270000000000001,0.8630384195064951
0.5280000000000001,0.86307603
0.5290000000000001,0.8631084612612125
0.5300000000000001,0.8631715229269536
0.5310000000000001,0.8632690880486975
0.5320000000000001,0.863348419206692
0.5330000000000001,0.8634271607826078
0.5340000000000001,0.8635054215879205
0.5350000000000001,0.8635848176181191
0.5360000000000001,0.8636961588865778
0.5370000000000001,0.86379415
0.5380000000000001,0.8638633508434169
0.5390000000000001,0.8639476914303286
0.5400000000000001,0.8639953690464477
0.5410000000000001,0.8640303596500966
0.5420000000000001,0.86414421
0.5430000000000001,0.8642089408259588
0.5440000000000002,0.8642502387610619
0.5450000000000002,0.8642787294301943
0.5460000000000002,0.86435002
0.5470000000000002,0.8644243507206072
0.5480000000000002,0.86449641125155
0.5490000000000002,0.86455898874845
0.5500000000000002,0.8645981596082961
0.5510000000000002,0.86463767
0.5520000000000002,0.8647102107034141
0.5530000000000002,0.864780552018599
0.5540000000000002,0.8648478386542673
0.5550000000000002,0.8649113193651937
0.5560000000000002,0.8649662108643086
0.5570000000000002,0.865052641940703
0.5580000000000002,0.8651496770889456
0.5590000000000002,0.8652062388687887
0.5600000000000002,0.86526543
0.5610000000000002,0.8653388009668097
0.5620000000000002,0.8654354813983441
0.5630000000000002,0.8655053986016559
0.5640000000000002,0.8655691093628937
0.5650000000000002,0.86562705
0.5660000000000002,0.865673240802408
0.5670000000000002,0.8657133614177291
0.5680000000000002,0.8657606190548472
0.5690000000000002,0.865830059305593
0.5700000000000002,0.865893010597806
0.5710000000000002,0.8659527911599421
0.5720000000000002,0.866010788260087
0.5730000000000002,0.8660786693211865
0.5740000000000002,0.86615503
0.5750000000000002,0.8662350807587077
0.5760000000000002,0.8663109520731171
0.5770000000000002,0.866414607926883
0.5780000000000002,0.8665521686243862
0.5790000000000002,0.86673212
0.5800000000000002,0.8668195615092151
0.5810000000000002,0.8668950222546873
0.5820000000000002,0.8669701784968752
0.5830000000000002,0.86708391
0.5840000000000002,0.8670639391952919
0.5850000000000002,0.8669834677459126
0.5860000000000002,0.8668707633811309
0.5870000000000002,0.8667182315253306
0.5880000000000002,0.86659217
0.5890000000000002,0.8665100306420129
0.5900000000000002,0.8665742294438278
0.5910000000000002,0.8665556903707814
0.5920000000000002,0.866485890698007
0.5930000000000002,0.8663832524122242
0.5940000000000002,0.8666244755025249
0.5950000000000002,0.8668996017462128
0.5960000000000002,0.8671402251875518
0.5970000000000002,0.8672443000000001
0.5980000000000002,0.8673411008536085
0.5990000000000002,0.867426461127555
0.6000000000000002,0.867482838872445
0.6010000000000002,0.8674184706437065
0.6020000000000002,0.86734098
0.6030000000000002,0.8672982513124263
0.6040000000000002,0.867429488421179
0.6050000000000002,0.8673768610525474
0.6060000000000002,0.8671948918197182
0.6070000000000002,0.8672189717440175
0.6080000000000002,0.8673933732532374
0.6090000000000002,0.867556035120144
0.6100000000000002,0.8675582399779996
0.6110000000000002,0.86734039
0.6120000000000002,0.8672339905764058
0.6130000000000002,0.8672916342448302
0.6140000000000002,0.8675038757551699
0.6150000000000002,0.8676792382463825
0.6160000000000002,0.8678440999999999
0.6170000000000002,0.8680409246062462
0.6180000000000002,0.8682712357504124
0.6190000000000002,0.8684629161663917
0.6200000000000002,0.86858779
0.6210000000000002,0.8686928207772078
0.6220000000000002,0.8687705410943453
0.6230000000000002,0.8688252583584821
0.6240000000000002,0.8688650096024921
0.6250000000000002,0.86890763
0.6260000000000002,0.8689272997245946
0.6270000000000002,0.8688997595638218
0.6280000000000002,0.8688852202907855
0.6290000000000002,0.8688845600066001
0.6300000000000002,0.86889523
0.6310000000000002,0.868905370458777
0.6320000000000002,0.8689283093118344
0.6330000000000002,0.8689573394193942
0.6340000000000002,0.86898994
0.6350000000000002,0.8690066303076031
0.6360000000000002,0.869037390975161
0.6370000000000002,0.869086149024839
0.6380000000000002,0.8690936599248993
0.6390000000000002,0.86911434
0.6400000000000002,0.8691505205794117
0.6410000000000002,0.8692084618110094
0.6420000000000002,0.8692688287926603
0.6430000000000002,0.8693287994002941
0.6440000000000002,0.8693863705365054
0.6450000000000002,0.8694400212779361
0.6460000000000002,0.8695039180830958
0.6470000000000002,0.8695709693294866
0.6480000000000002,0.869591
0.6490000000000002,0.8696399905627057
0.6500000000000002,0.8696962609393625
0.6510000000000002,0.8697432290606376
0.6520000000000002,0.869772019712097
0.6530000000000002,0.86979622
0.6540000000000002,0.8698182707248072
0.6550000000000002,0.8698545103773812
0.6560000000000002,0.8698670897484125
0.6570000000000003,0.8698742399284993
0.6580000000000003,0.8699028500566006
0.6590000000000003,0.8699085102097895
0.6600000000000003,0.8699189996853157
0.6610000000000003,0.8699434997549951
0.6620000000000003,0.86996675
0.6630000000000003,0.8699802800780017
0.6640000000000003,0.8699880804346783
0.6650000000000003,0.8700025697102145
0.6660000000000003,0.8700276597490975
0.6670000000000003,0.87005717
0.6680000000000003,0.870089350560372
0.6690000000000003,0.870117369159442
0.6700000000000003,0.8701495493563937
0.6710000000000003,0.87018692
0.6720000000000003,0.8702350906318064
0.6730000000000003,0.8702982720895165
0.6740000000000003,0.8704027479104836
0.6750000000000003,0.8705959280681808
0.6760000000000003,0.87067455
0.6770000000000003,0.8706493387339747
0.6780000000000003,0.8705227369353532
0.6790000000000003,0.8704205820430978
0.6800000000000003,0.8703651405544055
0.6810000000000003,0.8703457101085011
0.6820000000000003,0.8703565602729862
0.6830000000000003,0.8703702095905205
0.6840000000000003,0.870390419595796
0.6850000000000003,0.87042093
0.6860000000000003,0.8704576501347013
0.6870000000000003,0.870471120102596
0.6880000000000003,0.870476249897404
0.6890000000000003,0.870546819294293
0.6900000000000003,0.8708247500000001
0.6910000000000003,0.8712978547165474
0.6920000000000003,0.872033660219889
0.6930000000000003,0.8720409898534074
0.6940000000000003,0.871660413805838
0.6950000000000003,0.8709863964958648
0.6960000000000003,0.8706359856156192
0.6970000000000003,0.8704167665765711
0.6980000000000003,0.8702690614770295
0.6990000000000003,0.87013578
0.7000000000000003,0.8699827780919808
0.7010000000000003,0.8697919752545897
0.7020000000000003,0.86955470474541
0.7030000000000003,0.8692199033480335
0.7040000000000003,0.8688178699999999
0.7050000000000003,0.8683467984664845
0.7060000000000003,0.8677701179568019
0.7070000000000003,0.867035344695465
0.7080000000000003,0.8662435999999998
0.7090000000000003,0.8654361929409291
0.7100000000000003,0.8647302883037846
0.7110000000000003,0.8641454775443227
0.7120000000000003,0.8637073043816875
0.7130000000000003,0.8636074100000001
0.7140000000000003,0.8638620451249026
0.7150000000000003,0.8643745435932206
0.7160000000000003,0.8651609842711868
0.7170000000000003,0.8660094015158154
0.7180000000000003,0.8667753965220655
0.7190000000000003,0.8674276012802362
0.7200000000000003,0.8679916130796462
0.7210000000000003,0.8684838301557017
0.7220000000000003,0.8689066800000002
0.7230000000000003,0.8692287222620226
0.7240000000000003,0.8694549230646775
0.7250000000000003,0.8696081569353226
0.7260000000000003,0.8696852292292923
0.7270000000000003,0.86971533
0.7280000000000003,0.8696865992084841
0.7290000000000003,0.8696074465972701
0.7300000000000003,0.8694940222684865
0.7310000000000003,0.8693614013262132
0.7320000000000003,0.8692108382654826
0.7330000000000003,0.869037386639568
0.7340000000000003,0.8688693650406479
0.7350000000000003,0.8687145715479309
0.7360000000000003,0.86857337
0.7370000000000003,0.8684450990343902
0.7380000000000003,0.8683485384586616
0.7390000000000003,0.8682714715413383
0.7400000000000003,0.8682031006837068
0.7410000000000003,0.86812764
0.7420000000000003,0.8680310775455754
0.7430000000000003,0.8679083588378581
0.7440000000000003,0.8678696207747613
0.7450000000000003,0.8679380999999999
0.7460000000000003,0.8680856218645188
0.7470000000000003,0.8682720732696365
0.7480000000000003,0.8684355550955453
0.7490000000000003,0.8685876684788697
0.7500000000000003,0.86873221
0.7510000000000003,0.8688904015599314
0.7520000000000003,0.8690463944736763
0.7530000000000003,0.8691955170175492
0.7540000000000003,0.8693111488436885
0.7550000000000003,0.86939764
0.7560000000000003,0.8694841923530824
0.7570000000000003,0.8696018464703765
0.7580000000000003,0.8696891082547826
0.7590000000000003,0.86975527
0.7600000000000003,0.8698023005549057
0.7610000000000003,0.8698577910345586
0.7620000000000003,0.8699095189654414
0.7630000000000003,0.869949759597596
0.7640000000000003,0.86995649
0.7650000000000003,0.8699689499844997
0.7660000000000003,0.8699673992293386
0.7670000000000003,0.8699417105137743
0.7680000000000003,0.8698946804703047
0.7690000000000003,0.8698344192692926
0.7700000000000004,0.8697613482250887
0.7710000000000004,0.8696726026623669
0.7720000000000004,0.8696187105389108
0.7730000000000004,0.86957389
0.7740000000000004,0.8695217394724948
0.7750000000000004,0.8694689890928363
0.7760000000000004,0.8694236309071637
0.7770000000000004,0.8693851803845039
0.7780000000000004,0.86934203
0.7790000000000004,0.8693062692465925
0.7800000000000004,0.869268598379781
0.7810000000000004,0.869214591080146
0.7820000000000004,0.8691399107468074
0.7830000000000004,0.8690661193335933
0.7840000000000004,0.8689994791632418
0.7850000000000004,0.8689576412551372
0.7860000000000004,0.8689133504429088
0.7870000000000004,0.86886364
0.7880000000000004,0.868798079195284
0.7890000000000004,0.8687176077186141
0.7900000000000004,0.868641561520924
0.7910000000000004,0.868581650599106
0.7920000000000004,0.86851424
0.7930000000000004,0.8684481986970651
0.7940000000000004,0.8683830519544024
0.7950000000000004,0.8683098014650147
0.7960000000000004,0.86824644
0.7970000000000004,0.8681763990218903
0.7980000000000004,0.8680785877982881
0.7990000000000004,0.8679685022017118
0.8000000000000004,0.867878620898809
0.8010000000000004,0.86781681
0.8020000000000004,0.8678146000739015
0.8030000000000004,0.8678219904844758
0.8040000000000004,0.8678381396770162
0.8050000000000004,0.8678666897144972
0.8060000000000004,0.8678771901823018
0.8070000000000004,0.867895420720164
0.8080000000000004,0.8679314289197539
0.8090000000000004,0.8679929387697878
0.8100000000000004,0.86806291
0.8110000000000004,0.8681449311265114
0.8120000000000004,0.8682575818549259
0.8130000000000004,0.8683503281450742
0.8140000000000004,0.8684426490767908
0.8150000000000004,0.86854768
0.8160000000000004,0.8686447716404164
0.8170000000000004,0.8687267920776961
0.8180000000000004,0.8687960486148694
0.8190000000000004,0.8688864690957909
0.8200000000000004,0.8689870210133103
0.8210000000000004,0.8690883518047098
0.8220000000000004,0.8691785872929354
0.8230000000000004,0.8692638291475829
0.8240000000000004,0.8693462
0.8250000000000004,0.8694258905138051
0.8260000000000004,0.8694772710203592
0.8270000000000004,0.8695282889796409
0.8280000000000004,0.8695808594742948
0.8290000000000004,0.86963892
0.8300000000000004,0.8696752206926069
0.8310000000000004,0.8697098512731364
0.8320000000000004,0.8697522891512425
0.8330000000000004,0.86976767
0.8340000000000004,0.8697952003821037
0.8350000000000004,0.8698334106687666
0.8360000000000004,0.8698668489968502
0.8370000000000004,0.8699397392710854
0.8380000000000004,0.87003022
0.8390000000000004,0.8701221309275187
0.8400000000000004,0.870214881820309
0.8410000000000004,0.8702755587864607
0.8420000000000004,0.8702978497770978
0.8430000000000004,0.8702914697192972
0.8440000000000004,0.8702633989544523
0.8450000000000004,0.8702111215683216
0.8460000000000004,0.8701196318298183
0.8470000000000004,0.8700106699999999
0.8480000000000004,0.8698657780591805
0.8490000000000004,0.8696716952901881
0.8500000000000004,0.8694362047098114
0.8510000000000004,0.8691401529605295
0.8520000000000004,0.8687828799999998
0.8530000000000004,0.8683380448267963
0.8540000000000004,0.8678207225039746
0.8550000000000004,0.8672375216640166
0.8560000000000004,0.8665733366418662
0.8570000000000004,0.8657323599195988
0.8580000000000004,0.864724316148592
0.8590000000000004,0.8635317457771106
0.8600000000000004,0.8619461858557165
0.8610000000000004,0.859995129999999
0.8620000000000004,0.8577371539138381
0.8630000000000004,0.8551285302449889
0.8640000000000004,0.8521407797550085
0.8650000000000004,0.8488369330385291
0.8660000000000004,0.8452001799999982
0.8670000000000004,0.8412106386365845
0.8680000000000004,0.8371424691741394
0.8690000000000004,0.8331149405505707
0.8700000000000004,0.8294823799999986
0.8710000000000004,0.8265884285194841
0.8720000000000004,0.8244403960925948
0.8730000000000004,0.8232450258611064
0.8740000000000004,0.8237203952458051
0.8750000000000004,0.8252103900000011
0.8760000000000004,0.8276473029804613
0.8770000000000004,0.830945349490927
0.8780000000000004,0.8342617136727178
0.8790000000000004,0.8375158574585759
0.8800000000000004,0.8405888700000013
0.8810000000000004,0.8434591859206051
0.8820000000000005,0.8462552161190953
0.8830000000000005,0.8489886553312546
0.8840000000000005,0.8516150700000011
0.8850000000000005,0.8540331319037202
0.8860000000000005,0.8562234961179561
0.8870000000000005,0.8580293938820455
0.8880000000000005,0.859346196832069
0.8890000000000005,0.8603078100000002
0.8900000000000005,0.8609049313155264
0.8910000000000005,0.8610364785552722
0.8920000000000005,0.8609883209631518
0.8930000000000005,0.860778512098121
0.8940000000000005,0.8604243353549533
0.8950000000000005,0.8599598287721612
0.8960000000000005,0.8593984368417577
0.8970000000000005,0.8587219767646349
0.8980000000000005,0.8578597899999996
0.8990000000000005,0.8569121898270977
0.9000000000000005,0.8558948995290184
0.9010000000000005,0.8548713504709807
0.9020000000000005,0.8539205895075946
0.9030000000000005,0.8530608399999997
0.9040000000000005,0.8523658401569013
0.9050000000000005,0.8518736875710212
0.9060000000000005,0.8514593882859856
0.9070000000000005,0.8510994335995358
0.9080000000000005,0.8506771247726475
0.9090000000000005,0.8501543885027746
0.9100000000000005,0.8495795272458374
0.9110000000000005,0.8490519552757052
0.9120000000000005,0.8488649100000001
0.9130000000000005,0.8490877775127507
0.9140000000000005,0.8498390764715772
0.9150000000000005,0.8513881290189497
0.9160000000000005,0.8531408724725257
0.9170000000000005,0.8550329800000008
0.9180000000000005,0.8568868943974809
0.9190000000000005,0.8586067684037807
0.9200000000000005,0.8602263576082768
0.9210000000000005,0.8617259900000008
0.9220000000000005,0.8631783842546432
0.9230000000000005,0.8646038478246877
0.9240000000000005,0.8659950821753136
0.9250000000000005,0.8672448275025757
0.9260000000000005,0.8683344100000006
0.9270000000000005,0.869267236883838
0.9280000000000005,0.8699556124091798
0.9290000000000005,0.8703692517272139
0.9300000000000005,0.8706374773177733
0.9310000000000005,0.870776360898809
0.9320000000000005,0.8708662422134894
0.9330000000000005,0.8709769166797661
0.9340000000000005,0.8711307569231693
0.9350000000000005,0.8714249100000002
0.9360000000000005,0.871848524877549
0.9370000000000005,0.8723362805411786
0.9380000000000005,0.8728633394588219
0.9390000000000005,0.8733590150432506
0.9400000000000005,0.8738148200000002
0.9410000000000005,0.8742185251904521
0.9420000000000005,0.8744780458989051
0.9430000000000005,0.8746746760673968
0.9440000000000005,0.8748395383513836
0.9450000000000005,0.8749950513751138
0.9460000000000005,0.875132562840658
0.9470000000000005,0.875274595739013
0.9480000000000005,0.8754249784961701
0.9490000000000005,0.8755644
0.9500000000000005,0.8756715707987079
0.9510000000000005,0.8757514410227591
0.9520000000000005,0.8758025789772409
0.9530000000000005,0.875823019795598
0.9540000000000005,0.87581879
0.9550000000000005,0.875786478609986
0.9560000000000005,0.8757169784964751
0.9570000000000005,0.8756668610023499
0.9580000000000005,0.87562823
0.9590000000000005,0.8755567095224952
0.9600000000000005,0.8755089586136693
0.9610000000000005,0.875439642079496
0.9620000000000005,0.875304761348827
0.9630000000000005,0.87522358
0.9640000000000005,0.8751468691898838
0.9650000000000005,0.8750658570766461
0.9660000000000005,0.8749684119489025
0.9670000000000005,0.8748831208529085
0.9680000000000005,0.8747976989461893
0.9690000000000005,0.874692317438328
0.9700000000000005,0.8745642338425078
0.9710000000000005,0.8743948933868338
0.9720000000000005,0.8741741199999999
0.9730000000000005,0.8738956968576684
0.9740000000000005,0.8735814630468779
0.9750000000000005,0.8732338069531216
0.9760000000000005,0.872851433823738
0.9770000000000005,0.8725482199999999
0.9780000000000005,0.8722652771287425
0.9790000000000005,0.871978153017849
0.9800000000000005,0.8717454146547672
0.9810000000000005,0.871523862215522
0.9820000000000005,0.8713117780324802
0.9830000000000005,0.8711150252414378
0.9840000000000005,0.870877097137843
0.9850000000000005,0.8705979027919556
0.9860000000000005,0.8702596399999998
0.9870000000000005,0.8698007452309521
0.9880000000000005,0.8693238403717849
0.9890000000000005,0.8688424296282146
0.9900000000000005,0.8682022164021637
0.9910000000000005,0.8675662299999997
0.9920000000000005,0.866947458919489
0.9930000000000005,0.8663934329203536
0.9940000000000005,0.8658241113864303
0.9950000000000006,0.8653011899999998
0.9960000000000006,0.8648614263497634
0.9970000000000006,0.8644964038789059
0.9980000000000006,0.8641903491816407
0.9990000000000006,0.8638382035214702
1.0000000000000004,0.8634868299999999
1.0010000000000006,0.8632689699999998
1.0020000000000007,0.8629618299999997
1.0030000000000006,0.8625248099999997
1.0040000000000004,0.8620864118618136
1.0050000000000006,0.8615050299999997
1.0060000000000007,0.8609273399999997
1.0070000000000006,0.8604481799999998
1.0080000000000005,0.8599247899999998
1.0090000000000006,0.859458698758124
1.0100000000000007,0.8590462799999999
1.0110000000000006,0.85882884
1.0120000000000005,0.8587555299999999
1.0130000000000006,0.8584148899999997
1.0140000000000007,0.857938217667233
1.0150000000000006,0.8576625
1.0160000000000005,0.8576659600000001
1.0170000000000006,0.8578052500000002
1.0180000000000007,0.8582201600000003
1.0190000000000006,0.8586475972562747
1.0200000000000005,0.8589684400000002
1.0210000000000006,0.8592658600000003
1.0220000000000007,0.8596169400000002
1.0230000000000006,0.8599791500000004
1.0240000000000005,0.8604760800000003
1.0250000000000006,0.8611050800000004
1.0260000000000007,0.8618271900000004
1.0270000000000006,0.8624327200000003
1.0280000000000005,0.8629779800000003
1.0290000000000006,0.8635857100000003
1.0300000000000007,0.8643999700000006
1.0310000000000006,0.8651799600000003
1.0320000000000005,0.8657444695330471
1.0330000000000006,0.8663398000000004
1.0340000000000007,0.8669089100000004
1.0350000000000006,0.8673578500000003
1.0360000000000005,0.8678729500000002
1.0370000000000006,0.8683277087561245
1.0380000000000007,0.8686152700000002
1.0390000000000006,0.86870188
1.0400000000000005,0.86871874
1.0410000000000006,0.86868834
1.0420000000000007,0.8686798208519148
1.0430000000000006,0.8687584400000001
1.0440000000000005,0.8688578000000001
1.0450000000000006,0.86890948
1.0460000000000007,0.86898476
1.0470000000000006,0.8689539430816918
1.0480000000000005,0.8689143700000002
1.0490000000000006,0.86904097
1.0500000000000007,0.8689216999999998
1.0510000000000006,0.8687398999999999
1.0520000000000005,0.86876082
1.0530000000000006,0.8687944999999999
1.0540000000000007,0.8686773199999999
1.0550000000000006,0.8684312619718028
1.0560000000000005,0.8683509800000001
1.0570000000000006,0.8685469600000001
1.0580000000000007,0.8687522400000001
1.0590000000000006,0.8688692500000001
1.0600000000000005,0.8690909460393963
1.0610000000000006,0.8694513400000002
1.0620000000000007,0.8697944300000002
1.0630000000000006,0.8701995000000005
1.0640000000000005,0.8707243800000002
1.0650000000000006,0.8712290595320471
1.0660000000000007,0.8716715000000004
1.0670000000000006,0.8720412900000002
1.0680000000000005,0.8724278800000003
1.0690000000000006,0.8729533600000005
1.0700000000000007,0.8735681185241482
1.0710000000000006,0.8741461000000003
1.0720000000000005,0.8746337300000001
1.0730000000000006,0.8749884400000002
1.0740000000000007,0.8752751400000002
1.0750000000000006,0.8755909200000002
1.0760000000000005,0.8758273700000001
1.0770000000000006,0.87592626
1.0780000000000007,0.8758621121987801
1.0790000000000006,0.8757841000000001
1.0800000000000005,0.8757008299999999
1.0810000000000006,0.8755577799999998
1.0820000000000007,0.875328
1.0830000000000006,0.8751395222107788
1.0840000000000005,0.87506163
1.0850000000000006,0.8749514799999998
1.0860000000000007,0.8746744999999998
1.0870000000000006,0.8742751499999997
1.0880000000000005,0.8738307244425555
1.0890000000000006,0.8735102999999999
1.0900000000000007,0.8731911799999996
1.0910000000000006,0.8727092099999997
1.0920000000000005,0.8722473399999998
1.0930000000000006,0.871756779056094
1.0940000000000007,0.8712552199999997
1.0950000000000006,0.8708365599999996
1.0960000000000005,0.8703948899999996
1.0970000000000006,0.8697177799999996
1.0980000000000008,0.8689900599999995
1.0990000000000006,0.8683226699999995
1.1000000000000005,0.8676692799999995
1.1010000000000006,0.8667041699999993
1.1020000000000008,0.8656328299999994
1.1030000000000006,0.8646201499999994
1.1040000000000005,0.8636287999999995
1.1050000000000006,0.862314819999999
1.1060000000000008,0.8608588462723719
1.1070000000000007,0.8595215699999991
1.1080000000000005,0.8581545899999989
1.1090000000000007,0.8564635499999986
1.1100000000000008,0.8544633999999987
1.1110000000000007,0.8524314315598425
1.1120000000000005,0.850247029999999
1.1130000000000007,0.8479101699999981
1.1140000000000008,0.845001639999998
1.1150000000000007,0.8420662899999979
1.1160000000000005,0.8389824183871594
1.1170000000000007,0.8358074999999973
1.1180000000000008,0.8316180699999961
1.1190000000000007,0.827293279999997
1.1200000000000006,0.822796399999998
1.1210000000000007,0.8183455750824891
1.1220000000000008,0.8122659899999957
1.1230000000000007,0.8058461499999957
1.1240000000000006,0.7992697399999971
1.1250000000000007,0.7926570199999948
1.1260000000000008,0.7848278299999923
1.1270000000000007,0.7762228799999942
1.1280000000000006,0.7675503499999942
1.1290000000000007,0.7586882678992032
1.1300000000000008,0.7491672599999906
1.1310000000000007,0.7385011299999932
1.1320000000000006,0.728390459999996
1.1330000000000007,0.719271119999994
1.1340000000000008,0.7102820720197914
1.1350000000000007,0.7012022699999942
1.1360000000000006,0.6926120499999959
1.1370000000000007,0.6864989399999961
1.1380000000000008,0.6806886799999964
1.1390000000000007,0.6765926995980377
1.1400000000000006,0.6727250799999992
1.1410000000000007,0.6716149999999995
1.1420000000000008,0.670901950000001
1.1430000000000007,0.6723433700000013
1.1440000000000006,0.674355838753126
1.1450000000000007,0.6775835800000025
1.1460000000000008,0.6813443900000045
1.1470000000000007,0.6863139300000038
1.1480000000000006,0.6921360500000039
1.1490000000000007,0.6980167000000039
1.1500000000000008,0.7039611300000056
1.1510000000000007,0.7102663500000047
1.1520000000000006,0.7172219200000028
1.1530000000000007,0.7237836100000039
1.1540000000000008,0.7295824300000038
1.1550000000000007,0.7353124000000038
1.1560000000000006,0.7410046500000037
1.1570000000000007,0.746463274018601
1.1580000000000008,0.7504034600000035
1.1590000000000007,0.7542806900000021
1.1600000000000006,0.7574526700000022
1.1610000000000007,0.7605739800000012
1.1620000000000008,0.7624583247785234
1.1630000000000007,0.7642061100000008
1.1640000000000006,0.7654142400000005
1.1650000000000007,0.7664939800000005
1.1660000000000008,0.7671459300000004
1.1670000000000007,0.7676246921237879
1.1680000000000006,0.7677573000000001
1.1690000000000007,0.7676866099999998
1.1700000000000008,0.7674252399999997
1.1710000000000007,0.7669968599999996
1.1720000000000006,0.7663286968163179
1.1730000000000007,0.7653559399999993
1.1740000000000008,0.7643085099999992
1.1750000000000007,0.7631196999999991
1.1760000000000006,0.7618009399999989
1.1770000000000007,0.7600972699999989
1.1780000000000008,0.7583920999999983
1.1790000000000007,0.7566593299999987
1.1800000000000006,0.7548900344315558
1.1810000000000007,0.7526343499999985
1.1820000000000008,0.7503820099999982
1.1830000000000007,0.7482856499999986
1.1840000000000006,0.7461954399999992
1.1850000000000007,0.7441602675912393
1.1860000000000008,0.7421361799999988
1.1870000000000007,0.7408059199999992
1.1880000000000006,0.7396543599999997
1.1890000000000007,0.73937261
1.1900000000000008,0.7394528319778023
1.1910000000000007,0.7405002100000014
1.1920000000000006,0.7421254500000017
1.1930000000000007,0.7447459700000023
1.1940000000000008,0.7482480400000033
1.1950000000000007,0.7520574090630968
1.1960000000000006,0.7562236200000031
1.1970000000000007,0.7608805900000036
1.1980000000000008,0.7664129700000047
1.1990000000000007,0.7717726200000032
1.2000000000000006,0.7766376100000033
1.2010000000000007,0.7815704900000046
1.2020000000000008,0.7866981000000044
1.2030000000000007,0.7917209795080521
1.2040000000000006,0.7958160600000028
1.2050000000000007,0.7999154900000027
1.2060000000000008,0.8040599800000037
1.2070000000000007,0.8082036400000022
1.2080000000000006,0.8115422960763947
1.2090000000000007,0.8148030600000024
1.2100000000000009,0.8182224000000031
1.2110000000000007,0.8216697000000026
1.2120000000000006,0.8245244600000018
1.2130000000000007,0.8271814343025718
1.2140000000000009,0.8297362900000023
1.2150000000000007,0.8322240700000013
1.2160000000000006,0.8341857200000011
1.2170000000000007,0.8357937300000009
1.2180000000000009,0.8371103283401671
1.2190000000000007,0.8381221900000005
1.2200000000000006,0.8388757100000003
1.2210000000000008,0.8392905000000003
1.2220000000000009,0.83955306
1.2230000000000008,0.8394952399999999
1.2240000000000006,0.8393678099999998
1.2250000000000008,0.8391109699999998
1.2260000000000009,0.8388480499999997
1.2270000000000008,0.8386064199999999
1.2280000000000006,0.83838964
1.2290000000000008,0.8383556000000001
1.2300000000000009,0.8383508900000003
1.2310000000000008,0.8386950893170686
1.2320000000000007,0.8390882600000005
1.2330000000000008,0.8398216400000007
1.2340000000000009,0.8405892300000011
1.2350000000000008,0.8418022400000009
1.2360000000000007,0.8430968646215388
1.2370000000000008,0.8444430800000009
1.2380000000000009,0.8457731600000011
1.2390000000000008,0.8470486400000008
1.2400000000000007,0.8482953300000007
1.2410000000000008,0.8493558339496059
1.2420000000000009,0.8502783800000007
1.2430000000000008,0.8509945300000005
1.2440000000000007,0.8515234000000003
1.2450000000000008,0.8519333600000002
1.2460000000000009,0.8522243808979105
1.2470000000000008,0.85242593
1.2480000000000007,0.85248566
1.2490000000000008,0.8525549200000001
1.2500000000000009,0.8526803900000001
1.2510000000000008,0.8528616400000003
1.2520000000000007,0.8532753600000004
1.2530000000000008,0.8537192300000006
1.254000000000001,0.8543540276922313
1.2550000000000008,0.8550309500000007
1.2560000000000007,0.8559327100000006
1.2570000000000008,0.8568424600000005
1.258000000000001,0.8577032700000008
1.2590000000000008,0.8585496276212385
1.2600000000000007,0.8594258400000006
1.2610000000000008,0.8602857600000006
1.262000000000001,0.8609038600000005
1.2630000000000008,0.8614738600000005
1.2640000000000007,0.8620038669993004
1.2650000000000008,0.8624916700000004
1.266000000000001,0.8628122200000002
1.2670000000000008,0.8630647700000001
1.2680000000000007,0.8632230800000001
1.2690000000000008,0.8633243898690133
1.270000000000001,0.86334354
1.2710000000000008,0.8633114699999999
1.2720000000000007,0.8632308199999998
1.2730000000000008,0.8630723399999999
1.274000000000001,0.8629152199999999
1.2750000000000008,0.8627960099999997
1.2760000000000007,0.8625904899999998
1.2770000000000008,0.8621760599999997
1.278000000000001,0.8617280099999995
1.2790000000000008,0.8612142799999997
1.2800000000000007,0.8606814099999996
1.2810000000000008,0.8600999099999995
1.282000000000001,0.859551553565643
1.2830000000000008,0.8589872099999996
1.2840000000000007,0.8583584999999994
1.2850000000000008,0.8575857899999993
1.286000000000001,0.8568370299999993
1.2870000000000008,0.8561179452274768
1.2880000000000007,0.8553702199999994
1.2890000000000008,0.8545295599999995
1.290000000000001,0.8537018899999993
1.2910000000000008,0.8529504499999994
1.2920000000000007,0.852207794265573
1.2930000000000008,0.8512589899999994
1.294000000000001,0.8502760499999992
1.2950000000000008,0.8494440299999994
1.2960000000000007,0.8486603499999994
1.2970000000000008,0.8478878272522742
1.298000000000001,0.8471442499999995
1.2990000000000008,0.8465179199999997
1.3000000000000007,0.8459996599999998
1.3010000000000008,0.8455937499999997
1.302000000000001,0.8452557299999996
1.3030000000000008,0.8450055699999999
1.3040000000000007,0.84490365
1.3050000000000008,0.8448739143385662
1.306000000000001,0.8449173000000002
1.3070000000000008,0.8449982400000001
1.3080000000000007,0.8451231100000001
1.3090000000000008,0.84522134
1.310000000000001,0.8452345679322067
1.3110000000000008,0.8452138899999999
1.3120000000000007,0.8450427099999998
1.3130000000000008,0.8448172199999997
1.314000000000001,0.8443967699999996
1.3150000000000008,0.8439181378632132
1.3160000000000007,0.8433449899999994
1.3170000000000008,0.8427503699999994
1.318000000000001,0.8420886399999995
1.3190000000000008,0.8414196399999994
1.3200000000000007,0.8407097009939
1.3210000000000008,0.8399791099999994
1.322000000000001,0.8392401299999992
1.3230000000000008,0.8385229099999996
1.3240000000000007,0.8378953899999996
1.3250000000000008,0.8372909399999995
1.326000000000001,0.8366869099999993
1.3270000000000008,0.8360665999999993
1.3280000000000007,0.835432767546245
1.3290000000000008,0.8348082299999994
1.330000000000001,0.8340051799999991
1.3310000000000008,0.8330383299999992
1.3320000000000007,0.8319992999999991
1.3330000000000009,0.8309531814168573
1.334000000000001,0.8297673499999988
1.3350000000000009,0.8283827299999986
1.3360000000000007,0.8269185399999986
1.3370000000000009,0.8254179999999985
1.338000000000001,0.8238058512148768
1.3390000000000009,0.8220446699999986
1.3400000000000007,0.820359469999999
1.3410000000000009,0.8188677999999987
1.342000000000001,0.8173448399999982
1.3430000000000009,0.8157001544685518
1.3440000000000007,0.814108249999999
1.3450000000000009,0.8126087799999987
1.346000000000001,0.8110682999999981
1.3470000000000009,0.8092970799999983
1.3480000000000008,0.8074680599999988
1.3490000000000009,0.8055856199999982
1.350000000000001,0.8035530999999976
1.3510000000000009,0.8008390099999975
1.3520000000000008,0.7979621299999974
1.3530000000000009,0.7949528699999979
1.354000000000001,0.7917792199999966
1.3550000000000009,0.7878904299999965
1.3560000000000008,0.7838709769842989
1.3570000000000009,0.7801408199999967
1.358000000000001,0.7764950999999966
1.3590000000000009,0.7726760499999966
1.3600000000000008,0.768900869999998
1.3610000000000009,0.765925915614436
1.362000000000001,0.7632820599999975
1.3630000000000009,0.7610589299999987
1.3640000000000008,0.7590137699999991
1.3650000000000009,0.757617709999999
1.366000000000001,0.756477114059593
1.3670000000000009,0.7555649899999992
1.3680000000000008,0.7547150899999995
1.3690000000000009,0.7539352799999993
1.370000000000001,0.7531541599999991
1.3710000000000009,0.7521155938566135
1.3720000000000008,0.7508048999999987
1.3730000000000009,0.749360139999999
1.374000000000001,0.7478316999999984
1.3750000000000009,0.7461678999999984
1.3760000000000008,0.7443997299999986
1.377000000000001,0.7427805699999985
1.378000000000001,0.741471349999999
1.379000000000001,0.7403046281051887
1.3800000000000008,0.7394856799999996
1.381000000000001,0.7389394
1.382000000000001,0.7389707600000002
1.383000000000001,0.7392138200000007
1.3840000000000008,0.7399540230027004
1.385000000000001,0.7407840500000008
1.386000000000001,0.7416959400000012
1.387000000000001,0.7426478900000011
1.3880000000000008,0.7436070400000006
1.389000000000001,0.7444641342905717
1.390000000000001,0.7450152600000005
1.391000000000001,0.7454696900000002
1.3920000000000008,0.7457011300000002
1.393000000000001,0.74584687
1.394000000000001,0.7458628983971602
1.395000000000001,0.7458431699999999
1.3960000000000008,0.7457322499999999
1.397000000000001,0.7455937899999999
1.398000000000001,0.7454628299999999
1.399000000000001,0.74536556
1.4000000000000008,0.7453801600000001
1.4010000000000007,0.7454468600000002
1.402000000000001,0.7456176300000003
1.403000000000001,0.7458332200000004
1.4040000000000008,0.7462719700000003
1.4050000000000007,0.7468308200000005
1.406000000000001,0.7475705700000009
1.407000000000001,0.7484072596680345
1.4080000000000008,0.749703940000001
1.4090000000000007,0.7511524600000011
1.410000000000001,0.7527607700000019
1.411000000000001,0.7544727300000019
1.4120000000000008,0.7565900542815734
1.4130000000000007,0.7588328700000014
1.414000000000001,0.7610299600000019
1.415000000000001,0.763174650000002
1.4160000000000008,0.7654022600000019
1.4170000000000007,0.767587621463855
1.418000000000001,0.7694382700000013
1.419000000000001,0.7709626000000012
1.4200000000000008,0.7722204900000009
1.4210000000000007,0.7732386600000004
1.422000000000001,0.7738503188341171
1.423000000000001,0.7739873499999999
1.4240000000000008,0.7738316099999997
1.4250000000000007,0.7733125099999996
1.426000000000001,0.7726111999999989
1.427000000000001,0.7717158199999989
1.4280000000000008,0.7706780399999992
1.4290000000000007,0.7694716499999992
1.430000000000001,0.7683246932896701
1.431000000000001,0.7673575899999993
1.4320000000000008,0.7664218499999993
1.4330000000000007,0.7657018899999997
1.434000000000001,0.7651523399999999
1.435000000000001,0.7650011797550245
1.4360000000000008,0.7649987300000003
1.4370000000000007,0.7653893200000005
1.438000000000001,0.7659111600000007
1.439000000000001,0.7667030100000007
1.4400000000000008,0.7676235079502057
1.4410000000000007,0.7688760200000011
1.442000000000001,0.7701563200000013
1.443000000000001,0.7713577700000012
1.4440000000000008,0.7725840200000013
1.4450000000000007,0.7739565827437268
1.446000000000001,0.7753235100000013
1.447000000000001,0.7765676400000013
1.4480000000000008,0.7777962100000008
1.4490000000000007,0.7790353300000008
1.450000000000001,0.7802195500000011
1.451000000000001,0.781188550000001
1.4520000000000008,0.7820880400000007
1.4530000000000007,0.7828590980022003
1.454000000000001,0.7835391200000005
1.455000000000001,0.7839068200000002
1.4560000000000008,0.78418577
1.4570000000000007,0.78424704
1.458000000000001,0.7842129914108587
1.459000000000001,0.7840270999999998
1.4600000000000009,0.7837706799999996
1.4610000000000007,0.7833326499999995
1.462000000000001,0.7828847199999995
1.463000000000001,0.7825009583761621
1.4640000000000009,0.7821320899999995
1.4650000000000007,0.7816654399999997
1.466000000000001,0.7811706699999995
1.467000000000001,0.7807282199999995
1.4680000000000009,0.7802908837336263
1.4690000000000007,0.7797418199999996
1.470000000000001,0.7791525699999994
1.471000000000001,0.7785197499999993
1.4720000000000009,0.7778776899999993
1.4730000000000008,0.7771041399999995
1.474000000000001,0.7762851099999992
1.475000000000001,0.7755358199999993
1.4760000000000009,0.7748126399999993
1.4770000000000008,0.7739776999999991
1.478000000000001,0.7731281499999995
1.479000000000001,0.7724426999999994
1.4800000000000009,0.7718437299999995
1.4810000000000008,0.7713133819698026
1.482000000000001,0.7708330799999996
1.483000000000001,0.7705086499999998
1.4840000000000009,0.77028656
1.4850000000000008,0.77022618
1.486000000000001,0.7702522400659935
1.487000000000001,0.7703529000000001
1.4880000000000009,0.7704911200000001
1.4890000000000008,0.7706710100000002
1.490000000000001,0.7708942900000002
1.491000000000001,0.7711035390750928
1.4920000000000009,0.7713102700000002
1.4930000000000008,0.7715378400000001
1.494000000000001,0.7717668400000003
1.495000000000001,0.7720228400000002
1.4960000000000009,0.7723109411898813
1.4970000000000008,0.7726612700000004
1.498000000000001,0.7731161700000004
1.499000000000001,0.7736337800000005
1.5000000000000009,0.7741850000000006
1.5010000000000008,0.7748650300000007
1.5020000000000011,0.7757019400000011
1.503000000000001,0.7765519600000008
1.504000000000001,0.7773982041775832
1.5050000000000008,0.778339980000001
1.5060000000000011,0.7794350400000011
1.507000000000001,0.780476510000001
1.508000000000001,0.7813961500000007
1.5090000000000008,0.7823291745235483
1.5100000000000011,0.783274410000001
1.511000000000001,0.7841467900000009
1.512000000000001,0.7849313000000009
1.5130000000000008,0.7857238100000006
1.5140000000000011,0.7864971026707338
1.515000000000001,0.7872293600000008
1.516000000000001,0.7879124900000005
1.5170000000000008,0.7885965700000006
1.5180000000000011,0.7892803500000006
1.519000000000001,0.7898909989351071
1.520000000000001,0.7903835200000005
1.5210000000000008,0.7909054200000005
1.5220000000000011,0.7914718400000007
1.523000000000001,0.7919789600000003
1.524000000000001,0.7923556600000004
1.5250000000000008,0.7927115600000003
1.5260000000000011,0.7930649500000003
1.527000000000001,0.7934113700000003
1.528000000000001,0.7937255500000003
1.5290000000000008,0.7940430600000002
1.5300000000000011,0.7943669000000003
1.531000000000001,0.7946617600000003
1.532000000000001,0.7949193990310972
1.5330000000000008,0.7952097100000002
1.5340000000000011,0.7955351500000003
1.535000000000001,0.7958427100000003
1.536000000000001,0.7961199900000002
1.5370000000000008,0.7963912207049297
1.5380000000000011,0.7966982700000004
1.539000000000001,0.7970048200000002
1.540000000000001,0.7972537900000002
1.5410000000000008,0.7975066900000002
1.5420000000000011,0.7977481858504152
1.543000000000001,0.7979754200000002
1.544000000000001,0.7981920200000002
1.5450000000000008,0.7983906300000001
1.5460000000000012,0.7985732000000002
1.547000000000001,0.7987566416558346
1.548000000000001,0.7988928600000001
1.5490000000000008,0.7990442500000001
1.5500000000000012,0.7992607400000002
1.551000000000001,0.7994552900000002
1.552000000000001,0.7995970800000002
1.5530000000000008,0.7997661800000001
1.5540000000000012,0.7999974500000002
1.555000000000001,0.8002022637376264
1.556000000000001,0.8003396400000001
1.5570000000000008,0.8004953300000001
1.5580000000000012,0.8006793300000002
1.559000000000001,0.8008450300000001
1.560000000000001,0.8009964378202182
1.5610000000000008,0.8011746400000003
1.5620000000000012,0.8014168100000003
1.563000000000001,0.8016361000000001
1.564000000000001,0.8017901200000003
1.5650000000000008,0.8019815508569145
1.5660000000000012,0.8021995400000003
1.567000000000001,0.8023711400000001
1.568000000000001,0.8025074600000001
1.5690000000000008,0.8026335200000001
1.5700000000000012,0.8027139219598042
1.571000000000001,0.8027982700000001
1.572000000000001,0.80287552
1.5730000000000008,0.80292153
1.5740000000000012,0.8029175999999999
1.575000000000001,0.80291408
1.576000000000001,0.80290461
1.5770000000000008,0.80290973
1.5780000000000012,0.8029635039866014
1.579000000000001,0.80300337
1.580000000000001,0.80302733
1.5810000000000008,0.80307668
1.5820000000000012,0.8031365900000002
1.583000000000001,0.8031938739036096
1.584000000000001,0.80323291
1.5850000000000009,0.80325991
1.5860000000000012,0.8032694499999999
1.587000000000001,0.8032138299999999
1.588000000000001,0.8030674046425357
1.5890000000000009,0.8028810599999997
1.5900000000000012,0.8025662299999996
1.591000000000001,0.8021911399999995
1.592000000000001,0.8017355799999993
1.5930000000000009,0.8011634372142781
1.5940000000000012,0.8004273199999992
1.595000000000001,0.799653769999999
1.596000000000001,0.7987995099999989
1.5970000000000009,0.797820329999999
1.5980000000000012,0.7966912399999987
1.599000000000001,0.7955411699999987
1.600000000000001,0.7943408499999988
1.6010000000000009,0.7929950999999986
1.6020000000000012,0.7914861999999979
1.603000000000001,0.7899480499999986
1.604000000000001,0.7883834799999985
1.6050000000000009,0.7866218099999982
1.6060000000000012,0.7846193134556521
1.607000000000001,0.7826538699999979
1.608000000000001,0.780735489999998
1.6090000000000009,0.7785257699999978
1.6100000000000012,0.7760087799999972
1.611000000000001,0.7734859477302239
1.612000000000001,0.7709632499999967
1.6130000000000009,0.7679202599999977
1.6140000000000012,0.7644198499999959
1.615000000000001,0.7606815699999957
1.616000000000001,0.7567498431726787
1.6170000000000009,0.7519184899999951
1.6180000000000012,0.7464522099999937
1.619000000000001,0.7408923499999938
1.620000000000001,0.7352689499999943
1.6210000000000009,0.728808276067388
1.6220000000000012,0.7218673199999913
1.623000000000001,0.7153804899999945
1.624000000000001,0.7091373799999939
1.6250000000000009,0.7022803399999936
1.6260000000000012,0.6951253999999913
1.6270000000000011,0.6886110299999917
1.628000000000001,0.682391169999994
1.629000000000001,0.6756503147995135
1.6300000000000012,0.6686983099999916
1.6310000000000011,0.6623505899999932
1.632000000000001,0.6562097099999925
1.633000000000001,0.6494789699999939
1.6340000000000012,0.6425816459733957
1.6350000000000011,0.6366413799999937
1.636000000000001,0.630965589999994
1.637000000000001,0.625522909999994
1.6380000000000012,0.6201482399999958
1.6390000000000011,0.6163298118428117
1.640000000000001,0.6128105499999975
1.641000000000001,0.6105892699999982
1.6420000000000012,0.6085867899999998
1.6430000000000011,0.6084606100000001
1.644000000000001,0.6085594801129888
1.645000000000001,0.6103744500000018
1.6460000000000012,0.6123738900000036
1.6470000000000011,0.6151090900000038
1.648000000000001,0.6179012100000026
1.649000000000001,0.6209234000000027
1.6500000000000012,0.6238785400000019
1.6510000000000011,0.6252792500000013
1.652000000000001,0.6264390899999984
1.653000000000001,0.6250781399999985
1.6540000000000012,0.6234255399999951
1.6550000000000011,0.6190272599999945
1.656000000000001,0.6141533899999904
1.657000000000001,0.6054671326947221
1.6580000000000013,0.5964940799999884
1.6590000000000011,0.5859894799999875
1.660000000000001,0.5747898799999841
1.661000000000001,0.5604425099999873
1.6620000000000013,0.5461699342955544
1.6630000000000011,0.5324128899999843
1.664000000000001,0.5182378899999863
1.665000000000001,0.5029144299999871
1.6660000000000013,0.48838215999998363
1.6670000000000011,0.4760696712488621
1.668000000000001,0.4639169299999896
1.669000000000001,0.45220639999999074
1.6700000000000013,0.4417732699999893
1.6710000000000012,0.43373837999999176
1.672000000000001,0.4263543983981524
1.673000000000001,0.42003139999999556
1.6740000000000013,0.41496335999999623
1.6750000000000012,0.4115839899999971
1.676000000000001,0.4089858199999981
1.677000000000001,0.4072883399999992
1.6780000000000013,0.40653706000000017
1.6790000000000012,0.40670508000000116
1.680000000000001,0.4077604698360181
1.681000000000001,0.4095588300000019
1.6820000000000013,0.41173217000000323
1.6830000000000012,0.41415983000000317
1.684000000000001,0.41700003000000274
1.685000000000001,0.42008434151085156
1.6860000000000013,0.42289945000000356
1.6870000000000012,0.42558447000000366
1.688000000000001,0.42832944000000245
1.689000000000001,0.4311012600000021
1.6900000000000013,0.43346813331267176
1.6910000000000012,0.4357115000000031
1.692000000000001,0.43806058000000264
1.693000000000001,0.44044772000000193
1.6940000000000013,0.4426341100000029
1.6950000000000012,0.4447910443065721
1.696000000000001,0.4473329500000029
1.697000000000001,0.449941250000003
1.6980000000000013,0.452635770000003
1.6990000000000012,0.4553564800000043
1.700000000000001,0.4592147200000044
1.701000000000001,0.4631447200000052
1.7020000000000013,0.46777835000000645
1.7030000000000012,0.47261030368963913
1.704000000000001,0.4795472000000078
1.705000000000001,0.4865977800000067
1.7060000000000013,0.4941425000000106
1.7070000000000012,0.5020494500000127
1.708000000000001,0.511511295657445
1.709000000000001,0.5207678700000075
1.7100000000000013,0.5291502500000113
1.7110000000000012,0.5375947400000113
1.712000000000001,0.5461067600000086
1.713000000000001,0.5538119694790602
1.7140000000000013,0.5597811900000073
1.7150000000000012,0.565219520000005
1.716000000000001,0.5697633600000039
1.717000000000001,0.5732185800000023
1.7180000000000013,0.5752191899390087
1.7190000000000012,0.5764019500000004
1.720000000000001,0.5767113599999996
1.721000000000001,0.5762854199999988
1.7220000000000013,0.5752289299999979
1.7230000000000012,0.5736489299999978
1.724000000000001,0.571704919999998
1.725000000000001,0.5698578399999984
1.7260000000000013,0.5680589699999979
1.7270000000000012,0.566464009999998
1.728000000000001,0.5649451599999993
1.729000000000001,0.5641381099999995
1.7300000000000013,0.5635488599999999
1.7310000000000012,0.5634554615138486
1.732000000000001,0.5634706000000005
1.733000000000001,0.5639113200000004
1.7340000000000013,0.564413370000001
1.7350000000000012,0.5651252300000008
1.736000000000001,0.5658570543545653
1.737000000000001,0.5665006000000006
1.7380000000000013,0.5671444500000007
1.7390000000000012,0.5677174900000007
1.740000000000001,0.5682862400000006
1.741000000000001,0.5687895496690336
1.7420000000000013,0.5693658000000013
1.7430000000000012,0.570253670000001
1.744000000000001,0.5711855900000011
1.745000000000001,0.5722348100000011
1.7460000000000013,0.5735182716538363
1.7470000000000012,0.5753223900000025
1.748000000000001,0.5772220500000018
1.749000000000001,0.5792738800000021
1.7500000000000013,0.5816200400000037
1.7510000000000012,0.5843455800000035
1.7520000000000011,0.5869695500000033
1.753000000000001,0.5894909500000022
1.7540000000000013,0.5920475891230913
1.7550000000000012,0.5946388200000027
1.7560000000000011,0.5966740300000019
1.757000000000001,0.5983910000000013
1.7580000000000013,0.5996317900000014
1.7590000000000012,0.6006766751134888
1.7600000000000011,0.6008278099999999
1.761000000000001,0.600708129999999
1.7620000000000013,0.5997972499999983
1.7630000000000012,0.5987272299999985
1.7640000000000011,0.597313781344864
1.765000000000001,0.5958501699999982
1.7660000000000013,0.594289659999998
1.7670000000000012,0.5927748699999993
1.7680000000000011,0.5922895699999997
1.769000000000001,0.5919747714798518
1.7700000000000014,0.5929129100000017
1.7710000000000012,0.5941598400000033
1.7720000000000011,0.5966748000000042
1.773000000000001,0.599717560000004
1.7740000000000014,0.6041967900000063
1.7750000000000012,0.6088960800000067
1.7760000000000011,0.6139985300000061
1.777000000000001,0.6195356200000068
1.7780000000000014,0.6256862900000076
1.7790000000000012,0.6314322900000059
1.7800000000000011,0.636749510000006
1.781000000000001,0.642110230000006
1.7820000000000014,0.6475217102859776
1.7830000000000013,0.6520245700000045
1.7840000000000011,0.6560314300000042
1.785000000000001,0.6598196600000041
1.7860000000000014,0.6635367300000039
1.7870000000000013,0.6664168578602171
1.7880000000000011,0.6690954600000026
1.789000000000001,0.6714836400000022
1.7900000000000014,0.6738473800000023
1.7910000000000013,0.6755749000000022
1.7920000000000011,0.6772650009899027
1.793000000000001,0.6787159400000012
1.7940000000000014,0.6801213600000013
1.7950000000000013,0.6811122300000013
1.7960000000000012,0.682120740000001
1.797000000000001,0.6830598960843925
1.7980000000000014,0.6837447900000007
1.7990000000000013,0.6842839100000006
1.8000000000000012,0.6847541300000003
1.801000000000001,0.6850444100000003
1.8020000000000014,0.6852775800000002
1.8030000000000013,0.6853200199999998
1.8040000000000012,0.6851410299999996
1.805000000000001,0.6847850729517042
1.8060000000000014,0.6842145899999993
1.8070000000000013,0.6837284599999995
1.8080000000000012,0.6833810199999997
1.809000000000001,0.6830679799999998
1.8100000000000014,0.6827637814828513
1.8110000000000013,0.6824786099999999
1.8120000000000012,0.68236035
1.813000000000001,0.6823677400000002
1.8140000000000014,0.6826508000000008
1.8150000000000013,0.6831106040195987
1.8160000000000012,0.683645960000001
1.817000000000001,0.6844028200000009
1.8180000000000014,0.6852314500000014
1.8190000000000013,0.6863152400000015
1.8200000000000012,0.6874425472692745
1.821000000000001,0.6886006000000011
1.8220000000000014,0.6897192000000015
1.8230000000000013,0.6908072200000013
1.8240000000000012,0.691874860000001
1.825000000000001,0.6927660700000007
1.8260000000000014,0.6933783900000009
1.8270000000000013,0.6939221600000004
1.8280000000000012,0.6942556145905413
1.829000000000001,0.69450152
1.8300000000000014,0.6944631299999999
1.8310000000000013,0.6943710999999996
1.8320000000000012,0.6940828599999994
1.833000000000001,0.6936933001049891
1.8340000000000014,0.6932943499999994
1.8350000000000013,0.6928414099999993
1.8360000000000012,0.6923804299999995
1.837000000000001,0.6919681999999996
1.8380000000000014,0.691576159204079
1.8390000000000013,0.6911981699999995
1.8400000000000012,0.6908485899999998
1.841000000000001,0.6906762099999998
1.8420000000000014,0.6905118799999997
1.8430000000000013,0.6903571654714526
1.8440000000000012,0.6902693499999999
1.845000000000001,0.6901549699999998
1.8460000000000014,0.6899637599999997
1.8470000000000013,0.6897432799999996
1.8480000000000012,0.6894659399999997
1.849000000000001,0.6891485999999994
1.8500000000000014,0.6886432199999992
1.8510000000000013,0.688095809999999
1.8520000000000012,0.6873715499999989
1.853000000000001,0.6865655199999992
1.8540000000000014,0.6855567699999985
1.8550000000000013,0.6843641399999985
1.8560000000000012,0.6831908823817604
1.857000000000001,0.6820146999999985
1.8580000000000014,0.6807381499999979
1.8590000000000013,0.6791238799999979
1.8600000000000012,0.6775197999999982
1.861000000000001,0.6758978558354145
1.8620000000000014,0.6742562099999971
1.8630000000000013,0.6723828899999977
1.8640000000000012,0.6704039599999979
1.865000000000001,0.668533269999998
1.8660000000000014,0.6667435189750999
1.8670000000000013,0.6650815599999981
1.8680000000000012,0.6636449099999987
1.869000000000001,0.6624038199999994
1.8700000000000014,0.6618741799999994
1.8710000000000013,0.6614727801399855
1.8720000000000012,0.6617839900000007
1.873000000000001,0.662306130000001
1.8740000000000014,0.663448210000002
1.8750000000000013,0.6649703400000024
1.8760000000000012,0.666780950000003
1.8770000000000011,0.6690102200000028
1.8780000000000014,0.6710997800000026
1.8790000000000013,0.6730329549715056
1.8800000000000012,0.6749826700000028
1.8810000000000011,0.6770373600000023
1.8820000000000014,0.6790222500000026
1.8830000000000013,0.6806814700000021
1.8840000000000012,0.6822570918448173
1.8850000000000011,0.6837755400000016
1.8860000000000015,0.6852491500000021
1.8870000000000013,0.6866058700000018
1.8880000000000012,0.6877890200000013
1.8890000000000011,0.6889939895030509
1.8900000000000015,0.6902222000000019
1.8910000000000013,0.6914403400000015
1.8920000000000012,0.6926256400000016
1.8930000000000011,0.6938333500000015
1.8940000000000015,0.695162457089293
1.8950000000000014,0.6964931500000014
1.8960000000000012,0.6975970900000013
1.8970000000000011,0.698534670000001
1.8980000000000015,0.6993169800000008
1.8990000000000014,0.6998870400000006
1.9000000000000012,0.70030117
1.9010000000000011,0.70028198
1.9020000000000015,0.7002364999999993
1.9030000000000014,0.6998349399999995
1.9040000000000012,0.6994119299999993
1.9050000000000011,0.6987879299999992
1.9060000000000015,0.6981010999999987
1.9070000000000014,0.6972968935096477
1.9080000000000013,0.6964319899999991
1.9090000000000011,0.6956792499999993
1.9100000000000015,0.6950393899999991
1.9110000000000014,0.6944973499999996
1.9120000000000013,0.6941821924417555
1.9130000000000011,0.69390661
1.9140000000000015,0.69392806
1.9150000000000014,0.6939673400000004
1.9160000000000013,0.6942083800000003
1.9170000000000011,0.6944957112668736
1.9180000000000015,0.6948549200000006
1.9190000000000014,0.6952577800000006
1.9200000000000013,0.6956693500000005
1.9210000000000012,0.6960965400000004
1.9220000000000015,0.696469982655735
1.9230000000000014,0.6967469500000003
1.9240000000000013,0.6970078900000001
1.9250000000000012,0.6971542200000003
1.9260000000000015,0.6973082400000002
1.9270000000000014,0.6974389000000002
1.9280000000000013,0.6975879100000002
1.9290000000000012,0.6978319300000003
1.9300000000000015,0.6981171077962207
1.9310000000000014,0.6983950700000003
1.9320000000000013,0.6986628200000004
1.9330000000000012,0.6989075500000003
1.9340000000000015,0.6991398900000002
1.9350000000000014,0.699314058349165
1.9360000000000013,0.69929755
1.9370000000000012,0.6992574299999996
1.9380000000000015,0.6990168699999997
1.9390000000000014,0.6987449499999996
1.9400000000000013,0.6983700174932501
1.9410000000000012,0.6979395699999992
1.9420000000000015,0.6973281499999989
1.9430000000000014,0.696585239999999
1.9440000000000013,0.695856929999999
1.9450000000000012,0.6951254731456845
1.9460000000000015,0.694415209999999
1.9470000000000014,0.693750139999999
1.9480000000000013,0.6931068299999994
1.9490000000000012,0.6926044799999994
1.9500000000000015,0.6920920599999991
1.9510000000000014,0.6915552599999991
1.9520000000000013,0.6910086899999993
1.9530000000000012,0.6904761255984395
1.9540000000000015,0.689932109999999
1.9550000000000014,0.689295649999999
1.9560000000000013,0.6885724699999991
1.9570000000000012,0.6878785499999991
1.9580000000000015,0.6872381569383051
1.9590000000000014,0.6866075399999991
1.9600000000000013,0.6859629799999992
1.9610000000000012,0.6853706199999996
1.9620000000000015,0.6850295099999995
1.9630000000000014,0.6846886040905905
1.9640000000000013,0.6844093199999997
1.9650000000000012,0.6841613699999998
1.9660000000000015,0.6839669899999998
1.9670000000000014,0.6838147599999999
1.9680000000000013,0.6837360978662133
1.9690000000000012,0.6837457399999999
1.9700000000000015,0.6836655699999996
1.9710000000000014,0.6834418799999995
1.9720000000000013,0.6831433199999991
1.9730000000000012,0.6824927299999992
1.9740000000000015,0.6818353499999986
1.9750000000000014,0.6809857499999987
1.9760000000000013,0.6800768399999985
1.9770000000000012,0.6789033399999983
1.9780000000000015,0.6776447899999984
1.9790000000000014,0.6764402399999985
1.9800000000000013,0.6752744299999984
1.9810000000000012,0.6740734556594326
1.9820000000000015,0.6728300499999982
1.9830000000000014,0.6716787799999988
1.9840000000000013,0.6707277899999987
1.9850000000000012,0.669754389999999
1.9860000000000015,0.6688235649635021
1.9870000000000014,0.6678731999999985
1.9880000000000013,0.6669220299999989
1.9890000000000012,0.6659481499999986
1.9900000000000015,0.664756059999998
1.9910000000000014,0.6634411914868493
1.9920000000000013,0.6620127599999979
1.9930000000000012,0.6604620199999979
1.9940000000000015,0.6585944299999964
1.9950000000000014,0.6563007799999969
1.9960000000000013,0.6539998000979872
1.9970000000000012,0.6515544699999966
1.9980000000000016,0.6489375199999956
1.9990000000000014,0.6456302399999957
2.0000000000000013,0.642396149999996
2.0010000000000012,0.6393431345400884
2.0020000000000016,0.6362885354599035
2.0030000000000014,0.6329808199999956
2.0040000000000013,0.6296531609098146
2.0050000000000012,0.6267622590901789
2.0060000000000016,0.6241988499999958
2.0070000000000014,0.6218137099999963
2.0080000000000013,0.6197416903269326
2.0090000000000012,0.6180449596730636
2.0100000000000016,0.6172182599999988
2.0110000000000015,0.6165558297850433
2.0120000000000013,0.6167536802149572
2.0130000000000012,0.6170249600000013
2.0140000000000016,0.6179905348660285
2.0150000000000015,0.6190391951339748
2.0160000000000013,0.6205471800000021
2.0170000000000012,0.622149230000002
2.0180000000000016,0.6236849099360152
2.0190000000000015,0.6251842700639894
2.0200000000000014,0.6267325900000021
2.0210000000000012,0.6283166015926831
2.0220000000000016,0.6297325284073206
2.0230000000000015,0.6308038200000015
2.0240000000000014,0.6318684510997812
2.0250000000000012,0.632779448900221
2.0260000000000016,0.6336547100000012
2.0270000000000015,0.6343464300000013
2.0280000000000014,0.6350958750554956
2.0290000000000012,0.6360494500000013
2.0300000000000016,0.6370821600000021
2.0310000000000015,0.6382504775404939
2.0320000000000014,0.63952588245951
2.0330000000000013,0.6410787700000024
2.0340000000000016,0.6428382324075212
2.0350000000000015,0.6445623075924841
2.0360000000000014,0.6462621100000023
2.0370000000000013,0.6480047103039414
2.0380000000000016,0.6498077496960635
2.0390000000000015,0.6514222600000014
2.0400000000000014,0.6524565200000012
2.0410000000000013,0.6533981430913822
2.0420000000000016,0.6538290569086189
2.0430000000000015,0.6541895299999998
2.0440000000000014,0.654056701913617
2.0450000000000013,0.6537758380863824
2.0460000000000016,0.6531969899999986
2.0470000000000015,0.6524464256698647
2.0480000000000014,0.6516031243301328
2.0490000000000013,0.6506460899999986
2.0500000000000016,0.6496350799999981
2.0510000000000015,0.6485785156564329
2.0520000000000014,0.647616389999999
2.0530000000000013,0.646841589999999
2.0540000000000016,0.646072851069785
2.0550000000000015,0.6453835489302129
2.0560000000000014,0.6447166199999994
2.0570000000000013,0.644305795757848
2.0580000000000016,0.643963374242151
2.0590000000000015,0.6437951899999999
2.0600000000000014,0.643711585070986
2.0610000000000013,0.6438622949290145
2.0620000000000016,0.6441721300000008
2.0630000000000015,0.644692180000001
2.0640000000000014,0.6454286839002209
2.0650000000000013,0.6462676860997814
2.0660000000000016,0.6472832600000021
2.0670000000000015,0.6484449261097806
2.0680000000000014,0.6500060238902243
2.0690000000000013,0.651532350000002
2.0700000000000016,0.653055469208161
2.0710000000000015,0.654647550791844
2.0720000000000014,0.6566087000000025
2.0730000000000013,0.6585279700000021
2.0740000000000016,0.6601423914408584
2.0750000000000015,0.6616568000000019
2.0760000000000014,0.6631010200000018
2.0770000000000013,0.6644058369166176
2.0780000000000016,0.6651750030833845
2.0790000000000015,0.6654624299999999
2.0800000000000014,0.6653854788942202
2.0810000000000013,0.6647744211057779
2.0820000000000016,0.6638998999999974
2.0830000000000015,0.6624840750769821
2.0840000000000014,0.6609348449230131
2.0850000000000013,0.6587871299999972
2.0860000000000016,0.6566741499999961
2.0870000000000015,0.6544940678144335
2.0880000000000014,0.6522722121855596
2.0890000000000013,0.6497749099999967
2.0900000000000016,0.6473132647570451
2.0910000000000015,0.6451608352429482
2.0920000000000014,0.6431255299999973
2.0930000000000013,0.6411571430813815
2.0940000000000016,0.6392879569186135
2.0950000000000015,0.6377474699999984
2.0960000000000014,0.6365525099999987
2.0970000000000013,0.6355774989291063
2.0980000000000016,0.6349667899999994
2.0990000000000015,0.63452637
2.1000000000000014,0.6345403806258748
2.1010000000000013,0.6345466393741253
2.1020000000000016,0.6346879600000003
2.1030000000000015,0.6347981209588084
2.1040000000000014,0.6349077090411919
2.1050000000000013,0.6349086199999996
2.1060000000000016,0.6345777626654662
2.1070000000000015,0.6341044173345324
2.1080000000000014,0.6332071999999984
2.1090000000000013,0.6320595099999977
2.1100000000000017,0.6302933927004564
2.1110000000000015,0.6281203972995368
2.1120000000000014,0.6257493499999965
2.1130000000000013,0.6231449751779609
2.1140000000000017,0.6200967548220311
2.1150000000000015,0.6163859999999952
2.1160000000000014,0.612768780476899
2.1170000000000013,0.6092735495230901
2.1180000000000017,0.6055896899999944
2.1190000000000015,0.6014304199999946
2.1200000000000014,0.5973727530583822
2.1210000000000013,0.593603336941606
2.1220000000000017,0.5896687499999919
2.1230000000000016,0.5850781859278068
2.1240000000000014,0.5803374640721786
2.1250000000000013,0.575380799999993
2.1260000000000017,0.5700618177944298
2.1270000000000016,0.5630397622055484
2.1280000000000014,0.5550528199999885
2.1290000000000013,0.5463615077734342
2.1300000000000017,0.5368392422265404
2.1310000000000016,0.5253881799999758
2.1320000000000014,0.5117443799999759
2.1330000000000013,0.4981663415046829
2.1340000000000017,0.48438138849528034
2.1350000000000016,0.4697270999999703
2.1360000000000015,0.4530513103689009
2.1370000000000013,0.4373549996310503
2.1380000000000017,0.4241051999999768
2.1390000000000016,0.41106477318634393
2.1400000000000015,0.3993966368136198
2.1410000000000013,0.38862558999999125
2.1420000000000017,0.3820485799999898
2.1430000000000016,0.37629171259147626
2.1440000000000015,0.37291762740851325
2.1450000000000014,0.37041022999999895
2.1460000000000017,0.3696099699350128
2.1470000000000016,0.3695093200649868
2.1480000000000015,0.36962619000000024
2.1490000000000014,0.3697870889012193
2.1500000000000017,0.3693761010987796
2.1510000000000016,0.36826982999999675
2.1520000000000015,0.3664316799999945
2.1530000000000014,0.36333651951604373
2.1540000000000017,0.360053959999993
2.1550000000000016,0.3561294999999924
2.1560000000000015,0.3518610764157079
2.1570000000000014,0.34632523358427486
2.1580000000000017,0.3409851499999912
2.1590000000000016,0.33601010663166553
2.1600000000000015,0.3309764233683188
2.1610000000000014,0.32548105999999305
2.1620000000000017,0.32027690012996757
2.1630000000000016,0.31627819987002004
2.1640000000000015,0.31281539999999736
2.1650000000000014,0.3108236499999987
2.1660000000000017,0.3098422211927637
2.1670000000000016,0.31125414880724067
2.1680000000000015,0.314458370000008
2.1690000000000014,0.32044745792742446
2.1700000000000017,0.32892673207259815
2.1710000000000016,0.33854532000001986
2.1720000000000015,0.3497177258788443
2.1730000000000014,0.3621765141211944
2.1740000000000017,0.3767789600000238
2.1750000000000016,0.3901985900000201
2.1760000000000015,0.40149802005701124
2.1770000000000014,0.41227245000001117
2.1780000000000017,0.420661180000013
2.1790000000000016,0.4279607638112417
2.1800000000000015,0.43039887618876593
2.1810000000000014,0.43229165999999725
2.1820000000000017,0.4302065134193124
2.1830000000000016,0.4278407065806803
2.1840000000000015,0.4236511299999943
2.1850000000000014,0.419385225563882
2.1860000000000017,0.4149408644361041
2.1870000000000016,0.41098242999999673
2.1880000000000015,0.40915402999999934
2.1890000000000014,0.4086671342221575
2.1900000000000017,0.4103093557778476
2.1910000000000016,0.4136233000000082
2.1920000000000015,0.418209464768056
2.1930000000000014,0.4241571452319625
2.1940000000000017,0.43138316000001564
2.1950000000000016,0.44019650636973934
2.1960000000000015,0.44846020363028627
2.1970000000000014,0.45601732000001005
2.1980000000000017,0.46355113000001275
2.1990000000000016,0.47075376794321644
2.2000000000000015,0.47743320000000644
2.2010000000000014,0.48224321000000636
2.2020000000000017,0.48702984125975424
2.2030000000000016,0.4908424387402577
2.2040000000000015,0.4944874600000031
2.2050000000000014,0.4968388377394559
2.2060000000000017,0.4992162322605525
2.2070000000000016,0.5013536200000038
2.2080000000000015,0.5034475809778073
2.2090000000000014,0.505157359022198
2.2100000000000017,0.5067254900000022
2.2110000000000016,0.5079702100000018
2.2120000000000015,0.5089893252129584
2.2130000000000014,0.5095414547870435
2.2140000000000017,0.5097649699999994
2.2150000000000016,0.5094707507948399
2.2160000000000015,0.508778699205158
2.2170000000000014,0.5077327499999981
2.2180000000000017,0.5063266987122551
2.2190000000000016,0.5048138212877402
2.2200000000000015,0.5031659599999981
2.2210000000000014,0.5017740099999987
2.2220000000000018,0.5007442598310157
2.2230000000000016,0.49994256999999964
2.2240000000000015,0.49968907
2.2250000000000014,0.499685457866428
2.2260000000000018,0.5004641221335748
2.2270000000000016,0.5012953900000023
2.2280000000000015,0.5026000204839052
2.2290000000000014,0.5038048595160985
2.2300000000000018,0.5049173800000016
2.2310000000000016,0.5058699002489507
2.2320000000000015,0.5061723897510502
2.2330000000000014,0.5062618899999989
2.2340000000000018,0.5054555499999981
2.2350000000000017,0.5044050556858595
2.2360000000000015,0.5023619143141341
2.2370000000000014,0.5001055599999967
2.2380000000000018,0.49767891306638257
2.2390000000000017,0.49510957693360946
2.2400000000000015,0.4920302899999956
2.2410000000000014,0.4887525508248299
2.2420000000000018,0.4855607991751588
2.2430000000000017,0.4823353599999951
2.2440000000000015,0.4786648799999947
2.2450000000000014,0.4746723364946947
2.2460000000000018,0.4707372835052913
2.2470000000000017,0.4667481499999919
2.2480000000000016,0.4622077816776561
2.2490000000000014,0.4570245583223278
2.2500000000000018,0.45202722999999145
2.2510000000000017,0.44721012566985774
2.2520000000000016,0.4420668243301263
2.2530000000000014,0.4363828299999928
2.254000000000002,0.43096371026993807
2.2550000000000017,0.42606640973004667
2.2560000000000016,0.4208435099999895
2.2570000000000014,0.41493185999998966
2.258000000000002,0.4091063560407829
2.2590000000000017,0.4035667639591998
2.2600000000000016,0.397657099999987
2.2610000000000015,0.3903329058288227
2.262000000000002,0.38319119417115194
2.2630000000000017,0.37649788999998773
2.2640000000000016,0.3695941804259022
2.2650000000000015,0.36179843957407354
2.266000000000002,0.354139269999988
2.2670000000000017,0.34740414999998825
2.2680000000000016,0.3407729967516388
2.2690000000000015,0.3340405132483402
2.270000000000002,0.32753425999999086
2.2710000000000017,0.3223789723665192
2.2720000000000016,0.3177026376334663
2.2730000000000015,0.3134539099999948
2.274000000000002,0.30954804765346444
2.2750000000000017,0.30652458234652613
2.2760000000000016,0.30403020999999625
2.2770000000000015,0.3018974999999968
2.278000000000002,0.30011361838815775
2.2790000000000017,0.29879381999999843
2.2800000000000016,0.2979275599999992
2.2810000000000015,0.297486966480704
2.282000000000002,0.29755177351929624
2.2830000000000017,0.29798436000000167
2.2840000000000016,0.29892680579184366
2.2850000000000015,0.3001847242081603
2.286000000000002,0.3019567100000033
2.2870000000000017,0.3037957849450143
2.2880000000000016,0.3058452350549921
2.2890000000000015,0.307956490000003
2.290000000000002,0.31021425000000347
2.2910000000000017,0.3121571070665887
2.2920000000000016,0.3134277729334153
2.2930000000000015,0.3145714400000008
2.294000000000002,0.3151993947600487
2.2950000000000017,0.31564699523995265
2.2960000000000016,0.31536343999999933
2.2970000000000015,0.3149916632103562
2.298000000000002,0.31392376678964
2.2990000000000017,0.31292211999999814
2.3000000000000016,0.311872599999998
2.3010000000000015,0.31079225803419497
2.302000000000002,0.30957200999999784
2.3030000000000017,0.308365019999998
2.3040000000000016,0.3072450429834013
2.3050000000000015,0.3059748770165948
2.306000000000002,0.3041208399999964
2.3070000000000017,0.30207540983102943
2.3080000000000016,0.29937372016896213
2.3090000000000015,0.2963693399999943
2.310000000000002,0.2921066716386652
2.3110000000000017,0.28772305836131923
2.3120000000000016,0.28358438999999297
2.3130000000000015,0.27961843999999547
2.314000000000002,0.27621144660967334
2.3150000000000017,0.2732775433903163
2.3160000000000016,0.27196925999999916
2.3170000000000015,0.2715078336842652
2.318000000000002,0.2727446763157393
2.3190000000000017,0.27486020000000555
2.3200000000000016,0.27796070881024404
2.3210000000000015,0.2817488111897677
2.322000000000002,0.2866324200000097
2.3230000000000017,0.2921096400000093
2.3240000000000016,0.29732788855015335
2.3250000000000015,0.3025133900000075
2.326000000000002,0.3081508000000105
2.3270000000000017,0.3140545887122664
2.3280000000000016,0.31954171128775066
2.3290000000000015,0.3247246400000071
2.330000000000002,0.3300442264517205
2.3310000000000017,0.33530874354830054
2.3320000000000016,0.3395677800000056
2.3330000000000015,0.3427378999960045
2.334000000000002,0.34503786000400366
2.3350000000000017,0.34609567999999946
2.3360000000000016,0.34579282999999605
2.3370000000000015,0.34357524869125605
2.338000000000002,0.34006216130873146
2.3390000000000017,0.3345875699999902
2.3400000000000016,0.3290701920515802
2.3410000000000015,0.32319070794840155
2.342000000000002,0.3173963399999899
2.3430000000000017,0.31171619927013866
2.3440000000000016,0.3072089007298473
2.3450000000000015,0.30468946999999774
2.346000000000002,0.30297697000000035
2.3470000000000018,0.30316293858314275
2.3480000000000016,0.30384877000000277
2.3490000000000015,0.3059496900000031
2.350000000000002,0.30828862932714113
2.3510000000000018,0.3114819006728716
2.3520000000000016,0.3145241400000052
2.3530000000000015,0.31745970715957306
2.354000000000002,0.3205313028404379
2.3550000000000018,0.32382530000000587
2.3560000000000016,0.32713988875225486
2.3570000000000015,0.3304274112477554
2.358000000000002,0.3341393500000085
2.3590000000000018,0.3389081700000085
2.3600000000000017,0.34367743886023583
2.3610000000000015,0.34856604113977935
2.362000000000002,0.35385251000001156
2.3630000000000018,0.36035377811438696
2.3640000000000017,0.366434921885632
2.3650000000000015,0.3714954600000066
2.366000000000002,0.3764709977444599
2.3670000000000018,0.3807484422555572
2.3680000000000017,0.3846234100000027
2.3690000000000015,0.38668182000000273
2.370000000000002,0.3887099941721675
2.3710000000000018,0.38965171582783625
2.3720000000000017,0.39053582999999986
2.3730000000000016,0.3904629748000403
2.374000000000002,0.3906109751999603
2.3750000000000018,0.3910482200000009
2.3760000000000017,0.3915564069666081
2.3770000000000016,0.39242607303339466
2.378000000000002,0.3933439600000023
2.379000000000002,0.39465745475805025
2.3800000000000017,0.3958050352419533
2.3810000000000016,0.39646664000000087
2.382000000000002,0.3969804899999993
2.383000000000002,0.3966613357428509
2.3840000000000017,0.39631876425714807
2.3850000000000016,0.3955888199999989
2.386000000000002,0.39494982800839723
2.387000000000002,0.3944299119916007
2.3880000000000017,0.3941123800000008
2.3890000000000016,0.3945737487912427
2.390000000000002,0.3951616612087594
2.391000000000002,0.39664903000000246
2.3920000000000017,0.3980253000000022
2.3930000000000016,0.3992846171095798
2.394000000000002,0.400355712890424
2.395000000000002,0.4006058900000002
2.3960000000000017,0.4006930030153955
2.3970000000000016,0.3998231569846018
2.398000000000002,0.39875429999999606
2.399000000000002,0.39658056688961896
2.4000000000000017,0.394649463110375
2.4010000000000016,0.39336904999999805
2.4020000000000015,0.39226656999999954
2.403000000000002,0.3920302936276368
2.4040000000000017,0.39212683000000287
2.4050000000000016,0.3937623800000032
2.406000000000002,0.39554884012998
2.407000000000002,0.39845013987003164
2.4080000000000017,0.40107846000000336
2.4090000000000016,0.40294862434513345
2.4100000000000015,0.40449207565487133
2.411000000000002,0.4046217499999997
2.4120000000000017,0.4044774118526269
2.4130000000000016,0.4028959381473681
2.414000000000002,0.40125157999999544
2.415000000000002,0.39868577999999627
2.4160000000000017,0.39660623614277046
2.4170000000000016,0.3959676638572276
2.4180000000000015,0.3956408200000017
2.419000000000002,0.3969250360867847
2.4200000000000017,0.3981859039132193
2.4210000000000016,0.3998526300000027
2.422000000000002,0.4013789441761675
2.423000000000002,0.40272070582383784
2.4240000000000017,0.40373306999999975
2.4250000000000016,0.4035806699999995
2.4260000000000015,0.40330895717128246
2.427000000000002,0.4021777799999984
2.4280000000000017,0.4012616899999988
2.4290000000000016,0.4005771156918614
2.430000000000002,0.4004340343081381
2.431000000000002,0.401806650000003
2.4320000000000017,0.40348428250750323
2.4330000000000016,0.4064093574925059
2.4340000000000015,0.4093521500000045
2.435000000000002,0.41272168751750066
2.4360000000000017,0.4152968624825085
2.4370000000000016,0.4161059299999992
2.438000000000002,0.4156362399999938
2.439000000000002,0.41214882219455323
2.4400000000000017,0.4072707678054294
2.4410000000000016,0.399085339999982
2.4420000000000015,0.3889671280703628
2.443000000000002,0.37464783192958634
2.4440000000000017,0.36046948999997397
2.4450000000000016,0.34581179071083296
2.446000000000002,0.3304188992891123
2.447000000000002,0.31406926999997364
2.4480000000000017,0.2992181799999777
2.4490000000000016,0.286643052146766
2.4500000000000015,0.27466451999998603
2.451000000000002,0.2641724099999845
2.4520000000000017,0.25541487196959595
2.4530000000000016,0.24913456803038453
2.454000000000002,0.24339164999999194
2.455000000000002,0.2388603199360056
2.4560000000000017,0.23535968006398042
2.4570000000000016,0.23313860999999572
2.4580000000000015,0.23072709396220376
2.459000000000002,0.22836671603778788
2.4600000000000017,0.22657747999999775
2.4610000000000016,0.2253075399999981
2.462000000000002,0.22424066345630694
2.463000000000002,0.22337522654368958
2.4640000000000017,0.22271196999999915
2.4650000000000016,0.2222294159038182
2.4660000000000015,0.2215884540961798
2.467000000000002,0.2208095499999982
2.4680000000000017,0.21979842328434093
2.4690000000000016,0.21843126671565483
2.470000000000002,0.21572951999999407
2.471000000000002,0.21237994999999363
2.4720000000000018,0.20877912330066434
2.4730000000000016,0.20531212999999687
2.4740000000000015,0.20295065999999753
2.475000000000002,0.2011018570105976
2.4760000000000018,0.20097196298940187
2.4770000000000016,0.20179772000000643
2.478000000000002,0.20540819468807175
2.479000000000002,0.20995507531194643
2.4800000000000018,0.21631926000001306
2.4810000000000016,0.22365738813538952
2.4820000000000015,0.23393874186464245
2.483000000000002,0.24456610000001777
2.4840000000000018,0.25456432000001794
2.4850000000000017,0.26464683778845693
2.486000000000002,0.2737247222115753
2.487000000000002,0.28302410000001355
2.4880000000000018,0.29064858129875415
2.4890000000000017,0.29926156870127263
2.4900000000000015,0.30917254000001293
2.491000000000002,0.3188599538782413
2.4920000000000018,0.32709873612179163
2.4930000000000017,0.33588210000001123
2.494000000000002,0.3442934800000138
2.495000000000002,0.3520678199360243
2.4960000000000018,0.35766718006399806
2.4970000000000017,0.3639224800000107
2.4980000000000016,0.3699494458768346
2.499000000000002,0.3761082141231873
2.5000000000000018,0.3818315
2.5010000000000017,0.3818315
2.502000000000002,0.3818315
2.503000000000002,0.3818315
2.504000000000002,0.3818315
2.5050000000000017,0.3818315
2.5060000000000016,0.3818315
2.507000000000002,0.3818315
2.508000000000002,0.3818315
2.5090000000000017,0.3818315
2.510000000000002,0.3818315
2.511000000000002,0.3818315
2.512000000000002,0.3818315
2.5130000000000017,0.3818315
2.5140000000000016,0.3818315
2.515000000000002,0.3818315
2.516000000000002,0.3818315
2.5170000000000017,0.3818315
2.518000000000002,0.3818315
2.519000000000002,0.3818315
2.520000000000002,0.3818315
2.5210000000000017,0.3818315
2.5220000000000016,0.3818315
2.523000000000002,0.3818315
2.524000000000002,0.3818315
2.5250000000000017,0.3818315
2.526000000000002,0.3818315
2.527000000000002,0.3818315
2.528000000000002,0.3818315
2.5290000000000017,0.3818315
2.5300000000000016,0.3818315
2.531000000000002,0.3818315
2.532000000000002,0.3818315
2.5330000000000017,0.3818315
2.534000000000002,0.3818315
2.535000000000002,0.3818315
2.536000000000002,0.3818315
2.5370000000000017,0.3818315
2.5380000000000016,0.3818315
2.539000000000002,0.3818315
2.540000000000002,0.3818315
2.5410000000000017,0.3818315
2.542000000000002,0.3818315
2.543000000000002,0.3818315
2.544000000000002,0.3818315
2.5450000000000017,0.3818315
2.5460000000000016,0.3818315
2.547000000000002,0.3818315
2.548000000000002,0.3818315
2.5490000000000017,0.3818315
2.550000000000002,0.3818315
2.551000000000002,0.3818315
2.552000000000002,0.3818315
2.5530000000000017,0.3818315
2.5540000000000016,0.3818315
2.555000000000002,0.3818315
2.556000000000002,0.3818315
2.5570000000000017,0.3818315
2.558000000000002,0.3818315
2.559000000000002,0.3818315
2.560000000000002,0.3818315
2.5610000000000017,0.3818315
2.5620000000000016,0.3818315
2.563000000000002,0.3818315
2.564000000000002,0.3818315
2.5650000000000017,0.3818315
2.566000000000002,0.3818315
2.567000000000002,0.3818315
2.568000000000002,0.3818315
2.5690000000000017,0.3818315
2.5700000000000016,0.3818315
2.571000000000002,0.3818315
2.572000000000002,0.3818315
2.5730000000000017,0.3818315
2.574000000000002,0.3818315
2.575000000000002,0.3818315
2.576000000000002,0.3818315
2.5770000000000017,0.3818315
2.5780000000000016,0.3818315
2.579000000000002,0.3818315
2.580000000000002,0.3818315
2.5810000000000017,0.3818315
2.582000000000002,0.3818315
2.583000000000002,0.3818315
2.584000000000002,0.3818315
2.5850000000000017,0.3818315
2.5860000000000016,0.3818315
2.587000000000002,0.3818315
2.588000000000002,0.3818315
2.5890000000000017,0.3818315
2.590000000000002,0.3818315
2.591000000000002,0.3818315
2.592000000000002,0.3818315
2.5930000000000017,0.3818315
2.5940000000000016,0.3818315
2.595000000000002,0.3818315
2.596000000000002,0.3818315
2.5970000000000018,0.3818315
2.598000000000002,0.3818315
2.599000000000002,0.3818315
