wave,r
0.4,0.249184293850423
0.401,0.25240982816283697
0.402,0.25622611183716326
0.403,0.2599286700000002
0.404,0.2639464298224018
0.405,0.26898432
0.406,0.27462220706375906
0.40700000000000003,0.2813285829362413
0.40800000000000003,0.28892396923951563
0.40900000000000003,0.29684792076048483
0.41000000000000003,0.3056151900000005
0.41100000000000003,0.31503962575564254
0.41200000000000003,0.32470536
0.41300000000000003,0.33402296830961736
0.41400000000000003,0.3428539300000004
0.41500000000000004,0.3512272986122282
0.41600000000000004,0.3590885213877727
0.41700000000000004,0.36598924
0.41800000000000004,0.3721924379680207
0.41900000000000004,0.37785715000000025
0.42000000000000004,0.38314720271647307
0.42100000000000004,0.38841885
0.42200000000000004,0.3937108442985143
0.42300000000000004,0.3991406957014863
0.42400000000000004,0.4049794137399255
0.42500000000000004,0.41135340626007516
0.42600000000000005,0.41831562000000044
0.42700000000000005,0.42600628661833423
0.42800000000000005,0.4346681200000005
0.42900000000000005,0.44383532621877614
0.43000000000000005,0.45345720378122495
0.43100000000000005,0.4635863118667632
0.43200000000000005,0.473772988133238
0.43300000000000005,0.4839726100000006
0.43400000000000005,0.4940339960558399
0.43500000000000005,0.5036395800000004
0.43600000000000005,0.5125861433333337
0.43700000000000006,0.5209194766666672
0.43800000000000006,0.5286421887972244
0.43900000000000006,0.5355219112027764
0.44000000000000006,0.5416850400000003
0.44100000000000006,0.547111695733443
0.44200000000000006,0.5517985200000002
0.44300000000000006,0.5559929962436753
0.44400000000000006,0.5596173637563251
0.44500000000000006,0.5627793995448093
0.44600000000000006,0.565733880455191
0.44700000000000006,0.5683869700000002
0.44800000000000006,0.5709895239744603
0.44900000000000007,0.5736666300000001
0.45000000000000007,0.5762774584148318
0.45100000000000007,0.5791189415851685
0.45200000000000007,0.5822961648865025
0.45300000000000007,0.585784815113498
0.45400000000000007,0.5895246900000004
0.45500000000000007,0.5936368288786115
0.45600000000000007,0.5980864800000002
0.4570000000000001,0.6026909873780265
0.4580000000000001,0.6074287900000006
0.4590000000000001,0.6120812145655089
0.4600000000000001,0.6165377654344916
0.4610000000000001,0.6209157700000002
0.4620000000000001,0.6250245789119112
0.4630000000000001,0.6286649100000004
0.4640000000000001,0.6317647384228161
0.4650000000000001,0.6346070200000001
0.4660000000000001,0.6371461424829507
0.4670000000000001,0.6393944375170498
0.4680000000000001,0.6413951067986642
0.4690000000000001,0.6430749732013361
0.4700000000000001,0.6445351800000001
0.4710000000000001,0.645904013619564
0.4720000000000001,0.6472659700000001
0.4730000000000001,0.6486641342422153
0.4740000000000001,0.6500883557577849
0.4750000000000001,0.6515050042911142
0.4760000000000001,0.652934115708886
0.4770000000000001,0.6544335500000001
0.4780000000000001,0.6560737683127171
0.4790000000000001,0.6579050400000003
0.4800000000000001,0.6598420895035101
0.4810000000000001,0.6617924404964903
0.4820000000000001,0.6637701017916644
0.4830000000000001,0.6659492682083361
0.4840000000000001,0.6681743900000002
0.4850000000000001,0.670392197821922
0.4860000000000001,0.6726280500000003
0.4870000000000001,0.6749372722910545
0.4880000000000001,0.6771663777089462
0.4890000000000001,0.679262840414792
0.4900000000000001,0.6813043195852085
0.4910000000000001,0.6832487600000002
0.4920000000000001,0.6850696617909823
0.4930000000000001,0.6867710400000002
0.4940000000000001,0.6884182857074431
0.4950000000000001,0.6899890300000001
0.4960000000000001,0.6914323731920363
0.4970000000000001,0.692751576807964
0.4980000000000001,0.6941185000000002
0.4990000000000001,0.6953898572864272
0.5000000000000001,0.6965310000000001
0.5010000000000001,0.6977056421363429
0.5020000000000001,0.6989192753961304
0.5030000000000001,0.70009914640258
0.5040000000000001,0.7012266987244874
0.5050000000000001,0.7024756700000001
0.5060000000000001,0.7037140943865807
0.5070000000000001,0.7049334234201291
0.5080000000000001,0.7061816750349504
0.5090000000000001,0.7073827400000001
0.5100000000000001,0.708639513065531
0.5110000000000001,0.7099460642008321
0.5120000000000001,0.7111561057991682
0.5130000000000001,0.7124449471115714
0.5140000000000001,0.7137613300000001
0.5150000000000001,0.7150229928349568
0.5160000000000001,0.7163064878065099
0.5170000000000001,0.7175667047956604
0.5180000000000001,0.7187839078279785
0.5190000000000001,0.7199661217560177
0.5200000000000001,0.7211417235282237
0.5210000000000001,0.7223181347076648
0.5220000000000001,0.7234808683726677
0.5230000000000001,0.7245981700000002
0.5240000000000001,0.7256956805680058
0.5250000000000001,0.7267524798570059
0.5260000000000001,0.7277453301429944
0.5270000000000001,0.7287113003403036
0.5280000000000001,0.7296398900000001
0.5290000000000001,0.7305184165583657
0.5300000000000001,0.7313463346965654
0.5310000000000001,0.7321695535356234
0.5320000000000001,0.7329527621679218
0.5330000000000001,0.7336971879840799
0.5340000000000001,0.734495594882456
0.5350000000000001,0.7352397176763164
0.5360000000000001,0.7359636327608554
0.5370000000000001,0.7367414200000001
0.5380000000000001,0.7374436372581453
0.5390000000000001,0.7381694539706016
0.5400000000000001,0.7389684740195991
0.5410000000000001,0.739778691897819
0.5420000000000001,0.7405985
0.5430000000000001,0.7414051457468127
0.5440000000000002,0.7421924863797811
0.5450000000000002,0.7430019238112382
0.5460000000000002,0.7438435600000001
0.5470000000000002,0.744684827779078
0.5480000000000002,0.7454627347466102
0.5490000000000002,0.74620006525339
0.5500000000000002,0.7468890431102313
0.5510000000000002,0.7475597300000001
0.5520000000000002,0.7482674764332288
0.5530000000000002,0.7489107967934604
0.5540000000000002,0.7494705788043599
0.5550000000000002,0.7499663750420505
0.5560000000000002,0.7503884438803389
0.5570000000000002,0.7507764771664418
0.5580000000000002,0.7511347992503375
0.5590000000000002,0.7514414738665387
0.5600000000000002,0.75177962
0.5610000000000002,0.7521603740716408
0.5620000000000002,0.7525675382144715
0.5630000000000002,0.7529782617855286
0.5640000000000002,0.7533870859117592
0.5650000000000002,0.7537750000000001
0.5660000000000002,0.7541301375256753
0.5670000000000002,0.7545064229026549
0.5680000000000002,0.7549365113982301
0.5690000000000002,0.7554042253228533
0.5700000000000002,0.7558483549478495
0.5710000000000002,0.7563431416532175
0.5720000000000002,0.756925802520174
0.5730000000000002,0.7575554737032741
0.5740000000000002,0.7580540200000001
0.5750000000000002,0.7584481831245313
0.5760000000000002,0.7587606347790089
0.5770000000000002,0.7589995852209912
0.5780000000000002,0.759191218083681
0.5790000000000002,0.75932968
0.5800000000000002,0.7594481140222403
0.5810000000000002,0.7596492278782061
0.5820000000000002,0.7599118347478627
0.5830000000000002,0.7602604000000002
0.5840000000000002,0.7606996341825418
0.5850000000000002,0.7611178893181342
0.5860000000000002,0.7615837960227989
0.5870000000000002,0.7621082047558951
0.5880000000000002,0.7625787900000001
0.5890000000000002,0.7629413630750616
0.5900000000000002,0.763248869423129
0.5910000000000002,0.7635629737179142
0.5920000000000002,0.7638185574441745
0.5930000000000002,0.764058052591626
0.5940000000000002,0.764317215699115
0.5950000000000002,0.7646021714513275
0.5960000000000002,0.7648564549143492
0.5970000000000002,0.7651179400000001
0.5980000000000002,0.7654201431733318
0.5990000000000002,0.7657374761259551
0.6000000000000002,0.7660437738740451
0.6010000000000002,0.7663120573171732
0.6020000000000002,0.76653415
0.6030000000000002,0.7667592827495551
0.6040000000000002,0.7670342393586321
0.6050000000000002,0.767346193760912
0.6060000000000002,0.7676201472604726
0.6070000000000002,0.7678951629761298
0.6080000000000002,0.7681927762736863
0.6090000000000002,0.7685064605894706
0.6100000000000002,0.7687805872587452
0.6110000000000002,0.7690637100000001
0.6120000000000002,0.7693867735786358
0.6130000000000002,0.7697446364991402
0.6140000000000002,0.77006959350086
0.6150000000000002,0.7703337073588736
0.6160000000000002,0.7705705200000001
0.6170000000000002,0.770859784892449
0.6180000000000002,0.7711044075347233
0.6190000000000002,0.7713555649768512
0.6200000000000002,0.7716690900000001
0.6210000000000002,0.7719404128801289
0.6220000000000002,0.7722284260900956
0.6230000000000002,0.7725329308648567
0.6240000000000002,0.7728006773225465
0.6250000000000002,0.7730795700000002
0.6260000000000002,0.773368242696554
0.6270000000000002,0.7736378968213591
0.6280000000000002,0.7738652754524274
0.6290000000000002,0.7741584170685708
0.6300000000000002,0.7745114000000002
0.6310000000000002,0.7748218240921955
0.6320000000000002,0.7750264338617069
0.6330000000000002,0.7752613353019531
0.6340000000000002,0.77555543
0.6350000000000002,0.7757602920874209
0.6360000000000002,0.7759690349862005
0.6370000000000002,0.7762183450137995
0.6380000000000002,0.776499567187772
0.6390000000000002,0.77672607
0.6400000000000002,0.7769757527597553
0.6410000000000002,0.7772517272863357
0.6420000000000002,0.777494605142443
0.6430000000000002,0.7777001279447795
0.6440000000000002,0.7778967622417224
0.6450000000000002,0.7781209347587622
0.6460000000000002,0.7783588728618569
0.6470000000000002,0.7785433481552632
0.6480000000000002,0.7787521500000001
0.6490000000000002,0.7790547621374214
0.6500000000000002,0.7792685035344586
0.6510000000000002,0.7794452264655414
0.6520000000000002,0.7796183782684828
0.6530000000000002,0.77980167
0.6540000000000002,0.7800412842474425
0.6550000000000002,0.7802536543503825
0.6560000000000002,0.780398667099745
0.6570000000000003,0.7805907680789809
0.6580000000000003,0.7807694114293143
0.6590000000000003,0.7809123424924754
0.6600000000000003,0.781036966261287
0.6610000000000003,0.781212148248165
0.6620000000000003,0.78141272
0.6630000000000003,0.781607571845337
0.6640000000000003,0.7817921062993851
0.6650000000000003,0.78200208580041
0.6660000000000003,0.7821947280735807
0.6670000000000003,0.78233641
0.6680000000000003,0.7824829227726614
0.6690000000000003,0.782621555841008
0.6700000000000003,0.7827498874333743
0.6710000000000003,0.78288263
0.6720000000000003,0.7830449313185132
0.6730000000000003,0.7831767815555378
0.6740000000000003,0.7832545584444622
0.6750000000000003,0.7833472490730908
0.6760000000000003,0.78348243
0.6770000000000003,0.7836372911307227
0.6780000000000003,0.7837503617933104
0.6790000000000003,0.7838101388044598
0.6800000000000003,0.7839448986523866
0.6810000000000003,0.7841202606116061
0.6820000000000003,0.784181421342133
0.6830000000000003,0.7842485279868008
0.6840000000000003,0.7843260184501845
0.6850000000000003,0.7844406999999999
0.6860000000000003,0.784622611496115
0.6870000000000003,0.7847722223053079
0.6880000000000003,0.7848874876946923
0.6890000000000003,0.7850026488483886
0.6900000000000003,0.78510177
0.6910000000000003,0.7851910617690178
0.6920000000000003,0.7852795131936403
0.6930000000000003,0.7853859678709064
0.6940000000000003,0.7855086287733878
0.6950000000000003,0.7855908903183032
0.6960000000000003,0.7856227216307184
0.6970000000000003,0.7857042575539224
0.6980000000000003,0.7858014690278806
0.6990000000000003,0.78586525
0.7000000000000003,0.7858487395141952
0.7010000000000003,0.7858001586302548
0.7020000000000003,0.7857316713697452
0.7030000000000003,0.7856602707140071
0.7040000000000003,0.78555954
0.7050000000000003,0.7853130650313502
0.7060000000000003,0.7850646350541473
0.7070000000000003,0.784899773297235
0.7080000000000003,0.7846643899999999
0.7090000000000003,0.7844849190677907
0.7100000000000003,0.7843916995148241
0.7110000000000003,0.7843674407277637
0.7120000000000003,0.7844097595767915
0.7130000000000003,0.7845189600000001
0.7140000000000003,0.7846879422333447
0.7150000000000003,0.7849112794534274
0.7160000000000003,0.7852263936977152
0.7170000000000003,0.7856091861720618
0.7180000000000003,0.7860304744990452
0.7190000000000003,0.7864803784467779
0.7200000000000003,0.7869027173298336
0.7210000000000003,0.7872563529273294
0.7220000000000003,0.7875284600000001
0.7230000000000003,0.7877615120808209
0.7240000000000003,0.7879695938586457
0.7250000000000003,0.7881625261413544
0.7260000000000003,0.788332518300083
0.7270000000000003,0.78844821
0.7280000000000003,0.7885365507099142
0.7290000000000003,0.7886075405864706
0.7300000000000003,0.7886270896090195
0.7310000000000003,0.7886717895529956
0.7320000000000003,0.7887494607546076
0.7330000000000003,0.7888249210357483
0.7340000000000003,0.7888767084463777
0.7350000000000003,0.7889154596124923
0.7360000000000003,0.78896618
0.7370000000000003,0.7890470006455065
0.7380000000000003,0.7891115505413784
0.7390000000000003,0.7891386194586216
0.7400000000000003,0.7891511898742988
0.7410000000000003,0.78922963
0.7420000000000003,0.7893408516762168
0.7430000000000003,0.7894246605648718
0.7440000000000003,0.7894434896234188
0.7450000000000003,0.78948218
0.7460000000000003,0.7895233003618036
0.7470000000000003,0.789559480580571
0.7480000000000003,0.7895885091291435
0.7490000000000003,0.7896018598664973
0.7500000000000003,0.78962052
0.7510000000000003,0.7896673707260146
0.7520000000000003,0.7897399717540122
0.7530000000000003,0.7897984388306585
0.7540000000000003,0.7898390295940959
0.7550000000000003,0.78987533
0.7560000000000003,0.7899084707509625
0.7570000000000003,0.7899460188735563
0.7580000000000003,0.789985899202392
0.7590000000000003,0.79002416
0.7600000000000003,0.7900859711826119
0.7610000000000003,0.7902042323865045
0.7620000000000003,0.7903235576134955
0.7630000000000003,0.7903299899356994
0.7640000000000003,0.79036772
0.7650000000000003,0.7903879298616971
0.7660000000000003,0.7903741017558122
0.7670000000000003,0.7904326288294585
0.7680000000000003,0.7904612997132971
0.7690000000000003,0.7904664902730028
0.7700000000000004,0.7904937903563821
0.7710000000000004,0.7905116094654268
0.7720000000000004,0.7905186999290986
0.7730000000000004,0.7905515999999999
0.7740000000000004,0.7906571608357084
0.7750000000000004,0.7907407302645895
0.7760000000000004,0.7907539597354105
0.7770000000000004,0.7907199903397034
0.7780000000000004,0.7907451999999999
0.7790000000000004,0.7907836412434125
0.7800000000000004,0.7908458122117894
0.7810000000000004,0.7909195385254737
0.7820000000000004,0.7909469597257972
0.7830000000000004,0.7909822503868039
0.7840000000000004,0.7910209301549922
0.7850000000000004,0.7910286797675117
0.7860000000000004,0.7910342799439989
0.7870000000000004,0.79107255
0.7880000000000004,0.7911250000375007
0.7890000000000004,0.7911287499751013
0.7900000000000004,0.7911279200165992
0.7910000000000004,0.791118090098301
0.7920000000000004,0.79110819
0.7930000000000004,0.7911331112455378
0.7940000000000004,0.7911953881316935
0.7950000000000004,0.7912256093955939
0.7960000000000004,0.79118407
0.7970000000000004,0.7911759602366024
0.7980000000000004,0.7911996208845646
0.7990000000000004,0.7912438491154353
0.8000000000000004,0.791283909599396
0.8010000000000004,0.79131275
0.8020000000000004,0.7913399303398069
0.8030000000000004,0.7913739108903555
0.8040000000000004,0.7914035894064297
0.8050000000000004,0.791403290003
0.8060000000000004,0.7914418004571047
0.8070000000000004,0.7914875084670766
0.8080000000000004,0.7914108622993851
0.8090000000000004,0.7914364294885948
0.8100000000000004,0.79148901
0.8110000000000004,0.7914851303761038
0.8120000000000004,0.7915227402897884
0.8130000000000004,0.7915372297102116
0.8140000000000004,0.7915214301580016
0.8150000000000004,0.79150569
0.8160000000000004,0.7915330512852128
0.8170000000000004,0.7915973114483276
0.8180000000000004,0.7916455890344483
0.8190000000000004,0.7916343801121011
0.8200000000000004,0.7916692505639057
0.8210000000000004,0.7917256410881456
0.8220000000000004,0.7917800483677816
0.8230000000000004,0.7918073497269946
0.8240000000000004,0.79175729
0.8250000000000004,0.7917008398855988
0.8260000000000004,0.7916893999558018
0.8270000000000004,0.7916871900441982
0.8280000000000004,0.7917132397394974
0.8290000000000004,0.79174316
0.8300000000000004,0.7917485799403995
0.8310000000000004,0.7917456010301486
0.8320000000000004,0.7917799393132343
0.8330000000000004,0.79179537
0.8340000000000004,0.7917269494295943
0.8350000000000004,0.7916699090962451
0.8360000000000004,0.7916247213556321
0.8370000000000004,0.7915853303939079
0.8380000000000004,0.79153115
0.8390000000000004,0.7914606297407948
0.8400000000000004,0.791434709338233
0.8410000000000004,0.791412650441178
0.8420000000000004,0.7912908212183121
0.8430000000000004,0.7911986089419895
0.8440000000000004,0.7910928075921203
0.8450000000000004,0.7909724136118194
0.8460000000000004,0.7908679820886209
0.8470000000000004,0.7906321299999999
0.8480000000000004,0.7903576474202741
0.8490000000000004,0.7900996731672731
0.8500000000000004,0.7897580368327265
0.8510000000000004,0.7894108934714346
0.8520000000000004,0.7890266799999998
0.8530000000000004,0.7885433939166782
0.8540000000000004,0.787935058375281
0.8550000000000004,0.7872142344164789
0.8560000000000004,0.7863931782105817
0.8570000000000004,0.785426367651576
0.8580000000000004,0.7841915216510168
0.8590000000000004,0.7827740725234733
0.8600000000000004,0.7812104956358121
0.8610000000000004,0.7795078799999993
0.8620000000000004,0.7776766203219025
0.8630000000000004,0.7757088095694163
0.8640000000000004,0.7736872804305819
0.8650000000000004,0.7717626892458916
0.8660000000000004,0.7699883599999994
0.8670000000000004,0.7683723923229225
0.8680000000000004,0.7669885485282731
0.8690000000000004,0.7659394909811504
0.8700000000000004,0.7651166899999998
0.8710000000000004,0.7645716081575814
0.8720000000000004,0.7643873749195541
0.8730000000000004,0.7646333526206691
0.8740000000000004,0.7652831635017703
0.8750000000000004,0.7663968200000006
0.8760000000000004,0.7679950799900007
0.8770000000000004,0.7699940868765572
0.8780000000000004,0.7722233054156302
0.8790000000000004,0.7745594166388673
0.8800000000000004,0.776913340000001
0.8810000000000004,0.779218952840459
0.8820000000000005,0.7813609757393138
0.8830000000000005,0.7832527421648224
0.8840000000000005,0.7849016800000007
0.8850000000000005,0.7864108228699294
0.8860000000000005,0.7876978124475026
0.8870000000000005,0.7888201875524984
0.8880000000000005,0.7898163100388009
0.8890000000000005,0.7906286100000003
0.8900000000000005,0.7913705163647277
0.8910000000000005,0.7920069858098098
0.8920000000000005,0.7925339794601273
0.8930000000000005,0.7930692346474467
0.8940000000000005,0.7934477330440306
0.8950000000000005,0.793752136962652
0.8960000000000005,0.7941002695560224
0.8970000000000005,0.7943971170315407
0.8980000000000005,0.7946476300000002
0.8990000000000005,0.7948529718293184
0.9000000000000005,0.7950359036976522
0.9010000000000005,0.795220786302348
0.9020000000000005,0.7953876883309834
0.9030000000000005,0.7955494500000001
0.9040000000000005,0.7957293436394364
0.9050000000000005,0.7959113147115645
0.9060000000000005,0.7960683668589571
0.9070000000000005,0.7961613490701908
0.9080000000000005,0.7962116612028121
0.9090000000000005,0.7963319417249137
0.9100000000000005,0.7964181874126295
0.9110000000000005,0.7965225589562792
0.9120000000000005,0.7967025
0.9130000000000005,0.7968205814097282
0.9140000000000005,0.7969615544967753
0.9150000000000005,0.79711144700215
0.9160000000000005,0.7972343587708878
0.9170000000000005,0.7973870600000001
0.9180000000000005,0.7975665327942604
0.9190000000000005,0.7977062458086096
0.9200000000000005,0.7977830184645847
0.9210000000000005,0.7979335200000001
0.9220000000000005,0.798066380907209
0.9230000000000005,0.7981571013385464
0.9240000000000005,0.7982240286614536
0.9250000000000005,0.7983103391368914
0.9260000000000005,0.7984648900000001
0.9270000000000005,0.7985952504268086
0.9280000000000005,0.7986379332326384
0.9290000000000005,0.7987456878449077
0.9300000000000005,0.7988333691231913
0.9310000000000005,0.7988922005740057
0.9320000000000005,0.798949601661717
0.9330000000000005,0.7990326875074246
0.9340000000000005,0.7991272181093811
0.9350000000000005,0.79917765
0.9360000000000005,0.7991785404721048
0.9370000000000005,0.7992257506817727
0.9380000000000005,0.7992598393182273
0.9390000000000005,0.7993271893264933
0.9400000000000005,0.79941213
0.9410000000000005,0.7993778592751928
0.9420000000000005,0.7993416203326833
0.9430000000000005,0.799352709778211
0.9440000000000005,0.799403429492795
0.9450000000000005,0.7994347804840048
0.9460000000000005,0.79948317979861
0.9470000000000005,0.7994731103020849
0.9480000000000005,0.7994320404107083
0.9490000000000005,0.79949898
0.9500000000000005,0.7995255603338033
0.9510000000000005,0.7995589417403305
0.9520000000000005,0.7996459582596697
0.9530000000000005,0.7997426990325903
0.9540000000000005,0.79970312
0.9550000000000005,0.7996307600120001
0.9560000000000005,0.7996313611765412
0.9570000000000005,0.7996705792156392
0.9580000000000005,0.79957575
0.9590000000000005,0.7995140596786968
0.9600000000000005,0.7994819281272936
0.9610000000000005,0.7993882928090595
0.9620000000000005,0.7993564003189064
0.9630000000000005,0.79924822
0.9640000000000005,0.7991911208893179
0.9650000000000005,0.7992800478167091
0.9660000000000005,0.7992072714555272
0.9670000000000005,0.7991728203445034
0.9680000000000005,0.7991303182201821
0.9690000000000005,0.798952334777661
0.9700000000000005,0.7986912178335082
0.9710000000000005,0.7985631225618255
0.9720000000000005,0.7984798
0.9730000000000005,0.7983524793377934
0.9740000000000005,0.7982862590380385
0.9750000000000005,0.7982381609619615
0.9760000000000005,0.7981866005156051
0.9770000000000005,0.7981019599999999
0.9780000000000005,0.7979875794158883
0.9790000000000005,0.7979291687499624
0.9800000000000005,0.7978875008333582
0.9810000000000005,0.7979121797531975
0.9820000000000005,0.7980474200579005
0.9830000000000005,0.7980532073475325
0.9840000000000005,0.797920583978701
0.9850000000000005,0.7979045501603033
0.9860000000000005,0.7980880699999999
0.9870000000000005,0.7979650494366943
0.9880000000000005,0.797908722427103
0.9890000000000005,0.7980300775728971
0.9900000000000005,0.7981383789169892
0.9910000000000005,0.79797155
0.9920000000000005,0.798039140602006
0.9930000000000005,0.798069239501125
0.9940000000000005,0.7980526103325835
0.9950000000000006,0.79830503
0.9960000000000006,0.7983303100858008
0.9970000000000006,0.7983388897854108
0.9980000000000006,0.7983281603218838
0.9990000000000006,0.7982183710979218
1.0000000000000004,0.79823118
1.0010000000000006,0.798141
1.0020000000000007,0.79811776
1.0030000000000006,0.7981538800000001
1.0040000000000004,0.7982693981531847
1.0050000000000006,0.7983509300000001
1.0060000000000007,0.79854858
1.0070000000000006,0.7985331399999999
1.0080000000000005,0.79838097
1.0090000000000006,0.7982615515838415
1.0100000000000007,0.7979773899999999
1.0110000000000006,0.79782265
1.0120000000000005,0.79776621
1.0130000000000006,0.79768872
1.0140000000000007,0.7976339554764523
1.0150000000000006,0.79753178
1.0160000000000005,0.7974683000000001
1.0170000000000006,0.79742593
1.0180000000000007,0.7973607799999999
1.0190000000000006,0.7972229237856213
1.0200000000000005,0.79724276
1.0210000000000006,0.7973212
1.0220000000000007,0.7973996400000001
1.0230000000000006,0.7976019400000001
1.0240000000000005,0.7977845700000001
1.0250000000000006,0.7979707100000001
1.0260000000000007,0.79811496
1.0270000000000006,0.7981885100000001
1.0280000000000005,0.7983210700000001
1.0290000000000006,0.79856032
1.0300000000000007,0.7986495500000002
1.0310000000000006,0.7987558800000001
1.0320000000000005,0.7989860292790721
1.0330000000000006,0.7990788199999999
1.0340000000000007,0.79899454
1.0350000000000006,0.79901206
1.0360000000000005,0.79906482
1.0370000000000006,0.7990822160183981
1.0380000000000007,0.7990424
1.0390000000000006,0.7990696999999999
1.0400000000000005,0.7991130400000002
1.0410000000000006,0.79925627
1.0420000000000007,0.7992861270142986
1.0430000000000006,0.79931891
1.0440000000000005,0.7993377399999999
1.0450000000000006,0.7991188199999999
1.0460000000000007,0.798944
1.0470000000000006,0.7989070436956305
1.0480000000000005,0.79890293
1.0490000000000006,0.79899216
1.0500000000000007,0.7990397200000001
1.0510000000000006,0.799124
1.0520000000000005,0.79918343
1.0530000000000006,0.79919833
1.0540000000000007,0.7992584700000002
1.0550000000000006,0.799421134750525
1.0560000000000005,0.79946864
1.0570000000000006,0.7995197200000002
1.0580000000000007,0.7996875000000001
1.0590000000000006,0.79979998
1.0600000000000005,0.7999060268653135
1.0610000000000006,0.79997468
1.0620000000000007,0.79990697
1.0630000000000006,0.79989421
1.0640000000000005,0.79982328
1.0650000000000006,0.7997946128667133
1.0660000000000007,0.7998506999999999
1.0670000000000006,0.7997911599999998
1.0680000000000005,0.7996524599999999
1.0690000000000006,0.7995203099999999
1.0700000000000007,0.7993185701739824
1.0710000000000006,0.79919392
1.0720000000000005,0.79914159
1.0730000000000006,0.79906809
1.0740000000000007,0.79901236
1.0750000000000006,0.7989354699999999
1.0760000000000005,0.7987444999999999
1.0770000000000006,0.7985542399999999
1.0780000000000007,0.7984140899150083
1.0790000000000006,0.7982132399999999
1.0800000000000005,0.7980025399999999
1.0810000000000006,0.7977797999999999
1.0820000000000007,0.7975552699999999
1.0830000000000006,0.7973366745395457
1.0840000000000005,0.7970820699999999
1.0850000000000006,0.7968264199999998
1.0860000000000007,0.7965701199999997
1.0870000000000006,0.7961665999999997
1.0880000000000005,0.7956327733826614
1.0890000000000006,0.7951793699999997
1.0900000000000007,0.7946404799999996
1.0910000000000006,0.7941186999999996
1.0920000000000005,0.7936652899999996
1.0930000000000006,0.7929958769413055
1.0940000000000007,0.7922813299999996
1.0950000000000006,0.7915828799999994
1.0960000000000005,0.7907674899999995
1.0970000000000006,0.7899851799999995
1.0980000000000008,0.7892915599999992
1.0990000000000006,0.7884452899999993
1.1000000000000005,0.7875248799999995
1.1010000000000006,0.7865736499999993
1.1020000000000008,0.7855526199999994
1.1030000000000006,0.7844803299999992
1.1040000000000005,0.7833208399999995
1.1050000000000006,0.7820634799999991
1.1060000000000008,0.7806970756804309
1.1070000000000007,0.779153879999999
1.1080000000000005,0.7775738799999989
1.1090000000000007,0.7759105599999987
1.1100000000000008,0.7739795399999986
1.1110000000000007,0.7718666256394344
1.1120000000000005,0.7695230199999987
1.1130000000000007,0.766837359999998
1.1140000000000008,0.7639154199999979
1.1150000000000007,0.7607956499999978
1.1160000000000005,0.7573810614588521
1.1170000000000007,0.7535374799999973
1.1180000000000008,0.7494597999999962
1.1190000000000007,0.7450414899999968
1.1200000000000006,0.7402200699999978
1.1210000000000007,0.7351938726197349
1.1220000000000008,0.7298564899999963
1.1230000000000007,0.7243131399999962
1.1240000000000006,0.7186388999999973
1.1250000000000007,0.712690589999996
1.1260000000000008,0.7066742799999947
1.1270000000000007,0.7006146899999959
1.1280000000000006,0.694493409999996
1.1290000000000007,0.6884730591510807
1.1300000000000008,0.6826645699999951
1.1310000000000007,0.6771753999999967
1.1320000000000006,0.6721320199999979
1.1330000000000007,0.6674022099999972
1.1340000000000008,0.6632100223117662
1.1350000000000007,0.6595331399999979
1.1360000000000006,0.6563014999999982
1.1370000000000007,0.6536564199999987
1.1380000000000008,0.6517322699999989
1.1390000000000007,0.6505298602409751
1.1400000000000006,0.6500877100000003
1.1410000000000007,0.6505495300000009
1.1420000000000008,0.6519652600000015
1.1430000000000007,0.6542158700000021
1.1440000000000006,0.6573304985371482
1.1450000000000007,0.6613439300000031
1.1460000000000008,0.6660635500000046
1.1470000000000007,0.6713323000000038
1.1480000000000006,0.6770094000000038
1.1490000000000007,0.682741400000004
1.1500000000000008,0.6887629600000054
1.1510000000000007,0.6947679500000039
1.1520000000000006,0.7006111100000025
1.1530000000000007,0.7062543000000037
1.1540000000000008,0.7116348700000034
1.1550000000000007,0.7166095400000031
1.1560000000000006,0.721351740000003
1.1570000000000007,0.7258505272912739
1.1580000000000008,0.7300234400000034
1.1590000000000007,0.7339590200000025
1.1600000000000006,0.7375571700000022
1.1610000000000007,0.740846040000002
1.1620000000000008,0.7439218023487671
1.1630000000000007,0.7467452900000018
1.1640000000000006,0.749365990000001
1.1650000000000007,0.7517342600000014
1.1660000000000008,0.7538783600000016
1.1670000000000007,0.7557094668893122
1.1680000000000006,0.7575108400000011
1.1690000000000007,0.759133460000001
1.1700000000000008,0.7606700100000013
1.1710000000000007,0.7621554700000008
1.1720000000000006,0.763547880758925
1.1730000000000007,0.7648084800000008
1.1740000000000008,0.7659567600000008
1.1750000000000007,0.7670985500000007
1.1760000000000006,0.7681772100000007
1.1770000000000007,0.7692115300000006
1.1780000000000008,0.7702803000000009
1.1790000000000007,0.7713002600000006
1.1800000000000006,0.7722860365203484
1.1810000000000007,0.7732512400000006
1.1820000000000008,0.7741535300000008
1.1830000000000007,0.7750199400000005
1.1840000000000006,0.7758579900000003
1.1850000000000007,0.7766658859044101
1.1860000000000008,0.7774249300000007
1.1870000000000007,0.7781381000000004
1.1880000000000006,0.7788269500000005
1.1890000000000007,0.7794705600000005
1.1900000000000008,0.780063810674933
1.1910000000000007,0.7806741600000004
1.1920000000000006,0.7812227600000003
1.1930000000000007,0.7816990600000003
1.1940000000000008,0.7821707700000003
1.1950000000000007,0.782601136963304
1.1960000000000006,0.7830106000000003
1.1970000000000007,0.7834300400000003
1.1980000000000008,0.7837827200000003
1.1990000000000007,0.7840625600000002
1.2000000000000006,0.7843640400000003
1.2010000000000007,0.7846581900000003
1.2020000000000008,0.7848929800000002
1.2030000000000007,0.7850880188391163
1.2040000000000006,0.7852764100000001
1.2050000000000007,0.7853946100000001
1.2060000000000008,0.7855319400000002
1.2070000000000007,0.7856681300000001
1.2080000000000006,0.7857998728977104
1.2090000000000007,0.7859288500000001
1.2100000000000009,0.7860927000000001
1.2110000000000007,0.7862197200000001
1.2120000000000006,0.7863406500000001
1.2130000000000007,0.7864718868763125
1.2140000000000009,0.7865711500000001
1.2150000000000007,0.7866939300000001
1.2160000000000006,0.7868713700000001
1.2170000000000007,0.7870840400000001
1.2180000000000009,0.7872861997840218
1.2190000000000007,0.7875279200000003
1.2200000000000006,0.7878029900000002
1.2210000000000008,0.7880887400000002
1.2220000000000009,0.7883876600000004
1.2230000000000008,0.7887291900000003
1.2240000000000006,0.7891224600000002
1.2250000000000008,0.7894757400000002
1.2260000000000009,0.7898488000000004
1.2270000000000008,0.7901918900000002
1.2280000000000006,0.7904772800000002
1.2290000000000008,0.7907644500000002
1.2300000000000009,0.7910207500000003
1.2310000000000008,0.7913039050144989
1.2320000000000007,0.7916540500000002
1.2330000000000008,0.7919820000000003
1.2340000000000009,0.7923016000000002
1.2350000000000008,0.7925566400000001
1.2360000000000007,0.7927248095300471
1.2370000000000008,0.7929201100000001
1.2380000000000009,0.7930939800000001
1.2390000000000008,0.7932511600000001
1.2400000000000007,0.7934365300000001
1.2410000000000008,0.7936424394090593
1.2420000000000009,0.7938042300000001
1.2430000000000008,0.7939891200000001
1.2440000000000007,0.79413176
1.2450000000000008,0.7942022700000001
1.2460000000000009,0.7943190783191681
1.2470000000000008,0.7944406300000001
1.2480000000000007,0.7945433300000001
1.2490000000000008,0.7947110500000001
1.2500000000000009,0.7948738900000001
1.2510000000000008,0.7949925100000002
1.2520000000000007,0.79514879
1.2530000000000008,0.79520702
1.254000000000001,0.7952399435936408
1.2550000000000008,0.79537588
1.2560000000000007,0.79541844
1.2570000000000008,0.79542196
1.258000000000001,0.79544109
1.2590000000000008,0.7954280915608438
1.2600000000000007,0.7953437
1.2610000000000008,0.79528666
1.262000000000001,0.79523957
1.2630000000000008,0.7951796099999999
1.2640000000000007,0.7951006378972102
1.2650000000000008,0.7950076499999998
1.266000000000001,0.7949352899999999
1.2670000000000008,0.7948296699999999
1.2680000000000007,0.7947085499999998
1.2690000000000008,0.7945221886361362
1.270000000000001,0.7943296999999997
1.2710000000000008,0.7941371199999998
1.2720000000000007,0.7939213499999999
1.2730000000000008,0.7936879399999998
1.274000000000001,0.7934643599999998
1.2750000000000008,0.7932386999999997
1.2760000000000007,0.7929766799999998
1.2770000000000008,0.7926614899999997
1.278000000000001,0.7922832399999996
1.2790000000000008,0.7918076499999996
1.2800000000000007,0.7913057199999997
1.2810000000000008,0.7907422799999995
1.282000000000001,0.7901651889531042
1.2830000000000008,0.7895547199999996
1.2840000000000007,0.7888938199999995
1.2850000000000008,0.7881662799999993
1.286000000000001,0.7874252799999993
1.2870000000000008,0.7866376415208474
1.2880000000000007,0.7858528499999995
1.2890000000000008,0.7850177299999994
1.290000000000001,0.7842345199999994
1.2910000000000008,0.7834340299999993
1.2920000000000007,0.7826691464883506
1.2930000000000008,0.7820067399999997
1.294000000000001,0.7814350699999996
1.2950000000000008,0.7809269399999996
1.2960000000000007,0.7805275899999998
1.2970000000000008,0.7801805447045292
1.298000000000001,0.7798154399999997
1.2990000000000008,0.7794708599999998
1.3000000000000007,0.7790981499999998
1.3010000000000008,0.7786877199999995
1.302000000000001,0.7782452099999995
1.3030000000000008,0.7777843499999997
1.3040000000000007,0.7773064999999997
1.3050000000000008,0.7767786448765119
1.306000000000001,0.7762274099999994
1.3070000000000008,0.7756323199999995
1.3080000000000007,0.7749627199999995
1.3090000000000008,0.7743272799999995
1.310000000000001,0.7736490365393455
1.3110000000000008,0.7730144299999995
1.3120000000000007,0.7724385299999994
1.3130000000000008,0.7718293699999995
1.314000000000001,0.7712289099999995
1.3150000000000008,0.7706117017208275
1.3160000000000007,0.7699739299999995
1.3170000000000008,0.7693158399999994
1.318000000000001,0.7686945799999995
1.3190000000000008,0.7681183799999995
1.3200000000000007,0.7676362282151781
1.3210000000000008,0.7672574499999997
1.322000000000001,0.7669179399999997
1.3230000000000008,0.7666595599999998
1.3240000000000007,0.7663783399999999
1.3250000000000008,0.7661532199999996
1.326000000000001,0.7658126999999996
1.3270000000000008,0.7654785499999996
1.3280000000000007,0.7650447579942002
1.3290000000000008,0.7645246999999995
1.330000000000001,0.7639704899999994
1.3310000000000008,0.7633392199999994
1.3320000000000007,0.7627099799999995
1.3330000000000009,0.7620257040065987
1.334000000000001,0.7613657699999995
1.3350000000000009,0.7607245399999994
1.3360000000000007,0.7600593599999994
1.3370000000000009,0.7593923799999993
1.338000000000001,0.7586963895990393
1.3390000000000009,0.7579932199999994
1.3400000000000007,0.7572336199999995
1.3410000000000009,0.7564596499999994
1.342000000000001,0.7557102999999993
1.3430000000000009,0.7550056704629531
1.3440000000000007,0.7543757599999996
1.3450000000000009,0.7538543899999995
1.346000000000001,0.7534136199999996
1.3470000000000009,0.7530543799999998
1.3480000000000008,0.7527653599999998
1.3490000000000009,0.7525079299999999
1.350000000000001,0.7523367999999998
1.3510000000000009,0.7521316999999998
1.3520000000000008,0.7519730299999998
1.3530000000000009,0.7517482599999998
1.354000000000001,0.7515096099999998
1.3550000000000009,0.7512293499999998
1.3560000000000008,0.7509172861113886
1.3570000000000009,0.7505783999999998
1.358000000000001,0.7501984199999997
1.3590000000000009,0.7498163599999996
1.3600000000000008,0.7494090799999997
1.3610000000000009,0.7490021182571739
1.362000000000001,0.7485846899999996
1.3630000000000009,0.7481741899999997
1.3640000000000008,0.7477686999999996
1.3650000000000009,0.7473380599999997
1.366000000000001,0.7469031034956499
1.3670000000000009,0.7465185499999997
1.3680000000000008,0.7461383299999997
1.3690000000000009,0.7457673499999997
1.370000000000001,0.7454541899999998
1.3710000000000009,0.7451460708119185
1.3720000000000008,0.7448630299999998
1.3730000000000009,0.7446333199999999
1.374000000000001,0.7444493199999999
1.3750000000000009,0.7443149099999999
1.3760000000000008,0.7441863999999999
1.377000000000001,0.7441138599999999
1.378000000000001,0.7439970999999999
1.379000000000001,0.7438618393500649
1.3800000000000008,0.7437553399999999
1.381000000000001,0.7436487099999999
1.382000000000001,0.74356478
1.383000000000001,0.7435252099999999
1.3840000000000008,0.743445275339466
1.385000000000001,0.7433986699999999
1.386000000000001,0.7432582999999998
1.387000000000001,0.7430556999999998
1.3880000000000008,0.7428424999999999
1.389000000000001,0.7425160126487348
1.390000000000001,0.7422943099999998
1.391000000000001,0.7420558899999999
1.3920000000000008,0.74193621
1.393000000000001,0.74190986
1.394000000000001,0.7419220787781222
1.395000000000001,0.7420235300000001
1.3960000000000008,0.7421314700000001
1.397000000000001,0.742221
1.398000000000001,0.74226689
1.399000000000001,0.7422189099999998
1.4000000000000008,0.7421332599999999
1.4010000000000007,0.7419577199999999
1.402000000000001,0.7417139999999997
1.403000000000001,0.7413963099999996
1.4040000000000008,0.7409805699999996
1.4050000000000007,0.7405585099999996
1.406000000000001,0.7400415499999996
1.407000000000001,0.7395987623567639
1.4080000000000008,0.7391223299999998
1.4090000000000007,0.7387680999999997
1.410000000000001,0.7384221599999998
1.411000000000001,0.7382223
1.4120000000000008,0.7381163795120488
1.4130000000000007,0.7381115000000001
1.414000000000001,0.7382165800000002
1.415000000000001,0.7384120200000003
1.4160000000000008,0.7387257200000004
1.4170000000000007,0.7390870638656136
1.418000000000001,0.7395695400000004
1.419000000000001,0.7400448300000004
1.4200000000000008,0.7405910500000005
1.4210000000000007,0.7411109800000003
1.422000000000001,0.7416631647815224
1.423000000000001,0.7421727800000004
1.4240000000000008,0.7426708900000003
1.4250000000000007,0.7431439800000004
1.426000000000001,0.7435728900000005
1.427000000000001,0.7439554900000004
1.4280000000000008,0.7442836200000003
1.4290000000000007,0.7445641800000002
1.430000000000001,0.7448152520577945
1.431000000000001,0.7450358300000002
1.4320000000000008,0.7452307300000002
1.4330000000000007,0.7454226600000001
1.434000000000001,0.7455995700000001
1.435000000000001,0.7457183669733027
1.4360000000000008,0.7457881
1.4370000000000007,0.74580449
1.438000000000001,0.7458150399999999
1.439000000000001,0.74574184
1.4400000000000008,0.74575083910009
1.4410000000000007,0.74577528
1.442000000000001,0.7458305400000002
1.443000000000001,0.7459340100000001
1.4440000000000008,0.7460219900000001
1.4450000000000007,0.7461288493140686
1.446000000000001,0.7462158200000001
1.447000000000001,0.7462678000000001
1.4480000000000008,0.74637043
1.4490000000000007,0.7464531100000001
1.450000000000001,0.7466210700000002
1.451000000000001,0.7468159200000003
1.4520000000000008,0.7471214500000003
1.4530000000000007,0.7475274640495954
1.454000000000001,0.7479679600000007
1.455000000000001,0.7485457700000004
1.4560000000000008,0.7490594400000005
1.4570000000000007,0.7496100700000005
1.458000000000001,0.7500952980781928
1.459000000000001,0.7505760800000003
1.4600000000000009,0.7509738200000002
1.4610000000000007,0.7512737500000002
1.462000000000001,0.7515424500000002
1.463000000000001,0.7517317910658936
1.4640000000000009,0.7518734300000001
1.4650000000000007,0.7519971700000001
1.466000000000001,0.7520980200000001
1.467000000000001,0.7521986400000001
1.4680000000000009,0.7522979900649935
1.4690000000000007,0.7524663200000001
1.470000000000001,0.7526305900000001
1.471000000000001,0.7527102200000001
1.4720000000000009,0.75276703
1.4730000000000008,0.7527200599999999
1.474000000000001,0.7525563199999996
1.475000000000001,0.7523024099999996
1.4760000000000009,0.7519541999999996
1.4770000000000008,0.7515410799999995
1.478000000000001,0.7509879499999995
1.479000000000001,0.7504683699999994
1.4800000000000009,0.7498660099999995
1.4810000000000008,0.7493546677022295
1.482000000000001,0.7488316899999996
1.483000000000001,0.7484047399999997
1.4840000000000009,0.7480187999999998
1.4850000000000008,0.7477433699999999
1.486000000000001,0.7475079822457753
1.487000000000001,0.74743044
1.4880000000000009,0.7474649500000001
1.4890000000000008,0.7476407900000003
1.490000000000001,0.7479560400000005
1.491000000000001,0.7483859270112992
1.4920000000000009,0.7489808200000005
1.4930000000000008,0.7496417200000005
1.494000000000001,0.7504451900000009
1.495000000000001,0.7512670800000008
1.4960000000000009,0.7521845382541754
1.4970000000000008,0.7530913400000009
1.498000000000001,0.7540431000000009
1.499000000000001,0.7549871800000009
1.5000000000000009,0.7559511700000009
1.5010000000000008,0.7569091300000009
1.5020000000000011,0.7578570800000013
1.503000000000001,0.7588362700000009
1.504000000000001,0.7598235315678441
1.5050000000000008,0.7607392100000008
1.5060000000000011,0.7615752200000009
1.507000000000001,0.7623394700000007
1.508000000000001,0.7629844000000005
1.5090000000000008,0.7635319077392264
1.5100000000000011,0.7640093000000006
1.511000000000001,0.7643807500000004
1.512000000000001,0.7646376500000002
1.5130000000000008,0.7648177700000001
1.5140000000000011,0.7649414976272374
1.515000000000001,0.76500463
1.516000000000001,0.76499534
1.5170000000000008,0.7649557599999999
1.5180000000000011,0.7648876299999999
1.519000000000001,0.7647826205009498
1.520000000000001,0.7647028599999999
1.5210000000000008,0.7646110699999998
1.5220000000000011,0.7645258299999999
1.523000000000001,0.76446557
1.524000000000001,0.76443487
1.5250000000000008,0.76442599
1.5260000000000011,0.7644638400000001
1.527000000000001,0.7645283900000001
1.528000000000001,0.7646545800000001
1.5290000000000008,0.7648345800000002
1.5300000000000011,0.7650364000000004
1.531000000000001,0.7653135100000003
1.532000000000001,0.7655328118248177
1.5330000000000008,0.7657510600000001
1.5340000000000011,0.7659770300000002
1.535000000000001,0.7661789100000003
1.536000000000001,0.7664088600000002
1.5370000000000008,0.7666737040365965
1.5380000000000011,0.7669140700000003
1.539000000000001,0.7671786500000002
1.540000000000001,0.7673728500000001
1.5410000000000008,0.7675551200000001
1.5420000000000011,0.7676660289091093
1.543000000000001,0.76771158
1.544000000000001,0.76772642
1.5450000000000008,0.76769197
1.5460000000000012,0.7676324199999999
1.547000000000001,0.7675314001019897
1.548000000000001,0.7673982999999998
1.5490000000000008,0.7671994599999999
1.5500000000000012,0.7670349499999998
1.551000000000001,0.7668753299999997
1.552000000000001,0.7666871499999998
1.5530000000000008,0.7665170999999998
1.5540000000000012,0.7663040799999997
1.555000000000001,0.7660052560293968
1.556000000000001,0.7657655499999998
1.5570000000000008,0.7655178299999997
1.5580000000000012,0.7653202999999998
1.559000000000001,0.7651693199999999
1.560000000000001,0.7650423518768122
1.5610000000000008,0.7649611199999999
1.5620000000000012,0.7648755299999999
1.563000000000001,0.7648128899999999
1.564000000000001,0.7647184699999999
1.5650000000000008,0.7645867631706829
1.5660000000000012,0.7644025099999997
1.567000000000001,0.7641743999999998
1.568000000000001,0.7639300199999998
1.5690000000000008,0.7636455299999998
1.5700000000000012,0.7633534992030793
1.571000000000001,0.7630386899999996
1.572000000000001,0.7626317699999995
1.5730000000000008,0.7621427799999997
1.5740000000000012,0.7616100899999994
1.575000000000001,0.7610022399999993
1.576000000000001,0.7602882999999991
1.5770000000000008,0.7594821999999991
1.5780000000000012,0.7585804116978291
1.579000000000001,0.7575973899999989
1.580000000000001,0.756559309999999
1.5810000000000008,0.755454479999999
1.5820000000000012,0.7542965399999984
1.583000000000001,0.7530641947295255
1.584000000000001,0.7517114899999988
1.5850000000000009,0.7502825299999987
1.5860000000000012,0.748813749999998
1.587000000000001,0.7473055699999983
1.588000000000001,0.7457993906179365
1.5890000000000009,0.7443029899999987
1.5900000000000012,0.7427769299999982
1.591000000000001,0.7412005099999982
1.592000000000001,0.7396075099999982
1.5930000000000009,0.7380339273582629
1.5940000000000012,0.7364374999999982
1.595000000000001,0.7348332999999982
1.596000000000001,0.7332143199999981
1.5970000000000009,0.7315022299999985
1.5980000000000012,0.729716179999998
1.599000000000001,0.7278920399999979
1.600000000000001,0.7259927399999984
1.6010000000000009,0.7240732899999983
1.6020000000000012,0.7221535399999973
1.603000000000001,0.7201697799999982
1.604000000000001,0.7181653399999981
1.6050000000000009,0.7161009899999982
1.6060000000000012,0.7139269248775095
1.607000000000001,0.7116756999999972
1.608000000000001,0.7092903299999977
1.6090000000000009,0.7067619599999976
1.6100000000000012,0.7040218099999966
1.611000000000001,0.7010360758204143
1.612000000000001,0.6978942799999962
1.6130000000000009,0.6945387099999977
1.6140000000000012,0.6909726899999958
1.615000000000001,0.6872464399999956
1.616000000000001,0.6832878358604098
1.6170000000000009,0.6790391799999961
1.6180000000000012,0.6746020299999949
1.619000000000001,0.6699596599999945
1.620000000000001,0.6650739899999955
1.6210000000000009,0.6599238350154941
1.6220000000000012,0.6545020899999925
1.623000000000001,0.6488475799999948
1.624000000000001,0.6430224199999948
1.6250000000000009,0.6371340199999947
1.6260000000000012,0.6312583099999923
1.6270000000000011,0.6254971599999927
1.628000000000001,0.6200098399999956
1.629000000000001,0.6150587024737484
1.6300000000000012,0.6106834399999951
1.6310000000000011,0.6070328999999969
1.632000000000001,0.6041517899999975
1.633000000000001,0.6019582199999987
1.6340000000000012,0.6004860861693821
1.6350000000000011,0.5997477799999997
1.636000000000001,0.5995094200000001
1.637000000000001,0.5996563400000005
1.6380000000000012,0.6000936000000006
1.6390000000000011,0.6005900603539651
1.640000000000001,0.6010502600000003
1.641000000000001,0.60133773
1.6420000000000012,0.6012998199999993
1.6430000000000011,0.6007518799999988
1.644000000000001,0.5996386913188669
1.645000000000001,0.5977855899999975
1.6460000000000012,0.5950752499999952
1.6470000000000011,0.5915244199999943
1.648000000000001,0.5871956899999955
1.649000000000001,0.5821148799999949
1.6500000000000012,0.5764234699999918
1.6510000000000011,0.5702558199999928
1.652000000000001,0.5637972399999926
1.653000000000001,0.5572426899999943
1.6540000000000012,0.550707879999993
1.6550000000000011,0.5444511799999935
1.656000000000001,0.5385032299999938
1.657000000000001,0.5328599952514699
1.6580000000000013,0.5276125099999945
1.6590000000000011,0.5226671699999946
1.660000000000001,0.5178638099999947
1.661000000000001,0.5130451899999955
1.6620000000000013,0.507971339017092
1.6630000000000011,0.5025615099999936
1.664000000000001,0.4968002699999946
1.665000000000001,0.4907356499999945
1.6660000000000013,0.4845305999999917
1.6670000000000011,0.4783146315968338
1.668000000000001,0.47224515999999483
1.669000000000001,0.46644725999999515
1.6700000000000013,0.4610166299999933
1.6710000000000012,0.4560105799999949
1.672000000000001,0.45143533752424275
1.673000000000001,0.44732647999999686
1.6740000000000013,0.44374539999999685
1.6750000000000012,0.44083782999999754
1.676000000000001,0.43866198999999856
1.677000000000001,0.43735357999999974
1.6780000000000013,0.43710160000000087
1.6790000000000012,0.437899110000002
1.680000000000001,0.4396742401049921
1.681000000000001,0.44247529000000335
1.6820000000000013,0.446209970000006
1.6830000000000012,0.4507302900000057
1.684000000000001,0.455892350000005
1.685000000000001,0.4615385306709386
1.6860000000000013,0.46754524000000824
1.6870000000000012,0.47377372000000856
1.688000000000001,0.4801710200000058
1.689000000000001,0.48670113000000575
1.6900000000000013,0.49322778733427486
1.6910000000000012,0.4997302000000085
1.692000000000001,0.5061656200000071
1.693000000000001,0.5125391500000057
1.6940000000000013,0.5189396700000084
1.6950000000000012,0.5252651174552625
1.696000000000001,0.5315365800000068
1.697000000000001,0.5376783000000066
1.6980000000000013,0.5435704600000062
1.6990000000000012,0.5491722800000058
1.700000000000001,0.5544249400000054
1.701000000000001,0.559335770000005
1.7020000000000013,0.5638371700000055
1.7030000000000012,0.5679975595310516
1.704000000000001,0.5719928700000043
1.705000000000001,0.5758963200000035
1.7060000000000013,0.5797429700000051
1.7070000000000012,0.5835883000000052
1.708000000000001,0.5874137370742969
1.709000000000001,0.5910844800000032
1.7100000000000013,0.5946691600000045
1.7110000000000012,0.5980427900000042
1.712000000000001,0.6011114100000032
1.713000000000001,0.6039665444865543
1.7140000000000013,0.606477440000003
1.7150000000000012,0.6087541000000023
1.716000000000001,0.6108639800000021
1.717000000000001,0.6127987500000021
1.7180000000000013,0.6146883310418981
1.7190000000000012,0.616514920000002
1.720000000000001,0.6183340500000021
1.721000000000001,0.6202098100000021
1.7220000000000013,0.6220638200000025
1.7230000000000012,0.623903870000002
1.724000000000001,0.6257283700000019
1.725000000000001,0.6273908000000014
1.7260000000000013,0.6289133400000018
1.7270000000000012,0.6302596300000014
1.728000000000001,0.6313096300000007
1.729000000000001,0.6321655500000005
1.7300000000000013,0.6328039200000006
1.7310000000000012,0.6332867545265479
1.732000000000001,0.6337320200000004
1.733000000000001,0.6341404300000002
1.7340000000000013,0.6344133000000004
1.7350000000000012,0.6346568500000002
1.736000000000001,0.6347411781931805
1.737000000000001,0.6346231099999998
1.7380000000000013,0.6344609299999997
1.7390000000000012,0.6341438899999995
1.740000000000001,0.6336758699999995
1.741000000000001,0.6331525323337661
1.7420000000000013,0.6325790899999992
1.7430000000000012,0.6320152299999995
1.744000000000001,0.6315126399999994
1.745000000000001,0.6310375899999997
1.7460000000000013,0.6307191018488147
1.7470000000000012,0.6305419199999999
1.748000000000001,0.6304658700000001
1.749000000000001,0.6306357400000002
1.7500000000000013,0.6308240900000002
1.7510000000000012,0.6310038000000002
1.7520000000000011,0.6312007900000001
1.753000000000001,0.63128573
1.7540000000000013,0.6313079483421656
1.7550000000000012,0.6311913699999997
1.7560000000000011,0.6309742899999996
1.757000000000001,0.6306112399999995
1.7580000000000013,0.6300707499999992
1.7590000000000012,0.6295108312718722
1.7600000000000011,0.6290235499999997
1.761000000000001,0.6286847
1.7620000000000013,0.6286473900000005
1.7630000000000012,0.6289051200000004
1.7640000000000011,0.6293329172202785
1.765000000000001,0.6299905800000009
1.7660000000000013,0.6307756900000012
1.7670000000000012,0.6316723800000014
1.7680000000000011,0.6327087300000012
1.769000000000001,0.6337462262503761
1.7700000000000014,0.6347582300000012
1.7710000000000012,0.635681090000001
1.7720000000000011,0.6364153000000009
1.773000000000001,0.6370831100000005
1.7740000000000014,0.6376644400000006
1.7750000000000012,0.6381033700000005
1.7760000000000011,0.6385446800000004
1.777000000000001,0.6389164900000003
1.7780000000000014,0.6392300100000003
1.7790000000000012,0.6394505500000003
1.7800000000000011,0.6397469000000003
1.781000000000001,0.6400112500000004
1.7820000000000014,0.6403133104669539
1.7830000000000013,0.6407179800000006
1.7840000000000011,0.6411842700000006
1.785000000000001,0.6416745800000007
1.7860000000000014,0.6422972700000009
1.7870000000000013,0.6430022257384271
1.7880000000000011,0.6437596100000009
1.789000000000001,0.6445695800000008
1.7900000000000014,0.6454427200000014
1.7910000000000013,0.6464570200000015
1.7920000000000011,0.64753390231177
1.793000000000001,0.6486342000000009
1.7940000000000014,0.6498155000000014
1.7950000000000013,0.6509060300000014
1.7960000000000012,0.651922700000001
1.797000000000001,0.6528370685631447
1.7980000000000014,0.6535476400000009
1.7990000000000013,0.6542314300000006
1.8000000000000012,0.6548408300000006
1.801000000000001,0.6553782800000005
1.8020000000000014,0.6558575000000005
1.8030000000000013,0.6561904000000002
1.8040000000000012,0.6563378000000003
1.805000000000001,0.6565480363423659
1.8060000000000014,0.6567114600000004
1.8070000000000013,0.6569429600000002
1.8080000000000012,0.6571410900000003
1.809000000000001,0.6574846500000004
1.8100000000000014,0.6579534216718335
1.8110000000000013,0.6583701400000008
1.8120000000000012,0.6589738700000005
1.813000000000001,0.6593656500000001
1.8140000000000014,0.6595466100000005
1.8150000000000013,0.6598940152594746
1.8160000000000012,0.6602308200000004
1.817000000000001,0.6605587600000005
1.8180000000000014,0.6609983400000006
1.8190000000000013,0.6614078300000004
1.8200000000000012,0.6616395468283174
1.821000000000001,0.6618199900000004
1.8220000000000014,0.6620819600000001
1.8230000000000013,0.66212058
1.8240000000000012,0.66210496
1.825000000000001,0.66212684
1.8260000000000014,0.6620894100000001
1.8270000000000013,0.6621683200000004
1.8280000000000012,0.6624140529177087
1.829000000000001,0.6628432300000004
1.8300000000000014,0.6632409100000008
1.8310000000000013,0.6639136700000001
1.8320000000000012,0.6640177400000005
1.833000000000001,0.6643115991900811
1.8340000000000014,0.6644035000000001
1.8350000000000013,0.6644716299999999
1.8360000000000012,0.6643722699999994
1.837000000000001,0.6639856099999996
1.8380000000000014,0.6636038181791815
1.8390000000000013,0.6633185699999996
1.8400000000000012,0.6629625599999996
1.841000000000001,0.6626164899999997
1.8420000000000014,0.6623195999999997
1.8430000000000013,0.6621302589341064
1.8440000000000012,0.6618881799999999
1.845000000000001,0.66180742
1.8460000000000014,0.6618444300000002
1.8470000000000013,0.6618917
1.8480000000000012,0.66191554
1.849000000000001,0.6619418899999999
1.8500000000000014,0.6618626099999999
1.8510000000000013,0.6617671799999998
1.8520000000000012,0.6616352799999996
1.853000000000001,0.6613277799999997
1.8540000000000014,0.6610039499999996
1.8550000000000013,0.6606559199999994
1.8560000000000012,0.6602744170292967
1.857000000000001,0.6599447099999998
1.8580000000000014,0.6597667899999999
1.8590000000000013,0.65967488
1.8600000000000012,0.6596552100000002
1.861000000000001,0.6597797489701033
1.8620000000000014,0.6599694500000004
1.8630000000000013,0.6602549600000006
1.8640000000000012,0.6608325800000007
1.865000000000001,0.6614245800000007
1.8660000000000014,0.6620361188461162
1.8670000000000013,0.6626873600000008
1.8680000000000012,0.6633570800000007
1.869000000000001,0.6639963400000006
1.8700000000000014,0.6645556700000008
1.8710000000000013,0.6651157739896018
1.8720000000000012,0.6656022700000004
1.873000000000001,0.6658390200000002
1.8740000000000014,0.6661420500000005
1.8750000000000013,0.6664927600000005
1.8760000000000012,0.6668327500000004
1.8770000000000011,0.6671853700000007
1.8780000000000014,0.6676667900000005
1.8790000000000013,0.6680795259014103
1.8800000000000012,0.6683385400000005
1.8810000000000011,0.6686410300000003
1.8820000000000014,0.6689552700000004
1.8830000000000013,0.6692423800000007
1.8840000000000012,0.6697137131666837
1.8850000000000011,0.6700453800000001
1.8860000000000015,0.6701339500000002
1.8870000000000013,0.6702420100000003
1.8880000000000012,0.67035687
1.8890000000000011,0.6703125244345565
1.8900000000000015,0.67026585
1.8910000000000013,0.67029536
1.8920000000000012,0.6703084099999997
1.8930000000000011,0.6701568999999999
1.8940000000000015,0.6700996257274272
1.8950000000000014,0.6702768200000001
1.8960000000000012,0.6703867899999999
1.8970000000000011,0.6703372600000002
1.8980000000000015,0.6703918000000002
1.8990000000000014,0.6704992100000002
1.9000000000000012,0.6706588300000002
1.9010000000000011,0.6707564600000001
1.9020000000000015,0.6708911700000002
1.9030000000000014,0.6710593699999999
1.9040000000000012,0.67099023
1.9050000000000011,0.6710401200000004
1.9060000000000015,0.6713557800000004
1.9070000000000014,0.6716722583821624
1.9080000000000013,0.6720560800000004
1.9090000000000011,0.6724339700000004
1.9100000000000015,0.6727802200000006
1.9110000000000014,0.6731134100000006
1.9120000000000013,0.6735248448715134
1.9130000000000011,0.6739735600000005
1.9140000000000015,0.6744495600000009
1.9150000000000014,0.6750814900000007
1.9160000000000013,0.6756840300000007
1.9170000000000011,0.6761792404789526
1.9180000000000015,0.6767288400000009
1.9190000000000014,0.6773674500000008
1.9200000000000013,0.6779791100000008
1.9210000000000012,0.6785716400000007
1.9220000000000015,0.6791908080831927
1.9230000000000014,0.6799088700000008
1.9240000000000013,0.6805222000000006
1.9250000000000012,0.6810862400000005
1.9260000000000015,0.681634840000001
1.9270000000000014,0.6822469200000009
1.9280000000000013,0.6828245500000006
1.9290000000000012,0.6834428900000009
1.9300000000000015,0.6842295669423069
1.9310000000000014,0.6849989900000011
1.9320000000000013,0.685807880000001
1.9330000000000012,0.6865387600000007
1.9340000000000015,0.6871429700000009
1.9350000000000014,0.6878137569463061
1.9360000000000013,0.6883832200000005
1.9370000000000012,0.6887708900000005
1.9380000000000015,0.6891110500000003
1.9390000000000014,0.6893635400000003
1.9400000000000013,0.6895951968343168
1.9410000000000012,0.6897979400000003
1.9420000000000015,0.6899604800000001
1.9430000000000014,0.6900214000000001
1.9440000000000013,0.6901377400000003
1.9450000000000012,0.6903137423997603
1.9460000000000015,0.6904586600000002
1.9470000000000014,0.6905988500000003
1.9480000000000013,0.6907926800000003
1.9490000000000012,0.6910355100000002
1.9500000000000015,0.6912073500000003
1.9510000000000014,0.6914480900000006
1.9520000000000013,0.6919035900000005
1.9530000000000012,0.6922770438166187
1.9540000000000015,0.6926152100000005
1.9550000000000014,0.6928963100000003
1.9560000000000013,0.6931245900000003
1.9570000000000012,0.6932868400000001
1.9580000000000015,0.6933677259304071
1.9590000000000014,0.69342703
1.9600000000000013,0.6934569499999998
1.9610000000000012,0.6934124199999999
1.9620000000000015,0.6933094299999998
1.9630000000000014,0.6931356373792618
1.9640000000000013,0.6929655099999995
1.9650000000000012,0.6926511499999998
1.9660000000000015,0.6924541
1.9670000000000014,0.69246882
1.9680000000000013,0.6924368731946805
1.9690000000000012,0.69240558
1.9700000000000015,0.6924287699999999
1.9710000000000014,0.69239223
1.9720000000000013,0.6923824000000001
1.9730000000000012,0.6924198900000003
1.9740000000000015,0.6925932200000002
1.9750000000000014,0.6927082500000002
1.9760000000000013,0.6928423
1.9770000000000012,0.6928597099999998
1.9780000000000015,0.6927286399999998
1.9790000000000014,0.6925969099999996
1.9800000000000013,0.6922766599999997
1.9810000000000012,0.6920108108929106
1.9820000000000015,0.6919197399999998
1.9830000000000014,0.6917823599999997
1.9840000000000013,0.6915068599999997
1.9850000000000012,0.6913061099999999
1.9860000000000015,0.691175746208379
1.9870000000000014,0.6910378299999997
1.9880000000000013,0.69089729
1.9890000000000012,0.69089788
1.9900000000000015,0.6908785099999999
1.9910000000000014,0.6907863092200779
1.9920000000000013,0.6906005699999997
1.9930000000000012,0.6904451799999998
1.9940000000000015,0.6902052199999994
1.9950000000000014,0.6898450899999995
1.9960000000000013,0.6894470898000195
1.9970000000000012,0.6888605399999992
1.9980000000000016,0.6882682399999992
1.9990000000000014,0.6876938899999993
2.0000000000000013,0.6870899199999991
2.0010000000000012,0.6864443235482895
2.0020000000000016,0.6856798064517086
2.0030000000000014,0.6850874999999994
2.0040000000000013,0.6846358868666261
2.0050000000000012,0.6841045531333728
2.0060000000000016,0.6837438899999992
2.0070000000000014,0.6833257699999988
2.0080000000000013,0.6826644424935004
2.0090000000000012,0.6819893775064979
2.0100000000000016,0.6813644799999989
2.0110000000000015,0.680767115234952
2.0120000000000013,0.680119464765046
2.0130000000000012,0.6794258999999992
2.0140000000000016,0.6788263421055781
2.0150000000000015,0.6783473978944204
2.0160000000000013,0.6778569799999994
2.0170000000000012,0.6773946299999994
2.0180000000000016,0.6769681715686855
2.0190000000000015,0.676483858431313
2.0200000000000014,0.6761050799999996
2.0210000000000012,0.6757885010077982
2.0220000000000016,0.6755985789922012
2.0230000000000015,0.6756340900000001
2.0240000000000014,0.6756838093561289
2.0250000000000012,0.6757773706438713
2.0260000000000016,0.6758924100000002
2.0270000000000015,0.6759964800000002
2.0280000000000014,0.6761464949985004
2.0290000000000012,0.6762720900000001
2.0300000000000016,0.6763953000000003
2.0310000000000015,0.676508968116377
2.0320000000000014,0.6765901318836234
2.0330000000000013,0.6766585700000001
2.0340000000000016,0.676749360440912
2.0350000000000015,0.6768537695590883
2.0360000000000014,0.6770306800000001
2.0370000000000013,0.6771228296540691
2.0380000000000016,0.6771193703459308
2.0390000000000015,0.6771071599999997
2.0400000000000014,0.6768923999999996
2.0410000000000013,0.6766742363467305
2.0420000000000016,0.6765377036532692
2.0430000000000015,0.67646587
2.0440000000000014,0.6764794715426916
2.0450000000000013,0.6765948984573087
2.0460000000000016,0.6766650100000002
2.0470000000000015,0.6767860718056389
2.0480000000000014,0.6768041281943611
2.0490000000000013,0.6766661399999998
2.0500000000000016,0.6765013899999995
2.0510000000000015,0.676247325406459
2.0520000000000014,0.6759926699999999
2.0530000000000013,0.6758813299999996
2.0540000000000016,0.6756216439762041
2.0550000000000015,0.6751614060237946
2.0560000000000014,0.6746560299999992
2.0570000000000013,0.6740583064567077
2.0580000000000016,0.6733228735432902
2.0590000000000015,0.6726645199999993
2.0600000000000014,0.6721355910807831
2.0610000000000013,0.6715463989192153
2.0620000000000016,0.6709788999999988
2.0630000000000015,0.670298459999999
2.0640000000000014,0.6695261337512487
2.0650000000000013,0.668663646248749
2.0660000000000016,0.6675725599999981
2.0670000000000015,0.6664890222985388
2.0680000000000014,0.6655120077014582
2.0690000000000013,0.6643857399999983
2.0700000000000016,0.6631605527574465
2.0710000000000015,0.6618881272425496
2.0720000000000014,0.660428699999998
2.0730000000000013,0.658931549999998
2.0740000000000016,0.6574356767303245
2.0750000000000015,0.6559029799999978
2.0760000000000014,0.6542109299999973
2.0770000000000013,0.652243837998398
2.0780000000000016,0.6503238220015969
2.0790000000000015,0.6484526399999974
2.0800000000000014,0.6464551959847995
2.0810000000000013,0.6443150440151938
2.0820000000000016,0.6422782499999959
2.0830000000000015,0.6399663422895387
2.0840000000000014,0.6378892377104548
2.0850000000000013,0.6361113799999979
2.0860000000000016,0.6345593299999975
2.0870000000000015,0.6331805659808021
2.0880000000000014,0.6320403740191944
2.0890000000000013,0.6313427699999993
2.0900000000000016,0.6307985931833625
2.0910000000000015,0.630330426816636
2.0920000000000014,0.6300767699999996
2.0930000000000013,0.6297989818066384
2.0940000000000016,0.6295170481933609
2.0950000000000015,0.6292079099999996
2.0960000000000014,0.6289296199999995
2.0970000000000013,0.6285754489361058
2.0980000000000016,0.6280648099999994
2.0990000000000015,0.6275491699999997
2.1000000000000014,0.627259081520695
2.1010000000000013,0.6266742884793033
2.1020000000000016,0.6260086899999983
2.1030000000000015,0.6250364690391901
2.1040000000000014,0.6237268609608059
2.1050000000000013,0.6220236399999974
2.1060000000000016,0.6201421037982365
2.1070000000000015,0.6177800862017562
2.1080000000000014,0.6148272199999953
2.1090000000000013,0.6113495199999949
2.1100000000000017,0.6075072880953741
2.1110000000000015,0.6032882419046128
2.1120000000000014,0.5988925699999939
2.1130000000000013,0.594300447256543
2.1140000000000017,0.5894730127434441
2.1150000000000015,0.5844337299999928
2.1160000000000014,0.5790492744521006
2.1170000000000013,0.5734937955478822
2.1180000000000017,0.5675444599999918
2.1190000000000015,0.5613464699999912
2.1200000000000014,0.5546517770335815
2.1210000000000013,0.5473221129663958
2.1220000000000017,0.5396907299999852
2.1230000000000016,0.5313622868996065
2.1240000000000014,0.5229312831003673
2.1250000000000013,0.5141270799999883
2.1260000000000017,0.5053975796280604
2.1270000000000016,0.4966938603719126
2.1280000000000014,0.48796259999998903
2.1290000000000013,0.4797231382603387
2.1300000000000017,0.47180574173964024
2.1310000000000016,0.46445446999998824
2.1320000000000014,0.457818809999989
2.1330000000000013,0.45159180517595837
2.1340000000000017,0.4460435648240269
2.1350000000000016,0.4407052399999912
2.1360000000000015,0.43577667599979225
2.1370000000000013,0.4309366740001927
2.1380000000000017,0.42614182999999184
2.1390000000000016,0.4215429549170091
2.1400000000000015,0.41689212508297646
2.1410000000000013,0.41260790999999436
2.1420000000000017,0.4083451599999935
2.1430000000000016,0.40467877327933904
2.1440000000000015,0.40151156672065114
2.1450000000000014,0.39889555999999743
2.1460000000000017,0.39696721938512086
2.1470000000000016,0.3956610706148751
2.1480000000000015,0.39503497
2.1490000000000014,0.3950148786242758
2.1500000000000017,0.39560112137572573
2.1510000000000016,0.3965950900000017
2.1520000000000015,0.3975625600000024
2.1530000000000014,0.39889542671333067
2.1540000000000017,0.40004495000000206
2.1550000000000016,0.4011871500000016
2.1560000000000015,0.4020983796170774
2.1570000000000014,0.40259455038292413
2.1580000000000017,0.40307257000000035
2.1590000000000016,0.4032587346240756
2.1600000000000015,0.40350497537592517
2.1610000000000014,0.40374756000000045
2.1620000000000017,0.4041000123525301
2.1630000000000016,0.4045235376474711
2.1640000000000015,0.40506905000000093
2.1650000000000014,0.40578690000000117
2.1660000000000017,0.40665015209758176
2.1670000000000016,0.40747112790242074
2.1680000000000015,0.4085987200000017
2.1690000000000014,0.409843928719258
2.1700000000000017,0.4114311212807462
2.1710000000000016,0.41365072000000463
2.1720000000000015,0.41624307512298064
2.1730000000000014,0.41949430487702943
2.1740000000000017,0.42331871000000715
2.1750000000000016,0.4273620800000084
2.1760000000000015,0.4321002661813889
2.1770000000000014,0.43668777000000636
2.1780000000000017,0.44147351000000806
2.1790000000000016,0.4460067610667936
2.1800000000000015,0.4503174289332198
2.1810000000000014,0.4543323200000047
2.1820000000000017,0.45784284286943167
2.1830000000000016,0.46127153713057906
2.1840000000000015,0.46443728000000395
2.1850000000000014,0.4674086252629511
2.1860000000000017,0.47066125473705894
2.1870000000000016,0.47346690000000435
2.1880000000000015,0.4759434500000027
2.1890000000000014,0.477989039933015
2.1900000000000017,0.4793883700669893
2.1910000000000016,0.48041046000000065
2.1920000000000015,0.48080031551189784
2.1930000000000014,0.48095543448810263
2.1940000000000017,0.48083701999999917
2.1950000000000016,0.4803746426774637
2.1960000000000015,0.4799014173225348
2.1970000000000014,0.47939463999999965
2.1980000000000017,0.4791404299999998
2.1990000000000016,0.4790022932496749
2.2000000000000015,0.4789347900000001
2.2010000000000014,0.47901464
2.2020000000000017,0.47900409283643275
2.2030000000000016,0.47903245716356735
2.2040000000000015,0.47886436999999954
2.2050000000000014,0.47853533851829566
2.2060000000000017,0.47812052148170286
2.2070000000000016,0.47730749999999883
2.2080000000000015,0.47663885500899683
2.2090000000000014,0.4757889449910005
2.2100000000000017,0.4753091599999993
2.2110000000000016,0.4749152100000002
2.2120000000000015,0.4750371834963016
2.2130000000000014,0.47557214650370006
2.2140000000000017,0.47674429000000373
2.2150000000000016,0.47884375790242356
2.2160000000000015,0.48132278209758417
2.2170000000000014,0.4846943300000048
2.2180000000000017,0.48829354182164214
2.2190000000000016,0.49231175817837036
2.2200000000000015,0.4963289200000055
2.2210000000000014,0.5004617600000055
2.2220000000000018,0.504610017981208
2.2230000000000016,0.5083898300000048
2.2240000000000015,0.511980890000004
2.2250000000000014,0.5149552191701697
2.2260000000000018,0.5173469208298387
2.2270000000000016,0.519352670000003
2.2280000000000015,0.5210416536482726
2.2290000000000014,0.5224781363517318
2.2300000000000018,0.5238077000000025
2.2310000000000016,0.5252658109318156
2.2320000000000015,0.5264751290681882
2.2330000000000014,0.5279223900000024
2.2340000000000018,0.5297726400000035
2.2350000000000017,0.5316927939432151
2.2360000000000015,0.5340322260567922
2.2370000000000014,0.5361042000000028
2.2380000000000018,0.5382913357208586
2.2390000000000017,0.5400485442791468
2.2400000000000015,0.5412669800000012
2.2410000000000014,0.5421734811127779
2.2420000000000018,0.5424846088872232
2.2430000000000017,0.5426689999999996
2.2440000000000015,0.5424238999999997
2.2450000000000014,0.5421803758478297
2.2460000000000018,0.5417388541521687
2.2470000000000017,0.5414417400000002
2.2480000000000016,0.5415406177774446
2.2490000000000014,0.5415183922225555
2.2500000000000018,0.5418796500000002
2.2510000000000017,0.5419333985222952
2.2520000000000016,0.5417186214777041
2.2530000000000014,0.5411476499999989
2.254000000000002,0.5403398152719434
2.2550000000000017,0.5389925347280524
2.2560000000000016,0.5369477899999956
2.2570000000000014,0.5344455799999944
2.258000000000002,0.5313409017406462
2.2590000000000017,0.5278583082593429
2.2600000000000016,0.5243403899999936
2.2610000000000015,0.5206909819725997
2.262000000000002,0.5171107080273877
2.2630000000000017,0.513763309999995
2.2640000000000016,0.5109500813607238
2.2650000000000015,0.5084636886392684
2.266000000000002,0.506236729999997
2.2670000000000017,0.5045527799999974
2.2680000000000016,0.5030276031573663
2.2690000000000015,0.5016591768426294
2.270000000000002,0.5004578799999984
2.2710000000000017,0.49950131823635124
2.2720000000000016,0.4985836817636459
2.2730000000000015,0.4979750499999989
2.274000000000002,0.49718464403119256
2.2750000000000017,0.4964249559688051
2.2760000000000016,0.49537360999999747
2.2770000000000015,0.49394034999999703
2.278000000000002,0.492291974837513
2.2790000000000017,0.4903497999999961
2.2800000000000016,0.4881851699999952
2.2810000000000015,0.48550701991001377
2.282000000000002,0.48290612008997696
2.2830000000000017,0.48018508999999526
2.2840000000000016,0.4775177055688821
2.2850000000000015,0.47497339443111
2.286000000000002,0.47257995999999564
2.2870000000000017,0.47009863305338584
2.2880000000000016,0.46792916694660747
2.2890000000000015,0.466170789999998
2.290000000000002,0.4646543599999981
2.2910000000000017,0.4635769392521481
2.2920000000000016,0.4626694607478491
2.2930000000000015,0.4619345099999993
2.294000000000002,0.46141199835132907
2.2950000000000017,0.46099551164866964
2.2960000000000016,0.46081236000000014
2.2970000000000015,0.4609021786232758
2.298000000000002,0.46118841137672517
2.2990000000000017,0.4618461400000013
2.3000000000000016,0.4625700100000018
2.3010000000000015,0.46358869813118836
2.302000000000002,0.4645314500000021
2.3030000000000017,0.4657270300000016
2.3040000000000016,0.46661847163967285
2.3050000000000015,0.4671348683603287
2.306000000000002,0.4673710799999997
2.3070000000000017,0.46721425627374424
2.3080000000000016,0.4665769937262538
2.3090000000000015,0.46547963999999836
2.310000000000002,0.46428086604278895
2.3110000000000017,0.4627412939572056
2.3120000000000016,0.46117174999999805
2.3130000000000015,0.46007760999999897
2.314000000000002,0.4593052312247551
2.3150000000000017,0.459317478775245
2.3160000000000016,0.4602143800000027
2.3170000000000015,0.4617335014007239
2.318000000000002,0.46424750859928504
2.3190000000000017,0.4670180700000064
2.3200000000000016,0.4705987625185017
2.3210000000000015,0.4739239474815086
2.322000000000002,0.4775183800000053
2.3230000000000017,0.4804828800000041
2.3240000000000016,0.4827923852834747
2.3250000000000015,0.4846452200000016
2.326000000000002,0.4858500400000013
2.3270000000000017,0.4865977623815234
2.3280000000000016,0.48642157761847604
2.3290000000000015,0.48634570999999915
2.330000000000002,0.4857207766756642
2.3310000000000017,0.48538753332433454
2.3320000000000016,0.4856228800000007
2.3330000000000015,0.4860332469016209
2.334000000000002,0.4868022630983818
2.3350000000000017,0.48760679000000223
2.3360000000000016,0.4888524100000017
2.3370000000000015,0.4897826254739066
2.338000000000002,0.4906373645260964
2.3390000000000017,0.49102991999999995
2.3400000000000016,0.4909845427754441
2.3410000000000015,0.49051229722455436
2.342000000000002,0.4892348599999976
2.3430000000000017,0.4878946850599852
2.3440000000000016,0.48614528494000936
2.3450000000000015,0.4843151899999977
2.346000000000002,0.48255097999999674
2.3470000000000018,0.4807104366313338
2.3480000000000016,0.4787767499999973
2.3490000000000015,0.47677751999999735
2.350000000000002,0.47479825651769203
2.3510000000000018,0.4726634334822994
2.3520000000000016,0.4703280599999958
2.3530000000000015,0.46794102195160553
2.354000000000002,0.46536053804838534
2.3550000000000018,0.4628252099999952
2.3560000000000016,0.46014889182263147
2.3570000000000015,0.45766711817736083
2.358000000000002,0.45534470999999616
2.3590000000000018,0.45320128999999665
2.3600000000000017,0.4513367846390695
2.3610000000000015,0.44968317536092534
2.362000000000002,0.4481028599999977
2.3630000000000018,0.4468289036412703
2.3640000000000017,0.44596531635872694
2.3650000000000015,0.44526499999999947
2.366000000000002,0.4449059776224751
2.3670000000000018,0.44468220237752404
2.3680000000000017,0.44463134
2.3690000000000015,0.4446407300000005
2.370000000000002,0.44502504759448147
2.3710000000000018,0.44520099240551925
2.3720000000000017,0.44537910999999974
2.3730000000000016,0.4452307420965801
2.374000000000002,0.44485170790341855
2.3750000000000018,0.4439742899999973
2.3760000000000017,0.442434967720453
2.3770000000000016,0.44061217227954136
2.378000000000002,0.43787374999999523
2.379000000000002,0.435188427139568
2.3800000000000017,0.43265982286042415
2.3810000000000016,0.43000706999999444
2.382000000000002,0.4268777399999943
2.383000000000002,0.42431136475004555
2.3840000000000017,0.4215588652499459
2.3850000000000016,0.41959082999999864
2.386000000000002,0.41881873036992584
2.387000000000002,0.4187224296300738
2.3880000000000017,0.41983721000000257
2.3890000000000016,0.42126652535393205
2.390000000000002,0.42302006464607417
2.391000000000002,0.4253737900000057
2.3920000000000017,0.4285865100000055
2.3930000000000016,0.43171343866227346
2.394000000000002,0.4354000613377396
2.395000000000002,0.43904477000000575
2.3960000000000017,0.44228044081884105
2.3970000000000016,0.4452886291811683
2.398000000000002,0.44855309000000493
2.399000000000002,0.451348126491705
2.4000000000000017,0.4534130435083014
2.4010000000000016,0.4551627900000022
2.4020000000000015,0.4564230400000017
2.403000000000002,0.4573775745465472
2.4040000000000017,0.45837188000000045
2.4050000000000016,0.45861696999999985
2.406000000000002,0.4585370039782024
2.407000000000002,0.4575767860217938
2.4080000000000017,0.4552238599999948
2.4090000000000016,0.45231062283342754
2.4100000000000015,0.44873895716656126
2.411000000000002,0.4443601999999902
2.4120000000000017,0.4388630780553799
2.4130000000000016,0.4332436319446027
2.414000000000002,0.42631959999998875
2.415000000000002,0.42001696999998966
2.4160000000000017,0.4142176662657384
2.4170000000000016,0.4089803237342453
2.4180000000000015,0.4041368099999952
2.419000000000002,0.4005247046310695
2.4200000000000017,0.3978710153689222
2.4210000000000016,0.39646420000000143
2.422000000000002,0.39723322757048846
2.423000000000002,0.39850893242951657
2.4240000000000017,0.4010233000000048
2.4250000000000016,0.40375713000000574
2.4260000000000015,0.406980847628242
2.427000000000002,0.4100670800000065
2.4280000000000017,0.4137543700000047
2.4290000000000016,0.41641418674065456
2.430000000000002,0.4180815932593514
2.431000000000002,0.4191889499999998
2.4320000000000017,0.4190558668496289
2.4330000000000016,0.4183243631503688
2.4340000000000015,0.4176445299999973
2.435000000000002,0.4155877625034932
2.4360000000000017,0.4118127974964934
2.4370000000000016,0.4075068799999905
2.438000000000002,0.40214761999998905
2.439000000000002,0.3960054159447994
2.4400000000000017,0.3887648640551749
2.4410000000000016,0.38189026999998604
2.4420000000000015,0.37403103137571425
2.443000000000002,0.36744478862426233
2.4440000000000017,0.3619347199999891
2.4450000000000016,0.3558195219526008
2.446000000000002,0.3504390480473801
2.447000000000002,0.3457311399999921
2.4480000000000017,0.3413077299999953
2.4490000000000016,0.3386956562263747
2.4500000000000015,0.33705791999999785
2.451000000000002,0.3354279099999989
2.4520000000000017,0.334803685575886
2.4530000000000016,0.3355594444241163
2.454000000000002,0.3366010500000052
2.455000000000002,0.3394995451369785
2.4560000000000017,0.34235091486303293
2.4570000000000016,0.34498960000000395
2.4580000000000015,0.3472260057698487
2.459000000000002,0.3488837042301572
2.4600000000000017,0.35016215000000056
2.4610000000000016,0.35047814000000016
2.462000000000002,0.3505850984673053
2.463000000000002,0.34996977153269226
2.4640000000000017,0.34937267999999877
2.4650000000000016,0.3486976713247343
2.4660000000000015,0.3482109186752642
2.467000000000002,0.3484018400000006
2.4680000000000017,0.3487277417996403
2.4690000000000016,0.34884573820036013
2.470000000000002,0.34928039000000166
2.471000000000002,0.35021609000000165
2.4720000000000018,0.3511411941535876
2.4730000000000016,0.3529827300000022
2.4740000000000015,0.35462317000000126
2.475000000000002,0.3556016741091801
2.4760000000000018,0.3565427658908237
2.4770000000000016,0.3556902400000015
2.478000000000002,0.35654751822236186
2.479000000000002,0.35962974177765045
2.4800000000000018,0.3627327400000106
2.4810000000000016,0.36868927566287674
2.4820000000000015,0.3744459043371412
2.483000000000002,0.37824115000000813
2.4840000000000018,0.3827973900000107
2.4850000000000017,0.3888128080274032
2.486000000000002,0.39419308197261593
2.487000000000002,0.3995073700000086
2.4880000000000018,0.4043491077894477
2.4890000000000017,0.40782700221056306
2.4900000000000015,0.41109756000000425
2.491000000000002,0.4143003028854244
2.4920000000000018,0.41502915711457855
2.4930000000000017,0.41559145000000197
2.494000000000002,0.41707450000000235
2.495000000000002,0.4184004497410606
2.4960000000000018,0.4226978602589565
2.4970000000000017,0.42866552000001296
2.4980000000000016,0.4359516568236492
2.499000000000002,0.44461989317638156
2.5000000000000018,0.44462046
2.5010000000000017,0.44462046
2.502000000000002,0.44462046
2.503000000000002,0.44462046
2.504000000000002,0.44462046
2.5050000000000017,0.44462046
2.5060000000000016,0.44462046
2.507000000000002,0.44462046
2.508000000000002,0.44462046
2.5090000000000017,0.44462046
2.510000000000002,0.44462046
2.511000000000002,0.44462046
2.512000000000002,0.44462046
2.5130000000000017,0.44462046
2.5140000000000016,0.44462046
2.515000000000002,0.44462046
2.516000000000002,0.44462046
2.5170000000000017,0.44462046
2.518000000000002,0.44462046
2.519000000000002,0.44462046
2.520000000000002,0.44462046
2.5210000000000017,0.44462046
2.5220000000000016,0.44462046
2.523000000000002,0.44462046
2.524000000000002,0.44462046
2.5250000000000017,0.44462046
2.526000000000002,0.44462046
2.527000000000002,0.44462046
2.528000000000002,0.44462046
2.5290000000000017,0.44462046
2.5300000000000016,0.44462046
2.531000000000002,0.44462046
2.532000000000002,0.44462046
2.5330000000000017,0.44462046
2.534000000000002,0.44462046
2.535000000000002,0.44462046
2.536000000000002,0.44462046
2.5370000000000017,0.44462046
2.5380000000000016,0.44462046
2.539000000000002,0.44462046
2.540000000000002,0.44462046
2.5410000000000017,0.44462046
2.542000000000002,0.44462046
2.543000000000002,0.44462046
2.544000000000002,0.44462046
2.5450000000000017,0.44462046
2.5460000000000016,0.44462046
2.547000000000002,0.44462046
2.548000000000002,0.44462046
2.5490000000000017,0.44462046
2.550000000000002,0.44462046
2.551000000000002,0.44462046
2.552000000000002,0.44462046
2.5530000000000017,0.44462046
2.5540000000000016,0.44462046
2.555000000000002,0.44462046
2.556000000000002,0.44462046
2.5570000000000017,0.44462046
2.558000000000002,0.44462046
2.559000000000002,0.44462046
2.560000000000002,0.44462046
2.5610000000000017,0.44462046
2.5620000000000016,0.44462046
2.563000000000002,0.44462046
2.564000000000002,0.44462046
2.5650000000000017,0.44462046
2.566000000000002,0.44462046
2.567000000000002,0.44462046
2.568000000000002,0.44462046
2.5690000000000017,0.44462046
2.5700000000000016,0.44462046
2.571000000000002,0.44462046
2.572000000000002,0.44462046
2.5730000000000017,0.44462046
2.574000000000002,0.44462046
2.575000000000002,0.44462046
2.576000000000002,0.44462046
2.5770000000000017,0.44462046
2.5780000000000016,0.44462046
2.579000000000002,0.44462046
2.580000000000002,0.44462046
2.5810000000000017,0.44462046
2.582000000000002,0.44462046
2.583000000000002,0.44462046
2.584000000000002,0.44462046
2.5850000000000017,0.44462046
2.5860000000000016,0.44462046
2.587000000000002,0.44462046
2.588000000000002,0.44462046
2.5890000000000017,0.44462046
2.590000000000002,0.44462046
2.591000000000002,0.44462046
2.592000000000002,0.44462046
2.5930000000000017,0.44462046
2.5940000000000016,0.44462046
2.595000000000002,0.44462046
2.596000000000002,0.44462046
2.5970000000000018,0.44462046
2.598000000000002,0.44462046
2.599000000000002,0.44462046
