wave,r
0.4,0.6149199548264035
0.401,0.6151260123859523
0.402,0.6153646076140477
0.403,0.6157279
0.404,0.6160818264607354
0.405,0.61629331
0.406,0.6168772053398932
0.40700000000000003,0.6174111946601067
0.40800000000000003,0.6178208018458632
0.40900000000000003,0.6180053881541369
0.41000000000000003,0.61853808
0.41100000000000003,0.6191194041867581
0.41200000000000003,0.61921138
0.41300000000000003,0.6194273232263677
0.41400000000000003,0.61974996
0.41500000000000004,0.6201872259436811
0.41600000000000004,0.6207815940563188
0.41700000000000004,0.62121612
0.41800000000000004,0.6215275468857312
0.41900000000000004,0.62185121
0.42000000000000004,0.6222657634885651
0.42100000000000004,0.62261462
0.42200000000000004,0.62277120350173
0.42300000000000004,0.62312137649827
0.42400000000000004,0.6235494646473071
0.42500000000000004,0.624014195352693
0.42600000000000005,0.62421536
0.42700000000000005,0.6244644525450745
0.42800000000000005,0.62471896
0.42900000000000005,0.6249268728889422
0.43000000000000005,0.6252157671110578
0.43100000000000005,0.6254648017791644
0.43200000000000005,0.6256427182208356
0.43300000000000005,0.62591922
0.43400000000000005,0.6262068728109719
0.43500000000000005,0.62648797
0.43600000000000005,0.6267114913660727
0.43700000000000006,0.6268480986339273
0.43800000000000006,0.6269891319609608
0.43900000000000006,0.6271852280390393
0.44000000000000006,0.62745732
0.44100000000000006,0.6276200383728163
0.44200000000000006,0.62769008
0.44300000000000006,0.6278271118405632
0.44400000000000006,0.6280111681594368
0.44500000000000006,0.6282129319877603
0.44600000000000006,0.6284117080122398
0.44700000000000006,0.62860727
0.44800000000000006,0.6287792282804172
0.44900000000000007,0.62892443
0.45000000000000007,0.6290801816128677
0.45100000000000007,0.6292414683871322
0.45200000000000007,0.6294139620241596
0.45300000000000007,0.6296163779758405
0.45400000000000007,0.62981391
0.45500000000000007,0.6300139979991201
0.45600000000000007,0.63022012
0.4570000000000001,0.6303111312844872
0.4580000000000001,0.63043958
0.4590000000000001,0.6305925311604769
0.4600000000000001,0.6307085788395231
0.4610000000000001,0.63092852
0.4620000000000001,0.6311570977142229
0.4630000000000001,0.63132477
0.4640000000000001,0.631458581708283
0.4650000000000001,0.63162941
0.4660000000000001,0.6318317107914843
0.4670000000000001,0.6319108592085158
0.4680000000000001,0.6320505115968681
0.4690000000000001,0.6322101984031319
0.4700000000000001,0.63234299
0.4710000000000001,0.6324956416599834
0.4720000000000001,0.63266164
0.4730000000000001,0.6328410519466611
0.4740000000000001,0.6330357180533389
0.4750000000000001,0.6331716810716785
0.4760000000000001,0.6332788489283214
0.4770000000000001,0.63344133
0.4780000000000001,0.6336365316337836
0.4790000000000001,0.63379991
0.4800000000000001,0.6338879526713466
0.4810000000000001,0.6341550873286534
0.4820000000000001,0.6343706815842683
0.4830000000000001,0.6345291084157317
0.4840000000000001,0.63465774
0.4850000000000001,0.6348549080283198
0.4860000000000001,0.63504815
0.4870000000000001,0.6351643224592508
0.4880000000000001,0.6354102475407492
0.4890000000000001,0.6356204214673706
0.4900000000000001,0.6357671585326293
0.4910000000000001,0.63592118
0.4920000000000001,0.6361044581672183
0.4930000000000001,0.6362833999999999
0.4940000000000001,0.6363952819924801
0.4950000000000001,0.63659453
0.4960000000000001,0.6367946316950661
0.4970000000000001,0.6369641383049339
0.4980000000000001,0.63717788
0.4990000000000001,0.6373359584192159
0.5000000000000001,0.63746232
0.5010000000000001,0.6376592517297346
0.5020000000000001,0.6378322247403629
0.5030000000000001,0.6379902368397581
0.5040000000000001,0.6381356085462855
0.5050000000000001,0.63829911
0.5060000000000001,0.6384590331862408
0.5070000000000001,0.638618345220639
0.5080000000000001,0.6388212959409595
0.5090000000000001,0.63897741
0.5100000000000001,0.6391036510795108
0.5110000000000001,0.6392116031730731
0.5120000000000001,0.6393702568269269
0.5130000000000001,0.6395552181503815
0.5140000000000001,0.63976276
0.5150000000000001,0.6398543113244265
0.5160000000000001,0.6399867548708565
0.5170000000000001,0.6401491167527624
0.5180000000000001,0.640328528205882
0.5190000000000001,0.6404767014168142
0.5200000000000001,0.6406183829444528
0.5210000000000001,0.6407656055833209
0.5220000000000001,0.6409089585664713
0.5230000000000001,0.64104199
0.5240000000000001,0.6411659112219122
0.5250000000000001,0.6412881018667252
0.5260000000000001,0.6413814381332746
0.5270000000000001,0.641470969104691
0.5280000000000001,0.6415804
0.5290000000000001,0.6417165424128242
0.5300000000000001,0.6418371830181491
0.5310000000000001,0.6419377879879006
0.5320000000000001,0.6420553888239883
0.5330000000000001,0.6421672110699107
0.5340000000000001,0.6422742020466976
0.5350000000000001,0.6423765369299536
0.5360000000000001,0.642486568899678
0.5370000000000001,0.64260995
0.5380000000000001,0.6427505608065162
0.5390000000000001,0.642831212242088
0.5400000000000001,0.6429059485052747
0.5410000000000001,0.6429807492519926
0.5420000000000001,0.64307803
0.5430000000000001,0.6431732817225139
0.5440000000000002,0.6432594074162292
0.5450000000000002,0.6433300385873859
0.5460000000000002,0.64338976
0.5470000000000002,0.6434686209477095
0.5480000000000002,0.6435633912099515
0.5490000000000002,0.6436238887900484
0.5500000000000002,0.6436890993478935
0.5510000000000002,0.64375347
0.5520000000000002,0.6438090808869178
0.5530000000000002,0.6438977722171891
0.5540000000000002,0.643971678521874
0.5550000000000002,0.6440190695260953
0.5560000000000002,0.6440838007802079
0.5570000000000002,0.6441618216759162
0.5580000000000002,0.6442456174861256
0.5590000000000002,0.6443174485633856
0.5600000000000002,0.64437991
0.5610000000000002,0.644446670792208
0.5620000000000002,0.6445258916175354
0.5630000000000002,0.6446067683824647
0.5640000000000002,0.6446884891827918
0.5650000000000002,0.64477164
0.5660000000000002,0.6448617015222152
0.5670000000000002,0.644937812319184
0.5680000000000002,0.6450151184538774
0.5690000000000002,0.6451084590665906
0.5700000000000002,0.6451981110073102
0.5710000000000002,0.6452988422588871
0.5720000000000002,0.6454117866116694
0.5730000000000002,0.6455032790850818
0.5740000000000002,0.6456092
0.5750000000000002,0.6457280513572136
0.5760000000000002,0.6458637723711051
0.5770000000000002,0.645982327628895
0.5780000000000002,0.64608138900939
0.5790000000000002,0.64615852
0.5800000000000002,0.6461302598153981
0.5810000000000002,0.6461210296835158
0.5820000000000002,0.6461104802109895
0.5830000000000002,0.64601183
0.5840000000000002,0.645957709700797
0.5850000000000002,0.6459277898044098
0.5860000000000002,0.6459180102933854
0.5870000000000002,0.6459819693603872
0.5880000000000002,0.64606041
0.5890000000000002,0.6461570320748415
0.5900000000000002,0.6463645148492575
0.5910000000000002,0.6465261567671616
0.5920000000000002,0.646596609295493
0.5930000000000002,0.6464733497031969
0.5940000000000002,0.6464436681044948
0.5950000000000002,0.6463488928432578
0.5960000000000002,0.6461520839362394
0.5970000000000002,0.6459927
0.5980000000000002,0.6458779592125921
0.5990000000000002,0.6457992190188392
0.6000000000000002,0.6457501609811607
0.6010000000000002,0.6457290602110021
0.6020000000000002,0.64574838
0.6030000000000002,0.6458222911927239
0.6040000000000002,0.6459415628894556
0.6050000000000002,0.6460378780736963
0.6060000000000002,0.646117089207892
0.6070000000000002,0.6462230701943019
0.6080000000000002,0.6462424989844509
0.6090000000000002,0.6461917215233238
0.6100000000000002,0.6460562313549271
0.6110000000000002,0.64585888
0.6120000000000002,0.6456916288019879
0.6130000000000002,0.6455718295588176
0.6140000000000002,0.6455497704411823
0.6150000000000002,0.6455724197734978
0.6160000000000002,0.64565194
0.6170000000000002,0.645841603188832
0.6180000000000002,0.6460010437513125
0.6190000000000002,0.646126087499125
0.6200000000000002,0.64621049
0.6210000000000002,0.6463037106610066
0.6220000000000002,0.646369810882156
0.6230000000000002,0.6464139186767661
0.6240000000000002,0.6464461096780936
0.6250000000000002,0.64645946
0.6260000000000002,0.6464635699743995
0.6270000000000002,0.646461010239688
0.6280000000000002,0.646468999840208
0.6290000000000002,0.6464653000370004
0.6300000000000002,0.64645177
0.6310000000000002,0.6464639303731814
0.6320000000000002,0.646482589440228
0.6330000000000002,0.6464856299391994
0.6340000000000002,0.64644212
0.6350000000000002,0.6464555302497025
0.6360000000000002,0.6464805005053798
0.6370000000000002,0.6465057694946202
0.6380000000000002,0.6465125099325993
0.6390000000000002,0.64654219
0.6400000000000002,0.6465791500351007
0.6410000000000002,0.6465826611534423
0.6420000000000002,0.6466211092310384
0.6430000000000002,0.6466729594814948
0.6440000000000002,0.6467313803355034
0.6450000000000002,0.646764931140943
0.6460000000000002,0.6468219782885856
0.6470000000000002,0.6468992792269845
0.6480000000000002,0.64697027
0.6490000000000002,0.6470268405394054
0.6500000000000002,0.6470807812159514
0.6510000000000002,0.6471415787840487
0.6520000000000002,0.6471525998897989
0.6530000000000002,0.64716959
0.6540000000000002,0.6471997507438074
0.6550000000000002,0.6472369406329683
0.6560000000000002,0.6472580395780211
0.6570000000000003,0.6472707998723988
0.6580000000000003,0.6472824199194992
0.6590000000000003,0.6472743700513974
0.6600000000000003,0.6472769399229039
0.6610000000000003,0.6473006597627953
0.6620000000000003,0.64728838
0.6630000000000003,0.6472860000083
0.6640000000000003,0.6472868294690265
0.6650000000000003,0.6472691303539823
0.6660000000000003,0.6472613800775008
0.6670000000000003,0.64725119
0.6680000000000003,0.6472299098558072
0.6690000000000003,0.6472227002162892
0.6700000000000003,0.6472200800524005
0.6710000000000003,0.64722455
0.6720000000000003,0.6472600708178081
0.6730000000000003,0.6473418527738891
0.6740000000000003,0.647480547226111
0.6750000000000003,0.6477120476849769
0.6760000000000003,0.64783394
0.6770000000000003,0.6477891777975558
0.6780000000000003,0.6475689363254836
0.6790000000000003,0.6474464524496775
0.6800000000000003,0.6473950105144051
0.6810000000000003,0.6473890500382004
0.6820000000000003,0.6473928704327784
0.6830000000000003,0.6474145093508326
0.6840000000000003,0.6474379295315954
0.6850000000000003,0.64745718
0.6860000000000003,0.6475017103808038
0.6870000000000003,0.6475397908119674
0.6880000000000003,0.6475803891880325
0.6890000000000003,0.6476749190546907
0.6900000000000003,0.6480532300000003
0.6910000000000003,0.6486815990045903
0.6920000000000003,0.6496318010244487
0.6930000000000003,0.6496659493170343
0.6940000000000003,0.6491764248953488
0.6950000000000003,0.6482862157859578
0.6960000000000003,0.6478648151626418
0.6970000000000003,0.6476229472560371
0.6980000000000003,0.6474936612928258
0.6990000000000003,0.64743018
0.7000000000000003,0.6473643190408904
0.7010000000000003,0.6472684072703092
0.7020000000000003,0.6471319227296908
0.7030000000000003,0.6469614517047171
0.7040000000000003,0.64676476
0.7050000000000003,0.6465375942505425
0.7060000000000003,0.6462501188909553
0.7070000000000003,0.6458798174060296
0.7080000000000003,0.6454676399999999
0.7090000000000003,0.645024655509355
0.7100000000000003,0.64457559159482
0.7110000000000003,0.6441553326077695
0.7120000000000003,0.6437721338319765
0.7130000000000003,0.6434736799999999
0.7140000000000003,0.6432931991881837
0.7150000000000003,0.6432120213106345
0.7160000000000003,0.6432557091262437
0.7170000000000003,0.6434777377796779
0.7180000000000003,0.6438028242027422
0.7190000000000003,0.644223099502925
0.7200000000000003,0.6446982457456129
0.7210000000000003,0.6451925501139013
0.7220000000000003,0.6456667200000001
0.7230000000000003,0.6460260728390285
0.7240000000000003,0.6463099743438263
0.7250000000000003,0.6465271656561739
0.7260000000000003,0.6466706385652856
0.7270000000000003,0.64665949
0.7280000000000003,0.6466106191434828
0.7290000000000003,0.6465249655530223
0.7300000000000003,0.6463767329646517
0.7310000000000003,0.6461679920874208
0.7320000000000003,0.6459175870918709
0.7330000000000003,0.6456267735321233
0.7340000000000003,0.6453033797018148
0.7350000000000003,0.6449637433963679
0.7360000000000003,0.6446157699999999
0.7370000000000003,0.6443158373528735
0.7380000000000003,0.6440511254977801
0.7390000000000003,0.6438260145022198
0.7400000000000003,0.6436646616135161
0.7410000000000003,0.64353824
0.7420000000000003,0.6434279080663806
0.7430000000000003,0.643331227900705
0.7440000000000003,0.64326125139953
0.7450000000000003,0.64319164
0.7460000000000003,0.6431357900494005
0.7470000000000003,0.6431407312039399
0.7480000000000003,0.6432009281940904
0.7490000000000003,0.6433101289079782
0.7500000000000003,0.6434766100000001
0.7510000000000003,0.643725812796156
0.7520000000000003,0.6440054291369434
0.7530000000000003,0.6443099939087047
0.7540000000000003,0.6446371667282673
0.7550000000000003,0.6449108100000001
0.7560000000000003,0.6451479240921955
0.7570000000000003,0.645352533861707
0.7580000000000003,0.6455241365679658
0.7590000000000003,0.64566964
0.7600000000000003,0.6457895010652107
0.7610000000000003,0.6458960221349147
0.7620000000000003,0.6460027678650854
0.7630000000000003,0.6461015290123902
0.7640000000000003,0.64617294
0.7650000000000003,0.6462408304745095
0.7660000000000003,0.6462882804952753
0.7670000000000003,0.6463047896698165
0.7680000000000003,0.6462805302426023
0.7690000000000003,0.6462453595314953
0.7700000000000004,0.6461985086434677
0.7710000000000004,0.6461306820347982
0.7720000000000004,0.6460736405704114
0.7730000000000004,0.64601672
0.7740000000000004,0.6459517492208923
0.7750000000000004,0.645873838452862
0.7760000000000004,0.6457964815471381
0.7770000000000004,0.6457226307385073
0.7780000000000004,0.64566773
0.7790000000000004,0.6456046686147862
0.7800000000000004,0.645535407720114
0.7810000000000004,0.6454594115199239
0.7820000000000004,0.6453822907712077
0.7830000000000004,0.6453087293067931
0.7840000000000004,0.6452394080796959
0.7850000000000004,0.645143392880456
0.7860000000000004,0.6450561908720175
0.7870000000000004,0.64497429
0.7880000000000004,0.6448901293591871
0.7890000000000004,0.6448260477741113
0.7900000000000004,0.6447518514839258
0.7910000000000004,0.6446492110264102
0.7920000000000004,0.64455062
0.7930000000000004,0.6444760588948553
0.7940000000000004,0.6444208016577171
0.7950000000000004,0.6443504714066141
0.7960000000000004,0.64427352
0.7970000000000004,0.6441903690796907
0.7980000000000004,0.6440983375932963
0.7990000000000004,0.6439780024067037
0.8000000000000004,0.6438608811712117
0.8010000000000004,0.64375192
0.8020000000000004,0.6436566093621872
0.8030000000000004,0.6435928287235638
0.8040000000000004,0.6435502808509574
0.8050000000000004,0.6435205902969029
0.8060000000000004,0.6435079600071001
0.8070000000000004,0.6435086702921854
0.8080000000000004,0.643523279561722
0.8090000000000004,0.6435965885337854
0.8100000000000004,0.64368093
0.8110000000000004,0.6437823215241153
0.8120000000000004,0.6439347329692813
0.8130000000000004,0.6440831970307188
0.8140000000000004,0.6442314385175852
0.8150000000000004,0.6443821200000001
0.8160000000000004,0.6445449029958301
0.8170000000000004,0.6446946941712915
0.8180000000000004,0.6448337372191392
0.8190000000000004,0.6450048682886829
0.8200000000000004,0.6451637116416165
0.8210000000000004,0.6453278739146043
0.8220000000000004,0.6455236041280937
0.8230000000000004,0.6456876983590673
0.8240000000000004,0.64584506
0.8250000000000004,0.6460007412648127
0.8260000000000004,0.6461272222971082
0.8270000000000004,0.646242077702892
0.8280000000000004,0.6463459089616896
0.8290000000000004,0.64643407
0.8300000000000004,0.6465377221208213
0.8310000000000004,0.6466437630754462
0.8320000000000004,0.6467462779497025
0.8330000000000004,0.6468961200000001
0.8340000000000004,0.6470360213291134
0.8350000000000004,0.6471689331338434
0.8360000000000004,0.6473256252992351
0.8370000000000004,0.647490198354267
0.8380000000000004,0.6476598400000001
0.8390000000000004,0.647833351596232
0.8400000000000004,0.6479929750745463
0.8410000000000004,0.6481621266169693
0.8420000000000004,0.648342788193382
0.8430000000000004,0.6484904313572136
0.8440000000000004,0.6486261523708815
0.8450000000000004,0.6487446964436778
0.8460000000000004,0.6488273083477836
0.8470000000000004,0.64890015
0.8480000000000004,0.6489306096917968
0.8490000000000004,0.6488997881964721
0.8500000000000004,0.6488096118035278
0.8510000000000004,0.648679911297013
0.8520000000000004,0.6485102199999999
0.8530000000000004,0.6482794871144422
0.8540000000000004,0.6479909302873855
0.8550000000000004,0.6476671764750761
0.8560000000000004,0.6473128235435353
0.8570000000000004,0.6468340737968377
0.8580000000000004,0.6462137546501672
0.8590000000000004,0.6454462630247484
0.8600000000000004,0.6444630098325963
0.8610000000000004,0.6432098199999994
0.8620000000000004,0.6417118119164185
0.8630000000000004,0.6399034451419934
0.8640000000000004,0.6376605448580046
0.8650000000000004,0.6351549850556496
0.8660000000000004,0.6323994999999987
0.8670000000000004,0.6293272351077497
0.8680000000000004,0.6260826186890639
0.8690000000000004,0.6227055875406214
0.8700000000000004,0.6192642499999985
0.8710000000000004,0.6159850693985924
0.8720000000000004,0.6129249350687453
0.8730000000000004,0.6101783723968791
0.8740000000000004,0.6083172786106714
0.8750000000000004,0.6070991199999998
0.8760000000000004,0.6065511144930901
0.8770000000000004,0.6070004452335389
0.8780000000000004,0.6081748965109749
0.8790000000000004,0.6098922928259289
0.8800000000000004,0.6122095600000014
0.8810000000000004,0.6150873914863271
0.8820000000000005,0.6181617077705128
0.8830000000000005,0.6213760957121586
0.8840000000000005,0.6246227600000014
0.8850000000000005,0.6277031587839893
0.8860000000000005,0.6305815499598026
0.8870000000000005,0.6330795400401995
0.8880000000000005,0.6350761500340014
0.8890000000000005,0.6366497900000004
0.8900000000000005,0.6377623735274708
0.8910000000000005,0.6381151093778311
0.8920000000000005,0.6380943704147792
0.8930000000000005,0.6376975839679395
0.8940000000000005,0.636802418351383
0.8950000000000005,0.6356375526583665
0.8960000000000005,0.6342704710124487
0.8970000000000005,0.6326903858009152
0.8980000000000005,0.6308007799999991
0.8990000000000005,0.6287203774215732
0.9000000000000005,0.6264625321405133
0.9010000000000005,0.6240695578594845
0.9020000000000005,0.6216805238903378
0.9030000000000005,0.619346439999999
0.9040000000000005,0.6171776332080313
0.9050000000000005,0.6153380427472618
0.9060000000000005,0.6137629515018241
0.9070000000000005,0.612465332976129
0.9080000000000005,0.611572433526335
0.9090000000000005,0.6109250709238536
0.9100000000000005,0.6104712636142191
0.9110000000000005,0.6101833628789574
0.9120000000000005,0.6099380899999999
0.9130000000000005,0.609720708104462
0.9140000000000005,0.6095311649458528
0.9150000000000005,0.609696026702765
0.9160000000000005,0.6102123848363487
0.9170000000000005,0.6111341700000008
0.9180000000000005,0.6128185852877366
0.9190000000000005,0.6150829720683978
0.9200000000000005,0.6177697862634639
0.9210000000000005,0.6208770300000019
0.9220000000000005,0.6242514041478432
0.9230000000000005,0.6276661882658708
0.9240000000000005,0.6310794817341322
0.9250000000000005,0.6342946578482802
0.9260000000000005,0.6371724600000015
0.9270000000000005,0.6397491914807306
0.9280000000000005,0.6418972508843566
0.9290000000000005,0.643593396077097
0.9300000000000005,0.6450142757912586
0.9310000000000005,0.6461688378994794
0.9320000000000005,0.6469587824113798
0.9330000000000005,0.6475793513829312
0.9340000000000005,0.6480827199326996
0.9350000000000005,0.6486003400000002
0.9360000000000005,0.6491416761625619
0.9370000000000005,0.649757934783809
0.9380000000000005,0.6504971252161917
0.9390000000000005,0.6513649113221137
0.9400000000000005,0.6522765200000006
0.9410000000000005,0.6532181683119836
0.9420000000000005,0.6541337635413234
0.9430000000000005,0.6549184743057851
0.9440000000000005,0.6556053131316317
0.9450000000000005,0.65618676498475
0.9460000000000005,0.6566852388115597
0.9470000000000005,0.6571258167826611
0.9480000000000005,0.6575055062031243
0.9490000000000005,0.6577944800000001
0.9500000000000005,0.6581035331340315
0.9510000000000005,0.6584169355489782
0.9520000000000005,0.6586943844510221
0.9530000000000005,0.6589267776760769
0.9540000000000005,0.6591350400000001
0.9550000000000005,0.6593210130624307
0.9560000000000005,0.6594741319223039
0.9570000000000005,0.6595382087184641
0.9580000000000005,0.65954107
0.9590000000000005,0.6596095004041042
0.9600000000000005,0.6596499100977951
0.9610000000000005,0.6596547998533074
0.9620000000000005,0.65960455050251
0.9630000000000005,0.65959603
0.9640000000000005,0.659584579800896
0.9650000000000005,0.6595646695137243
0.9660000000000005,0.6595484603241838
0.9670000000000005,0.6595351101335013
0.9680000000000005,0.6595171696333963
0.9690000000000005,0.6594805093266336
0.9700000000000005,0.6594468410100495
0.9710000000000005,0.6593852612316122
0.9720000000000005,0.6592816099999999
0.9730000000000005,0.6590340073344731
0.9740000000000005,0.6587674539908401
0.9750000000000005,0.6584669960091595
0.9760000000000005,0.6580730739392392
0.9770000000000005,0.6577154399999998
0.9780000000000005,0.6573686565649312
0.9790000000000005,0.657025150056697
0.9800000000000005,0.6566937066288683
0.9810000000000005,0.6563695132419323
0.9820000000000005,0.6560479364558643
0.9830000000000005,0.6556935221217937
0.9840000000000005,0.6552996118173089
0.9850000000000005,0.6548619343767873
0.9860000000000005,0.6543602299999997
0.9870000000000005,0.6538299234845345
0.9880000000000005,0.653178374141034
0.9890000000000005,0.6523854258589652
0.9900000000000005,0.6515783180710802
0.9910000000000005,0.6507579099999996
0.9920000000000005,0.6499034613422129
0.9930000000000005,0.6489705694531268
0.9940000000000005,0.6479523403645813
0.9950000000000006,0.6469061999999994
0.9960000000000006,0.6458554808714081
0.9970000000000006,0.6449426217487121
0.9980000000000006,0.6440300573769308
0.9990000000000006,0.6433679566209322
1.0000000000000004,0.6427065099999999
1.0010000000000006,0.6424016999999997
1.0020000000000007,0.6420679699999995
1.0030000000000006,0.6412138299999993
1.0040000000000004,0.6402596085791414
1.0050000000000006,0.6389453999999992
1.0060000000000007,0.6376717099999996
1.0070000000000006,0.6369420299999997
1.0080000000000005,0.6362891199999997
1.0090000000000006,0.6354439132546741
1.0100000000000007,0.6346764599999994
1.0110000000000006,0.6338123699999995
1.0120000000000005,0.6329168099999998
1.0130000000000006,0.6324182199999998
1.0140000000000007,0.6320295688651132
1.0150000000000006,0.63166755
1.0160000000000005,0.6316670800000002
1.0170000000000006,0.6318022000000001
1.0180000000000007,0.6320546900000001
1.0190000000000006,0.6322768077882214
1.0200000000000005,0.6324943900000001
1.0210000000000006,0.6328358100000004
1.0220000000000007,0.6335656600000006
1.0230000000000006,0.6343275300000004
1.0240000000000005,0.6350606100000004
1.0250000000000006,0.6358462000000005
1.0260000000000007,0.6366989000000006
1.0270000000000006,0.6374881300000004
1.0280000000000005,0.6382372400000004
1.0290000000000006,0.6390703300000005
1.0300000000000007,0.6401509000000006
1.0310000000000006,0.6411461800000007
1.0320000000000005,0.6421262060513956
1.0330000000000006,0.6433867200000007
1.0340000000000007,0.6445698700000005
1.0350000000000006,0.6454085700000004
1.0360000000000005,0.6461435000000004
1.0370000000000006,0.6468333687171287
1.0380000000000007,0.6475205400000005
1.0390000000000006,0.6481883500000002
1.0400000000000005,0.6487608000000002
1.0410000000000006,0.6491982300000002
1.0420000000000007,0.6496036794550547
1.0430000000000006,0.6499353100000002
1.0440000000000005,0.65013993
1.0450000000000006,0.65017283
1.0460000000000007,0.65015799
1.0470000000000006,0.6502329025087492
1.0480000000000005,0.65029198
1.0490000000000006,0.65029788
1.0500000000000007,0.6501967899999999
1.0510000000000006,0.65002394
1.0520000000000005,0.6499427
1.0530000000000006,0.6498872599999999
1.0540000000000007,0.6497701399999999
1.0550000000000006,0.6495607288481151
1.0560000000000005,0.64934921
1.0570000000000006,0.64925748
1.0580000000000007,0.6493003400000001
1.0590000000000006,0.6494443400000001
1.0600000000000005,0.6496480953054696
1.0610000000000006,0.6499011500000003
1.0620000000000007,0.6502256400000004
1.0630000000000006,0.6506748800000003
1.0640000000000005,0.6511752600000003
1.0650000000000006,0.6517002075052498
1.0660000000000007,0.6522815800000007
1.0670000000000006,0.6529861700000006
1.0680000000000005,0.6538688500000004
1.0690000000000006,0.6547851000000006
1.0700000000000007,0.655593549155085
1.0710000000000006,0.6564297100000006
1.0720000000000005,0.6572647100000002
1.0730000000000006,0.6578612300000003
1.0740000000000007,0.6582779300000003
1.0750000000000006,0.6588127600000004
1.0760000000000005,0.6594038000000004
1.0770000000000006,0.6599099000000003
1.0780000000000007,0.6603204951394863
1.0790000000000006,0.6606718900000002
1.0800000000000005,0.6609110200000001
1.0810000000000006,0.6611456900000001
1.0820000000000007,0.66133827
1.0830000000000006,0.6614011342665732
1.0840000000000005,0.6612438
1.0850000000000006,0.66112363
1.0860000000000007,0.6610704099999999
1.0870000000000006,0.6609966799999999
1.0880000000000005,0.6608666929987
1.0890000000000006,0.6606246799999997
1.0900000000000007,0.6603308899999998
1.0910000000000006,0.6600556399999998
1.0920000000000005,0.6597505199999999
1.0930000000000006,0.6593854765043493
1.0940000000000007,0.6590849799999999
1.0950000000000006,0.6588448299999998
1.0960000000000005,0.6585445999999997
1.0970000000000006,0.6580706799999997
1.0980000000000008,0.6575726299999995
1.0990000000000006,0.6570610999999996
1.1000000000000005,0.6565357399999997
1.1010000000000006,0.6558183399999995
1.1020000000000008,0.6550199399999993
1.1030000000000006,0.6539724499999994
1.1040000000000005,0.6529582099999995
1.1050000000000006,0.6518657799999992
1.1060000000000008,0.6506270056824308
1.1070000000000007,0.649283829999999
1.1080000000000005,0.6477982999999989
1.1090000000000007,0.6460982599999988
1.1100000000000008,0.6442215999999986
1.1110000000000007,0.6422661080611922
1.1120000000000005,0.6400467199999988
1.1130000000000007,0.6376627099999979
1.1140000000000008,0.6345580799999979
1.1150000000000007,0.6313754899999977
1.1160000000000005,0.6278483827107267
1.1170000000000007,0.6241765599999968
1.1180000000000008,0.6193718899999957
1.1190000000000007,0.6144460999999963
1.1200000000000006,0.6090912199999976
1.1210000000000007,0.6036995091710795
1.1220000000000008,0.5968334099999952
1.1230000000000007,0.589708919999995
1.1240000000000006,0.5821363899999965
1.1250000000000007,0.574381409999994
1.1260000000000008,0.5653116699999912
1.1270000000000007,0.5553495899999934
1.1280000000000006,0.5454515799999935
1.1290000000000007,0.5355932774452478
1.1300000000000008,0.5249677299999893
1.1310000000000007,0.5130119899999923
1.1320000000000006,0.5015103799999953
1.1330000000000007,0.4906984599999928
1.1340000000000008,0.47989907873711785
1.1350000000000007,0.4682864499999926
1.1360000000000006,0.4571277499999939
1.1370000000000007,0.44795792999999406
1.1380000000000008,0.43905505999999245
1.1390000000000007,0.4305570298030145
1.1400000000000006,0.4222311099999963
1.1410000000000007,0.4166548299999966
1.1420000000000008,0.41155608999999765
1.1430000000000007,0.408064039999998
1.1440000000000006,0.4050320731966785
1.1450000000000007,0.40388372999999983
1.1460000000000008,0.40364239000000113
1.1470000000000007,0.4048810000000015
1.1480000000000006,0.4071201400000021
1.1490000000000007,0.4102008300000027
1.1500000000000008,0.41420290000000426
1.1510000000000007,0.41895625000000397
1.1520000000000006,0.4249158500000026
1.1530000000000007,0.43082175000000394
1.1540000000000008,0.4367716000000039
1.1550000000000007,0.4427844600000043
1.1560000000000006,0.4492850600000042
1.1570000000000007,0.45554194065493797
1.1580000000000008,0.4603484900000042
1.1590000000000007,0.46507514000000255
1.1600000000000006,0.46894810000000253
1.1610000000000007,0.4727620800000014
1.1620000000000008,0.47489376492650875
1.1630000000000007,0.4768430300000006
1.1640000000000006,0.4777552500000003
1.1650000000000007,0.47843175999999993
1.1660000000000008,0.4783196199999996
1.1670000000000007,0.47789813214878485
1.1680000000000006,0.4768879699999991
1.1690000000000007,0.47553106999999895
1.1700000000000008,0.4739272599999984
1.1710000000000007,0.4721098499999985
1.1720000000000006,0.46983896708828976
1.1730000000000007,0.466993329999998
1.1740000000000008,0.46403479999999786
1.1750000000000007,0.4608508599999977
1.1760000000000006,0.45741161999999724
1.1770000000000007,0.45320996999999724
1.1780000000000008,0.44902991999999636
1.1790000000000007,0.44491129999999723
1.1800000000000006,0.440754055815415
1.1810000000000007,0.43601220999999685
1.1820000000000008,0.43127735999999645
1.1830000000000007,0.42727964999999735
1.1840000000000006,0.4233023499999983
1.1850000000000007,0.4194171734936479
1.1860000000000008,0.4155521099999975
1.1870000000000007,0.41272726999999826
1.1880000000000006,0.41016095999999874
1.1890000000000007,0.40821217999999887
1.1900000000000008,0.4065247087471239
1.1910000000000007,0.4057993599999999
1.1920000000000006,0.40565979000000063
1.1930000000000007,0.4066001200000013
1.1940000000000008,0.4085013600000023
1.1950000000000007,0.41110170996500506
1.1960000000000006,0.4145736100000029
1.1970000000000007,0.41896749000000405
1.1980000000000008,0.42502111000000553
1.1990000000000007,0.43129638000000453
1.2000000000000006,0.43814036000000484
1.2010000000000007,0.44540748000000807
1.2020000000000008,0.45449904000000807
1.2030000000000007,0.4635391224597601
1.2040000000000006,0.47186372000000554
1.2050000000000007,0.4802368900000062
1.2060000000000008,0.48950791000000826
1.2070000000000007,0.4988094000000053
1.2080000000000006,0.5067124963623694
1.2090000000000007,0.5144761200000054
1.2100000000000009,0.5226099500000073
1.2110000000000007,0.5307986700000062
1.2120000000000006,0.5377600200000043
1.2130000000000007,0.5443131346885366
1.2140000000000009,0.5508142100000057
1.2150000000000007,0.5572896600000037
1.2160000000000006,0.5628152500000032
1.2170000000000007,0.5676552100000031
1.2180000000000009,0.572246330887915
1.2190000000000007,0.5765660400000024
1.2200000000000006,0.5802283300000018
1.2210000000000008,0.5829887400000022
1.2220000000000009,0.5855005400000017
1.2230000000000008,0.5875278100000015
1.2240000000000006,0.5892779200000007
1.2250000000000008,0.5902331500000005
1.2260000000000009,0.5911278700000006
1.2270000000000008,0.5917938400000005
1.2280000000000006,0.5924118200000003
1.2290000000000008,0.5927968000000003
1.2300000000000009,0.5931732100000005
1.2310000000000008,0.5936675631856818
1.2320000000000007,0.5941994200000006
1.2330000000000008,0.5950783500000008
1.2340000000000009,0.5959913100000014
1.2350000000000008,0.5975434800000011
1.2360000000000007,0.599239063493652
1.2370000000000008,0.6011740000000013
1.2380000000000009,0.6031459000000021
1.2390000000000008,0.6055617300000018
1.2400000000000007,0.6081636000000016
1.2410000000000008,0.6105813382261793
1.2420000000000009,0.612852390000002
1.2430000000000008,0.6150475700000019
1.2440000000000007,0.6171429200000013
1.2450000000000008,0.6189227700000008
1.2460000000000009,0.6202869235846427
1.2470000000000008,0.6214693200000007
1.2480000000000007,0.6224162000000005
1.2490000000000008,0.6232495300000005
1.2500000000000009,0.6238482600000006
1.2510000000000008,0.6244679100000007
1.2520000000000007,0.6251598000000005
1.2530000000000008,0.6258473400000008
1.254000000000001,0.626689641728828
1.2550000000000008,0.6276069300000012
1.2560000000000007,0.6289705600000008
1.2570000000000008,0.630362870000001
1.258000000000001,0.6317850400000014
1.2590000000000008,0.6332253791780834
1.2600000000000007,0.6350171600000012
1.2610000000000008,0.6368464200000014
1.262000000000001,0.6384009100000013
1.2630000000000008,0.6398573500000013
1.2640000000000007,0.6413081649185091
1.2650000000000008,0.6427277900000009
1.266000000000001,0.6437825600000008
1.2670000000000008,0.6446823500000005
1.2680000000000007,0.6454842700000004
1.2690000000000008,0.646223706056395
1.270000000000001,0.6467586200000003
1.2710000000000008,0.6471205900000002
1.2720000000000007,0.6473720700000001
1.2730000000000008,0.6474964
1.274000000000001,0.6475264999999999
1.2750000000000008,0.6474282699999999
1.2760000000000007,0.6472534499999998
1.2770000000000008,0.6468973799999996
1.278000000000001,0.6464717399999994
1.2790000000000008,0.6459067499999995
1.2800000000000007,0.6452881699999995
1.2810000000000008,0.6444619899999994
1.282000000000001,0.6436543395480445
1.2830000000000008,0.6429498199999996
1.2840000000000007,0.6422279499999994
1.2850000000000008,0.6413617699999993
1.286000000000001,0.6404888599999993
1.2870000000000008,0.639666178475152
1.2880000000000007,0.6388509299999995
1.2890000000000008,0.6379528599999994
1.290000000000001,0.6370478299999993
1.2910000000000008,0.6362997299999993
1.2920000000000007,0.6356005799150081
1.2930000000000008,0.6348507399999994
1.294000000000001,0.6340938799999994
1.2950000000000008,0.6334273199999995
1.2960000000000007,0.6328097599999997
1.2970000000000008,0.6322498259934003
1.298000000000001,0.6317062399999995
1.2990000000000008,0.6312103299999997
1.3000000000000007,0.6307804599999998
1.3010000000000008,0.6304015499999996
1.302000000000001,0.6300485099999996
1.3030000000000008,0.6297733799999999
1.3040000000000007,0.6295641099999999
1.3050000000000008,0.6293881435936406
1.306000000000001,0.62932408
1.3070000000000008,0.62930322
1.3080000000000007,0.62932396
1.3090000000000008,0.62931997
1.310000000000001,0.629252723569643
1.3110000000000008,0.6291884199999999
1.3120000000000007,0.6290512099999999
1.3130000000000008,0.6288729899999997
1.314000000000001,0.6285538099999997
1.3150000000000008,0.6281862667543242
1.3160000000000007,0.6277466399999996
1.3170000000000008,0.6272844699999994
1.318000000000001,0.6266562899999994
1.3190000000000008,0.6259864599999995
1.3200000000000007,0.6253118574602536
1.3210000000000008,0.6246283099999992
1.322000000000001,0.623808209999999
1.3230000000000008,0.6229467999999995
1.3240000000000007,0.6220748999999994
1.3250000000000008,0.6212059899999991
1.326000000000001,0.6202329399999988
1.3270000000000008,0.619194209999999
1.3280000000000007,0.6180748362743718
1.3290000000000008,0.6169375799999988
1.330000000000001,0.6155537399999986
1.3310000000000008,0.6139996599999985
1.3320000000000007,0.6124095299999985
1.3330000000000009,0.6108131953274655
1.334000000000001,0.6089664699999983
1.3350000000000009,0.6069185099999982
1.3360000000000007,0.6049320699999983
1.3370000000000009,0.6029781099999981
1.338000000000001,0.6009113466763302
1.3390000000000009,0.598649739999998
1.3400000000000007,0.5964170099999986
1.3410000000000009,0.594268919999998
1.342000000000001,0.5920542499999972
1.3430000000000009,0.5895428811368841
1.3440000000000007,0.5870065099999983
1.3450000000000009,0.5843833699999974
1.346000000000001,0.5815320599999959
1.3470000000000009,0.5778726899999965
1.3480000000000008,0.5740361799999972
1.3490000000000009,0.569873809999996
1.350000000000001,0.565355839999995
1.3510000000000009,0.5595487399999945
1.3520000000000008,0.5534374699999943
1.3530000000000009,0.5471224199999956
1.354000000000001,0.540537949999993
1.3550000000000009,0.5326610799999928
1.3560000000000008,0.5245285244135531
1.3570000000000009,0.5169726599999934
1.358000000000001,0.509569819999993
1.3590000000000009,0.5017404599999932
1.3600000000000008,0.49394067999999575
1.3610000000000009,0.4875044907859158
1.362000000000001,0.48161234999999397
1.3630000000000009,0.4761404099999965
1.3640000000000008,0.47087919999999744
1.3650000000000009,0.46698310999999704
1.366000000000001,0.4636486834426522
1.3670000000000009,0.4607362199999976
1.3680000000000008,0.45802196999999856
1.3690000000000009,0.4558404399999983
1.370000000000001,0.4539230499999982
1.3710000000000009,0.4518918631186864
1.3720000000000008,0.449663189999998
1.3730000000000009,0.4474185099999985
1.374000000000001,0.4451335399999977
1.3750000000000009,0.4425450599999974
1.3760000000000008,0.43962400999999746
1.377000000000001,0.436768259999997
1.378000000000001,0.4340774699999976
1.379000000000001,0.4313417157394236
1.3800000000000008,0.42869910999999794
1.381000000000001,0.42637001999999863
1.382000000000001,0.42483096999999853
1.383000000000001,0.42354541999999945
1.3840000000000008,0.4229043071552842
1.385000000000001,0.42257586000000036
1.386000000000001,0.42294306000000065
1.387000000000001,0.4235230700000011
1.3880000000000008,0.4245458500000007
1.389000000000001,0.4256702175632446
1.390000000000001,0.42687926000000137
1.391000000000001,0.4281326800000012
1.3920000000000008,0.42950478000000114
1.393000000000001,0.430837040000001
1.394000000000001,0.43198651505249597
1.395000000000001,0.43309408000000094
1.3960000000000008,0.4341525700000009
1.397000000000001,0.43515217000000095
1.398000000000001,0.4359904500000007
1.399000000000001,0.43679401000000073
1.4000000000000008,0.4376158400000007
1.4010000000000007,0.4384156800000004
1.402000000000001,0.43906733000000064
1.403000000000001,0.4396821900000006
1.4040000000000008,0.4403562500000005
1.4050000000000007,0.44107285000000057
1.406000000000001,0.441900130000001
1.407000000000001,0.4428137958344178
1.4080000000000008,0.44417214000000105
1.4090000000000007,0.44576004000000136
1.410000000000001,0.4477217800000024
1.411000000000001,0.44984883000000264
1.4120000000000008,0.45284731110789167
1.4130000000000007,0.45625839000000246
1.414000000000001,0.4599149500000033
1.415000000000001,0.46368515000000393
1.4160000000000008,0.4680997400000042
1.4170000000000007,0.47285583439056383
1.418000000000001,0.4772865800000036
1.419000000000001,0.4813453900000036
1.4200000000000008,0.4853962100000035
1.4210000000000007,0.4893212900000022
1.422000000000001,0.4925713249965038
1.423000000000001,0.49499118000000175
1.4240000000000008,0.49696070000000087
1.4250000000000007,0.4982966800000005
1.426000000000001,0.4990471
1.427000000000001,0.49908607999999965
1.4280000000000008,0.49877786999999946
1.4290000000000007,0.4979711199999994
1.430000000000001,0.4970800528147174
1.431000000000001,0.49610819999999917
1.4320000000000008,0.49510409999999927
1.4330000000000007,0.4942870099999996
1.434000000000001,0.49363669999999993
1.435000000000001,0.4935038831446857
1.4360000000000008,0.4936353300000007
1.4370000000000007,0.4944242200000009
1.438000000000001,0.49540186000000125
1.439000000000001,0.4967611100000014
1.4400000000000008,0.4983073753734639
1.4410000000000007,0.5002932000000018
1.442000000000001,0.5022988900000022
1.443000000000001,0.5041664200000017
1.4440000000000008,0.5060184600000016
1.4450000000000007,0.5079202498210191
1.446000000000001,0.5097694400000018
1.447000000000001,0.5114191200000019
1.4480000000000008,0.5130782100000012
1.4490000000000007,0.5149255400000012
1.450000000000001,0.516787110000002
1.451000000000001,0.518571790000002
1.4520000000000008,0.5203846700000019
1.4530000000000007,0.5224724126127402
1.454000000000001,0.5245985400000022
1.455000000000001,0.5265910600000018
1.4560000000000008,0.5285366800000016
1.4570000000000007,0.5304124400000015
1.458000000000001,0.5321873498600155
1.459000000000001,0.533485950000001
1.4600000000000009,0.5345953100000007
1.4610000000000007,0.5353413800000005
1.462000000000001,0.5359358800000001
1.463000000000001,0.5360752160663935
1.4640000000000009,0.5360629599999996
1.4650000000000007,0.5357420399999997
1.466000000000001,0.5353193899999993
1.467000000000001,0.5347319199999994
1.4680000000000009,0.5341123319588036
1.4690000000000007,0.5334050699999996
1.470000000000001,0.5326899299999993
1.471000000000001,0.5320645599999994
1.4720000000000009,0.5314929499999995
1.4730000000000008,0.5309494699999997
1.474000000000001,0.5304381299999996
1.475000000000001,0.5301104199999997
1.4760000000000009,0.5298532199999999
1.4770000000000008,0.5297013499999998
1.478000000000001,0.5296132000000001
1.479000000000001,0.5297247200000003
1.4800000000000009,0.5299546100000004
1.4810000000000008,0.5304243011118892
1.482000000000001,0.5310354200000009
1.483000000000001,0.5318282800000008
1.4840000000000009,0.5327222300000011
1.4850000000000008,0.533951760000001
1.486000000000001,0.5353900503559662
1.487000000000001,0.5368936100000018
1.4880000000000009,0.5384633500000012
1.4890000000000008,0.5403406600000015
1.490000000000001,0.5424364200000024
1.491000000000001,0.5445109925427478
1.4920000000000009,0.546544310000002
1.4930000000000008,0.5488160300000017
1.494000000000001,0.5512986800000027
1.495000000000001,0.553687990000002
1.4960000000000009,0.5559540533936626
1.4970000000000008,0.5583775600000024
1.498000000000001,0.5609654200000023
1.499000000000001,0.5634079000000021
1.5000000000000009,0.5657101900000022
1.5010000000000008,0.5682086300000024
1.5020000000000011,0.5709009800000033
1.503000000000001,0.5734256500000021
1.504000000000001,0.575795428104192
1.5050000000000008,0.5783764700000025
1.5060000000000011,0.5811762200000029
1.507000000000001,0.5838001400000027
1.508000000000001,0.5861761000000021
1.5090000000000008,0.5885927157314287
1.5100000000000011,0.5910500300000026
1.511000000000001,0.5933134600000022
1.512000000000001,0.5952842200000023
1.5130000000000008,0.5972694800000014
1.5140000000000011,0.5992650204459575
1.515000000000001,0.6010878100000017
1.516000000000001,0.6026067700000013
1.5170000000000008,0.6040840700000013
1.5180000000000011,0.6055384300000014
1.519000000000001,0.6068551383291684
1.520000000000001,0.6078832700000009
1.5210000000000008,0.6088743800000008
1.5220000000000011,0.6097922300000012
1.523000000000001,0.6105888500000004
1.524000000000001,0.6111314900000004
1.5250000000000008,0.6116065400000004
1.5260000000000011,0.6120157200000004
1.527000000000001,0.6123503400000002
1.528000000000001,0.6125299900000001
1.5290000000000008,0.61268651
1.5300000000000011,0.61276776
1.531000000000001,0.6128177
1.532000000000001,0.6128424411208879
1.5330000000000008,0.61285365
1.5340000000000011,0.61281788
1.535000000000001,0.61279052
1.536000000000001,0.61279958
1.5370000000000008,0.6127974993740626
1.5380000000000011,0.61279124
1.539000000000001,0.6128246200000002
1.540000000000001,0.6129308300000001
1.5410000000000008,0.6130384800000002
1.5420000000000011,0.6131782960183983
1.543000000000001,0.6133321500000001
1.544000000000001,0.6134958300000001
1.5450000000000008,0.6136758300000003
1.5460000000000012,0.6138832600000003
1.547000000000001,0.6140760007259276
1.548000000000001,0.6142424900000001
1.5490000000000008,0.6144013400000001
1.5500000000000012,0.6145229300000001
1.551000000000001,0.6146245
1.552000000000001,0.61466038
1.5530000000000008,0.61467689
1.5540000000000012,0.6146756999999999
1.555000000000001,0.6146669305479451
1.556000000000001,0.6145724099999998
1.5570000000000008,0.6144448499999999
1.5580000000000012,0.6142659199999998
1.559000000000001,0.6140995599999999
1.560000000000001,0.6139677632406757
1.5610000000000008,0.6138001699999998
1.5620000000000012,0.6135656799999997
1.563000000000001,0.6133437799999998
1.564000000000001,0.6131336699999997
1.5650000000000008,0.6129045129157082
1.5660000000000012,0.6126416299999997
1.567000000000001,0.6124051799999998
1.568000000000001,0.6121960899999997
1.5690000000000008,0.6119661899999997
1.5700000000000012,0.6117145651624836
1.571000000000001,0.6114625299999996
1.572000000000001,0.6111888299999997
1.5730000000000008,0.6108717899999998
1.5740000000000012,0.6104805499999996
1.575000000000001,0.6100863199999995
1.576000000000001,0.6096529399999995
1.5770000000000008,0.6091915999999996
1.5780000000000012,0.608704039985001
1.579000000000001,0.6082038899999994
1.580000000000001,0.6076636899999995
1.5810000000000008,0.6071153899999996
1.5820000000000012,0.6065685699999993
1.583000000000001,0.6060386985361458
1.584000000000001,0.6055240599999996
1.5850000000000009,0.6049836299999994
1.5860000000000012,0.6043907999999992
1.587000000000001,0.6037715699999993
1.588000000000001,0.6031053766193374
1.5890000000000009,0.6023703799999992
1.5900000000000012,0.601481559999999
1.591000000000001,0.6005355099999989
1.592000000000001,0.5995231299999987
1.5930000000000009,0.5983437879342056
1.5940000000000012,0.5968847899999984
1.595000000000001,0.5953857899999984
1.596000000000001,0.5938426899999981
1.5970000000000009,0.5921014499999983
1.5980000000000012,0.5900567199999978
1.599000000000001,0.5880069099999978
1.600000000000001,0.585979399999998
1.6010000000000009,0.5837253899999978
1.6020000000000012,0.5811973799999968
1.603000000000001,0.5787493599999979
1.604000000000001,0.5763815599999976
1.6050000000000009,0.5737501999999974
1.6060000000000012,0.5708315586761291
1.607000000000001,0.568018319999997
1.608000000000001,0.5653173299999973
1.6090000000000009,0.5623161199999971
1.6100000000000012,0.5590239199999965
1.611000000000001,0.5558391695680396
1.612000000000001,0.552734849999996
1.6130000000000009,0.5491679299999973
1.6140000000000012,0.5451930799999954
1.615000000000001,0.5411428199999955
1.616000000000001,0.5370455897230234
1.6170000000000009,0.5322436699999952
1.6180000000000012,0.526920319999994
1.619000000000001,0.521530269999994
1.620000000000001,0.5161075599999945
1.6210000000000009,0.5098565551004848
1.6220000000000012,0.5030996799999914
1.623000000000001,0.49658888999999434
1.624000000000001,0.49021413999999364
1.6250000000000009,0.48300784999999324
1.6260000000000012,0.4753851299999904
1.6270000000000011,0.46817850999999067
1.628000000000001,0.461164389999993
1.629000000000001,0.45330836039895234
1.6300000000000012,0.44511234999998983
1.6310000000000011,0.4374868899999918
1.632000000000001,0.4300648599999909
1.633000000000001,0.4218783099999925
1.6340000000000012,0.4134671968913022
1.6350000000000011,0.40603610999999207
1.636000000000001,0.39887567999999185
1.637000000000001,0.3915249999999918
1.6380000000000012,0.38413482999999354
1.6390000000000011,0.3783541180711868
1.640000000000001,0.37288701999999463
1.641000000000001,0.3680451199999958
1.6420000000000012,0.363306909999996
1.6430000000000011,0.3603104899999969
1.644000000000001,0.3575179392550716
1.645000000000001,0.35565670999999843
1.6460000000000012,0.3539051699999989
1.6470000000000011,0.353086559999999
1.648000000000001,0.3523347399999994
1.649000000000001,0.35171636999999945
1.6500000000000012,0.3510843799999986
1.6510000000000011,0.3500325399999987
1.652000000000001,0.34887200999999723
1.653000000000001,0.34638472999999764
1.6540000000000012,0.34376492999999586
1.6550000000000011,0.3400222699999956
1.656000000000001,0.33603319999999337
1.657000000000001,0.33002529733726044
1.6580000000000013,0.3238986699999925
1.6590000000000011,0.3171716599999921
1.660000000000001,0.31004654999999004
1.661000000000001,0.30111395999999213
1.6620000000000013,0.29223293152883706
1.6630000000000011,0.28364821999999007
1.664000000000001,0.27467742999999106
1.665000000000001,0.2645991999999914
1.6660000000000013,0.25484898999998823
1.6670000000000011,0.24602898200079065
1.668000000000001,0.23699700999999163
1.669000000000001,0.22756120999999221
1.6700000000000013,0.21876760999998993
1.6710000000000012,0.21119501999999168
1.672000000000001,0.20369226027596452
1.673000000000001,0.19632467999999426
1.6740000000000013,0.18984534999999414
1.6750000000000012,0.1845756299999945
1.676000000000001,0.17962783999999493
1.677000000000001,0.17505745999999586
1.6780000000000013,0.17132454999999674
1.6790000000000012,0.1684073099999971
1.680000000000001,0.16578694259573765
1.681000000000001,0.16341289999999828
1.6820000000000013,0.1614643899999978
1.6830000000000012,0.15980790999999817
1.684000000000001,0.15815057999999854
1.685000000000001,0.15648760370562806
1.6860000000000013,0.15502465999999818
1.6870000000000012,0.1536555299999982
1.688000000000001,0.15230319999999883
1.689000000000001,0.15095540999999912
1.6900000000000013,0.14996612892810593
1.6910000000000012,0.1490885799999992
1.692000000000001,0.14847668999999938
1.693000000000001,0.14793422999999986
1.6940000000000013,0.14778790999999988
1.6950000000000012,0.1477143573552644
1.696000000000001,0.14793625000000027
1.697000000000001,0.14819676000000048
1.6980000000000013,0.1486181000000005
1.6990000000000012,0.14905655000000098
1.700000000000001,0.149924740000001
1.701000000000001,0.15082510000000166
1.7020000000000013,0.15231974000000215
1.7030000000000012,0.1539303648585176
1.704000000000001,0.15687895000000343
1.705000000000001,0.15997542000000356
1.7060000000000013,0.1639854800000058
1.7070000000000012,0.16833986000000786
1.708000000000001,0.17423559354765217
1.709000000000001,0.1801710700000053
1.7100000000000013,0.18613462000000827
1.7110000000000012,0.19234927000000906
1.712000000000001,0.19916661000000702
1.713000000000001,0.20549887677332931
1.7140000000000013,0.21076813000000666
1.7150000000000012,0.21577361000000506
1.716000000000001,0.22032437000000413
1.717000000000001,0.22403741000000288
1.7180000000000013,0.226626181122891
1.7190000000000012,0.22855574000000137
1.720000000000001,0.22978054000000053
1.721000000000001,0.23025600999999982
1.7220000000000013,0.23008785999999884
1.7230000000000012,0.2292177999999985
1.724000000000001,0.22786338999999817
1.725000000000001,0.22620251999999835
1.7260000000000013,0.22437029999999702
1.7270000000000012,0.2221403099999968
1.728000000000001,0.21973166999999805
1.729000000000001,0.21755514999999812
1.7300000000000013,0.21544011999999724
1.7310000000000012,0.21335044020997657
1.732000000000001,0.21125253999999838
1.733000000000001,0.2098007399999988
1.7340000000000013,0.20842833999999866
1.7350000000000012,0.20741979999999888
1.736000000000001,0.2064278660063987
1.737000000000001,0.20588792999999941
1.7380000000000013,0.20535945999999963
1.7390000000000012,0.20504131999999967
1.740000000000001,0.2047455499999999
1.741000000000001,0.20463541101389848
1.7420000000000013,0.20453969999999996
1.7430000000000012,0.20450439999999998
1.744000000000001,0.20451507000000016
1.745000000000001,0.20467097000000029
1.7460000000000013,0.204975229574043
1.7470000000000012,0.20561256000000108
1.748000000000001,0.206431660000001
1.749000000000001,0.20755532000000138
1.7500000000000013,0.2091070100000028
1.7510000000000012,0.21121186000000314
1.7520000000000011,0.21356557000000348
1.753000000000001,0.21616830000000276
1.7540000000000013,0.21926538852615224
1.7550000000000012,0.22275065000000452
1.7560000000000011,0.2261417200000037
1.757000000000001,0.22948775000000388
1.7580000000000013,0.23297875000000476
1.7590000000000012,0.2365504776162415
1.7600000000000011,0.23922664000000268
1.761000000000001,0.24164699000000187
1.7620000000000013,0.24332812000000242
1.7630000000000012,0.24487713000000033
1.7640000000000011,0.24517903980901942
1.765000000000001,0.24535041999999907
1.7660000000000013,0.24448829999999877
1.7670000000000012,0.24357842999999826
1.7680000000000011,0.24225884999999853
1.769000000000001,0.2409404318418144
1.7700000000000014,0.2396510099999986
1.7710000000000012,0.23859936999999995
1.7720000000000011,0.23856512000000066
1.773000000000001,0.23906566000000176
1.7740000000000014,0.2410302900000035
1.7750000000000012,0.24365288000000518
1.7760000000000011,0.24754472000000569
1.777000000000001,0.25267929000000766
1.7780000000000014,0.25957626000000983
1.7790000000000012,0.2669399400000087
1.7800000000000011,0.27478945000001004
1.781000000000001,0.2838277800000111
1.7820000000000014,0.2938092403559774
1.7830000000000013,0.3031128000000099
1.7840000000000011,0.31206399000001017
1.785000000000001,0.32123274000001034
1.7860000000000014,0.33053809000001017
1.7870000000000013,0.33815793226378205
1.7880000000000011,0.34538057000000766
1.789000000000001,0.3522805900000061
1.7900000000000014,0.35917991000000676
1.7910000000000013,0.3642702700000067
1.7920000000000011,0.3692948575412512
1.793000000000001,0.37399456000000403
1.7940000000000014,0.37858036000000467
1.7950000000000013,0.3820943200000047
1.7960000000000012,0.38562423000000384
1.797000000000001,0.3890712952934743
1.7980000000000014,0.39197350000000325
1.7990000000000013,0.3943695400000025
1.8000000000000012,0.39663357000000243
1.801000000000001,0.39882916000000224
1.8020000000000014,0.4008485400000022
1.8030000000000013,0.4022806300000012
1.8040000000000012,0.40339145000000104
1.805000000000001,0.4043389326017406
1.8060000000000014,0.4049649500000006
1.8070000000000013,0.40541139000000015
1.8080000000000012,0.4055300399999999
1.809000000000001,0.4054852399999996
1.8100000000000014,0.4049794073852606
1.8110000000000013,0.4043532599999989
1.8120000000000012,0.40350606999999866
1.813000000000001,0.402525479999999
1.8140000000000014,0.4014226199999983
1.8150000000000013,0.40012458980301807
1.8160000000000012,0.3988881699999985
1.817000000000001,0.3977459699999988
1.8180000000000014,0.39663409999999855
1.8190000000000013,0.3955653899999987
1.8200000000000012,0.39455901063793514
1.821000000000001,0.39379411999999925
1.8220000000000014,0.39309519999999903
1.8230000000000013,0.3924607299999993
1.8240000000000012,0.39186030999999943
1.825000000000001,0.3913415399999996
1.8260000000000014,0.39096807999999944
1.8270000000000013,0.39060052999999956
1.8280000000000012,0.3902833193180678
1.829000000000001,0.3899764999999997
1.8300000000000014,0.3897221999999997
1.8310000000000013,0.38947399999999954
1.8320000000000012,0.38915115999999955
1.833000000000001,0.38879701115788384
1.8340000000000014,0.3885085899999997
1.8350000000000013,0.38829135999999964
1.8360000000000012,0.38805612999999956
1.837000000000001,0.3877384999999997
1.8380000000000014,0.38746162768723086
1.8390000000000013,0.38731395999999985
1.8400000000000012,0.3871891199999999
1.841000000000001,0.3870808199999999
1.8420000000000014,0.3869871499999999
1.8430000000000013,0.3869314255724427
1.8440000000000012,0.3869077899999999
1.845000000000001,0.3868383799999998
1.8460000000000014,0.38669207999999977
1.8470000000000013,0.38655343999999986
1.8480000000000012,0.38641377999999976
1.849000000000001,0.38621887999999954
1.8500000000000014,0.38581642999999943
1.8510000000000013,0.3853991299999993
1.8520000000000012,0.3848980399999993
1.853000000000001,0.38434516999999935
1.8540000000000014,0.3835776399999987
1.8550000000000013,0.3826143399999986
1.8560000000000012,0.38155680733126546
1.857000000000001,0.3803301199999985
1.8580000000000014,0.3789608199999974
1.8590000000000013,0.37706261999999746
1.8600000000000012,0.37515663999999777
1.861000000000001,0.3731360712948681
1.8620000000000014,0.37104901999999607
1.8630000000000013,0.36850848999999697
1.8640000000000012,0.3657617299999971
1.865000000000001,0.3631406699999972
1.8660000000000014,0.36062355171182503
1.8670000000000013,0.3580347899999962
1.8680000000000012,0.3552160899999971
1.869000000000001,0.3526210499999978
1.8700000000000014,0.3506822599999976
1.8710000000000013,0.3488416740585918
1.8720000000000012,0.3474633699999984
1.873000000000001,0.34625696999999955
1.8740000000000014,0.34578043
1.8750000000000013,0.34577662000000065
1.8760000000000012,0.3462641500000015
1.8770000000000011,0.3473812600000018
1.8780000000000014,0.34870577000000264
1.8790000000000013,0.3506619898770152
1.8800000000000012,0.35276076000000417
1.8810000000000011,0.35587782000000345
1.8820000000000014,0.3589647100000049
1.8830000000000013,0.3620946700000043
1.8840000000000012,0.3652867394130629
1.8850000000000011,0.3688808700000043
1.8860000000000015,0.3727061700000055
1.8870000000000013,0.3762595700000051
1.8880000000000012,0.3795352000000037
1.8890000000000011,0.3828532981901845
1.8900000000000015,0.38628370000000506
1.8910000000000013,0.38955018000000347
1.8920000000000012,0.39215079000000347
1.8930000000000011,0.3947397500000027
1.8940000000000015,0.39720385358964466
1.8950000000000014,0.3995975000000026
1.8960000000000012,0.40154627000000215
1.8970000000000011,0.4031892100000021
1.8980000000000015,0.4047359800000018
1.8990000000000014,0.40612873000000166
1.9000000000000012,0.407364670000001
1.9010000000000011,0.4081327300000009
1.9020000000000015,0.40890878000000086
1.9030000000000014,0.4094619800000007
1.9040000000000012,0.40999973000000045
1.9050000000000011,0.41037872000000036
1.9060000000000015,0.4107231800000006
1.9070000000000014,0.4110640919328072
1.9080000000000013,0.4113834200000003
1.9090000000000011,0.4116433000000002
1.9100000000000015,0.4118268800000004
1.9110000000000014,0.4120759700000005
1.9120000000000013,0.41246155661433903
1.9130000000000011,0.4128277000000004
1.9140000000000015,0.4131830300000005
1.9150000000000014,0.4135389000000005
1.9160000000000013,0.4138977200000005
1.9170000000000011,0.4142565041215882
1.9180000000000015,0.4145870800000004
1.9190000000000014,0.4148989600000004
1.9200000000000013,0.4152370700000005
1.9210000000000012,0.41560119000000045
1.9220000000000015,0.41599112100689994
1.9230000000000014,0.4164110400000007
1.9240000000000013,0.4169069800000009
1.9250000000000012,0.4177388000000009
1.9260000000000015,0.4185693300000016
1.9270000000000014,0.41958871000000164
1.9280000000000013,0.42067200000000154
1.9290000000000012,0.4220252600000016
1.9300000000000015,0.42349761721728063
1.9310000000000014,0.424969790000002
1.9320000000000013,0.4264535900000021
1.9330000000000012,0.4280236400000019
1.9340000000000015,0.4297781000000022
1.9350000000000014,0.4314303585161503
1.9360000000000013,0.43281552000000184
1.9370000000000012,0.43420529000000174
1.9380000000000015,0.43550447000000164
1.9390000000000014,0.4367571200000014
1.9400000000000013,0.4377929164203593
1.9410000000000012,0.43875584000000123
1.9420000000000015,0.43967599000000135
1.9430000000000014,0.440550770000001
1.9440000000000013,0.44130340000000084
1.9450000000000012,0.4418903613038702
1.9460000000000015,0.44244629000000074
1.9470000000000014,0.4428945200000007
1.9480000000000013,0.4433088900000003
1.9490000000000012,0.44353488000000024
1.9500000000000015,0.44372894999999996
1.9510000000000014,0.4436882099999998
1.9520000000000013,0.4435625699999995
1.9530000000000012,0.4431854248975096
1.9540000000000015,0.4426343999999986
1.9550000000000014,0.44173493999999836
1.9560000000000013,0.4404785899999982
1.9570000000000012,0.439147979999998
1.9580000000000015,0.4376388447635212
1.9590000000000014,0.43608647999999756
1.9600000000000013,0.43424677999999767
1.9610000000000012,0.43250610999999806
1.9620000000000015,0.43104454999999786
1.9630000000000014,0.4296399904559523
1.9640000000000013,0.4285094699999987
1.9650000000000012,0.42753287999999945
1.9660000000000015,0.4270109199999997
1.9670000000000014,0.42680546999999996
1.9680000000000013,0.4267854719998
1.9690000000000012,0.4270313100000003
1.9700000000000015,0.42728966000000057
1.9710000000000014,0.4276418700000005
1.9720000000000013,0.42795259000000035
1.9730000000000012,0.42819098000000017
1.9740000000000015,0.4283339399999995
1.9750000000000014,0.4280185099999994
1.9760000000000013,0.42756220999999867
1.9770000000000012,0.4265661799999984
1.9780000000000015,0.42534020999999805
1.9790000000000014,0.4238916299999978
1.9800000000000013,0.42224314999999735
1.9810000000000012,0.42026149409858726
1.9820000000000015,0.41780247999999615
1.9830000000000014,0.41534774999999663
1.9840000000000013,0.4128192099999965
1.9850000000000012,0.4101893299999966
1.9860000000000015,0.4071113974832468
1.9870000000000014,0.40408622999999555
1.9880000000000013,0.40121522999999676
1.9890000000000012,0.39832138999999644
1.9900000000000015,0.3951350999999949
1.9910000000000014,0.391867786731322
1.9920000000000013,0.3888293499999962
1.9930000000000012,0.3859521399999966
1.9940000000000015,0.3828776199999948
1.9950000000000014,0.3795596999999957
1.9960000000000013,0.37635069090090584
1.9970000000000012,0.37334313999999574
1.9980000000000016,0.37013583999999483
1.9990000000000014,0.36628099999999486
2.0000000000000013,0.36246579999999506
2.0010000000000012,0.3587411385982759
2.0020000000000016,0.35492712140171395
2.0030000000000014,0.35048612999999385
2.0040000000000013,0.34586552755048483
2.0050000000000012,0.3415410324495055
2.0060000000000016,0.33740740999999247
2.0070000000000014,0.33314862999999223
2.0080000000000013,0.32878192959907565
2.0090000000000012,0.32487792040091573
2.0100000000000016,0.321959019999995
2.0110000000000015,0.31915772456308406
2.0120000000000013,0.31710335543690954
2.0130000000000012,0.3152418699999991
2.0140000000000016,0.3145778044681056
2.0150000000000015,0.3141224855318929
2.0160000000000013,0.314554900000001
2.0170000000000012,0.3153126500000018
2.0180000000000016,0.3166253489092209
2.0190000000000015,0.3183144410907844
2.0200000000000014,0.32045236000000354
2.0210000000000012,0.32310157276544993
2.0220000000000016,0.32572922723455705
2.0230000000000015,0.3283737600000037
2.0240000000000014,0.33111701344031547
2.0250000000000012,0.3341514165596912
2.0260000000000016,0.3370636100000045
2.0270000000000015,0.3395851900000045
2.0280000000000014,0.342131005418462
2.0290000000000012,0.3447832200000035
2.0300000000000016,0.3474064500000041
2.0310000000000015,0.3497333919116212
2.0320000000000014,0.35195250808838563
2.0330000000000013,0.3542577300000031
2.0340000000000016,0.35659945287142913
2.0350000000000015,0.35872816712857747
2.0360000000000014,0.3605540100000025
2.0370000000000013,0.362415765890824
2.0380000000000016,0.3642746741091809
2.0390000000000015,0.36599484000000165
2.0400000000000014,0.36724642000000174
2.0410000000000013,0.36851877454909165
2.0420000000000016,0.3697642654509117
2.0430000000000015,0.3710042800000014
2.0440000000000014,0.3720576358958226
2.0450000000000013,0.37311659410418024
2.0460000000000016,0.3743479500000023
2.0470000000000015,0.37567226545991017
2.0480000000000014,0.377026864540094
2.0490000000000013,0.3784278300000021
2.0500000000000016,0.37996966000000315
2.0510000000000015,0.3817523117348292
2.0520000000000014,0.3834702700000021
2.0530000000000013,0.38505393000000215
2.0540000000000016,0.3866581422265573
2.0550000000000015,0.38828040777344774
2.0560000000000014,0.3897825800000014
2.0570000000000013,0.3908175285102991
2.0580000000000016,0.3918026314897035
2.0590000000000015,0.39257070000000094
2.0600000000000014,0.39323104039192225
2.0610000000000013,0.3936349596080788
2.0620000000000016,0.39388987000000014
2.0630000000000015,0.3939950199999999
2.0640000000000014,0.3939520884513095
2.0650000000000013,0.3938366015486901
2.0660000000000016,0.39361872999999953
2.0670000000000015,0.3933716018636267
2.0680000000000014,0.3929902381363722
2.0690000000000013,0.3926095699999995
2.0700000000000016,0.3922140486132767
2.0710000000000015,0.39180018138672207
2.0720000000000014,0.3912921499999993
2.0730000000000013,0.3907579799999991
2.0740000000000016,0.39007748259073965
2.0750000000000015,0.38930338999999864
2.0760000000000014,0.3882508899999984
2.0770000000000013,0.3870243147730437
2.0780000000000016,0.3855720452269525
2.0790000000000015,0.3838846399999972
2.0800000000000014,0.3818183307778403
2.0810000000000013,0.37922610922215283
2.0820000000000016,0.376567449999995
2.0830000000000015,0.37372820627673975
2.0840000000000014,0.3706909737232508
2.0850000000000013,0.3670438499999954
2.0860000000000016,0.3635741199999946
2.0870000000000015,0.3605555308888174
2.0880000000000014,0.35756441911117326
2.0890000000000013,0.3546822999999964
2.0900000000000016,0.35195617115976485
2.0910000000000015,0.349967768840229
2.0920000000000014,0.34827929999999824
2.0930000000000013,0.3469746570865815
2.0940000000000016,0.3459455229134158
2.0950000000000015,0.3452393399999995
2.0960000000000014,0.3448513399999996
2.0970000000000013,0.3445493459824016
2.0980000000000016,0.3444091699999999
2.0990000000000015,0.3443428900000002
2.1000000000000014,0.34446500406318764
2.1010000000000013,0.3446056359368128
2.1020000000000016,0.34484524000000044
2.1030000000000015,0.3450880916146776
2.1040000000000014,0.3454042383853234
2.1050000000000013,0.34572503000000054
2.1060000000000016,0.3461494228624282
2.1070000000000015,0.3465780471375731
2.1080000000000014,0.3468899100000003
2.1090000000000013,0.34709206
2.1100000000000017,0.3470892114607076
2.1110000000000015,0.34690381853929186
2.1120000000000014,0.34639352999999884
2.1130000000000013,0.34550665195060826
2.1140000000000017,0.344126158049388
2.1150000000000015,0.3419902299999969
2.1160000000000014,0.3396520175394875
2.1170000000000013,0.33682741246050363
2.1180000000000017,0.33368950999999436
2.1190000000000015,0.32943778999999435
2.1200000000000014,0.32518383882022867
2.1210000000000013,0.3206720411797573
2.1220000000000017,0.31587728999998904
2.1230000000000016,0.3097195603069285
2.1240000000000014,0.30342262969305195
2.1250000000000013,0.2969639899999911
2.1260000000000017,0.29024729288141066
2.1270000000000016,0.28217610711856417
2.1280000000000014,0.27346011999998837
2.1290000000000013,0.26476694373924176
2.1300000000000017,0.25590433626073456
2.1310000000000016,0.2459869699999805
2.1320000000000014,0.2349982899999813
2.1330000000000013,0.22446735432212395
2.1340000000000017,0.21451057567784954
2.1350000000000016,0.20418697999998053
2.1360000000000015,0.19322912522393867
2.1370000000000013,0.18298136477602944
2.1380000000000017,0.17480396999998557
2.1390000000000016,0.16668314667265366
2.1400000000000015,0.15934987332732356
2.1410000000000013,0.15248292999999394
2.1420000000000017,0.14794863999999258
2.1430000000000016,0.14377302458207833
2.1440000000000015,0.14051884541791157
2.1450000000000014,0.13763708999999738
2.1460000000000017,0.13568604761547445
2.1470000000000016,0.1341622023845208
2.1480000000000015,0.13286034999999852
2.1490000000000014,0.1317528331933603
2.1500000000000017,0.13088476680663738
2.1510000000000016,0.13026210999999896
2.1520000000000015,0.12967892999999914
2.1530000000000014,0.12919978791420786
2.1540000000000017,0.12873419999999924
2.1550000000000016,0.12831775999999914
2.1560000000000015,0.12783593179064076
2.1570000000000014,0.1271538382093571
2.1580000000000017,0.12639562999999815
2.1590000000000016,0.12535074347630287
2.1600000000000015,0.12418550652369352
2.1610000000000014,0.12237404999999753
2.1620000000000017,0.12052085435912502
2.1630000000000016,0.11856444564086889
2.1640000000000015,0.11652006999999674
2.1650000000000014,0.1140760399999967
2.1660000000000017,0.11159310853728913
2.1670000000000016,0.1094784814627043
2.1680000000000015,0.10764088999999803
2.1690000000000014,0.10615900555488735
2.1700000000000017,0.1051145544451094
2.1710000000000016,0.10474019000000082
2.1720000000000015,0.1051974141161786
2.1730000000000014,0.10633857588382495
2.1740000000000017,0.10871901000000476
2.1750000000000016,0.1113992500000063
2.1760000000000015,0.11494864506049926
2.1770000000000014,0.11879119000000664
2.1780000000000017,0.12376796000000853
2.1790000000000016,0.1285695590591954
2.1800000000000015,0.13306015094081855
2.1810000000000014,0.13755618000000605
2.1820000000000017,0.14210567551090483
2.1830000000000016,0.1464607844891087
2.1840000000000015,0.14979455000000427
2.1850000000000014,0.15299915553289833
2.1860000000000017,0.15605448446711115
2.1870000000000016,0.1590347100000046
2.1880000000000015,0.16162743000000326
2.1890000000000014,0.16408586644671477
2.1900000000000017,0.16665033355329317
2.1910000000000016,0.16925691000000426
2.1920000000000015,0.17165520290542252
2.1930000000000014,0.17388425709458444
2.1940000000000017,0.17618424000000413
2.1950000000000016,0.17851196131574026
2.1960000000000015,0.1806251186842663
2.1970000000000014,0.1823855200000025
2.1980000000000017,0.18425193000000356
2.1990000000000016,0.18624773163084
2.2000000000000015,0.1881640400000022
2.2010000000000014,0.18981524000000236
2.2020000000000017,0.19158042338832562
2.2030000000000016,0.1936143066116807
2.2040000000000015,0.19555165000000205
2.2050000000000014,0.19708926266846877
2.2060000000000017,0.198615947331536
2.2070000000000016,0.20003216000000235
2.2080000000000015,0.20135542456508834
2.2090000000000014,0.20220107543491428
2.2100000000000017,0.20288253000000064
2.2110000000000016,0.20323533000000032
2.2120000000000015,0.2034174390911816
2.2130000000000014,0.20330835090881808
2.2140000000000017,0.20303286999999914
2.2150000000000016,0.20254153444211054
2.2160000000000015,0.20188595555788746
2.2170000000000014,0.2012170399999991
2.2180000000000017,0.20053568241151645
2.2190000000000016,0.19975979758848114
2.2200000000000015,0.19887826999999897
2.2210000000000014,0.19810239999999912
2.2220000000000018,0.19746270188181073
2.2230000000000016,0.19678151999999902
2.2240000000000015,0.19605023999999904
2.2250000000000014,0.19534833697260448
2.2260000000000018,0.1947180630273933
2.2270000000000016,0.19399673999999825
2.2280000000000015,0.19301475173065227
2.2290000000000014,0.19203205826934466
2.2300000000000018,0.190965549999998
2.2310000000000016,0.1898454811667644
2.2320000000000015,0.18845714883323128
2.2330000000000014,0.1870720799999982
2.2340000000000018,0.18571917999999754
2.2350000000000017,0.18433281004498844
2.2360000000000015,0.1827332599550066
2.2370000000000014,0.181109399999998
2.2380000000000018,0.17961245651869379
2.2390000000000017,0.17807764348130145
2.2400000000000015,0.17621451999999735
2.2410000000000014,0.17421458303139056
2.2420000000000018,0.17224489696860246
2.2430000000000017,0.17022120999999685
2.2440000000000015,0.16784953999999647
2.2450000000000014,0.16520664336532265
2.2460000000000018,0.1625402966346679
2.2470000000000017,0.1597938099999946
2.2480000000000016,0.1567475093741197
2.2490000000000014,0.15334125062586973
2.2500000000000018,0.14997864999999405
2.2510000000000017,0.14662850631173177
2.2520000000000016,0.1429916236882569
2.2530000000000014,0.13884745999999473
2.254000000000002,0.13488345539691474
2.2550000000000017,0.13123742460307392
2.2560000000000016,0.12733178999999195
2.2570000000000014,0.12280199999999228
2.258000000000002,0.11845775928813623
2.2590000000000017,0.11465064071185194
2.2600000000000016,0.11068304999999219
2.2610000000000015,0.10628531602178881
2.262000000000002,0.10204553397819613
2.2630000000000017,0.0984657479999936
2.2640000000000016,0.09485837396370142
2.2650000000000015,0.09123801103628733
2.266000000000002,0.08771996199999475
2.2670000000000017,0.08476977799999491
2.2680000000000016,0.08190623154828594
2.2690000000000015,0.07917171445170557
2.270000000000002,0.07656408099999634
2.2710000000000017,0.0745083029616047
2.2720000000000016,0.07265791903838956
2.2730000000000015,0.07101852399999803
2.274000000000002,0.06954114700839661
2.2750000000000017,0.0684812309916001
2.2760000000000016,0.06766547299999884
2.2770000000000015,0.06700606599999909
2.278000000000002,0.06649139446715228
2.2790000000000017,0.06610514999999957
2.2800000000000016,0.06586222400000001
2.2810000000000015,0.06586677780623915
2.282000000000002,0.06611484019376172
2.2830000000000017,0.06631728300000032
2.2840000000000016,0.06649655209828059
2.2850000000000015,0.0666575349017199
2.286000000000002,0.06679195900000018
2.2870000000000017,0.06689384228774252
2.2880000000000016,0.06693671971225762
2.2890000000000015,0.06688409999999967
2.290000000000002,0.06663908799999947
2.2910000000000017,0.06634355368166296
2.2920000000000016,0.06590037031833566
2.2930000000000015,0.06536084399999889
2.294000000000002,0.06452510637552324
2.2950000000000017,0.0637188616244739
2.2960000000000016,0.06289472399999853
2.2970000000000015,0.062068169214455744
2.298000000000002,0.06122031378554125
2.2990000000000017,0.060417808999998907
2.3000000000000016,0.05980065499999898
2.3010000000000015,0.05922663340215892
2.302000000000002,0.05897339099999953
2.3030000000000017,0.05871273199999969
2.3040000000000016,0.05853689368006372
2.3050000000000015,0.05837369431993577
2.306000000000002,0.058342776999999846
2.3070000000000017,0.05825763073205309
2.3080000000000016,0.05794495126794594
2.3090000000000015,0.057548384999999036
2.310000000000002,0.05682344111537534
2.3110000000000017,0.056054594884621924
2.3120000000000016,0.05530347999999865
2.3130000000000015,0.054543185999998876
2.314000000000002,0.05370711340451745
2.3150000000000017,0.0529011585954797
2.3160000000000016,0.052339706999999236
2.3170000000000015,0.05190929275204933
2.318000000000002,0.0517468132479501
2.3190000000000017,0.051756080000000634
2.3200000000000016,0.05210967399030284
2.3210000000000015,0.0526695770096989
2.322000000000002,0.05346232700000166
2.3230000000000017,0.0543960970000017
2.3240000000000016,0.055348067254876114
2.3250000000000015,0.056340616000001446
2.326000000000002,0.057427797000002063
2.3270000000000017,0.058586112992303395
2.3280000000000016,0.05973603600770017
2.3290000000000015,0.060890526000001596
2.330000000000002,0.062091727373327875
2.3310000000000017,0.06332546062667652
2.3320000000000016,0.06448661500000197
2.3330000000000015,0.06559720320416115
2.334000000000002,0.06682924479584322
2.3350000000000017,0.0681735130000023
2.3360000000000016,0.06946454900000222
2.3370000000000015,0.07071104611497916
2.338000000000002,0.0720521958850256
2.3390000000000017,0.0734865890000024
2.3400000000000016,0.0748400608866247
2.3410000000000015,0.0760989271133792
2.342000000000002,0.0773679910000022
2.3430000000000017,0.07861036358268532
2.3440000000000016,0.07975619041731825
2.3450000000000015,0.08071968000000117
2.346000000000002,0.08159206800000117
2.3470000000000018,0.08225146414698623
2.3480000000000016,0.08282293400000044
2.3490000000000015,0.08315764400000049
2.350000000000002,0.08352301058288415
2.3510000000000018,0.08387883941711727
2.3520000000000016,0.08416116200000019
2.3530000000000015,0.08427258066186792
2.354000000000002,0.0844491993381327
2.3550000000000018,0.08471243800000049
2.3560000000000016,0.08498322252639522
2.3570000000000015,0.08528848647360573
2.358000000000002,0.08564724000000085
2.3590000000000018,0.08612514300000099
2.3600000000000017,0.0866824058978217
2.3610000000000015,0.08747138410218076
2.362000000000002,0.08838280300000244
2.3630000000000018,0.08974832516796849
2.3640000000000017,0.09104000483203553
2.3650000000000015,0.09220284200000166
2.366000000000002,0.0934577421656699
2.3670000000000018,0.09492939883433597
2.3680000000000017,0.09636480400000179
2.3690000000000015,0.09771227800000186
2.370000000000002,0.09909703702629782
2.3710000000000018,0.10059729997370817
2.3720000000000017,0.10195231000000131
2.3730000000000016,0.10268763266246884
2.374000000000002,0.1035142573375341
2.3750000000000018,0.10432316000000161
2.3760000000000017,0.10523027059188356
2.3770000000000016,0.10643618940812019
2.378000000000002,0.10775081000000321
2.379000000000002,0.10955807789542378
2.3800000000000017,0.11133703210458175
2.3810000000000016,0.11309559000000319
2.382000000000002,0.11489037000000425
2.383000000000002,0.11679978114477398
2.3840000000000017,0.11861122885523166
2.3850000000000016,0.12003496000000234
2.386000000000002,0.12135686701159927
2.387000000000002,0.12212698298840381
2.3880000000000017,0.12271403999999933
2.3890000000000016,0.12233881791741567
2.390000000000002,0.12181799208258247
2.391000000000002,0.12034617999999736
2.3920000000000017,0.11886276999999691
2.3930000000000016,0.11711687152169278
2.394000000000002,0.11533208847830087
2.395000000000002,0.11336554999999655
2.3960000000000017,0.1114266867106549
2.3970000000000016,0.10959379328933938
2.398000000000002,0.10785839999999772
2.399000000000002,0.10658450570285774
2.4000000000000017,0.10554153429713901
2.4010000000000016,0.10558429000000047
2.4020000000000015,0.10585375000000269
2.403000000000002,0.10736985838916403
2.4040000000000017,0.10881513000000269
2.4050000000000016,0.11032925000000299
2.406000000000002,0.11201121060388376
2.407000000000002,0.11421724939612506
2.4080000000000017,0.11637898000000373
2.4090000000000016,0.1184694584473139
2.4100000000000015,0.12055393155269259
2.411000000000002,0.12248173000000326
2.4120000000000017,0.12431853790842054
2.4130000000000016,0.12569762209158375
2.414000000000002,0.12708595000000217
2.415000000000002,0.128301400000002
2.4160000000000017,0.12943507705059112
2.4170000000000016,0.13020558294941126
2.4180000000000015,0.13114181000000152
2.419000000000002,0.13229368468206573
2.4200000000000017,0.13334050531793798
2.4210000000000016,0.13419248000000172
2.422000000000002,0.13516637778744495
2.423000000000002,0.13634425221255977
2.4240000000000017,0.13740107000000137
2.4250000000000016,0.1381869200000013
2.4260000000000015,0.13891579711228985
2.427000000000002,0.13927904000000077
2.4280000000000017,0.1397191700000008
2.4290000000000016,0.14016657684763106
2.430000000000002,0.14053505315237025
2.431000000000002,0.14072289000000016
2.4320000000000017,0.14082054277544465
2.4330000000000016,0.14064829722455482
2.4340000000000015,0.14056648000000013
2.435000000000002,0.14066982383923224
2.4360000000000017,0.1407082161607679
2.4370000000000016,0.14064643999999937
2.438000000000002,0.14028328999999812
2.439000000000002,0.13921723179763804
2.4400000000000017,0.13803520820235776
2.4410000000000016,0.13653958999999627
2.4420000000000015,0.1344527621075732
2.443000000000002,0.13117383789241516
2.4440000000000017,0.1275170399999921
2.4450000000000016,0.12306078655568059
2.446000000000002,0.11792634344430117
2.447000000000002,0.11155460999998898
2.4480000000000017,0.10535472999998934
2.4490000000000016,0.09935768079281053
2.4500000000000015,0.09303560899999118
2.451000000000002,0.08640566499998965
2.4520000000000017,0.08058134657977627
2.4530000000000016,0.07575714442020874
2.454000000000002,0.07101847999999238
2.455000000000002,0.06672984153418637
2.4560000000000017,0.0634351834658019
2.4570000000000016,0.0612218339999971
2.4580000000000015,0.059587315553787885
2.459000000000002,0.05874285344620913
2.4600000000000017,0.058390345000000426
2.4610000000000016,0.058628079000001006
2.462000000000002,0.059191831100581425
2.463000000000002,0.05994283689942157
2.4640000000000017,0.06042818400000084
2.4650000000000016,0.06090158715596967
2.4660000000000015,0.06143314684403199
2.467000000000002,0.0617356859999995
2.4680000000000017,0.0614535556651662
2.4690000000000016,0.06098020733483232
2.470000000000002,0.060718014999999514
2.471000000000002,0.060444965999998324
2.4720000000000018,0.05950461943045536
2.4730000000000016,0.05851892399999936
2.4740000000000015,0.05803686399999934
2.475000000000002,0.05754207977494397
2.4760000000000018,0.05703982922505402
2.4770000000000016,0.05641955899999817
2.478000000000002,0.05538759346370503
2.479000000000002,0.05430223053629064
2.4800000000000018,0.05342226099999941
2.4810000000000016,0.05309194582523776
2.4820000000000015,0.05483019817476765
2.483000000000002,0.056582887000002934
2.4840000000000018,0.058233142000003825
2.4850000000000017,0.06038689072336071
2.486000000000002,0.06372412427665114
2.487000000000002,0.06710723000000601
2.4880000000000018,0.07048991055029578
2.4890000000000017,0.07411541344971548
2.4900000000000015,0.07801799500000514
2.491000000000002,0.08187396534653799
2.4920000000000018,0.08541743065347618
2.4930000000000017,0.08928900200000464
2.494000000000002,0.09278182700000563
2.495000000000002,0.09595723411148321
2.4960000000000018,0.09863834888852749
2.4970000000000017,0.10135474000000406
2.4980000000000016,0.1036418269696091
2.499000000000002,0.10551152303039754
2.5000000000000018,0.10619879
2.5010000000000017,0.10619879
2.502000000000002,0.10619879
2.503000000000002,0.10619879
2.504000000000002,0.10619879
2.5050000000000017,0.10619879
2.5060000000000016,0.10619879
2.507000000000002,0.10619879
2.508000000000002,0.10619879
2.5090000000000017,0.10619879
2.510000000000002,0.10619879
2.511000000000002,0.10619879
2.512000000000002,0.10619879
2.5130000000000017,0.10619879
2.5140000000000016,0.10619879
2.515000000000002,0.10619879
2.516000000000002,0.10619879
2.5170000000000017,0.10619879
2.518000000000002,0.10619879
2.519000000000002,0.10619879
2.520000000000002,0.10619879
2.5210000000000017,0.10619879
2.5220000000000016,0.10619879
2.523000000000002,0.10619879
2.524000000000002,0.10619879
2.5250000000000017,0.10619879
2.526000000000002,0.10619879
2.527000000000002,0.10619879
2.528000000000002,0.10619879
2.5290000000000017,0.10619879
2.5300000000000016,0.10619879
2.531000000000002,0.10619879
2.532000000000002,0.10619879
2.5330000000000017,0.10619879
2.534000000000002,0.10619879
2.535000000000002,0.10619879
2.536000000000002,0.10619879
2.5370000000000017,0.10619879
2.5380000000000016,0.10619879
2.539000000000002,0.10619879
2.540000000000002,0.10619879
2.5410000000000017,0.10619879
2.542000000000002,0.10619879
2.543000000000002,0.10619879
2.544000000000002,0.10619879
2.5450000000000017,0.10619879
2.5460000000000016,0.10619879
2.547000000000002,0.10619879
2.548000000000002,0.10619879
2.5490000000000017,0.10619879
2.550000000000002,0.10619879
2.551000000000002,0.10619879
2.552000000000002,0.10619879
2.5530000000000017,0.10619879
2.5540000000000016,0.10619879
2.555000000000002,0.10619879
2.556000000000002,0.10619879
2.5570000000000017,0.10619879
2.558000000000002,0.10619879
2.559000000000002,0.10619879
2.560000000000002,0.10619879
2.5610000000000017,0.10619879
2.5620000000000016,0.10619879
2.563000000000002,0.10619879
2.564000000000002,0.10619879
2.5650000000000017,0.10619879
2.566000000000002,0.10619879
2.567000000000002,0.10619879
2.568000000000002,0.10619879
2.5690000000000017,0.10619879
2.5700000000000016,0.10619879
2.571000000000002,0.10619879
2.572000000000002,0.10619879
2.5730000000000017,0.10619879
2.574000000000002,0.10619879
2.575000000000002,0.10619879
2.576000000000002,0.10619879
2.5770000000000017,0.10619879
2.5780000000000016,0.10619879
2.579000000000002,0.10619879
2.580000000000002,0.10619879
2.5810000000000017,0.10619879
2.582000000000002,0.10619879
2.583000000000002,0.10619879
2.584000000000002,0.10619879
2.5850000000000017,0.10619879
2.5860000000000016,0.10619879
2.587000000000002,0.10619879
2.588000000000002,0.10619879
2.5890000000000017,0.10619879
2.590000000000002,0.10619879
2.591000000000002,0.10619879
2.592000000000002,0.10619879
2.5930000000000017,0.10619879
2.5940000000000016,0.10619879
2.595000000000002,0.10619879
2.596000000000002,0.10619879
2.5970000000000018,0.10619879
2.598000000000002,0.10619879
2.599000000000002,0.10619879
